0.000000000000000000e+00 -1.734028683181225656e-03
1.000000000000000000e+00 -1.642764015645371833e-03
2.000000000000000000e+00 -1.642764015645371833e-03
3.000000000000000000e+00 -1.551499348109517794e-03
4.000000000000000000e+00 -1.460234680573663756e-03
5.000000000000000000e+00 -1.368970013037809717e-03
6.000000000000000000e+00 -1.368970013037809717e-03
7.000000000000000000e+00 -1.277705345501955678e-03
8.000000000000000000e+00 -1.186440677966101856e-03
9.000000000000000000e+00 -1.186440677966101856e-03
1.000000000000000000e+01 -1.095176010430247817e-03
1.100000000000000000e+01 -1.003911342894393778e-03
1.200000000000000000e+01 -9.126466753585398472e-04
1.300000000000000000e+01 -9.126466753585398472e-04
1.400000000000000000e+01 -8.213820078226859167e-04
1.500000000000000000e+01 -7.301173402868318778e-04
1.600000000000000000e+01 -7.301173402868318778e-04
1.700000000000000000e+01 -6.388526727509778388e-04
1.800000000000000000e+01 -5.475880052151239083e-04
1.900000000000000000e+01 -4.563233376792699236e-04
2.000000000000000000e+01 -4.563233376792699236e-04
2.100000000000000000e+01 -3.650586701434159389e-04
2.200000000000000000e+01 -2.737940026075619542e-04
2.300000000000000000e+01 -1.825293350717079694e-04
2.400000000000000000e+01 -1.825293350717079694e-04
2.500000000000000000e+01 -1.003911342894393778e-03
2.600000000000000000e+01 -1.003911342894393778e-03
2.700000000000000000e+01 1.551499348109517794e-03
2.800000000000000000e+01 1.642764015645371833e-03
2.900000000000000000e+01 2.372881355932203711e-03
3.000000000000000000e+01 3.285528031290743667e-03
3.100000000000000000e+01 4.928292046936115500e-03
3.200000000000000000e+01 5.202086049543677183e-03
3.300000000000000000e+01 5.384615384615385261e-03
3.400000000000000000e+01 5.475880052151238866e-03
3.500000000000000000e+01 5.932203389830508627e-03
3.600000000000000000e+01 6.479791395045632861e-03
3.700000000000000000e+01 6.844850065189049017e-03
3.800000000000000000e+01 7.118644067796610700e-03
3.900000000000000000e+01 8.031290743155150222e-03
4.000000000000000000e+01 8.487614080834419983e-03
4.100000000000000000e+01 8.852672750977836139e-03
4.200000000000000000e+01 9.308996088657105900e-03
4.300000000000000000e+01 1.013037809647979182e-02
4.400000000000000000e+01 1.095176010430247773e-02
4.500000000000000000e+01 1.149934810951760283e-02
4.600000000000000000e+01 1.250325945241199596e-02
4.700000000000000000e+01 1.368970013037809803e-02
4.800000000000000000e+01 1.432855280312907501e-02
4.900000000000000000e+01 1.533246414602346987e-02
5.000000000000000000e+01 1.633637548891786473e-02
5.100000000000000000e+01 1.688396349413298636e-02
5.200000000000000000e+01 1.706649282920469357e-02
5.300000000000000000e+01 1.724902216427640425e-02
5.400000000000000000e+01 1.761408083441981867e-02
5.500000000000000000e+01 1.797913950456323656e-02
5.600000000000000000e+01 1.843546284224250459e-02
5.700000000000000000e+01 1.880052151238592248e-02
5.800000000000000000e+01 1.916558018252933690e-02
5.900000000000000000e+01 1.943937418513689772e-02
6.000000000000000000e+01 1.998696219035202282e-02
6.100000000000000000e+01 2.035202086049543724e-02
6.200000000000000000e+01 2.071707953063885513e-02
6.300000000000000000e+01 2.445893089960886682e-02
6.400000000000000000e+01 2.765319426336375688e-02
6.500000000000000000e+01 2.920469361147327511e-02
6.600000000000000000e+01 2.838331160365058919e-02
6.700000000000000000e+01 2.938722294654498232e-02
6.800000000000000000e+01 2.920469361147327511e-02
6.900000000000000000e+01 2.938722294654498232e-02
7.000000000000000000e+01 2.920469361147327511e-02
7.100000000000000000e+01 2.920469361147327511e-02
7.200000000000000000e+01 2.865710560625815001e-02
7.300000000000000000e+01 2.920469361147327511e-02
7.400000000000000000e+01 2.920469361147327511e-02
7.500000000000000000e+01 2.975228161668840021e-02
7.600000000000000000e+01 2.975228161668840021e-02
7.700000000000000000e+01 3.139504563233377205e-02
7.800000000000000000e+01 3.020860495436766824e-02
7.900000000000000000e+01 3.148631029986962565e-02
8.000000000000000000e+01 3.121251629726206137e-02
8.100000000000000000e+01 3.166883963494133286e-02
8.200000000000000000e+01 3.285528031290743667e-02
8.300000000000000000e+01 3.349413298565841191e-02
8.400000000000000000e+01 3.267275097783572946e-02
8.500000000000000000e+01 3.376792698826597272e-02
8.600000000000000000e+01 3.376792698826597272e-02
8.700000000000000000e+01 3.340286831812255830e-02
8.800000000000000000e+01 3.340286831812255830e-02
8.900000000000000000e+01 3.477183833116036932e-02
9.000000000000000000e+01 3.541069100391134455e-02
9.100000000000000000e+01 3.623207301173403394e-02
9.200000000000000000e+01 3.668839634941330197e-02
9.300000000000000000e+01 3.696219035202086278e-02
9.400000000000000000e+01 3.769230769230769856e-02
9.500000000000000000e+01 3.869621903520208822e-02
9.600000000000000000e+01 3.960886571056063121e-02
9.700000000000000000e+01 4.052151238591916727e-02
9.800000000000000000e+01 4.070404172099087448e-02
9.900000000000000000e+01 4.152542372881356386e-02
1.000000000000000000e+02 4.262059973924381406e-02
1.010000000000000000e+02 4.325945241199478930e-02
1.020000000000000000e+02 4.398956975228161814e-02
1.030000000000000000e+02 4.453715775749674671e-02
1.040000000000000000e+02 4.535853976531942916e-02
1.050000000000000000e+02 4.572359843546284358e-02
1.060000000000000000e+02 4.590612777053455773e-02
1.070000000000000000e+02 4.617992177314211855e-02
1.080000000000000000e+02 4.636245110821382576e-02
1.090000000000000000e+02 4.654498044328553297e-02
1.100000000000000000e+02 4.709256844850065460e-02
1.110000000000000000e+02 4.745762711864406902e-02
1.120000000000000000e+02 4.764015645371578317e-02
1.130000000000000000e+02 4.809647979139505120e-02
1.140000000000000000e+02 4.846153846153846562e-02
1.150000000000000000e+02 4.873533246414602643e-02
1.160000000000000000e+02 4.900912646675358725e-02
1.170000000000000000e+02 4.928292046936115500e-02
1.180000000000000000e+02 4.946544980443286221e-02
1.190000000000000000e+02 4.992177314211213024e-02
1.200000000000000000e+02 5.028683181225554466e-02
1.210000000000000000e+02 5.056062581486310548e-02
1.220000000000000000e+02 5.101694915254238044e-02
1.230000000000000000e+02 5.138200782268579486e-02
1.240000000000000000e+02 5.211212516297262370e-02
1.250000000000000000e+02 5.247718383311603813e-02
1.260000000000000000e+02 5.275097783572360588e-02
1.270000000000000000e+02 5.302477183833116670e-02
1.280000000000000000e+02 5.348109517601043472e-02
1.290000000000000000e+02 5.375488917861799554e-02
1.300000000000000000e+02 5.393741851368970275e-02
1.310000000000000000e+02 5.439374185136897771e-02
1.320000000000000000e+02 5.548891786179922098e-02
1.330000000000000000e+02 5.694915254237288560e-02
1.340000000000000000e+02 5.877444589308996464e-02
1.350000000000000000e+02 5.968709256844850763e-02
1.360000000000000000e+02 6.050847457627119008e-02
1.370000000000000000e+02 6.078226857887875090e-02
1.380000000000000000e+02 6.114732724902217226e-02
1.390000000000000000e+02 6.169491525423729389e-02
1.400000000000000000e+02 6.187744458930900110e-02
1.410000000000000000e+02 6.224250325945241552e-02
1.420000000000000000e+02 6.279009126466754409e-02
1.430000000000000000e+02 6.333767926988266572e-02
1.440000000000000000e+02 6.333767926988266572e-02
1.450000000000000000e+02 6.370273794002608014e-02
1.460000000000000000e+02 6.406779661016949456e-02
1.470000000000000000e+02 6.415906127770534817e-02
1.480000000000000000e+02 6.461538461538461620e-02
1.490000000000000000e+02 6.689700130378097021e-02
1.500000000000000000e+02 7.063885267275098190e-02
1.510000000000000000e+02 7.410691003911343278e-02
1.520000000000000000e+02 7.419817470664928638e-02
1.530000000000000000e+02 7.346805736636245754e-02
1.540000000000000000e+02 7.456323337679270080e-02
1.550000000000000000e+02 7.438070404172099359e-02
1.560000000000000000e+02 7.501955671447196883e-02
1.570000000000000000e+02 7.438070404172099359e-02
1.580000000000000000e+02 7.492829204693611522e-02
1.590000000000000000e+02 7.428943937418513999e-02
1.600000000000000000e+02 7.447196870925684720e-02
1.610000000000000000e+02 7.438070404172099359e-02
1.620000000000000000e+02 7.438070404172099359e-02
1.630000000000000000e+02 7.438070404172099359e-02
1.640000000000000000e+02 7.465449804432855441e-02
1.650000000000000000e+02 7.428943937418513999e-02
1.660000000000000000e+02 7.428943937418513999e-02
1.670000000000000000e+02 7.428943937418513999e-02
1.680000000000000000e+02 7.483702737940026162e-02
1.690000000000000000e+02 7.821382007822685889e-02
1.700000000000000000e+02 7.830508474576271249e-02
1.710000000000000000e+02 7.839634941329856610e-02
1.720000000000000000e+02 7.867014341590614079e-02
1.730000000000000000e+02 7.876140808344199440e-02
1.740000000000000000e+02 7.885267275097784800e-02
1.750000000000000000e+02 7.894393741851370161e-02
1.760000000000000000e+02 7.894393741851370161e-02
1.770000000000000000e+02 7.812255541069100528e-02
1.780000000000000000e+02 7.821382007822685889e-02
1.790000000000000000e+02 7.821382007822685889e-02
1.800000000000000000e+02 7.830508474576271249e-02
1.810000000000000000e+02 7.839634941329856610e-02
1.820000000000000000e+02 8.168187744458930977e-02
1.830000000000000000e+02 8.168187744458930977e-02
