4.949955634193950417e-04
3.579308283771180394e-03
9.754209526585136403e-03
1.819696451340016216e-02
2.927214337613025935e-02
4.404211039568326630e-02
5.826781693617846813e-02
8.102888234885648189e-02
1.012327309677170800e-01
1.213980379052376490e-01
1.530345225458604463e-01
1.806267402485356166e-01
2.048292557514589385e-01
2.295701781970969357e-01
2.565079164479233675e-01
2.709608274850985321e-01
2.851220342092088411e-01
3.069483967684759063e-01
3.177907526240856817e-01
3.285540671369782673e-01
3.220763360922445639e-01
3.099476062374811325e-01
2.943093805806109020e-01
3.038091079963511909e-01
3.233227870700942086e-01
3.425914540734298352e-01
3.596179445916521389e-01
3.791097684987524974e-01
4.057950857103587716e-01
4.185326149293250309e-01
4.436398380529322227e-01
4.573198329645585258e-01
4.699146435343930506e-01
4.882009511849461081e-01
5.157705918797607092e-01
5.356732638039450878e-01
5.593318290677212756e-01
5.829304162701238745e-01
6.138630398298818847e-01
6.229442845443027288e-01
6.502546654917253921e-01
6.791122647963699910e-01
6.908643059124528474e-01
7.139787879699046602e-01
7.398186959714778688e-01
7.712123034263502763e-01
8.054454366399274035e-01
8.273480953038805374e-01
8.657127789667888873e-01
9.074294146989759779e-01
9.429193407499780744e-01
9.842759387773324375e-01
1.018517033857739618e+00
1.062072772878212890e+00
1.096018227536713185e+00
1.134744440084285877e+00
1.170178509425093383e+00
1.209235431157969387e+00
1.253178747778508351e+00
1.304021215882723128e+00
1.344385381743359087e+00
1.384302932431307642e+00
1.435643020337816544e+00
1.473537095443197664e+00
1.490825599921236089e+00
1.545438153784366220e+00
1.594150045389006731e+00
1.616306748659701142e+00
1.659596507778301921e+00
1.698338728336362902e+00
1.745335086400030988e+00
1.790915704129782293e+00
1.835015131674949229e+00
1.869451798315796109e+00
1.920396716816924032e+00
1.971658389090010566e+00
2.000136309498579124e+00
2.041379321259328083e+00
2.074915239861484295e+00
2.098540718277387196e+00
2.095812200530433156e+00
1.994403700474540297e+00
1.128546626691531385e+00
1.107531820944356316e+00
1.085444921859357370e+00
1.110998174219529844e+00
1.151804593346323458e+00
1.174360992621999555e+00
1.202915130733768212e+00
1.225968344136038946e+00
1.252264283356362862e+00
1.280040011855428261e+00
1.311771218500857650e+00
1.339302744645065602e+00
1.371912894829033780e+00
1.398024456032584295e+00
1.413462310188768445e+00
1.454088997846132214e+00
1.508673525783643665e+00
1.525470450343785256e+00
1.561838311799439438e+00
1.582522109739486815e+00
1.632141246358883357e+00
1.657821058273805104e+00
1.681768009357474947e+00
1.701017156141866549e+00
1.746899035082218665e+00
1.788099223459898024e+00
1.807564502599845246e+00
1.790856742512358490e+00
1.539623017897594481e+00
1.543014252826545585e+00
1.554616775775264248e+00
1.566222939660392166e+00
1.561548196419011214e+00
1.556778440826206422e+00
1.539914511820886567e+00
1.443290365776701556e+00
1.427826280999922703e+00
1.403167158256470870e+00
1.405983558764706265e+00
1.403018178334064947e+00
1.413097821656999153e+00
1.427382263313308197e+00
1.449356738825246627e+00
1.477299025905781216e+00
1.495235816179074861e+00
1.522079860271717822e+00
1.543830164685385586e+00
1.568725976323209315e+00
1.603569130003959176e+00
1.625397673781284302e+00
1.658310305583842625e+00
1.689669953804515901e+00
1.704600168854534248e+00
1.739050836328261962e+00
1.779947395877674809e+00
1.810738838404866380e+00
1.840359175506366851e+00
1.873528717090742424e+00
1.895525636490666743e+00
1.930067278894049831e+00
1.962209067624116399e+00
1.992876841234604068e+00
2.011966790496000801e+00
2.035381973658624499e+00
2.059960782437339599e+00
2.064941663968019814e+00
2.065290941642543121e+00
2.081282386284925234e+00
2.086713211692654113e+00
2.095120801367219343e+00
2.096054860825322219e+00
2.114589410373966860e+00
2.107010148291965645e+00
2.085024017332469892e+00
2.045692401801507909e+00
2.004058419580998951e+00
1.683577959209052288e+00
1.567641425080929851e+00
1.516850495967272838e+00
1.502399072119551926e+00
1.475720708682157101e+00
1.470156918687881564e+00
1.459619422146722023e+00
1.471086311472890040e+00
1.474699585955576486e+00
1.480323336838311077e+00
1.480239839698918480e+00
1.492988791502490642e+00
1.507298079976917782e+00
1.501357423940094193e+00
1.523824555722798513e+00
1.526654946247671951e+00
1.548192550567478953e+00
1.547790767819087199e+00
1.569301230406989989e+00
1.582956762697190101e+00
1.589416835673922446e+00
1.579015708296972686e+00
1.585604000298804328e+00
1.594687199379384523e+00
1.608792172448024305e+00
1.627569727188846960e+00
1.646340313939428368e+00
1.658508669196297580e+00
1.673582764720038307e+00
1.686833209167803549e+00
1.695070899224502492e+00
1.706964629871006611e+00
1.735313703317777234e+00
1.737604729336916787e+00
1.763067295377339860e+00
1.785733732124711981e+00
1.791155232476836057e+00
1.804713288079484723e+00
1.840103373382565799e+00
1.852662882703265623e+00
1.862472624716620118e+00
1.892721918739845632e+00
1.903923337686065809e+00
1.921571637395790288e+00
1.951427151505909618e+00
1.969940686486252757e+00
1.993294734209589691e+00
2.015822194248951149e+00
2.036882890236911159e+00
2.057186528335352982e+00
2.054353667900107538e+00
2.007863956046949561e+00
1.859256393888996994e+00
1.710279316401849270e+00
1.661338565925646327e+00
1.658629695067391330e+00
1.670306814885688995e+00
1.675268612798586521e+00
1.695671597738101610e+00
1.712576914089711133e+00
1.729205263745734911e+00
1.750749510004807608e+00
1.764066638609166571e+00
1.785279123198394435e+00
1.798307556713857558e+00
1.800453919772781797e+00
1.841900753345924846e+00
1.842489437461289903e+00
1.866805193058838519e+00
1.883800332756178975e+00
1.897476313554205207e+00
1.922932729192942336e+00
1.941118373104622208e+00
1.966077009960036204e+00
1.991155146819230337e+00
2.006129306732787665e+00
2.015720643781495180e+00
2.042283793458480545e+00
2.079439134743129358e+00
2.094060719872235410e+00
2.125344659773296563e+00
2.140857483396774619e+00
2.140250898977649197e+00
2.151853763051639223e+00
2.159226656938284528e+00
2.171992670513281265e+00
2.179942448657358867e+00
2.166473065955610178e+00
2.187339246638288603e+00
2.197042377898196897e+00
2.188364728898697820e+00
2.202401653126306869e+00
2.231058043445492967e+00
2.249870465167293609e+00
2.273052731277386052e+00
2.260953761168538634e+00
2.298925098821384516e+00
2.316744703991253651e+00
2.328575829989874446e+00
2.351090887715393762e+00
2.371361413617239844e+00
2.391996547887034641e+00
2.405114670198030158e+00
2.406009494528830839e+00
2.370163912471644707e+00
2.368804592470983739e+00
2.366760011976870359e+00
2.292169721944433025e+00
2.101117645514893884e+00
1.703302495684296147e+00
1.660596951875813243e+00
1.639343368152919256e+00
1.633085303901821606e+00
1.643932224355333149e+00
1.675383183521623742e+00
1.700885763469783596e+00
1.710758038048172835e+00
1.751530054219567312e+00
1.774271576200555645e+00
1.791497937835524024e+00
1.806023289267549181e+00
1.826661132030791501e+00
1.853490333752875641e+00
1.868343974242413497e+00
1.876268955429751806e+00
1.887172641779733429e+00
1.844515075483653233e+00
1.503736485162130432e+00
1.424863801186003975e+00
1.427672039301054685e+00
1.445361752431888469e+00
1.465293464441430826e+00
1.493423829402331648e+00
1.512935942757799301e+00
1.528212031497656387e+00
1.556385825838224823e+00
1.584269464388777138e+00
1.606747300109930832e+00
1.626797792169194512e+00
1.646234567665355586e+00
1.679518847441326734e+00
1.691852602461423993e+00
1.732448917592131821e+00
1.742417546029032094e+00
1.777087961361151436e+00
1.812058932924086374e+00
1.820636926911297859e+00
1.853014401274514222e+00
1.880984872857851542e+00
1.891722611473695581e+00
1.935816350188287016e+00
1.953628853978224056e+00
1.980980361911222509e+00
1.959230782886452804e+00
1.981076965617773578e+00
2.003615661514793089e+00
2.040338651408325710e+00
2.068168844900367009e+00
2.103499605132660655e+00
2.116928296818483712e+00
2.147188465736016294e+00
2.161673036739864440e+00
2.181957138743284563e+00
2.219180005429181701e+00
2.236948200062671255e+00
2.267745237781163770e+00
2.298269837084835565e+00
2.322560078236918901e+00
2.342424328300475533e+00
2.353740738630522245e+00
2.381426681427907255e+00
2.401892787120950779e+00
2.428419563917438850e+00
2.443129684241777788e+00
2.455201921170524937e+00
2.452953367829969533e+00
2.401294067965985768e+00
2.394984941497148689e+00
2.285804880303193620e+00
1.529491591840898890e+00
1.496933363275538609e+00
1.523446153827177296e+00
1.528850292168667080e+00
1.551237595909978451e+00
1.565656118089850057e+00
1.585040307932270354e+00
1.569169108971135040e+00
1.583172885000238228e+00
1.601752801449322083e+00
1.621282840345779297e+00
1.630883724108543875e+00
1.654795559118547033e+00
1.659497404903660156e+00
