20220916 16:52:50,602	c_0_938_20220916_16_52_50,602.bmp	6,096976E-2	9,123706E-3	7,518835E-3	1,349272E-2	8,477769E-3	-1,056144E-2	1,395599E+0	1,393578E+0
20220916 16:52:56,604	c_0_939_20220916_16_52_56,604.bmp	1,309519E-1	3,076741E-2	7,518835E-3	1,349272E-2	-2,205160E-2	-3,624835E-4	1,395599E+0	1,388463E+0
20220916 16:53:02,609	c_0_940_20220916_16_53_02,609.bmp	2,098410E-1	5,241111E-2	4,973106E-3	1,094073E-2	-1,187515E-2	-1,056144E-2	1,390502E+0	1,388463E+0
20220916 16:53:08,610	c_0_941_20220916_16_53_08,610.bmp	2,823680E-1	7,278165E-2	6,245971E-3	8,388745E-3	-4,242803E-3	-3,624835E-4	1,390502E+0	1,383347E+0
20220916 16:53:14,611	c_0_942_20220916_16_53_14,611.bmp	3,548950E-1	9,315219E-2	8,791700E-3	1,094073E-2	-1,187515E-2	-8,011703E-3	1,387954E+0	1,388463E+0
20220916 16:53:20,611	c_0_943_20220916_16_53_20,611.bmp	4,388736E-1	1,135227E-1	3,700242E-3	1,094073E-2	-6,786918E-3	-8,011703E-3	1,387954E+0	1,393578E+0
20220916 16:53:26,612	c_0_944_20220916_16_53_26,612.bmp	5,075834E-1	1,300738E-1	1,006456E-2	1,476871E-2	-1,950749E-2	-5,461963E-3	1,398148E+0	1,385905E+0
20220916 16:53:32,614	c_0_945_20220916_16_53_32,614.bmp	5,864724E-1	1,568101E-1	3,700242E-3	5,836756E-3	-4,242803E-3	7,286736E-3	1,382857E+0	1,388463E+0
20220916 16:53:38,615	c_0_946_20220916_16_53_38,615.bmp	6,589994E-1	1,746344E-1	6,245971E-3	7,112750E-3	-4,242803E-3	1,238622E-2	1,382857E+0	1,383347E+0
20220916 16:53:44,619	c_0_947_20220916_16_53_44,619.bmp	7,327988E-1	1,886391E-1	1,006456E-2	1,094073E-2	-1,441926E-2	-8,011703E-3	1,398148E+0	1,385905E+0
20220916 16:53:50,622	c_0_948_20220916_16_53_50,622.bmp	8,104154E-1	2,153755E-1	3,700242E-3	1,094073E-2	8,454256E-4	-2,912223E-3	1,385405E+0	1,385905E+0
20220916 16:53:56,622	c_0_949_20220916_16_53_56,622.bmp	8,753080E-1	2,357460E-1	3,700242E-3	9,664739E-3	-4,242803E-3	2,187256E-3	1,382857E+0	1,388463E+0
20220916 16:54:02,623	c_0_950_20220916_16_54_02,623.bmp	9,274765E-1	2,522971E-1	4,973106E-3	1,094073E-2	-6,786918E-3	4,736996E-3	1,390502E+0	1,388463E+0
20220916 16:54:08,624	c_0_951_20220916_16_54_08,624.bmp	9,771003E-1	2,688481E-1	6,245971E-3	1,349272E-2	-1,696338E-2	-1,056144E-2	1,395599E+0	1,388463E+0
20220916 16:54:14,631	c_0_952_20220916_16_54_14,631.bmp	1,007638E+0	2,917650E-1	6,245971E-3	1,349272E-2	-6,786918E-3	-1,056144E-2	1,387954E+0	1,396136E+0
20220916 16:54:20,631	c_0_953_20220916_16_54_20,631.bmp	1,008910E+0	3,083161E-1	6,245971E-3	1,349272E-2	-9,331032E-3	2,187256E-3	1,395599E+0	1,396136E+0
20220916 16:54:26,632	c_0_954_20220916_16_54_26,632.bmp	9,974587E-1	3,286866E-1	1,006456E-2	1,094073E-2	-1,441926E-2	-1,311118E-2	1,395599E+0	1,388463E+0
20220916 16:54:32,635	c_0_955_20220916_16_54_32,635.bmp	9,910967E-1	3,566961E-1	3,700242E-3	7,112750E-3	5,933654E-3	-3,624835E-4	1,385405E+0	1,388463E+0
20220916 16:54:38,637	c_0_956_20220916_16_54_38,637.bmp	9,821899E-1	3,732472E-1	6,245971E-3	1,094073E-2	-1,187515E-2	-3,624835E-4	1,390502E+0	1,388463E+0
20220916 16:54:44,642	c_0_957_20220916_16_54_44,642.bmp	9,771003E-1	3,885251E-1	1,133743E-2	1,094073E-2	-1,441926E-2	-8,011703E-3	1,395599E+0	1,385905E+0
20220916 16:54:50,645	c_0_958_20220916_16_54_50,645.bmp	9,452902E-1	4,139882E-1	8,791700E-3	1,094073E-2	-9,331032E-3	1,238622E-2	1,387954E+0	1,388463E+0
20220916 16:54:56,649	c_0_959_20220916_16_54_56,649.bmp	8,803976E-1	4,356319E-1	3,700242E-3	8,388745E-3	5,933654E-3	4,043335E-2	1,382857E+0	1,383347E+0
20220916 16:55:02,650	c_0_960_20220916_16_55_02,650.bmp	8,574943E-1	4,509099E-1	6,245971E-3	9,664739E-3	-1,441926E-2	-2,912223E-3	1,387954E+0	1,388463E+0
20220916 16:55:08,654	c_0_961_20220916_16_55_08,654.bmp	8,638564E-1	4,738267E-1	7,518835E-3	1,094073E-2	-9,331032E-3	-8,011703E-3	1,387954E+0	1,388463E+0
20220916 16:55:14,655	c_0_962_20220916_16_55_14,655.bmp	8,803976E-1	4,954704E-1	7,518835E-3	7,112750E-3	-3,731629E-2	1,748570E-2	1,382857E+0	1,383347E+0
20220916 16:55:20,656	c_0_963_20220916_16_55_20,656.bmp	8,994837E-1	5,145678E-1	3,700242E-3	5,836756E-3	-1,698689E-3	2,187256E-3	1,382857E+0	1,383347E+0
20220916 16:55:26,656	c_0_964_20220916_16_55_26,656.bmp	9,160249E-1	5,311189E-1	7,518835E-3	1,094073E-2	-1,698689E-3	-1,056144E-2	1,393051E+0	1,388463E+0
20220916 16:55:32,658	c_0_965_20220916_16_55_32,658.bmp	9,325661E-1	5,514894E-1	6,245971E-3	1,094073E-2	-1,441926E-2	-5,461963E-3	1,390502E+0	1,391021E+0
20220916 16:55:38,659	c_0_966_20220916_16_55_38,659.bmp	9,618314E-1	5,731331E-1	3,700242E-3	1,094073E-2	-4,242803E-3	-1,056144E-2	1,387954E+0	1,385905E+0
20220916 16:55:44,662	c_0_967_20220916_16_55_44,662.bmp	9,758279E-1	5,922305E-1	7,518835E-3	7,112750E-3	-4,242803E-3	4,736996E-3	1,387954E+0	1,383347E+0
20220916 16:55:50,665	c_0_968_20220916_16_55_50,665.bmp	1,002548E+0	6,151474E-1	3,700242E-3	1,094073E-2	-4,242803E-3	-5,461963E-3	1,385405E+0	1,388463E+0
20220916 16:55:56,668	c_0_969_20220916_16_55_56,668.bmp	1,017817E+0	6,329716E-1	6,245971E-3	9,664739E-3	-1,698689E-3	-3,624835E-4	1,387954E+0	1,388463E+0
20220916 16:56:02,671	c_0_970_20220916_16_56_02,671.bmp	1,040720E+0	6,520690E-1	7,518835E-3	8,388745E-3	-9,331032E-3	4,736996E-3	1,390502E+0	1,383347E+0
20220916 16:56:08,671	c_0_971_20220916_16_56_08,671.bmp	1,058534E+0	6,686200E-1	1,006456E-2	1,094073E-2	-9,331032E-3	9,836476E-3	1,395599E+0	1,388463E+0
20220916 16:56:14,674	c_0_972_20220916_16_56_14,674.bmp	1,081437E+0	6,940832E-1	6,245971E-3	7,112750E-3	3,389540E-3	2,187256E-3	1,385405E+0	1,383347E+0
20220916 16:56:20,680	c_0_973_20220916_16_56_20,680.bmp	1,099251E+0	7,119074E-1	7,518835E-3	1,094073E-2	-9,331032E-3	-2,585988E-2	1,390502E+0	1,396136E+0
20220916 16:56:26,682	c_0_974_20220916_16_56_26,682.bmp	1,118337E+0	7,297317E-1	1,006456E-2	1,349272E-2	-1,696338E-2	-1,311118E-2	1,395599E+0	1,396136E+0
20220916 16:56:32,686	c_0_975_20220916_16_56_32,686.bmp	1,138696E+0	7,488290E-1	8,791700E-3	1,349272E-2	-1,950749E-2	-1,056144E-2	1,398148E+0	1,396136E+0
20220916 16:56:38,686	c_0_976_20220916_16_56_38,686.bmp	1,157782E+0	7,755654E-1	6,245971E-3	7,112750E-3	-6,786918E-3	9,836476E-3	1,385405E+0	1,380789E+0
20220916 16:56:44,689	c_0_977_20220916_16_56_44,689.bmp	1,165416E+0	7,908433E-1	8,791700E-3	9,664739E-3	-1,441926E-2	-8,011703E-3	1,387954E+0	1,383347E+0
20220916 16:56:50,690	c_0_978_20220916_16_56_50,690.bmp	1,178140E+0	8,124870E-1	1,006456E-2	9,664739E-3	-9,331032E-3	-2,912223E-3	1,387954E+0	1,383347E+0
20220916 16:56:56,692	c_0_979_20220916_16_56_56,692.bmp	1,198498E+0	8,341307E-1	2,427377E-3	1,094073E-2	-6,786918E-3	-2,912223E-3	1,382857E+0	1,385905E+0
20220916 16:57:02,693	c_0_980_20220916_16_57_02,693.bmp	1,199771E+0	8,519549E-1	6,245971E-3	9,664739E-3	8,454256E-4	-3,624835E-4	1,387954E+0	1,388463E+0
20220916 16:57:08,696	c_0_981_20220916_16_57_08,696.bmp	1,204860E+0	8,723255E-1	8,791700E-3	1,094073E-2	-6,786918E-3	4,736996E-3	1,390502E+0	1,388463E+0
20220916 16:57:14,702	c_0_982_20220916_16_57_14,702.bmp	1,225219E+0	8,888765E-1	7,518835E-3	1,349272E-2	-1,441926E-2	-2,076040E-2	1,395599E+0	1,393578E+0
20220916 16:57:20,707	c_0_983_20220916_16_57_20,707.bmp	1,246850E+0	9,105202E-1	7,518835E-3	1,094073E-2	-9,331032E-3	-8,011703E-3	1,390502E+0	1,388463E+0
20220916 16:57:26,709	c_0_984_20220916_16_57_26,709.bmp	1,273570E+0	9,321639E-1	3,700242E-3	9,664739E-3	-1,696338E-2	-8,011703E-3	1,390502E+0	1,388463E+0
20220916 16:57:32,712	c_0_985_20220916_16_57_32,712.bmp	1,288839E+0	9,461687E-1	8,791700E-3	1,094073E-2	-1,696338E-2	-3,624835E-4	1,395599E+0	1,388463E+0
20220916 16:57:38,714	c_0_986_20220916_16_57_38,714.bmp	1,318104E+0	9,741782E-1	6,245971E-3	8,388745E-3	-1,950749E-2	7,286736E-3	1,385405E+0	1,383347E+0
20220916 16:57:44,716	c_0_987_20220916_16_57_44,716.bmp	1,344825E+0	9,945487E-1	7,518835E-3	7,112750E-3	-4,242803E-3	-2,912223E-3	1,385405E+0	1,380789E+0
20220916 16:57:50,718	c_0_988_20220916_16_57_50,718.bmp	1,372818E+0	1,012373E+0	2,427377E-3	1,094073E-2	8,454256E-4	-8,011703E-3	1,387954E+0	1,396136E+0
20220916 16:57:56,725	c_0_989_20220916_16_57_56,725.bmp	1,399538E+0	1,035290E+0	3,700242E-3	1,094073E-2	8,454256E-4	2,187256E-3	1,385405E+0	1,391021E+0
20220916 16:58:02,730	c_0_990_20220916_16_58_02,730.bmp	1,423714E+0	1,053114E+0	3,700242E-3	7,112750E-3	-1,698689E-3	7,286736E-3	1,382857E+0	1,383347E+0
20220916 16:58:08,732	c_0_991_20220916_16_58_08,732.bmp	1,452979E+0	1,076031E+0	2,427377E-3	1,094073E-2	-6,786918E-3	-5,461963E-3	1,385405E+0	1,388463E+0
20220916 16:58:14,746	c_0_992_20220916_16_58_14,746.bmp	1,478427E+0	1,091309E+0	3,700242E-3	1,094073E-2	3,389540E-3	-8,011703E-3	1,390502E+0	1,388463E+0
20220916 16:58:20,746	c_0_993_20220916_16_58_20,746.bmp	1,506420E+0	1,111679E+0	3,700242E-3	1,094073E-2	-9,331032E-3	-3,624835E-4	1,390502E+0	1,396136E+0
20220916 16:58:26,746	c_0_994_20220916_16_58_26,746.bmp	1,525506E+0	1,132050E+0	6,245971E-3	9,664739E-3	-6,786918E-3	-8,011703E-3	1,387954E+0	1,388463E+0
20220916 16:58:32,750	c_0_995_20220916_16_58_32,750.bmp	1,552227E+0	1,151147E+0	1,006456E-2	1,094073E-2	-9,331032E-3	-5,461963E-3	1,390502E+0	1,385905E+0
20220916 16:58:38,753	c_0_996_20220916_16_58_38,753.bmp	1,578947E+0	1,172791E+0	1,006456E-2	1,094073E-2	-4,242803E-3	-3,624835E-4	1,387954E+0	1,383347E+0
20220916 16:58:44,757	c_0_997_20220916_16_58_44,757.bmp	1,609485E+0	1,195708E+0	4,973106E-3	7,112750E-3	8,454256E-4	2,187256E-3	1,385405E+0	1,383347E+0
20220916 16:58:50,761	c_0_998_20220916_16_58_50,761.bmp	1,634933E+0	1,213532E+0	7,518835E-3	8,388745E-3	-9,331032E-3	7,286736E-3	1,382857E+0	1,383347E+0
20220916 16:58:56,765	c_0_999_20220916_16_58_56,765.bmp	1,659109E+0	1,231356E+0	6,245971E-3	1,094073E-2	-1,187515E-2	-3,624835E-4	1,390502E+0	1,388463E+0
20220916 16:59:02,765	c_0_1000_20220916_16_59_02,765.bmp	1,690919E+0	1,253000E+0	6,245971E-3	1,094073E-2	-4,242803E-3	-2,912223E-3	1,390502E+0	1,383347E+0
20220916 16:59:08,770	c_0_1001_20220916_16_59_08,770.bmp	1,716367E+0	1,267005E+0	1,006456E-2	1,349272E-2	-1,441926E-2	-8,011703E-3	1,395599E+0	1,396136E+0
20220916 16:59:14,772	c_0_1002_20220916_16_59_14,772.bmp	1,741815E+0	1,288648E+0	8,791700E-3	1,349272E-2	-1,187515E-2	-1,311118E-2	1,398148E+0	1,396136E+0
20220916 16:59:20,772	c_0_1003_20220916_16_59_20,772.bmp	1,772352E+0	1,312838E+0	3,700242E-3	1,094073E-2	3,389540E-3	-3,095936E-2	1,390502E+0	1,388463E+0
20220916 16:59:26,776	c_0_1004_20220916_16_59_26,776.bmp	1,799073E+0	1,335755E+0	3,700242E-3	1,094073E-2	8,454256E-4	2,187256E-3	1,385405E+0	1,388463E+0
20220916 16:59:32,782	c_0_1005_20220916_16_59_32,782.bmp	1,824521E+0	1,353580E+0	4,973106E-3	1,094073E-2	-4,242803E-3	2,187256E-3	1,387954E+0	1,388463E+0
20220916 16:59:38,784	c_0_1006_20220916_16_59_38,784.bmp	1,846152E+0	1,375223E+0	3,700242E-3	7,112750E-3	-1,698689E-3	7,286736E-3	1,385405E+0	1,383347E+0
20220916 16:59:44,789	c_0_1007_20220916_16_59_44,789.bmp	1,869055E+0	1,391774E+0	7,518835E-3	1,476871E-2	5,933654E-3	-8,011703E-3	1,390502E+0	1,396136E+0
20220916 16:59:50,793	c_0_1008_20220916_16_59_50,793.bmp	1,891958E+0	1,414691E+0	6,245971E-3	7,112750E-3	-1,187515E-2	-3,624835E-4	1,387954E+0	1,383347E+0
20220916 16:59:56,796	c_0_1009_20220916_16_59_56,796.bmp	1,916134E+0	1,435062E+0	3,700242E-3	5,836756E-3	-4,242803E-3	-3,624835E-4	1,382857E+0	1,383347E+0
20220916 17:00:02,798	c_0_1010_20220916_17_00_02,798.bmp	1,936493E+0	1,456705E+0	4,973106E-3	1,094073E-2	-4,242803E-3	-8,011703E-3	1,382857E+0	1,388463E+0
20220916 17:00:08,801	c_0_1011_20220916_17_00_08,801.bmp	1,953034E+0	1,473256E+0	8,791700E-3	9,664739E-3	-4,242803E-3	-8,011703E-3	1,390502E+0	1,388463E+0
20220916 17:00:14,802	c_0_1012_20220916_17_00_14,802.bmp	1,973392E+0	1,492354E+0	6,245971E-3	1,094073E-2	-6,786918E-3	7,286736E-3	1,390502E+0	1,383347E+0
20220916 17:00:20,804	c_0_1013_20220916_17_00_20,804.bmp	1,993751E+0	1,516544E+0	4,973106E-3	7,112750E-3	5,933654E-3	7,286736E-3	1,382857E+0	1,388463E+0
20220916 17:00:26,807	c_0_1014_20220916_17_00_26,807.bmp	2,006475E+0	1,530549E+0	1,006456E-2	1,349272E-2	-1,696338E-2	-8,011703E-3	1,398148E+0	1,385905E+0
20220916 17:00:32,808	c_0_1015_20220916_17_00_32,808.bmp	2,021744E+0	1,552192E+0	1,006456E-2	1,094073E-2	-6,786918E-3	2,187256E-3	1,387954E+0	1,383347E+0
20220916 17:00:38,811	c_0_1016_20220916_17_00_38,811.bmp	2,035740E+0	1,568743E+0	1,006456E-2	1,094073E-2	-1,441926E-2	-3,624835E-4	1,398148E+0	1,388463E+0
20220916 17:00:44,811	c_0_1017_20220916_17_00_44,811.bmp	2,049736E+0	1,592933E+0	3,700242E-3	1,094073E-2	8,454256E-4	-5,461963E-3	1,390502E+0	1,388463E+0
20220916 17:00:50,814	c_0_1018_20220916_17_00_50,814.bmp	2,035740E+0	1,613304E+0	8,791700E-3	1,094073E-2	-1,187515E-2	4,736996E-3	1,387954E+0	1,383347E+0
20220916 17:00:56,818	c_0_1019_20220916_17_00_56,818.bmp	1,947944E+0	1,634948E+0	3,700242E-3	5,836756E-3	-1,187515E-2	2,187256E-3	1,382857E+0	1,388463E+0
20220916 17:01:02,818	c_0_1020_20220916_17_01_02,818.bmp	1,141240E+0	1,652772E+0	8,791700E-3	1,094073E-2	-9,331032E-3	-5,461963E-3	1,390502E+0	1,388463E+0
20220916 17:01:08,821	c_0_1021_20220916_17_01_08,821.bmp	1,157782E+0	1,671869E+0	7,518835E-3	7,112750E-3	-1,698689E-3	2,187256E-3	1,390502E+0	1,383347E+0
20220916 17:01:14,824	c_0_1022_20220916_17_01_14,824.bmp	1,171778E+0	1,689693E+0	1,006456E-2	1,094073E-2	-2,968395E-2	-2,912223E-3	1,395599E+0	1,385905E+0
20220916 17:01:20,831	c_0_1023_20220916_17_01_20,831.bmp	1,189592E+0	1,708791E+0	3,700242E-3	1,349272E-2	-2,205160E-2	-2,076040E-2	1,395599E+0	1,388463E+0
20220916 17:01:26,834	c_0_1024_20220916_17_01_26,834.bmp	1,207405E+0	1,732981E+0	7,518835E-3	1,094073E-2	-9,331032E-3	-8,011703E-3	1,387954E+0	1,396136E+0
20220916 17:01:32,839	c_0_1025_20220916_17_01_32,839.bmp	1,220129E+0	1,752078E+0	8,791700E-3	1,094073E-2	8,477769E-3	2,187256E-3	1,387954E+0	1,385905E+0
20220916 17:01:38,841	c_0_1026_20220916_17_01_38,841.bmp	1,240488E+0	1,772449E+0	3,700242E-3	1,094073E-2	-1,187515E-2	-3,624835E-4	1,390502E+0	1,388463E+0
20220916 17:01:44,843	c_0_1027_20220916_17_01_44,843.bmp	1,251939E+0	1,795366E+0	6,245971E-3	8,388745E-3	-4,242803E-3	7,286736E-3	1,382857E+0	1,380789E+0
20220916 17:01:50,846	c_0_1028_20220916_17_01_50,846.bmp	1,267208E+0	1,808097E+0	6,245971E-3	1,349272E-2	-9,331032E-3	-1,311118E-2	1,398148E+0	1,396136E+0
20220916 17:01:56,847	c_0_1029_20220916_17_01_56,847.bmp	1,277387E+0	1,829741E+0	8,791700E-3	1,349272E-2	-6,786918E-3	-5,461963E-3	1,398148E+0	1,393578E+0
20220916 17:02:02,848	c_0_1030_20220916_17_02_02,848.bmp	1,297746E+0	1,847565E+0	4,973106E-3	1,349272E-2	-6,786918E-3	-1,056144E-2	1,395599E+0	1,393578E+0
20220916 17:02:08,850	c_0_1031_20220916_17_02_08,850.bmp	1,309198E+0	1,867936E+0	8,791700E-3	1,349272E-2	-1,187515E-2	-8,011703E-3	1,398148E+0	1,391021E+0
20220916 17:02:14,852	c_0_1032_20220916_17_02_14,852.bmp	1,325739E+0	1,893399E+0	7,518835E-3	8,388745E-3	-4,242803E-3	7,286736E-3	1,390502E+0	1,380789E+0
20220916 17:02:20,857	c_0_1033_20220916_17_02_20,857.bmp	1,339735E+0	1,911223E+0	1,006456E-2	1,094073E-2	-1,950749E-2	-8,011703E-3	1,387954E+0	1,388463E+0
20220916 17:02:26,860	c_0_1034_20220916_17_02_26,860.bmp	1,352459E+0	1,927774E+0	8,791700E-3	1,221673E-2	-1,187515E-2	-2,912223E-3	1,395599E+0	1,388463E+0
20220916 17:02:32,860	c_0_1035_20220916_17_02_32,860.bmp	1,374090E+0	1,951964E+0	7,518835E-3	1,094073E-2	-6,786918E-3	-5,461963E-3	1,387954E+0	1,388463E+0
20220916 17:02:38,861	c_0_1036_20220916_17_02_38,861.bmp	1,390631E+0	1,974881E+0	3,700242E-3	1,094073E-2	-1,698689E-3	-2,912223E-3	1,382857E+0	1,388463E+0
20220916 17:02:44,864	c_0_1037_20220916_17_02_44,864.bmp	1,403355E+0	1,988886E+0	1,006456E-2	1,349272E-2	-1,441926E-2	-1,056144E-2	1,395599E+0	1,396136E+0
20220916 17:02:50,866	c_0_1038_20220916_17_02_50,866.bmp	1,419897E+0	2,010530E+0	7,518835E-3	9,664739E-3	-6,786918E-3	-2,912223E-3	1,390502E+0	1,388463E+0
20220916 17:02:56,868	c_0_1039_20220916_17_02_56,868.bmp	1,430076E+0	2,030900E+0	7,518835E-3	1,094073E-2	-9,331032E-3	-8,011703E-3	1,387954E+0	1,385905E+0
20220916 17:03:02,868	c_0_1040_20220916_17_03_02,868.bmp	1,446617E+0	2,053817E+0	6,245971E-3	7,112750E-3	-1,696338E-2	-2,912223E-3	1,387954E+0	1,383347E+0
20220916 17:03:08,869	c_0_1041_20220916_17_03_08,869.bmp	1,460614E+0	2,070368E+0	7,518835E-3	1,094073E-2	-6,786918E-3	-3,624835E-4	1,390502E+0	1,388463E+0
20220916 17:03:14,872	c_0_1042_20220916_17_03_14,872.bmp	1,472065E+0	2,088192E+0	6,245971E-3	1,349272E-2	-6,786918E-3	-1,566092E-2	1,395599E+0	1,393578E+0
20220916 17:03:20,874	c_0_1043_20220916_17_03_20,874.bmp	1,478427E+0	2,107290E+0	1,006456E-2	1,221673E-2	-1,441926E-2	-2,912223E-3	1,395599E+0	1,385905E+0
20220916 17:03:26,883	c_0_1044_20220916_17_03_26,883.bmp	1,494968E+0	2,131480E+0	7,518835E-3	1,094073E-2	-6,786918E-3	2,187256E-3	1,387954E+0	1,385905E+0
20220916 17:03:32,884	c_0_1045_20220916_17_03_32,884.bmp	1,511510E+0	2,155670E+0	3,700242E-3	1,094073E-2	-2,968395E-2	-8,011703E-3	1,382857E+0	1,388463E+0
20220916 17:03:38,884	c_0_1046_20220916_17_03_38,884.bmp	1,517872E+0	2,172221E+0	8,791700E-3	1,094073E-2	-9,331032E-3	-8,011703E-3	1,387954E+0	1,385905E+0
20220916 17:03:44,888	c_0_1047_20220916_17_03_44,888.bmp	1,498786E+0	2,186225E+0	1,006456E-2	1,349272E-2	-1,696338E-2	-5,461963E-3	1,395599E+0	1,396136E+0
20220916 17:03:50,892	c_0_1048_20220916_17_03_50,892.bmp	1,267208E+0	2,211689E+0	6,245971E-3	1,094073E-2	-6,786918E-3	-8,011703E-3	1,390502E+0	1,388463E+0
20220916 17:03:56,896	c_0_1049_20220916_17_03_56,896.bmp	1,262119E+0	2,234606E+0	3,700242E-3	1,094073E-2	8,454256E-4	-5,461963E-3	1,382857E+0	1,385905E+0
20220916 17:04:02,901	c_0_1050_20220916_17_04_02,901.bmp	1,262119E+0	2,253703E+0	2,427377E-3	8,388745E-3	8,454256E-4	-5,461963E-3	1,382857E+0	1,383347E+0
20220916 17:04:08,902	c_0_1051_20220916_17_04_08,902.bmp	1,259574E+0	2,272800E+0	3,700242E-3	8,388745E-3	-1,698689E-3	-1,056144E-2	1,380308E+0	1,391021E+0
20220916 17:04:14,902	c_0_1052_20220916_17_04_14,902.bmp	1,251939E+0	2,286805E+0	7,518835E-3	1,476871E-2	-1,187515E-2	-2,076040E-2	1,395599E+0	1,396136E+0
20220916 17:04:20,903	c_0_1053_20220916_17_04_20,903.bmp	1,243033E+0	2,314815E+0	3,700242E-3	1,094073E-2	8,454256E-4	-2,912223E-3	1,385405E+0	1,388463E+0
20220916 17:04:26,906	c_0_1054_20220916_17_04_26,906.bmp	1,221402E+0	2,332639E+0	4,973106E-3	1,094073E-2	5,933654E-3	-8,011703E-3	1,390502E+0	1,388463E+0
20220916 17:04:32,910	c_0_1055_20220916_17_04_32,910.bmp	1,180685E+0	2,350463E+0	1,006456E-2	9,664739E-3	3,389540E-3	-3,624835E-4	1,390502E+0	1,388463E+0
20220916 17:04:38,911	c_0_1056_20220916_17_04_38,911.bmp	1,167961E+0	2,373380E+0	3,700242E-3	7,112750E-3	-4,242803E-3	-8,011703E-3	1,382857E+0	1,388463E+0
20220916 17:04:44,914	c_0_1057_20220916_17_04_44,914.bmp	1,142513E+0	2,391204E+0	6,245971E-3	1,094073E-2	-6,786918E-3	-1,311118E-2	1,393051E+0	1,388463E+0
20220916 17:04:50,914	c_0_1058_20220916_17_04_50,914.bmp	1,137423E+0	2,409028E+0	8,791700E-3	1,349272E-2	-1,696338E-2	-1,566092E-2	1,395599E+0	1,396136E+0
20220916 17:04:56,916	c_0_1059_20220916_17_04_56,916.bmp	1,139968E+0	2,430672E+0	3,700242E-3	1,094073E-2	-1,698689E-3	-1,056144E-2	1,387954E+0	1,396136E+0
20220916 17:05:02,919	c_0_1060_20220916_17_05_02,919.bmp	1,145058E+0	2,451043E+0	6,245971E-3	1,094073E-2	-6,786918E-3	2,187256E-3	1,387954E+0	1,388463E+0
20220916 17:05:08,920	c_0_1061_20220916_17_05_08,920.bmp	1,148875E+0	2,467594E+0	6,245971E-3	1,349272E-2	-9,331032E-3	-1,311118E-2	1,395599E+0	1,396136E+0
20220916 17:05:14,925	c_0_1062_20220916_17_05_14,925.bmp	1,155237E+0	2,491784E+0	7,518835E-3	1,476871E-2	-1,187515E-2	-1,311118E-2	1,387954E+0	1,393578E+0
20220916 17:05:20,926	c_0_1063_20220916_17_05_20,926.bmp	1,167961E+0	2,512154E+0	3,700242E-3	1,094073E-2	-1,187515E-2	-3,624835E-4	1,390502E+0	1,393578E+0
20220916 17:05:26,928	c_0_1064_20220916_17_05_26,928.bmp	1,174323E+0	2,531252E+0	7,518835E-3	9,664739E-3	-1,441926E-2	-5,461963E-3	1,387954E+0	1,388463E+0
20220916 17:05:32,937	c_0_1065_20220916_17_05_32,937.bmp	1,187047E+0	2,549076E+0	4,973106E-3	1,094073E-2	-1,696338E-2	4,736996E-3	1,387954E+0	1,388463E+0
20220916 17:05:38,937	c_0_1066_20220916_17_05_38,937.bmp	1,193409E+0	2,566900E+0	1,006456E-2	1,094073E-2	-6,786918E-3	-3,624835E-4	1,398148E+0	1,388463E+0
20220916 17:05:44,939	c_0_1067_20220916_17_05_44,939.bmp	1,203588E+0	2,591090E+0	1,006456E-2	1,094073E-2	-4,242803E-3	-3,624835E-4	1,387954E+0	1,383347E+0
20220916 17:05:50,942	c_0_1068_20220916_17_05_50,942.bmp	1,220129E+0	2,612734E+0	3,700242E-3	1,094073E-2	3,389540E-3	-8,011703E-3	1,382857E+0	1,388463E+0
20220916 17:05:56,944	c_0_1069_20220916_17_05_56,944.bmp	1,227764E+0	2,631831E+0	7,518835E-3	1,094073E-2	-1,187515E-2	-1,056144E-2	1,387954E+0	1,393578E+0
20220916 17:06:02,948	c_0_1070_20220916_17_06_02,948.bmp	1,243033E+0	2,649655E+0	6,245971E-3	9,664739E-3	-1,441926E-2	-1,311118E-2	1,390502E+0	1,388463E+0
20220916 17:06:08,952	c_0_1071_20220916_17_06_08,952.bmp	1,254484E+0	2,675118E+0	3,700242E-3	7,112750E-3	5,933654E-3	2,187256E-3	1,385405E+0	1,388463E+0
20220916 17:06:14,954	c_0_1072_20220916_17_06_14,954.bmp	1,259574E+0	2,687850E+0	1,006456E-2	1,349272E-2	-1,696338E-2	2,187256E-3	1,395599E+0	1,388463E+0
20220916 17:06:20,957	c_0_1073_20220916_17_06_20,957.bmp	1,273570E+0	2,709494E+0	8,791700E-3	1,476871E-2	-6,786918E-3	-2,912223E-3	1,398148E+0	1,393578E+0
20220916 17:06:26,961	c_0_1074_20220916_17_06_26,961.bmp	1,291384E+0	2,734957E+0	3,700242E-3	1,094073E-2	-1,698689E-3	-1,056144E-2	1,382857E+0	1,388463E+0
20220916 17:06:32,961	c_0_1075_20220916_17_06_32,961.bmp	1,301563E+0	2,755328E+0	7,518835E-3	7,112750E-3	5,933654E-3	2,187256E-3	1,382857E+0	1,388463E+0
20220916 17:06:38,963	c_0_1076_20220916_17_06_38,963.bmp	1,315560E+0	2,770605E+0	6,245971E-3	1,094073E-2	-9,331032E-3	-5,461963E-3	1,390502E+0	1,388463E+0
20220916 17:06:44,965	c_0_1077_20220916_17_06_44,965.bmp	1,328284E+0	2,793522E+0	3,700242E-3	7,112750E-3	5,933654E-3	7,286736E-3	1,382857E+0	1,383347E+0
20220916 17:06:50,965	c_0_1078_20220916_17_06_50,965.bmp	1,335918E+0	2,807527E+0	6,245971E-3	1,476871E-2	-1,441926E-2	-1,566092E-2	1,398148E+0	1,393578E+0
20220916 17:06:56,967	c_0_1079_20220916_17_06_56,967.bmp	1,348642E+0	2,831717E+0	6,245971E-3	7,112750E-3	-6,786918E-3	-8,011703E-3	1,390502E+0	1,380789E+0
20220916 17:07:02,970	c_0_1080_20220916_17_07_02,970.bmp	1,360094E+0	2,854634E+0	6,245971E-3	8,388745E-3	8,454256E-4	2,187256E-3	1,385405E+0	1,380789E+0
20220916 17:07:08,974	c_0_1081_20220916_17_07_08,974.bmp	1,370273E+0	2,875004E+0	7,518835E-3	7,112750E-3	-4,242803E-3	2,187256E-3	1,382857E+0	1,388463E+0
20220916 17:07:14,975	c_0_1082_20220916_17_07_14,975.bmp	1,377907E+0	2,886463E+0	7,518835E-3	1,221673E-2	-6,786918E-3	-8,011703E-3	1,398148E+0	1,391021E+0
20220916 17:07:20,977	c_0_1083_20220916_17_07_20,977.bmp	1,380452E+0	2,911926E+0	7,518835E-3	1,349272E-2	-1,187515E-2	-2,331014E-2	1,387954E+0	1,396136E+0
20220916 17:07:26,977	c_0_1084_20220916_17_07_26,977.bmp	1,386814E+0	2,933570E+0	3,700242E-3	1,094073E-2	8,454256E-4	2,187256E-3	1,382857E+0	1,385905E+0
20220916 17:07:32,983	c_0_1085_20220916_17_07_32,983.bmp	1,384269E+0	2,948848E+0	1,006456E-2	1,476871E-2	-1,187515E-2	-1,311118E-2	1,398148E+0	1,396136E+0
20220916 17:07:38,983	c_0_1086_20220916_17_07_38,983.bmp	1,389359E+0	2,971765E+0	7,518835E-3	8,388745E-3	-1,187515E-2	-3,624835E-4	1,387954E+0	1,383347E+0
20220916 17:07:44,985	c_0_1087_20220916_17_07_44,985.bmp	1,393176E+0	2,992135E+0	6,245971E-3	8,388745E-3	-1,187515E-2	2,187256E-3	1,390502E+0	1,383347E+0
20220916 17:07:50,986	c_0_1088_20220916_17_07_50,986.bmp	1,389359E+0	3,013779E+0	4,973106E-3	8,388745E-3	8,454256E-4	7,286736E-3	1,385405E+0	1,380789E+0
20220916 17:07:56,987	c_0_1089_20220916_17_07_56,987.bmp	1,391904E+0	3,031603E+0	3,700242E-3	1,094073E-2	-6,786918E-3	-1,056144E-2	1,390502E+0	1,388463E+0
20220916 17:08:02,992	c_0_1090_20220916_17_08_02,992.bmp	1,385542E+0	3,046881E+0	8,791700E-3	1,349272E-2	-1,441926E-2	2,187256E-3	1,398148E+0	1,388463E+0
20220916 17:08:08,993	c_0_1091_20220916_17_08_08,993.bmp	1,390631E+0	3,071071E+0	4,973106E-3	1,094073E-2	-9,331032E-3	-2,912223E-3	1,390502E+0	1,388463E+0
20220916 17:08:14,993	c_0_1092_20220916_17_08_14,993.bmp	1,381725E+0	3,093988E+0	7,518835E-3	8,388745E-3	-6,786918E-3	-3,624835E-4	1,382857E+0	1,383347E+0
20220916 17:08:20,993	c_0_1093_20220916_17_08_20,993.bmp	1,370273E+0	3,115631E+0	3,700242E-3	7,112750E-3	8,454256E-4	4,736996E-3	1,385405E+0	1,383347E+0
20220916 17:08:26,997	c_0_1094_20220916_17_08_26,997.bmp	1,349914E+0	3,128363E+0	1,006456E-2	1,094073E-2	-1,187515E-2	-3,624835E-4	1,398148E+0	1,388463E+0
20220916 17:08:33,006	c_0_1095_20220916_17_08_33,006.bmp	1,325739E+0	3,148734E+0	8,791700E-3	1,094073E-2	-6,786918E-3	-8,011703E-3	1,398148E+0	1,388463E+0
20220916 17:08:39,008	c_0_1096_20220916_17_08_39,008.bmp	1,147602E+0	3,167831E+0	1,006456E-2	1,349272E-2	-1,441926E-2	-1,821066E-2	1,398148E+0	1,396136E+0
20220916 17:08:45,009	c_0_1097_20220916_17_08_45,009.bmp	1,097979E+0	3,192021E+0	7,518835E-3	1,349272E-2	-6,786918E-3	-2,076040E-2	1,387954E+0	1,393578E+0
20220916 17:08:51,011	c_0_1098_20220916_17_08_51,011.bmp	1,076348E+0	3,213665E+0	3,700242E-3	1,094073E-2	3,389540E-3	-2,912223E-3	1,387954E+0	1,385905E+0
20220916 17:08:57,012	c_0_1099_20220916_17_08_57,012.bmp	1,061079E+0	3,231489E+0	6,245971E-3	1,094073E-2	-6,786918E-3	-3,624835E-4	1,390502E+0	1,388463E+0
20220916 17:09:03,016	c_0_1100_20220916_17_09_03,016.bmp	1,050900E+0	3,249313E+0	1,006456E-2	1,349272E-2	-9,331032E-3	-2,912223E-3	1,398148E+0	1,385905E+0
20220916 17:09:09,020	c_0_1101_20220916_17_09_09,020.bmp	1,049627E+0	3,269684E+0	6,245971E-3	1,349272E-2	-6,786918E-3	-1,821066E-2	1,387954E+0	1,396136E+0
20220916 17:09:15,021	c_0_1102_20220916_17_09_15,021.bmp	1,036903E+0	3,291327E+0	1,006456E-2	1,094073E-2	-6,786918E-3	-5,461963E-3	1,390502E+0	1,380789E+0
20220916 17:09:21,026	c_0_1103_20220916_17_09_21,026.bmp	1,039448E+0	3,311698E+0	7,518835E-3	5,836756E-3	-6,786918E-3	9,836476E-3	1,387954E+0	1,380789E+0
20220916 17:09:27,033	c_0_1104_20220916_17_09_27,033.bmp	1,035631E+0	3,332068E+0	6,245971E-3	1,476871E-2	-4,242803E-3	7,286736E-3	1,390502E+0	1,396136E+0
20220916 17:09:33,035	c_0_1105_20220916_17_09_33,035.bmp	1,039448E+0	3,353712E+0	3,700242E-3	7,112750E-3	3,389540E-3	-1,311118E-2	1,382857E+0	1,388463E+0
20220916 17:09:39,040	c_0_1106_20220916_17_09_39,040.bmp	1,034358E+0	3,375356E+0	7,518835E-3	7,112750E-3	-4,242803E-3	2,187256E-3	1,382857E+0	1,385905E+0
20220916 17:09:45,042	c_0_1107_20220916_17_09_45,042.bmp	1,038176E+0	3,391907E+0	3,700242E-3	9,664739E-3	-6,786918E-3	-5,461963E-3	1,387954E+0	1,388463E+0
20220916 17:09:51,044	c_0_1108_20220916_17_09_51,044.bmp	1,039448E+0	3,414824E+0	7,518835E-3	8,388745E-3	-6,786918E-3	4,736996E-3	1,385405E+0	1,383347E+0
20220916 17:09:57,046	c_0_1109_20220916_17_09_57,046.bmp	1,035631E+0	3,430102E+0	1,006456E-2	1,094073E-2	-1,696338E-2	-2,912223E-3	1,390502E+0	1,388463E+0
20220916 17:10:03,047	c_0_1110_20220916_17_10_03,047.bmp	1,044538E+0	3,451745E+0	3,700242E-3	1,094073E-2	-6,786918E-3	-2,912223E-3	1,390502E+0	1,396136E+0
20220916 17:10:09,050	c_0_1111_20220916_17_10_09,050.bmp	1,040720E+0	3,470843E+0	7,518835E-3	9,664739E-3	-6,786918E-3	-3,624835E-4	1,390502E+0	1,383347E+0
20220916 17:10:15,050	c_0_1112_20220916_17_10_15,050.bmp	1,049627E+0	3,489940E+0	2,427377E-3	1,094073E-2	-4,242803E-3	-2,912223E-3	1,387954E+0	1,388463E+0
20220916 17:10:21,054	c_0_1113_20220916_17_10_21,054.bmp	1,043265E+0	3,510311E+0	4,973106E-3	1,094073E-2	-1,441926E-2	-8,011703E-3	1,390502E+0	1,385905E+0
20220916 17:10:27,056	c_0_1114_20220916_17_10_27,056.bmp	1,049627E+0	3,531954E+0	6,245971E-3	1,094073E-2	-3,222806E-2	-2,912223E-3	1,390502E+0	1,393578E+0
20220916 17:10:33,056	c_0_1115_20220916_17_10_33,056.bmp	1,053444E+0	3,549779E+0	6,245971E-3	1,349272E-2	-6,786918E-3	-8,011703E-3	1,393051E+0	1,393578E+0
20220916 17:10:39,057	c_0_1116_20220916_17_10_39,057.bmp	1,053444E+0	3,572696E+0	7,518835E-3	1,094073E-2	-9,331032E-3	-8,011703E-3	1,390502E+0	1,383347E+0
20220916 17:10:45,058	c_0_1117_20220916_17_10_45,058.bmp	1,048355E+0	3,591793E+0	6,245971E-3	7,112750E-3	-6,786918E-3	2,187256E-3	1,382857E+0	1,383347E+0
20220916 17:10:51,062	c_0_1118_20220916_17_10_51,062.bmp	1,047082E+0	3,608344E+0	1,006456E-2	1,221673E-2	-1,187515E-2	-1,056144E-2	1,395599E+0	1,393578E+0
20220916 17:10:57,063	c_0_1119_20220916_17_10_57,063.bmp	1,048355E+0	3,627441E+0	8,791700E-3	1,349272E-2	-1,950749E-2	-5,461963E-3	1,398148E+0	1,396136E+0
20220916 17:11:03,064	c_0_1120_20220916_17_11_03,064.bmp	1,050900E+0	3,647812E+0	1,006456E-2	1,094073E-2	-1,187515E-2	-5,461963E-3	1,395599E+0	1,385905E+0
20220916 17:11:09,064	c_0_1121_20220916_17_11_09,064.bmp	1,057262E+0	3,668182E+0	1,006456E-2	1,221673E-2	-1,950749E-2	-2,912223E-3	1,395599E+0	1,385905E+0
20220916 17:11:15,086	c_0_1122_20220916_17_11_15,086.bmp	1,062351E+0	3,689826E+0	7,518835E-3	8,388745E-3	8,454256E-4	-3,624835E-4	1,387954E+0	1,380789E+0
20220916 17:11:21,088	c_0_1123_20220916_17_11_21,088.bmp	1,064896E+0	3,714016E+0	3,700242E-3	7,112750E-3	-4,242803E-3	2,187256E-3	1,382857E+0	1,383347E+0
20220916 17:11:27,088	c_0_1124_20220916_17_11_27,088.bmp	1,068713E+0	3,734387E+0	3,700242E-3	8,388745E-3	-6,786918E-3	-5,461963E-3	1,385405E+0	1,383347E+0
20220916 17:11:33,092	c_0_1125_20220916_17_11_33,092.bmp	1,072531E+0	3,753484E+0	2,427377E-3	1,094073E-2	8,454256E-4	-8,011703E-3	1,385405E+0	1,388463E+0
20220916 17:11:39,095	c_0_1126_20220916_17_11_39,095.bmp	1,075075E+0	3,768762E+0	3,700242E-3	1,094073E-2	-4,242803E-3	-1,056144E-2	1,390502E+0	1,388463E+0
20220916 17:11:45,095	c_0_1127_20220916_17_11_45,095.bmp	1,073803E+0	3,787859E+0	8,791700E-3	1,349272E-2	-2,968395E-2	-1,311118E-2	1,395599E+0	1,393578E+0
20220916 17:11:51,099	c_0_1128_20220916_17_11_51,099.bmp	1,086527E+0	3,814596E+0	4,973106E-3	1,094073E-2	-1,698689E-3	-5,461963E-3	1,385405E+0	1,388463E+0
20220916 17:11:57,100	c_0_1129_20220916_17_11_57,100.bmp	1,083982E+0	3,828600E+0	1,006456E-2	9,664739E-3	-1,187515E-2	-8,011703E-3	1,395599E+0	1,388463E+0
20220916 17:12:03,101	c_0_1130_20220916_17_12_03,101.bmp	1,091617E+0	3,851517E+0	7,518835E-3	1,476871E-2	-6,786918E-3	-5,461963E-3	1,398148E+0	1,396136E+0
20220916 17:12:09,104	c_0_1131_20220916_17_12_09,104.bmp	1,097979E+0	3,869342E+0	6,245971E-3	1,221673E-2	-1,187515E-2	-1,056144E-2	1,390502E+0	1,393578E+0
20220916 17:12:15,108	c_0_1132_20220916_17_12_15,108.bmp	1,097979E+0	3,887166E+0	1,006456E-2	1,221673E-2	-1,187515E-2	-5,461963E-3	1,395599E+0	1,393578E+0
20220916 17:12:21,108	c_0_1133_20220916_17_12_21,108.bmp	1,100523E+0	3,907536E+0	1,006456E-2	1,476871E-2	-1,187515E-2	-5,461963E-3	1,398148E+0	1,388463E+0
20220916 17:12:27,112	c_0_1134_20220916_17_12_27,112.bmp	1,113247E+0	3,935546E+0	3,700242E-3	1,094073E-2	-4,242803E-3	-3,624835E-4	1,385405E+0	1,388463E+0
20220916 17:12:33,113	c_0_1135_20220916_17_12_33,113.bmp	1,115792E+0	3,953370E+0	4,973106E-3	1,094073E-2	-6,786918E-3	-5,461963E-3	1,385405E+0	1,388463E+0
20220916 17:12:39,115	c_0_1136_20220916_17_12_39,115.bmp	1,115792E+0	3,971194E+0	1,006456E-2	9,664739E-3	-1,187515E-2	-8,011703E-3	1,390502E+0	1,388463E+0
20220916 17:12:45,118	c_0_1137_20220916_17_12_45,118.bmp	1,127244E+0	3,991565E+0	3,700242E-3	1,094073E-2	-4,242803E-3	-2,912223E-3	1,387954E+0	1,388463E+0
20220916 17:12:51,119	c_0_1138_20220916_17_12_51,119.bmp	1,128516E+0	4,010662E+0	7,518835E-3	1,349272E-2	-1,187515E-2	-2,840962E-2	1,387954E+0	1,396136E+0
20220916 17:12:57,123	c_0_1139_20220916_17_12_57,123.bmp	1,132333E+0	4,031033E+0	1,006456E-2	1,094073E-2	-1,187515E-2	7,286736E-3	1,390502E+0	1,388463E+0
20220916 17:13:03,125	c_0_1140_20220916_17_13_03,125.bmp	1,143785E+0	4,052676E+0	6,245971E-3	1,094073E-2	-6,786918E-3	-3,624835E-4	1,390502E+0	1,385905E+0
20220916 17:13:09,125	c_0_1141_20220916_17_13_09,125.bmp	1,147602E+0	4,074320E+0	6,245971E-3	7,112750E-3	5,933654E-3	-2,912223E-3	1,385405E+0	1,388463E+0
20220916 17:13:15,128	c_0_1142_20220916_17_13_15,128.bmp	1,156509E+0	4,090871E+0	7,518835E-3	1,094073E-2	-1,187515E-2	-8,011703E-3	1,390502E+0	1,385905E+0
20220916 17:13:21,129	c_0_1143_20220916_17_13_21,129.bmp	1,162871E+0	4,111242E+0	6,245971E-3	1,094073E-2	-6,786918E-3	2,187256E-3	1,387954E+0	1,385905E+0
20220916 17:13:27,134	c_0_1144_20220916_17_13_27,134.bmp	1,170506E+0	4,130339E+0	2,427377E-3	1,094073E-2	-4,242803E-3	-3,624835E-4	1,387954E+0	1,388463E+0
20220916 17:13:33,135	c_0_1145_20220916_17_13_33,135.bmp	1,174323E+0	4,148163E+0	7,518835E-3	1,349272E-2	-1,950749E-2	-1,566092E-2	1,398148E+0	1,385905E+0
20220916 17:13:39,141	c_0_1146_20220916_17_13_39,141.bmp	1,175595E+0	4,167261E+0	8,791700E-3	1,094073E-2	-1,187515E-2	-5,461963E-3	1,395599E+0	1,385905E+0
20220916 17:13:45,146	c_0_1147_20220916_17_13_45,146.bmp	1,134878E+0	4,192724E+0	3,700242E-3	8,388745E-3	-1,698689E-3	-2,912223E-3	1,382857E+0	1,385905E+0
20220916 17:13:51,146	c_0_1148_20220916_17_13_51,146.bmp	1,057262E+0	4,206729E+0	1,006456E-2	1,349272E-2	-1,187515E-2	-1,056144E-2	1,395599E+0	1,393578E+0
20220916 17:13:57,150	c_0_1149_20220916_17_13_57,150.bmp	9,618314E-1	4,227099E+0	7,518835E-3	1,349272E-2	-1,696338E-2	-1,311118E-2	1,398148E+0	1,388463E+0
20220916 17:14:03,155	c_0_1150_20220916_17_14_03,155.bmp	9,363834E-1	4,247470E+0	8,791700E-3	1,349272E-2	-1,696338E-2	-1,056144E-2	1,395599E+0	1,396136E+0
20220916 17:14:09,158	c_0_1151_20220916_17_14_09,158.bmp	9,325661E-1	4,267840E+0	7,518835E-3	1,349272E-2	-6,786918E-3	-1,056144E-2	1,395599E+0	1,388463E+0
20220916 17:14:15,165	c_0_1152_20220916_17_14_15,165.bmp	9,338386E-1	4,292030E+0	6,245971E-3	1,094073E-2	-1,441926E-2	-1,056144E-2	1,387954E+0	1,388463E+0
20220916 17:14:21,168	c_0_1153_20220916_17_14_21,168.bmp	9,325661E-1	4,307308E+0	1,006456E-2	1,476871E-2	-1,950749E-2	-8,011703E-3	1,395599E+0	1,396136E+0
20220916 17:14:27,171	c_0_1154_20220916_17_14_27,171.bmp	9,389282E-1	4,330225E+0	6,245971E-3	1,094073E-2	-1,698689E-3	-2,912223E-3	1,390502E+0	1,388463E+0
20220916 17:14:33,172	c_0_1155_20220916_17_14_33,172.bmp	9,427454E-1	4,355688E+0	7,518835E-3	7,112750E-3	3,389540E-3	-2,912223E-3	1,385405E+0	1,383347E+0
20220916 17:14:39,175	c_0_1156_20220916_17_14_39,175.bmp	9,478350E-1	4,370966E+0	4,973106E-3	1,476871E-2	-4,242803E-3	9,836476E-3	1,387954E+0	1,396136E+0
20220916 17:14:45,177	c_0_1157_20220916_17_14_45,177.bmp	9,554694E-1	4,390064E+0	3,700242E-3	1,094073E-2	8,454256E-4	-3,624835E-4	1,387954E+0	1,391021E+0
20220916 17:14:51,185	c_0_1158_20220916_17_14_51,185.bmp	9,580142E-1	4,411707E+0	6,245971E-3	8,388745E-3	-4,242803E-3	-2,912223E-3	1,387954E+0	1,383347E+0
20220916 17:14:57,186	c_0_1159_20220916_17_14_57,186.bmp	9,631038E-1	4,430805E+0	7,518835E-3	7,112750E-3	-4,242803E-3	-2,912223E-3	1,387954E+0	1,380789E+0
20220916 17:15:03,187	c_0_1160_20220916_17_15_03,187.bmp	9,669210E-1	4,452448E+0	6,245971E-3	9,664739E-3	3,389540E-3	-2,912223E-3	1,390502E+0	1,388463E+0
20220916 17:15:09,191	c_0_1161_20220916_17_15_09,191.bmp	9,694659E-1	4,470273E+0	7,518835E-3	1,094073E-2	-1,698689E-3	-3,624835E-4	1,390502E+0	1,391021E+0
20220916 17:15:15,197	c_0_1162_20220916_17_15_15,197.bmp	9,796451E-1	4,490643E+0	6,245971E-3	1,094073E-2	-6,786918E-3	-2,912223E-3	1,390502E+0	1,385905E+0
20220916 17:15:21,201	c_0_1163_20220916_17_15_21,201.bmp	9,847347E-1	4,507194E+0	1,006456E-2	1,349272E-2	-1,696338E-2	2,187256E-3	1,395599E+0	1,396136E+0
20220916 17:15:27,204	c_0_1164_20220916_17_15_27,204.bmp	9,898243E-1	4,532657E+0	7,518835E-3	1,094073E-2	-6,786918E-3	-1,056144E-2	1,387954E+0	1,383347E+0
20220916 17:15:33,204	c_0_1165_20220916_17_15_33,204.bmp	9,961863E-1	4,551755E+0	7,518835E-3	1,094073E-2	-4,242803E-3	-8,011703E-3	1,390502E+0	1,388463E+0
20220916 17:15:39,221	c_0_1166_20220916_17_15_39,221.bmp	9,987311E-1	4,569579E+0	8,791700E-3	1,094073E-2	-1,187515E-2	-8,011703E-3	1,390502E+0	1,388463E+0
20220916 17:15:45,225	c_0_1167_20220916_17_15_45,225.bmp	1,007638E+0	4,589950E+0	6,245971E-3	1,094073E-2	-1,696338E-2	-1,566092E-2	1,390502E+0	1,396136E+0
20220916 17:15:51,228	c_0_1168_20220916_17_15_51,228.bmp	1,012728E+0	4,606501E+0	8,791700E-3	1,349272E-2	-4,242803E-3	-3,624835E-4	1,395599E+0	1,396136E+0
20220916 17:15:57,229	c_0_1169_20220916_17_15_57,229.bmp	1,019090E+0	4,629417E+0	8,791700E-3	1,094073E-2	-1,698689E-3	-8,011703E-3	1,387954E+0	1,388463E+0
20220916 17:16:03,231	c_0_1170_20220916_17_16_03,231.bmp	1,026724E+0	4,653607E+0	6,245971E-3	1,349272E-2	-9,331032E-3	-8,011703E-3	1,390502E+0	1,393578E+0
20220916 17:16:09,234	c_0_1171_20220916_17_16_09,234.bmp	1,030541E+0	4,667612E+0	1,006456E-2	1,221673E-2	-1,696338E-2	-2,076040E-2	1,395599E+0	1,396136E+0
20220916 17:16:15,234	c_0_1172_20220916_17_16_15,234.bmp	1,038176E+0	4,687983E+0	7,518835E-3	1,476871E-2	-9,331032E-3	-1,311118E-2	1,387954E+0	1,396136E+0
20220916 17:16:21,238	c_0_1173_20220916_17_16_21,238.bmp	1,048355E+0	4,710900E+0	4,973106E-3	1,094073E-2	-9,331032E-3	-8,011703E-3	1,390502E+0	1,396136E+0
20220916 17:16:27,240	c_0_1174_20220916_17_16_27,240.bmp	1,059806E+0	4,733816E+0	3,700242E-3	1,094073E-2	-6,786918E-3	-8,011703E-3	1,382857E+0	1,388463E+0
20220916 17:16:33,242	c_0_1175_20220916_17_16_33,242.bmp	1,064896E+0	4,751641E+0	7,518835E-3	8,388745E-3	-1,441926E-2	2,187256E-3	1,390502E+0	1,383347E+0
20220916 17:16:39,244	c_0_1176_20220916_17_16_39,244.bmp	1,075075E+0	4,773284E+0	4,973106E-3	7,112750E-3	-4,242803E-3	-5,461963E-3	1,382857E+0	1,388463E+0
20220916 17:16:45,248	c_0_1177_20220916_17_16_45,248.bmp	1,078893E+0	4,791109E+0	3,700242E-3	1,094073E-2	1,102188E-2	2,187256E-3	1,390502E+0	1,388463E+0
20220916 17:16:51,252	c_0_1178_20220916_17_16_51,252.bmp	1,077620E+0	4,810206E+0	6,245971E-3	8,388745E-3	-6,786918E-3	9,836476E-3	1,390502E+0	1,383347E+0
20220916 17:16:57,255	c_0_1179_20220916_17_16_57,255.bmp	1,078893E+0	4,830577E+0	6,245971E-3	8,388745E-3	-9,331032E-3	2,187256E-3	1,387954E+0	1,383347E+0
20220916 17:17:03,258	c_0_1180_20220916_17_17_03,258.bmp	1,078893E+0	4,847128E+0	7,518835E-3	1,476871E-2	-1,950749E-2	-1,311118E-2	1,398148E+0	1,388463E+0
20220916 17:17:09,261	c_0_1181_20220916_17_17_09,261.bmp	1,080165E+0	4,870044E+0	3,700242E-3	9,664739E-3	-9,331032E-3	-1,056144E-2	1,390502E+0	1,393578E+0
20220916 17:17:15,264	c_0_1182_20220916_17_17_15,264.bmp	1,080165E+0	4,887869E+0	7,518835E-3	1,476871E-2	-6,786918E-3	-1,311118E-2	1,398148E+0	1,393578E+0
20220916 17:17:21,264	c_0_1183_20220916_17_17_21,264.bmp	1,082710E+0	4,913332E+0	3,700242E-3	5,836756E-3	-4,242803E-3	-5,461963E-3	1,385405E+0	1,383347E+0
20220916 17:17:27,269	c_0_1184_20220916_17_17_27,269.bmp	1,087799E+0	4,933702E+0	7,518835E-3	7,112750E-3	-9,331032E-3	-3,624835E-4	1,382857E+0	1,383347E+0
20220916 17:17:33,270	c_0_1185_20220916_17_17_33,270.bmp	1,090344E+0	4,951527E+0	3,700242E-3	1,094073E-2	3,389540E-3	-8,011703E-3	1,382857E+0	1,388463E+0
20220916 17:17:39,272	c_0_1186_20220916_17_17_39,272.bmp	1,090344E+0	4,969351E+0	6,245971E-3	5,836756E-3	-2,713983E-2	2,187256E-3	1,387954E+0	1,383347E+0
20220916 17:17:45,277	c_0_1187_20220916_17_17_45,277.bmp	1,096706E+0	4,987175E+0	4,973106E-3	1,349272E-2	-9,331032E-3	-2,912223E-3	1,398148E+0	1,393578E+0
20220916 17:17:51,277	c_0_1188_20220916_17_17_51,277.bmp	1,105613E+0	5,011365E+0	2,427377E-3	1,094073E-2	-1,187515E-2	-2,912223E-3	1,390502E+0	1,388463E+0
20220916 17:17:57,279	c_0_1189_20220916_17_17_57,279.bmp	1,110703E+0	5,030462E+0	7,518835E-3	1,094073E-2	-1,187515E-2	-8,011703E-3	1,387954E+0	1,388463E+0
20220916 17:18:03,285	c_0_1190_20220916_17_18_03,285.bmp	1,117065E+0	5,049560E+0	4,973106E-3	1,349272E-2	-1,187515E-2	-1,311118E-2	1,387954E+0	1,396136E+0
20220916 17:18:09,285	c_0_1191_20220916_17_18_09,285.bmp	1,122154E+0	5,071204E+0	1,006456E-2	1,094073E-2	8,454256E-4	-3,624835E-4	1,390502E+0	1,383347E+0
20220916 17:18:15,286	c_0_1192_20220916_17_18_15,286.bmp	1,136151E+0	5,092847E+0	4,973106E-3	8,388745E-3	3,389540E-3	-3,624835E-4	1,385405E+0	1,391021E+0
20220916 17:18:21,288	c_0_1193_20220916_17_18_21,288.bmp	1,141240E+0	5,113218E+0	3,700242E-3	8,388745E-3	-9,331032E-3	-8,011703E-3	1,382857E+0	1,388463E+0
20220916 17:18:27,289	c_0_1194_20220916_17_18_27,289.bmp	1,145058E+0	5,129769E+0	7,518835E-3	9,664739E-3	-6,786918E-3	-3,624835E-4	1,390502E+0	1,396136E+0
20220916 17:18:33,290	c_0_1195_20220916_17_18_33,290.bmp	1,152692E+0	5,148866E+0	8,791700E-3	1,094073E-2	-1,187515E-2	-1,056144E-2	1,398148E+0	1,385905E+0
20220916 17:18:39,295	c_0_1196_20220916_17_18_39,295.bmp	1,160326E+0	5,170510E+0	7,518835E-3	1,094073E-2	-9,331032E-3	-2,585988E-2	1,387954E+0	1,388463E+0
20220916 17:18:45,297	c_0_1197_20220916_17_18_45,297.bmp	1,166688E+0	5,190881E+0	6,245971E-3	1,094073E-2	-9,331032E-3	-8,011703E-3	1,390502E+0	1,383347E+0
20220916 17:18:51,308	c_0_1198_20220916_17_18_51,308.bmp	1,170506E+0	5,209978E+0	7,518835E-3	1,349272E-2	-1,950749E-2	-8,011703E-3	1,387954E+0	1,393578E+0
20220916 17:18:57,311	c_0_1199_20220916_17_18_57,311.bmp	1,169233E+0	5,225256E+0	8,791700E-3	1,349272E-2	-9,331032E-3	-1,311118E-2	1,395599E+0	1,385905E+0
20220916 17:19:03,311	c_0_1200_20220916_17_19_03,311.bmp	1,166688E+0	5,249446E+0	6,245971E-3	1,094073E-2	-3,222806E-2	-8,011703E-3	1,387954E+0	1,393578E+0
20220916 17:19:09,315	c_0_1201_20220916_17_19_09,315.bmp	1,165416E+0	5,271090E+0	7,518835E-3	1,094073E-2	5,933654E-3	-5,461963E-3	1,387954E+0	1,388463E+0
20220916 17:19:15,318	c_0_1202_20220916_17_19_15,318.bmp	1,161599E+0	5,287641E+0	1,006456E-2	1,094073E-2	-1,696338E-2	-5,461963E-3	1,395599E+0	1,388463E+0
20220916 17:19:21,322	c_0_1203_20220916_17_19_21,322.bmp	1,134878E+0	5,309284E+0	8,791700E-3	1,094073E-2	-1,187515E-2	-8,011703E-3	1,390502E+0	1,385905E+0
20220916 17:19:27,322	c_0_1204_20220916_17_19_27,322.bmp	1,059806E+0	5,329655E+0	7,518835E-3	1,349272E-2	-6,786918E-3	-1,566092E-2	1,390502E+0	1,396136E+0
20220916 17:19:33,325	c_0_1205_20220916_17_19_33,325.bmp	8,803976E-1	5,348752E+0	7,518835E-3	1,349272E-2	-1,187515E-2	-8,011703E-3	1,395599E+0	1,393578E+0
20220916 17:19:39,325	c_0_1206_20220916_17_19_39,325.bmp	8,778528E-1	5,374215E+0	6,245971E-3	5,836756E-3	-1,698689E-3	4,736996E-3	1,385405E+0	1,380789E+0
20220916 17:19:45,326	c_0_1207_20220916_17_19_45,326.bmp	8,867596E-1	5,393313E+0	3,700242E-3	7,112750E-3	-1,698689E-3	-2,912223E-3	1,385405E+0	1,383347E+0
20220916 17:19:51,327	c_0_1208_20220916_17_19_51,327.bmp	8,918492E-1	5,413683E+0	3,700242E-3	7,112750E-3	-9,331032E-3	-5,461963E-3	1,385405E+0	1,388463E+0
20220916 17:19:57,330	c_0_1209_20220916_17_19_57,330.bmp	8,956664E-1	5,426415E+0	1,006456E-2	1,094073E-2	-2,713983E-2	-5,461963E-3	1,395599E+0	1,388463E+0
20220916 17:20:03,337	c_0_1210_20220916_17_20_03,337.bmp	9,083905E-1	5,449332E+0	7,518835E-3	9,664739E-3	-1,698689E-3	-1,056144E-2	1,390502E+0	1,388463E+0
20220916 17:20:09,338	c_0_1211_20220916_17_20_09,338.bmp	9,185697E-1	5,470975E+0	6,245971E-3	1,094073E-2	-6,786918E-3	-8,011703E-3	1,390502E+0	1,385905E+0
20220916 17:20:15,341	c_0_1212_20220916_17_20_15,341.bmp	9,211145E-1	5,487527E+0	1,006456E-2	1,221673E-2	-1,187515E-2	-2,076040E-2	1,395599E+0	1,393578E+0
20220916 17:20:21,345	c_0_1213_20220916_17_20_21,345.bmp	9,389282E-1	5,511717E+0	3,700242E-3	7,112750E-3	-1,696338E-2	-1,311118E-2	1,385405E+0	1,383347E+0
20220916 17:20:27,347	c_0_1214_20220916_17_20_27,347.bmp	9,478350E-1	5,530814E+0	3,700242E-3	1,094073E-2	-4,242803E-3	-5,461963E-3	1,387954E+0	1,388463E+0
20220916 17:20:33,347	c_0_1215_20220916_17_20_33,347.bmp	9,529246E-1	5,551184E+0	4,973106E-3	1,349272E-2	-9,331032E-3	-8,011703E-3	1,390502E+0	1,396136E+0
20220916 17:20:39,348	c_0_1216_20220916_17_20_39,348.bmp	9,580142E-1	5,566462E+0	8,791700E-3	1,476871E-2	-1,950749E-2	-5,461963E-3	1,395599E+0	1,396136E+0
20220916 17:20:45,348	c_0_1217_20220916_17_20_45,348.bmp	9,656486E-1	5,585560E+0	8,791700E-3	9,664739E-3	-9,331032E-3	-8,011703E-3	1,398148E+0	1,388463E+0
20220916 17:20:51,351	c_0_1218_20220916_17_20_51,351.bmp	9,758279E-1	5,608477E+0	7,518835E-3	9,664739E-3	-6,786918E-3	-2,912223E-3	1,387954E+0	1,383347E+0
20220916 17:20:57,356	c_0_1219_20220916_17_20_57,356.bmp	9,796451E-1	5,631394E+0	7,518835E-3	1,094073E-2	-6,786918E-3	-1,311118E-2	1,387954E+0	1,388463E+0
20220916 17:21:03,357	c_0_1220_20220916_17_21_03,357.bmp	9,809175E-1	5,647945E+0	7,518835E-3	1,476871E-2	-6,786918E-3	-1,056144E-2	1,390502E+0	1,393578E+0
20220916 17:21:09,360	c_0_1221_20220916_17_21_09,360.bmp	9,821899E-1	5,673408E+0	3,700242E-3	1,094073E-2	-4,242803E-3	2,187256E-3	1,385405E+0	1,388463E+0
20220916 17:21:15,382	c_0_1222_20220916_17_21_15,382.bmp	9,580142E-1	5,688686E+0	6,245971E-3	1,094073E-2	-1,950749E-2	-5,461963E-3	1,387954E+0	1,388463E+0
20220916 17:21:21,386	c_0_1223_20220916_17_21_21,386.bmp	7,798777E-1	5,707783E+0	1,006456E-2	1,349272E-2	-1,187515E-2	-8,011703E-3	1,398148E+0	1,388463E+0
20220916 17:21:27,389	c_0_1224_20220916_17_21_27,389.bmp	7,366160E-1	5,733246E+0	3,700242E-3	7,112750E-3	8,454256E-4	2,187256E-3	1,385405E+0	1,385905E+0
20220916 17:21:33,394	c_0_1225_20220916_17_21_33,394.bmp	7,404332E-1	5,747251E+0	8,791700E-3	1,476871E-2	-9,331032E-3	2,187256E-3	1,398148E+0	1,396136E+0
20220916 17:21:39,398	c_0_1226_20220916_17_21_39,398.bmp	7,467952E-1	5,768895E+0	7,518835E-3	8,388745E-3	-9,331032E-3	-3,624835E-4	1,387954E+0	1,383347E+0
20220916 17:21:45,400	c_0_1227_20220916_17_21_45,400.bmp	7,544297E-1	5,789265E+0	7,518835E-3	7,112750E-3	-1,441926E-2	-3,624835E-4	1,387954E+0	1,383347E+0
20220916 17:21:51,403	c_0_1228_20220916_17_21_51,403.bmp	7,658813E-1	5,812182E+0	3,700242E-3	1,094073E-2	-4,242803E-3	-2,912223E-3	1,382857E+0	1,388463E+0
20220916 17:21:57,407	c_0_1229_20220916_17_21_57,407.bmp	7,735157E-1	5,830006E+0	7,518835E-3	1,094073E-2	-4,242803E-3	2,187256E-3	1,387954E+0	1,385905E+0
20220916 17:22:03,407	c_0_1230_20220916_17_22_03,407.bmp	7,786053E-1	5,850377E+0	7,518835E-3	1,094073E-2	-6,786918E-3	4,736996E-3	1,390502E+0	1,385905E+0
20220916 17:22:09,408	c_0_1231_20220916_17_22_09,408.bmp	7,900570E-1	5,868201E+0	6,245971E-3	9,664739E-3	-1,187515E-2	-3,624835E-4	1,390502E+0	1,383347E+0
20220916 17:22:15,409	c_0_1232_20220916_17_22_15,409.bmp	8,002362E-1	5,893664E+0	3,700242E-3	8,388745E-3	8,454256E-4	-8,011703E-3	1,382857E+0	1,388463E+0
20220916 17:22:21,413	c_0_1233_20220916_17_22_21,413.bmp	8,091430E-1	5,911488E+0	3,700242E-3	1,094073E-2	8,454256E-4	-2,912223E-3	1,382857E+0	1,388463E+0
20220916 17:22:27,416	c_0_1234_20220916_17_22_27,416.bmp	8,167774E-1	5,929313E+0	7,518835E-3	1,094073E-2	-6,786918E-3	-5,461963E-3	1,390502E+0	1,388463E+0
20220916 17:22:33,417	c_0_1235_20220916_17_22_33,417.bmp	8,244119E-1	5,944591E+0	6,245971E-3	1,349272E-2	-6,786918E-3	-1,311118E-2	1,398148E+0	1,388463E+0
20220916 17:22:39,417	c_0_1236_20220916_17_22_39,417.bmp	8,371359E-1	5,972600E+0	3,700242E-3	8,388745E-3	1,102188E-2	-5,461963E-3	1,382857E+0	1,388463E+0
20220916 17:22:45,422	c_0_1237_20220916_17_22_45,422.bmp	8,409531E-1	5,989151E+0	4,973106E-3	1,094073E-2	8,454256E-4	-2,912223E-3	1,387954E+0	1,388463E+0
20220916 17:22:51,426	c_0_1238_20220916_17_22_51,426.bmp	8,574943E-1	6,010795E+0	3,700242E-3	1,094073E-2	8,454256E-4	7,286736E-3	1,385405E+0	1,388463E+0
20220916 17:22:57,426	c_0_1239_20220916_17_22_57,426.bmp	8,613116E-1	6,029892E+0	8,791700E-3	1,094073E-2	8,454256E-4	2,187256E-3	1,387954E+0	1,388463E+0
20220916 17:23:03,427	c_0_1240_20220916_17_23_03,427.bmp	8,753080E-1	6,051536E+0	3,700242E-3	7,112750E-3	8,477769E-3	-8,011703E-3	1,385405E+0	1,388463E+0
20220916 17:23:09,432	c_0_1241_20220916_17_23_09,432.bmp	8,867596E-1	6,071906E+0	3,700242E-3	7,112750E-3	3,389540E-3	-8,011703E-3	1,385405E+0	1,383347E+0
20220916 17:23:15,436	c_0_1242_20220916_17_23_15,436.bmp	8,905768E-1	6,089731E+0	7,518835E-3	1,094073E-2	8,454256E-4	-1,311118E-2	1,390502E+0	1,396136E+0
20220916 17:23:21,437	c_0_1243_20220916_17_23_21,437.bmp	9,007561E-1	6,108828E+0	7,518835E-3	1,094073E-2	-6,786918E-3	-8,011703E-3	1,387954E+0	1,383347E+0
20220916 17:23:27,437	c_0_1244_20220916_17_23_27,437.bmp	9,109353E-1	6,131745E+0	3,700242E-3	5,836756E-3	-1,698689E-3	-2,912223E-3	1,382857E+0	1,385905E+0
20220916 17:23:33,442	c_0_1245_20220916_17_23_33,442.bmp	9,134801E-1	6,149569E+0	1,006456E-2	1,094073E-2	-1,441926E-2	7,286736E-3	1,390502E+0	1,383347E+0
20220916 17:23:39,444	c_0_1246_20220916_17_23_39,444.bmp	9,312937E-1	6,168667E+0	7,518835E-3	1,349272E-2	-1,187515E-2	-2,076040E-2	1,390502E+0	1,396136E+0
20220916 17:23:45,448	c_0_1247_20220916_17_23_45,448.bmp	9,389282E-1	6,190310E+0	8,791700E-3	1,094073E-2	-4,242803E-3	-8,011703E-3	1,390502E+0	1,396136E+0
20220916 17:23:51,451	c_0_1248_20220916_17_23_51,451.bmp	9,465626E-1	6,206861E+0	8,791700E-3	1,094073E-2	-1,950749E-2	-8,011703E-3	1,395599E+0	1,385905E+0
20220916 17:23:57,455	c_0_1249_20220916_17_23_57,455.bmp	9,567418E-1	6,229778E+0	8,791700E-3	1,094073E-2	-4,242803E-3	-5,461963E-3	1,387954E+0	1,383347E+0
20220916 17:24:03,458	c_0_1250_20220916_17_24_03,458.bmp	9,681934E-1	6,247602E+0	7,518835E-3	1,476871E-2	-4,242803E-3	-2,912223E-3	1,395599E+0	1,393578E+0
20220916 17:24:09,462	c_0_1251_20220916_17_24_09,462.bmp	9,758279E-1	6,269246E+0	1,006456E-2	1,094073E-2	-9,331032E-3	-5,461963E-3	1,387954E+0	1,388463E+0
20220916 17:24:15,462	c_0_1252_20220916_17_24_15,462.bmp	9,910967E-1	6,285797E+0	7,518835E-3	1,349272E-2	-1,696338E-2	-8,011703E-3	1,395599E+0	1,385905E+0
20220916 17:24:21,462	c_0_1253_20220916_17_24_21,462.bmp	9,987311E-1	6,311260E+0	6,245971E-3	1,349272E-2	-1,696338E-2	-1,056144E-2	1,390502E+0	1,396136E+0
20220916 17:24:27,467	c_0_1254_20220916_17_24_27,467.bmp	1,012728E+0	6,330358E+0	4,973106E-3	1,094073E-2	8,454256E-4	-8,011703E-3	1,387954E+0	1,388463E+0
20220916 17:24:33,470	c_0_1255_20220916_17_24_33,470.bmp	1,016545E+0	6,350728E+0	6,245971E-3	7,112750E-3	-9,331032E-3	9,836476E-3	1,382857E+0	1,380789E+0
20220916 17:24:39,471	c_0_1256_20220916_17_24_39,471.bmp	1,027996E+0	6,373645E+0	2,427377E-3	1,094073E-2	8,477769E-3	-8,011703E-3	1,385405E+0	1,388463E+0
20220916 17:24:45,473	c_0_1257_20220916_17_24_45,473.bmp	1,033086E+0	6,388923E+0	6,245971E-3	5,836756E-3	-6,786918E-3	9,836476E-3	1,387954E+0	1,383347E+0
20220916 17:24:51,476	c_0_1258_20220916_17_24_51,476.bmp	1,040720E+0	6,405474E+0	1,006456E-2	1,349272E-2	-1,696338E-2	-2,076040E-2	1,393051E+0	1,385905E+0
20220916 17:24:57,478	c_0_1259_20220916_17_24_57,478.bmp	1,054717E+0	6,432210E+0	3,700242E-3	7,112750E-3	-6,786918E-3	-1,056144E-2	1,385405E+0	1,385905E+0
20220916 17:25:03,482	c_0_1260_20220916_17_25_03,482.bmp	1,061079E+0	6,448762E+0	7,518835E-3	8,388745E-3	-1,698689E-3	-3,624835E-4	1,390502E+0	1,383347E+0
20220916 17:25:09,482	c_0_1261_20220916_17_25_09,482.bmp	1,072531E+0	6,471678E+0	6,245971E-3	7,112750E-3	-6,786918E-3	-3,624835E-4	1,385405E+0	1,383347E+0
20220916 17:25:15,488	c_0_1262_20220916_17_25_15,488.bmp	1,083982E+0	6,489503E+0	4,973106E-3	9,664739E-3	-4,242803E-3	-2,912223E-3	1,387954E+0	1,385905E+0
20220916 17:25:21,489	c_0_1263_20220916_17_25_21,489.bmp	1,092889E+0	6,508600E+0	6,245971E-3	1,094073E-2	-1,950749E-2	-1,056144E-2	1,390502E+0	1,396136E+0
20220916 17:25:27,492	c_0_1264_20220916_17_25_27,492.bmp	1,099251E+0	6,530244E+0	7,518835E-3	7,112750E-3	-9,331032E-3	2,187256E-3	1,387954E+0	1,383347E+0
20220916 17:25:33,496	c_0_1265_20220916_17_25_33,496.bmp	1,101796E+0	6,550614E+0	1,006456E-2	9,664739E-3	-6,786918E-3	-8,011703E-3	1,387954E+0	1,380789E+0
20220916 17:25:39,497	c_0_1266_20220916_17_25_39,497.bmp	1,111975E+0	6,570985E+0	1,006456E-2	1,094073E-2	-1,441926E-2	-1,311118E-2	1,390502E+0	1,388463E+0
20220916 17:25:45,499	c_0_1267_20220916_17_25_45,499.bmp	1,119609E+0	6,586263E+0	1,006456E-2	1,094073E-2	-1,696338E-2	-3,624835E-4	1,395599E+0	1,388463E+0
20220916 17:25:51,502	c_0_1268_20220916_17_25_51,502.bmp	1,128516E+0	6,610453E+0	8,791700E-3	1,094073E-2	-1,187515E-2	2,187256E-3	1,387954E+0	1,388463E+0
20220916 17:25:57,504	c_0_1269_20220916_17_25_57,504.bmp	1,132333E+0	6,632096E+0	3,700242E-3	7,112750E-3	-1,441926E-2	2,187256E-3	1,382857E+0	1,383347E+0
20220916 17:26:03,507	c_0_1270_20220916_17_26_03,507.bmp	1,134878E+0	6,649921E+0	6,245971E-3	1,094073E-2	-1,696338E-2	-5,461963E-3	1,390502E+0	1,388463E+0
20220916 17:26:09,508	c_0_1271_20220916_17_26_09,508.bmp	1,131061E+0	6,670291E+0	7,518835E-3	7,112750E-3	-6,786918E-3	7,286736E-3	1,387954E+0	1,380789E+0
20220916 17:26:15,513	c_0_1272_20220916_17_26_15,513.bmp	1,131061E+0	6,691935E+0	3,700242E-3	8,388745E-3	8,454256E-4	-5,461963E-3	1,382857E+0	1,383347E+0
20220916 17:26:21,516	c_0_1273_20220916_17_26_21,516.bmp	1,125971E+0	6,708486E+0	6,245971E-3	1,094073E-2	-6,786918E-3	-1,311118E-2	1,387954E+0	1,388463E+0
20220916 17:26:27,520	c_0_1274_20220916_17_26_27,520.bmp	1,096706E+0	6,732676E+0	7,518835E-3	5,836756E-3	-9,331032E-3	7,286736E-3	1,382857E+0	1,383347E+0
20220916 17:26:33,522	c_0_1275_20220916_17_26_33,522.bmp	7,493400E-1	6,749227E+0	7,518835E-3	1,349272E-2	-4,242803E-3	-1,821066E-2	1,387954E+0	1,396136E+0
20220916 17:26:39,526	c_0_1276_20220916_17_26_39,526.bmp	7,480676E-1	6,769598E+0	6,245971E-3	8,388745E-3	-9,331032E-3	2,187256E-3	1,387954E+0	1,383347E+0
20220916 17:26:45,529	c_0_1277_20220916_17_26_45,529.bmp	7,544297E-1	6,793788E+0	3,700242E-3	7,112750E-3	-1,187515E-2	1,238622E-2	1,382857E+0	1,380789E+0
20220916 17:26:51,554	c_0_1278_20220916_17_26_51,554.bmp	7,544297E-1	6,810339E+0	4,973106E-3	9,664739E-3	-6,786918E-3	2,187256E-3	1,387954E+0	1,385905E+0
20220916 17:26:57,558	c_0_1279_20220916_17_26_57,558.bmp	7,633365E-1	6,829436E+0	7,518835E-3	1,094073E-2	-6,786918E-3	7,286736E-3	1,387954E+0	1,380789E+0
20220916 17:27:03,563	c_0_1280_20220916_17_27_03,563.bmp	7,684261E-1	6,847260E+0	8,791700E-3	1,349272E-2	-1,187515E-2	-1,311118E-2	1,395599E+0	1,396136E+0
20220916 17:27:09,567	c_0_1281_20220916_17_27_09,567.bmp	7,760605E-1	6,871450E+0	2,427377E-3	7,112750E-3	-4,242803E-3	2,187256E-3	1,385405E+0	1,383347E+0
20220916 17:27:15,567	c_0_1282_20220916_17_27_15,567.bmp	7,836949E-1	6,889275E+0	7,518835E-3	1,094073E-2	-9,331032E-3	-3,624835E-4	1,390502E+0	1,388463E+0
20220916 17:27:21,570	c_0_1283_20220916_17_27_21,570.bmp	7,887846E-1	6,909645E+0	7,518835E-3	1,349272E-2	-4,242803E-3	-1,056144E-2	1,390502E+0	1,396136E+0
20220916 17:27:27,574	c_0_1284_20220916_17_27_27,574.bmp	7,964190E-1	6,927469E+0	7,518835E-3	1,476871E-2	-1,698689E-3	-1,056144E-2	1,398148E+0	1,393578E+0
20220916 17:27:33,576	c_0_1285_20220916_17_27_33,576.bmp	8,040534E-1	6,949113E+0	6,245971E-3	8,388745E-3	-9,331032E-3	-2,912223E-3	1,390502E+0	1,383347E+0
20220916 17:27:39,579	c_0_1286_20220916_17_27_39,579.bmp	8,065982E-1	6,968210E+0	6,245971E-3	1,094073E-2	-1,696338E-2	2,258517E-2	1,390502E+0	1,388463E+0
20220916 17:27:45,582	c_0_1287_20220916_17_27_45,582.bmp	8,167774E-1	6,986035E+0	1,006456E-2	1,349272E-2	-1,696338E-2	-2,912223E-3	1,395599E+0	1,388463E+0
20220916 17:27:51,583	c_0_1288_20220916_17_27_51,583.bmp	8,180498E-1	6,998766E+0	6,245971E-3	1,094073E-2	-6,786918E-3	-8,011703E-3	1,387954E+0	1,385905E+0
