20220916 16:52:50,564	c_1_938_20220916_16_52_50,564.bmp	6,096976E-2	9,123706E-3	8,791700E-3	1,349272E-2	-1,187515E-2	-1,056144E-2	1,395599E+0	1,396136E+0
20220916 16:52:56,564	c_1_939_20220916_16_52_56,564.bmp	1,334968E-1	3,713320E-2	2,427377E-3	1,094073E-2	-1,698689E-3	-1,056144E-2	1,385405E+0	1,385905E+0
20220916 16:53:02,566	c_1_940_20220916_16_53_02,566.bmp	2,034789E-1	5,113795E-2	7,518835E-3	8,388745E-3	-6,786918E-3	2,187256E-3	1,387954E+0	1,380789E+0
20220916 16:53:08,569	c_1_941_20220916_16_53_08,569.bmp	2,836404E-1	6,896218E-2	8,791700E-3	1,349272E-2	-1,187515E-2	-1,821066E-2	1,395599E+0	1,396136E+0
20220916 16:53:14,574	c_1_942_20220916_16_53_14,574.bmp	3,612570E-1	9,697167E-2	3,700242E-3	8,388745E-3	-4,242803E-3	-1,056144E-2	1,385405E+0	1,388463E+0
20220916 16:53:20,574	c_1_943_20220916_16_53_20,574.bmp	4,337840E-1	1,071569E-1	8,791700E-3	1,221673E-2	-1,441926E-2	-1,821066E-2	1,395599E+0	1,396136E+0
20220916 16:53:26,578	c_1_944_20220916_16_53_26,578.bmp	5,114006E-1	1,313470E-1	7,518835E-3	7,112750E-3	-9,331032E-3	4,736996E-3	1,390502E+0	1,383347E+0
20220916 16:53:32,579	c_1_945_20220916_16_53_32,579.bmp	5,826552E-1	1,491712E-1	8,791700E-3	1,349272E-2	3,389540E-3	-5,461963E-3	1,398148E+0	1,385905E+0
20220916 16:53:38,582	c_1_946_20220916_16_53_38,582.bmp	6,640890E-1	1,746344E-1	2,427377E-3	9,664739E-3	8,454256E-4	-8,011703E-3	1,385405E+0	1,388463E+0
20220916 16:53:44,582	c_1_947_20220916_16_53_44,582.bmp	7,391608E-1	1,899123E-1	4,973106E-3	1,094073E-2	-6,786918E-3	-2,912223E-3	1,390502E+0	1,388463E+0
20220916 16:53:50,585	c_1_948_20220916_16_53_50,585.bmp	8,065982E-1	2,128291E-1	6,245971E-3	1,349272E-2	-1,696338E-2	-1,821066E-2	1,390502E+0	1,396136E+0
20220916 16:53:56,587	c_1_949_20220916_16_53_56,587.bmp	8,702184E-1	2,344728E-1	8,791700E-3	1,094073E-2	-6,786918E-3	-1,311118E-2	1,387954E+0	1,388463E+0
20220916 16:54:02,593	c_1_950_20220916_16_54_02,593.bmp	9,274765E-1	2,497507E-1	8,791700E-3	1,094073E-2	-1,696338E-2	-8,011703E-3	1,398148E+0	1,388463E+0
20220916 16:54:08,598	c_1_951_20220916_16_54_08,598.bmp	9,796451E-1	2,764871E-1	2,427377E-3	1,094073E-2	-6,786918E-3	-8,011703E-3	1,382857E+0	1,388463E+0
20220916 16:54:14,601	c_1_952_20220916_16_54_14,601.bmp	1,006366E+0	2,917650E-1	7,518835E-3	1,094073E-2	-6,786918E-3	-1,311118E-2	1,387954E+0	1,396136E+0
20220916 16:54:20,604	c_1_953_20220916_16_54_20,604.bmp	1,008910E+0	3,108624E-1	4,973106E-3	1,094073E-2	-1,441926E-2	2,187256E-3	1,393051E+0	1,388463E+0
20220916 16:54:26,605	c_1_954_20220916_16_54_26,605.bmp	9,987311E-1	3,312329E-1	8,791700E-3	1,094073E-2	-1,441926E-2	-8,011703E-3	1,387954E+0	1,388463E+0
20220916 16:54:32,606	c_1_955_20220916_16_54_32,606.bmp	9,898243E-1	3,554229E-1	3,700242E-3	8,388745E-3	-1,698689E-3	2,187256E-3	1,382857E+0	1,380789E+0
20220916 16:54:38,608	c_1_956_20220916_16_54_38,608.bmp	9,796451E-1	3,707008E-1	6,245971E-3	1,349272E-2	-6,786918E-3	-1,311118E-2	1,387954E+0	1,393578E+0
20220916 16:54:44,613	c_1_957_20220916_16_54_44,613.bmp	9,821899E-1	3,910714E-1	7,518835E-3	1,349272E-2	-6,786918E-3	-1,311118E-2	1,390502E+0	1,396136E+0
20220916 16:54:50,615	c_1_958_20220916_16_54_50,615.bmp	9,427454E-1	4,076224E-1	1,006456E-2	1,094073E-2	-2,205160E-2	-3,624835E-4	1,398148E+0	1,388463E+0
20220916 16:54:56,616	c_1_959_20220916_16_54_56,616.bmp	8,765804E-1	4,356319E-1	7,518835E-3	8,388745E-3	-4,242803E-3	2,187256E-3	1,382857E+0	1,388463E+0
20220916 16:55:02,619	c_1_960_20220916_16_55_02,619.bmp	8,613116E-1	4,521830E-1	6,245971E-3	1,094073E-2	-9,331032E-3	1,748570E-2	1,390502E+0	1,388463E+0
20220916 16:55:08,622	c_1_961_20220916_16_55_08,622.bmp	8,613116E-1	4,700072E-1	8,791700E-3	1,349272E-2	-1,696338E-2	-5,461963E-3	1,398148E+0	1,396136E+0
20220916 16:55:14,622	c_1_962_20220916_16_55_14,622.bmp	8,816700E-1	4,916509E-1	3,700242E-3	1,221673E-2	-4,242803E-3	-1,821066E-2	1,390502E+0	1,388463E+0
20220916 16:55:20,623	c_1_963_20220916_16_55_20,623.bmp	9,007561E-1	5,107483E-1	6,245971E-3	1,094073E-2	-4,242803E-3	-8,011703E-3	1,390502E+0	1,396136E+0
20220916 16:55:26,623	c_1_964_20220916_16_55_26,623.bmp	9,172973E-1	5,285725E-1	7,518835E-3	1,349272E-2	-1,441926E-2	-1,566092E-2	1,395599E+0	1,396136E+0
20220916 16:55:32,623	c_1_965_20220916_16_55_32,623.bmp	9,325661E-1	5,514894E-1	8,791700E-3	1,094073E-2	-2,205160E-2	-5,461963E-3	1,387954E+0	1,388463E+0
20220916 16:55:38,628	c_1_966_20220916_16_55_38,628.bmp	9,580142E-1	5,693136E-1	4,973106E-3	1,349272E-2	-4,242803E-3	-1,056144E-2	1,395599E+0	1,396136E+0
20220916 16:55:44,628	c_1_967_20220916_16_55_44,628.bmp	9,732831E-1	5,909573E-1	6,245971E-3	9,664739E-3	-1,187515E-2	-8,011703E-3	1,387954E+0	1,388463E+0
20220916 16:55:50,628	c_1_968_20220916_16_55_50,628.bmp	9,961863E-1	6,087816E-1	1,006456E-2	1,221673E-2	-6,786918E-3	-5,461963E-3	1,398148E+0	1,388463E+0
20220916 16:55:56,630	c_1_969_20220916_16_55_56,630.bmp	1,019090E+0	6,291521E-1	7,518835E-3	1,476871E-2	-6,786918E-3	-1,056144E-2	1,398148E+0	1,388463E+0
20220916 16:56:02,636	c_1_970_20220916_16_56_02,636.bmp	1,040720E+0	6,520690E-1	6,245971E-3	5,836756E-3	-6,786918E-3	2,187256E-3	1,387954E+0	1,383347E+0
20220916 16:56:08,640	c_1_971_20220916_16_56_08,640.bmp	1,062351E+0	6,724395E-1	6,245971E-3	1,349272E-2	-1,441926E-2	-1,311118E-2	1,390502E+0	1,393578E+0
20220916 16:56:14,645	c_1_972_20220916_16_56_14,645.bmp	1,078893E+0	6,889906E-1	8,791700E-3	1,349272E-2	-6,786918E-3	-8,011703E-3	1,395599E+0	1,396136E+0
20220916 16:56:20,651	c_1_973_20220916_16_56_20,651.bmp	1,099251E+0	7,157269E-1	6,245971E-3	7,112750E-3	-1,698689E-3	-3,624835E-4	1,387954E+0	1,380789E+0
20220916 16:56:26,652	c_1_974_20220916_16_56_26,652.bmp	1,118337E+0	7,297317E-1	8,791700E-3	1,349272E-2	-1,187515E-2	-1,311118E-2	1,395599E+0	1,388463E+0
20220916 16:56:32,653	c_1_975_20220916_16_56_32,653.bmp	1,145058E+0	7,526485E-1	7,518835E-3	1,094073E-2	-1,187515E-2	-5,461963E-3	1,390502E+0	1,391021E+0
20220916 16:56:38,654	c_1_976_20220916_16_56_38,654.bmp	1,153964E+0	7,691996E-1	1,006456E-2	9,664739E-3	-1,696338E-2	1,238622E-2	1,398148E+0	1,385905E+0
20220916 16:56:44,657	c_1_977_20220916_16_56_44,657.bmp	1,170506E+0	7,959359E-1	3,700242E-3	7,112750E-3	-1,698689E-3	2,187256E-3	1,382857E+0	1,388463E+0
20220916 16:56:50,658	c_1_978_20220916_16_56_50,658.bmp	1,183230E+0	8,112138E-1	6,245971E-3	1,094073E-2	-4,242803E-3	1,748570E-2	1,387954E+0	1,385905E+0
20220916 16:56:56,662	c_1_979_20220916_16_56_56,662.bmp	1,194681E+0	8,277649E-1	6,245971E-3	1,349272E-2	-2,713983E-2	-1,056144E-2	1,395599E+0	1,396136E+0
20220916 16:57:02,668	c_1_980_20220916_16_57_02,668.bmp	1,198498E+0	8,557744E-1	2,427377E-3	7,112750E-3	-1,698689E-3	1,238622E-2	1,385405E+0	1,383347E+0
20220916 16:57:08,671	c_1_981_20220916_16_57_08,671.bmp	1,209950E+0	8,710523E-1	3,700242E-3	1,094073E-2	3,389540E-3	-8,011703E-3	1,390502E+0	1,385905E+0
20220916 16:57:14,675	c_1_982_20220916_16_57_14,675.bmp	1,229036E+0	8,952423E-1	3,700242E-3	8,388745E-3	-4,242803E-3	2,187256E-3	1,382857E+0	1,383347E+0
20220916 16:57:20,683	c_1_983_20220916_16_57_20,683.bmp	1,246850E+0	9,117934E-1	6,245971E-3	9,664739E-3	-6,786918E-3	-5,461963E-3	1,387954E+0	1,388463E+0
20220916 16:57:26,687	c_1_984_20220916_16_57_26,687.bmp	1,271025E+0	9,283444E-1	1,133743E-2	1,476871E-2	-1,187515E-2	-1,566092E-2	1,398148E+0	1,396136E+0
20220916 16:57:32,688	c_1_985_20220916_16_57_32,688.bmp	1,293929E+0	9,512613E-1	8,791700E-3	1,094073E-2	-6,786918E-3	-1,311118E-2	1,390502E+0	1,385905E+0
20220916 16:57:38,690	c_1_986_20220916_16_57_38,690.bmp	1,316832E+0	9,678124E-1	7,518835E-3	1,349272E-2	-1,696338E-2	-1,056144E-2	1,398148E+0	1,388463E+0
20220916 16:57:44,693	c_1_987_20220916_16_57_44,693.bmp	1,346097E+0	9,894561E-1	1,154512E-3	1,094073E-2	-9,331032E-3	-1,566092E-2	1,390502E+0	1,396136E+0
20220916 16:57:50,696	c_1_988_20220916_16_57_50,696.bmp	1,370273E+0	1,009827E+0	6,245971E-3	1,094073E-2	-6,786918E-3	-5,461963E-3	1,387954E+0	1,388463E+0
20220916 16:57:56,701	c_1_989_20220916_16_57_56,701.bmp	1,395721E+0	1,032743E+0	7,518835E-3	1,094073E-2	-6,786918E-3	2,187256E-3	1,387954E+0	1,388463E+0
20220916 16:58:02,704	c_1_990_20220916_16_58_02,704.bmp	1,423714E+0	1,054387E+0	6,245971E-3	7,112750E-3	-4,242803E-3	-1,056144E-2	1,382857E+0	1,388463E+0
20220916 16:58:08,705	c_1_991_20220916_16_58_08,705.bmp	1,449162E+0	1,068392E+0	1,006456E-2	1,349272E-2	-2,459572E-2	-1,056144E-2	1,395599E+0	1,393578E+0
20220916 16:58:14,708	c_1_992_20220916_16_58_14,708.bmp	1,478427E+0	1,091309E+0	2,427377E-3	1,094073E-2	-6,786918E-3	-8,011703E-3	1,390502E+0	1,391021E+0
20220916 16:58:20,708	c_1_993_20220916_16_58_20,708.bmp	1,503875E+0	1,114226E+0	3,700242E-3	8,388745E-3	-2,459572E-2	2,187256E-3	1,385405E+0	1,380789E+0
20220916 16:58:26,709	c_1_994_20220916_16_58_26,709.bmp	1,525506E+0	1,129504E+0	8,791700E-3	1,349272E-2	-2,713983E-2	-3,624835E-4	1,398148E+0	1,393578E+0
20220916 16:58:32,714	c_1_995_20220916_16_58_32,714.bmp	1,552227E+0	1,151147E+0	1,006456E-2	1,094073E-2	-3,986040E-2	-1,311118E-2	1,387954E+0	1,383347E+0
20220916 16:58:38,715	c_1_996_20220916_16_58_38,715.bmp	1,585309E+0	1,170245E+0	2,427377E-3	1,094073E-2	-4,242803E-3	-3,624835E-4	1,387954E+0	1,388463E+0
20220916 16:58:44,720	c_1_997_20220916_16_58_44,720.bmp	1,604395E+0	1,191888E+0	1,006456E-2	1,094073E-2	-1,698689E-3	-3,624835E-4	1,387954E+0	1,380789E+0
20220916 16:58:50,724	c_1_998_20220916_16_58_50,724.bmp	1,634933E+0	1,212259E+0	7,518835E-3	9,664739E-3	-9,331032E-3	-1,056144E-2	1,390502E+0	1,396136E+0
20220916 16:58:56,725	c_1_999_20220916_16_58_56,725.bmp	1,662926E+0	1,231356E+0	6,245971E-3	1,221673E-2	-6,786918E-3	-1,056144E-2	1,387954E+0	1,396136E+0
20220916 16:59:02,728	c_1_1000_20220916_16_59_02,728.bmp	1,689646E+0	1,253000E+0	6,245971E-3	1,094073E-2	-6,786918E-3	-1,056144E-2	1,390502E+0	1,388463E+0
20220916 16:59:08,733	c_1_1001_20220916_16_59_08,733.bmp	1,720184E+0	1,272097E+0	3,700242E-3	1,094073E-2	-6,786918E-3	-2,912223E-3	1,390502E+0	1,396136E+0
20220916 16:59:14,734	c_1_1002_20220916_16_59_14,734.bmp	1,741815E+0	1,291195E+0	8,791700E-3	1,094073E-2	-1,187515E-2	-3,624835E-4	1,387954E+0	1,388463E+0
20220916 16:59:20,734	c_1_1003_20220916_16_59_20,734.bmp	1,769808E+0	1,312838E+0	6,245971E-3	1,349272E-2	-6,786918E-3	-1,566092E-2	1,390502E+0	1,393578E+0
20220916 16:59:26,738	c_1_1004_20220916_16_59_26,738.bmp	1,799073E+0	1,335755E+0	4,973106E-3	1,094073E-2	-1,698689E-3	-3,624835E-4	1,385405E+0	1,388463E+0
20220916 16:59:32,742	c_1_1005_20220916_16_59_32,742.bmp	1,818159E+0	1,349760E+0	1,006456E-2	9,664739E-3	-1,696338E-2	-1,056144E-2	1,395599E+0	1,388463E+0
20220916 16:59:38,744	c_1_1006_20220916_16_59_38,744.bmp	1,844879E+0	1,372677E+0	6,245971E-3	1,094073E-2	-1,187515E-2	-1,311118E-2	1,390502E+0	1,388463E+0
20220916 16:59:44,749	c_1_1007_20220916_16_59_44,749.bmp	1,871600E+0	1,391774E+0	7,518835E-3	1,094073E-2	-9,331032E-3	-5,461963E-3	1,387954E+0	1,391021E+0
20220916 16:59:50,752	c_1_1008_20220916_16_59_50,752.bmp	1,894503E+0	1,412145E+0	3,700242E-3	1,094073E-2	-1,698689E-3	-5,461963E-3	1,382857E+0	1,385905E+0
20220916 16:59:56,756	c_1_1009_20220916_16_59_56,756.bmp	1,914862E+0	1,432515E+0	2,427377E-3	1,094073E-2	-6,786918E-3	-8,011703E-3	1,387954E+0	1,393578E+0
20220916 17:00:02,762	c_1_1010_20220916_17_00_02,762.bmp	1,937765E+0	1,451613E+0	3,700242E-3	1,094073E-2	2,119834E-2	-3,624835E-4	1,390502E+0	1,388463E+0
20220916 17:00:08,762	c_1_1011_20220916_17_00_08,762.bmp	1,956851E+0	1,471983E+0	3,700242E-3	1,094073E-2	-1,187515E-2	-1,311118E-2	1,390502E+0	1,388463E+0
20220916 17:00:14,763	c_1_1012_20220916_17_00_14,763.bmp	1,972120E+0	1,492354E+0	7,518835E-3	1,094073E-2	-6,786918E-3	-1,821066E-2	1,390502E+0	1,396136E+0
20220916 17:00:20,763	c_1_1013_20220916_17_00_20,763.bmp	1,989933E+0	1,508905E+0	8,791700E-3	1,476871E-2	-1,441926E-2	-1,311118E-2	1,398148E+0	1,388463E+0
20220916 17:00:26,767	c_1_1014_20220916_17_00_26,767.bmp	2,009020E+0	1,529275E+0	8,791700E-3	1,476871E-2	-1,950749E-2	-3,624835E-4	1,395599E+0	1,393578E+0
20220916 17:00:32,768	c_1_1015_20220916_17_00_32,768.bmp	2,021744E+0	1,548373E+0	8,791700E-3	1,221673E-2	-6,786918E-3	-2,912223E-3	1,395599E+0	1,396136E+0
20220916 17:00:38,771	c_1_1016_20220916_17_00_38,771.bmp	2,042102E+0	1,570017E+0	3,700242E-3	1,094073E-2	-9,331032E-3	-2,912223E-3	1,387954E+0	1,396136E+0
20220916 17:00:44,777	c_1_1017_20220916_17_00_44,777.bmp	2,043374E+0	1,592933E+0	6,245971E-3	1,094073E-2	-6,786918E-3	-2,912223E-3	1,390502E+0	1,388463E+0
20220916 17:00:50,781	c_1_1018_20220916_17_00_50,781.bmp	2,038285E+0	1,610758E+0	6,245971E-3	1,349272E-2	-4,242803E-3	-8,011703E-3	1,390502E+0	1,396136E+0
20220916 17:00:56,782	c_1_1019_20220916_17_00_56,782.bmp	1,950489E+0	1,634948E+0	3,700242E-3	8,388745E-3	3,389540E-3	2,187256E-3	1,382857E+0	1,380789E+0
20220916 17:01:02,784	c_1_1020_20220916_17_01_02,784.bmp	1,145058E+0	1,651499E+0	6,245971E-3	1,094073E-2	-1,698689E-3	-5,461963E-3	1,390502E+0	1,393578E+0
20220916 17:01:08,787	c_1_1021_20220916_17_01_08,787.bmp	1,157782E+0	1,674416E+0	4,973106E-3	7,112750E-3	-1,698689E-3	-5,461963E-3	1,382857E+0	1,383347E+0
20220916 17:01:14,790	c_1_1022_20220916_17_01_14,790.bmp	1,175595E+0	1,696059E+0	3,700242E-3	8,388745E-3	8,454256E-4	-1,311118E-2	1,385405E+0	1,388463E+0
20220916 17:01:20,794	c_1_1023_20220916_17_01_20,794.bmp	1,189592E+0	1,711337E+0	4,973106E-3	1,349272E-2	-6,786918E-3	-1,311118E-2	1,390502E+0	1,396136E+0
20220916 17:01:26,801	c_1_1024_20220916_17_01_26,801.bmp	1,206133E+0	1,732981E+0	7,518835E-3	7,112750E-3	8,454256E-4	9,836476E-3	1,390502E+0	1,383347E+0
20220916 17:01:32,805	c_1_1025_20220916_17_01_32,805.bmp	1,223947E+0	1,753351E+0	7,518835E-3	1,094073E-2	-6,786918E-3	-8,011703E-3	1,390502E+0	1,385905E+0
20220916 17:01:38,806	c_1_1026_20220916_17_01_38,806.bmp	1,236671E+0	1,771176E+0	6,245971E-3	1,476871E-2	-1,698689E-3	-8,011703E-3	1,387954E+0	1,396136E+0
20220916 17:01:44,809	c_1_1027_20220916_17_01_44,809.bmp	1,253212E+0	1,790273E+0	6,245971E-3	1,476871E-2	-1,696338E-2	-8,011703E-3	1,398148E+0	1,388463E+0
20220916 17:01:50,810	c_1_1028_20220916_17_01_50,810.bmp	1,265936E+0	1,815736E+0	6,245971E-3	8,388745E-3	-1,698689E-3	-5,461963E-3	1,382857E+0	1,391021E+0
20220916 17:01:56,812	c_1_1029_20220916_17_01_56,812.bmp	1,285022E+0	1,833560E+0	3,700242E-3	5,836756E-3	3,389540E-3	9,836476E-3	1,385405E+0	1,380789E+0
20220916 17:02:02,813	c_1_1030_20220916_17_02_02,813.bmp	1,299018E+0	1,855204E+0	2,427377E-3	7,112750E-3	-4,242803E-3	-5,461963E-3	1,382857E+0	1,383347E+0
20220916 17:02:08,817	c_1_1031_20220916_17_02_08,817.bmp	1,315560E+0	1,874302E+0	3,700242E-3	7,112750E-3	-6,786918E-3	9,836476E-3	1,382857E+0	1,380789E+0
20220916 17:02:14,820	c_1_1032_20220916_17_02_14,820.bmp	1,330828E+0	1,894672E+0	3,700242E-3	1,094073E-2	1,356600E-2	-5,461963E-3	1,385405E+0	1,391021E+0
20220916 17:02:20,822	c_1_1033_20220916_17_02_20,822.bmp	1,343552E+0	1,911223E+0	7,518835E-3	8,388745E-3	-9,331032E-3	2,187256E-3	1,390502E+0	1,380789E+0
20220916 17:02:26,824	c_1_1034_20220916_17_02_26,824.bmp	1,356277E+0	1,931594E+0	6,245971E-3	1,094073E-2	-6,786918E-3	-2,912223E-3	1,390502E+0	1,388463E+0
20220916 17:02:32,826	c_1_1035_20220916_17_02_32,826.bmp	1,369001E+0	1,951964E+0	7,518835E-3	9,664739E-3	-9,331032E-3	-5,461963E-3	1,387954E+0	1,385905E+0
20220916 17:02:38,830	c_1_1036_20220916_17_02_38,830.bmp	1,384269E+0	1,968515E+0	1,006456E-2	1,221673E-2	-1,441926E-2	-1,056144E-2	1,398148E+0	1,393578E+0
20220916 17:02:44,834	c_1_1037_20220916_17_02_44,834.bmp	1,400811E+0	1,987613E+0	8,791700E-3	1,349272E-2	-1,187515E-2	-8,011703E-3	1,395599E+0	1,388463E+0
20220916 17:02:50,836	c_1_1038_20220916_17_02_50,836.bmp	1,417352E+0	2,013076E+0	7,518835E-3	7,112750E-3	8,477769E-3	-3,624835E-4	1,382857E+0	1,388463E+0
20220916 17:02:56,840	c_1_1039_20220916_17_02_56,840.bmp	1,436438E+0	2,030900E+0	6,245971E-3	1,094073E-2	-1,698689E-3	-2,912223E-3	1,390502E+0	1,388463E+0
20220916 17:03:02,840	c_1_1040_20220916_17_03_02,840.bmp	1,446617E+0	2,055090E+0	7,518835E-3	8,388745E-3	-9,331032E-3	2,187256E-3	1,385405E+0	1,383347E+0
20220916 17:03:08,841	c_1_1041_20220916_17_03_08,841.bmp	1,455524E+0	2,069095E+0	8,791700E-3	1,476871E-2	-1,187515E-2	2,187256E-3	1,395599E+0	1,396136E+0
20220916 17:03:14,841	c_1_1042_20220916_17_03_14,841.bmp	1,472065E+0	2,090739E+0	6,245971E-3	7,112750E-3	-6,786918E-3	3,278413E-2	1,387954E+0	1,380789E+0
20220916 17:03:20,845	c_1_1043_20220916_17_03_20,845.bmp	1,482244E+0	2,107290E+0	7,518835E-3	1,349272E-2	-4,242803E-3	-1,056144E-2	1,398148E+0	1,396136E+0
20220916 17:03:26,847	c_1_1044_20220916_17_03_26,847.bmp	1,496241E+0	2,131480E+0	4,973106E-3	5,836756E-3	-6,786918E-3	4,736996E-3	1,387954E+0	1,383347E+0
20220916 17:03:32,849	c_1_1045_20220916_17_03_32,849.bmp	1,511510E+0	2,150577E+0	4,973106E-3	1,094073E-2	-1,441926E-2	-5,461963E-3	1,387954E+0	1,396136E+0
20220916 17:03:38,852	c_1_1046_20220916_17_03_38,852.bmp	1,522961E+0	2,172221E+0	3,700242E-3	1,094073E-2	-9,331032E-3	-2,912223E-3	1,390502E+0	1,388463E+0
20220916 17:03:44,853	c_1_1047_20220916_17_03_44,853.bmp	1,498786E+0	2,188772E+0	1,006456E-2	1,349272E-2	-1,187515E-2	-1,821066E-2	1,395599E+0	1,385905E+0
20220916 17:03:50,857	c_1_1048_20220916_17_03_50,857.bmp	1,269753E+0	2,215508E+0	2,427377E-3	8,388745E-3	-4,242803E-3	-3,624835E-4	1,382857E+0	1,388463E+0
20220916 17:03:56,859	c_1_1049_20220916_17_03_56,859.bmp	1,258301E+0	2,234606E+0	4,973106E-3	7,112750E-3	-6,786918E-3	7,286736E-3	1,385405E+0	1,383347E+0
20220916 17:04:02,860	c_1_1050_20220916_17_04_02,860.bmp	1,255757E+0	2,252430E+0	8,791700E-3	9,664739E-3	-1,187515E-2	-2,912223E-3	1,390502E+0	1,388463E+0
20220916 17:04:08,861	c_1_1051_20220916_17_04_08,861.bmp	1,257029E+0	2,272800E+0	7,518835E-3	8,388745E-3	-4,242803E-3	4,736996E-3	1,385405E+0	1,388463E+0
20220916 17:04:14,864	c_1_1052_20220916_17_04_14,864.bmp	1,250667E+0	2,291898E+0	7,518835E-3	1,094073E-2	-1,698689E-3	-5,461963E-3	1,387954E+0	1,383347E+0
20220916 17:04:20,868	c_1_1053_20220916_17_04_20,868.bmp	1,235398E+0	2,310995E+0	8,791700E-3	9,664739E-3	-1,187515E-2	-8,011703E-3	1,390502E+0	1,385905E+0
20220916 17:04:26,872	c_1_1054_20220916_17_04_26,872.bmp	1,220129E+0	2,333912E+0	6,245971E-3	8,388745E-3	-4,242803E-3	2,187256E-3	1,385405E+0	1,388463E+0
20220916 17:04:32,876	c_1_1055_20220916_17_04_32,876.bmp	1,183230E+0	2,355556E+0	3,700242E-3	8,388745E-3	3,389540E-3	-3,624835E-4	1,385405E+0	1,380789E+0
20220916 17:04:38,879	c_1_1056_20220916_17_04_38,879.bmp	1,161599E+0	2,368287E+0	8,791700E-3	1,094073E-2	-1,441926E-2	-8,011703E-3	1,395599E+0	1,388463E+0
20220916 17:04:44,883	c_1_1057_20220916_17_04_44,883.bmp	1,147602E+0	2,387385E+0	7,518835E-3	1,349272E-2	-4,242803E-3	-1,311118E-2	1,395599E+0	1,393578E+0
20220916 17:04:50,889	c_1_1058_20220916_17_04_50,889.bmp	1,142513E+0	2,407755E+0	7,518835E-3	1,349272E-2	-1,441926E-2	-3,624835E-4	1,395599E+0	1,385905E+0
20220916 17:04:56,894	c_1_1059_20220916_17_04_56,894.bmp	1,134878E+0	2,430672E+0	8,791700E-3	1,094073E-2	-1,187515E-2	-8,011703E-3	1,390502E+0	1,391021E+0
20220916 17:05:02,896	c_1_1060_20220916_17_05_02,896.bmp	1,141240E+0	2,454862E+0	7,518835E-3	5,836756E-3	-1,698689E-3	7,286736E-3	1,380308E+0	1,380789E+0
20220916 17:05:08,896	c_1_1061_20220916_17_05_08,896.bmp	1,151420E+0	2,470140E+0	6,245971E-3	1,094073E-2	-9,331032E-3	2,187256E-3	1,387954E+0	1,388463E+0
20220916 17:05:14,901	c_1_1062_20220916_17_05_14,901.bmp	1,156509E+0	2,494330E+0	7,518835E-3	8,388745E-3	-1,696338E-2	2,187256E-3	1,385405E+0	1,380789E+0
20220916 17:05:20,902	c_1_1063_20220916_17_05_20,902.bmp	1,162871E+0	2,512154E+0	6,245971E-3	8,388745E-3	-6,786918E-3	-2,912223E-3	1,387954E+0	1,383347E+0
20220916 17:05:26,906	c_1_1064_20220916_17_05_26,906.bmp	1,170506E+0	2,531252E+0	1,006456E-2	1,094073E-2	-1,696338E-2	-1,056144E-2	1,387954E+0	1,385905E+0
20220916 17:05:32,912	c_1_1065_20220916_17_05_32,912.bmp	1,185774E+0	2,551622E+0	7,518835E-3	1,094073E-2	-4,242803E-3	-1,821066E-2	1,390502E+0	1,393578E+0
20220916 17:05:38,912	c_1_1066_20220916_17_05_38,912.bmp	1,192136E+0	2,568173E+0	1,006456E-2	1,349272E-2	-3,477218E-2	-8,011703E-3	1,398148E+0	1,396136E+0
20220916 17:05:44,913	c_1_1067_20220916_17_05_44,913.bmp	1,209950E+0	2,593636E+0	3,700242E-3	1,094073E-2	8,454256E-4	-2,912223E-3	1,385405E+0	1,388463E+0
20220916 17:05:50,918	c_1_1068_20220916_17_05_50,918.bmp	1,216312E+0	2,611461E+0	7,518835E-3	7,112750E-3	-6,786918E-3	7,286736E-3	1,390502E+0	1,383347E+0
20220916 17:05:56,922	c_1_1069_20220916_17_05_56,922.bmp	1,231581E+0	2,633104E+0	3,700242E-3	1,094073E-2	-6,786918E-3	-3,624835E-4	1,387954E+0	1,388463E+0
20220916 17:06:02,923	c_1_1070_20220916_17_06_02,923.bmp	1,237943E+0	2,647109E+0	8,791700E-3	1,349272E-2	-1,696338E-2	-1,056144E-2	1,395599E+0	1,396136E+0
20220916 17:06:08,924	c_1_1071_20220916_17_06_08,924.bmp	1,253212E+0	2,671299E+0	7,518835E-3	1,094073E-2	-4,242803E-3	-1,311118E-2	1,387954E+0	1,393578E+0
20220916 17:06:14,927	c_1_1072_20220916_17_06_14,927.bmp	1,268481E+0	2,691670E+0	6,245971E-3	1,094073E-2	-1,696338E-2	-2,912223E-3	1,390502E+0	1,388463E+0
20220916 17:06:20,928	c_1_1073_20220916_17_06_20,928.bmp	1,273570E+0	2,712040E+0	6,245971E-3	9,664739E-3	-9,331032E-3	-1,821066E-2	1,387954E+0	1,388463E+0
20220916 17:06:26,929	c_1_1074_20220916_17_06_26,929.bmp	1,287567E+0	2,733684E+0	4,973106E-3	7,112750E-3	-9,331032E-3	2,187256E-3	1,387954E+0	1,383347E+0
20220916 17:06:32,931	c_1_1075_20220916_17_06_32,931.bmp	1,301563E+0	2,752781E+0	7,518835E-3	7,112750E-3	8,454256E-4	-1,056144E-2	1,385405E+0	1,388463E+0
20220916 17:06:38,934	c_1_1076_20220916_17_06_38,934.bmp	1,314287E+0	2,774425E+0	2,427377E-3	7,112750E-3	-6,786918E-3	2,187256E-3	1,382857E+0	1,388463E+0
20220916 17:06:44,937	c_1_1077_20220916_17_06_44,937.bmp	1,324466E+0	2,790976E+0	7,518835E-3	5,836756E-3	-6,786918E-3	-3,624835E-4	1,390502E+0	1,383347E+0
20220916 17:06:50,938	c_1_1078_20220916_17_06_50,938.bmp	1,334646E+0	2,807527E+0	8,791700E-3	1,349272E-2	-2,968395E-2	-1,311118E-2	1,395599E+0	1,396136E+0
20220916 17:06:56,940	c_1_1079_20220916_17_06_56,940.bmp	1,349914E+0	2,830444E+0	6,245971E-3	9,664739E-3	-6,786918E-3	2,187256E-3	1,387954E+0	1,383347E+0
20220916 17:07:02,940	c_1_1080_20220916_17_07_02,940.bmp	1,358821E+0	2,852088E+0	7,518835E-3	1,476871E-2	-1,696338E-2	-5,461963E-3	1,387954E+0	1,396136E+0
20220916 17:07:08,943	c_1_1081_20220916_17_07_08,943.bmp	1,366456E+0	2,871185E+0	1,006456E-2	9,664739E-3	-1,441926E-2	-1,821066E-2	1,387954E+0	1,385905E+0
20220916 17:07:14,947	c_1_1082_20220916_17_07_14,947.bmp	1,376635E+0	2,894102E+0	2,427377E-3	8,388745E-3	8,454256E-4	2,187256E-3	1,385405E+0	1,385905E+0
20220916 17:07:20,950	c_1_1083_20220916_17_07_20,950.bmp	1,375363E+0	2,910653E+0	8,791700E-3	1,094073E-2	-1,187515E-2	-5,461963E-3	1,387954E+0	1,385905E+0
20220916 17:07:26,951	c_1_1084_20220916_17_07_26,951.bmp	1,381725E+0	2,934843E+0	6,245971E-3	8,388745E-3	-6,786918E-3	-2,912223E-3	1,385405E+0	1,380789E+0
20220916 17:07:32,952	c_1_1085_20220916_17_07_32,952.bmp	1,385542E+0	2,947575E+0	8,791700E-3	1,349272E-2	-1,696338E-2	-5,461963E-3	1,395599E+0	1,396136E+0
20220916 17:07:38,954	c_1_1086_20220916_17_07_38,954.bmp	1,389359E+0	2,971765E+0	7,518835E-3	1,094073E-2	8,477769E-3	-2,912223E-3	1,387954E+0	1,388463E+0
20220916 17:07:44,954	c_1_1087_20220916_17_07_44,954.bmp	1,394449E+0	2,990862E+0	4,973106E-3	9,664739E-3	-6,786918E-3	-8,011703E-3	1,387954E+0	1,388463E+0
20220916 17:07:50,958	c_1_1088_20220916_17_07_50,958.bmp	1,388087E+0	3,008686E+0	8,791700E-3	1,476871E-2	-1,696338E-2	-1,056144E-2	1,395599E+0	1,396136E+0
20220916 17:07:56,959	c_1_1089_20220916_17_07_56,959.bmp	1,389359E+0	3,035422E+0	3,700242E-3	5,836756E-3	2,883068E-2	2,187256E-3	1,382857E+0	1,383347E+0
20220916 17:08:02,960	c_1_1090_20220916_17_08_02,960.bmp	1,386814E+0	3,051974E+0	4,973106E-3	1,349272E-2	-9,331032E-3	-1,821066E-2	1,390502E+0	1,396136E+0
20220916 17:08:08,965	c_1_1091_20220916_17_08_08,965.bmp	1,386814E+0	3,072344E+0	8,791700E-3	7,112750E-3	-4,242803E-3	7,286736E-3	1,390502E+0	1,383347E+0
20220916 17:08:14,967	c_1_1092_20220916_17_08_14,967.bmp	1,377907E+0	3,087622E+0	1,133743E-2	1,476871E-2	-1,187515E-2	2,187256E-3	1,395599E+0	1,388463E+0
20220916 17:08:20,968	c_1_1093_20220916_17_08_20,968.bmp	1,367728E+0	3,114358E+0	3,700242E-3	7,112750E-3	3,389540E-3	-5,461963E-3	1,382857E+0	1,385905E+0
20220916 17:08:26,972	c_1_1094_20220916_17_08_26,972.bmp	1,355004E+0	3,130909E+0	7,518835E-3	7,112750E-3	-4,242803E-3	2,187256E-3	1,387954E+0	1,383347E+0
20220916 17:08:32,973	c_1_1095_20220916_17_08_32,973.bmp	1,329556E+0	3,156373E+0	7,518835E-3	7,112750E-3	-6,786918E-3	4,736996E-3	1,385405E+0	1,383347E+0
20220916 17:08:38,973	c_1_1096_20220916_17_08_38,973.bmp	1,150147E+0	3,170377E+0	6,245971E-3	1,094073E-2	-6,786918E-3	-2,912223E-3	1,390502E+0	1,388463E+0
20220916 17:08:44,975	c_1_1097_20220916_17_08_44,975.bmp	1,091617E+0	3,186928E+0	8,791700E-3	1,094073E-2	-9,331032E-3	-8,011703E-3	1,393051E+0	1,388463E+0
20220916 17:08:50,977	c_1_1098_20220916_17_08_50,977.bmp	1,071258E+0	3,209845E+0	8,791700E-3	1,094073E-2	-6,786918E-3	-2,912223E-3	1,387954E+0	1,383347E+0
20220916 17:08:56,977	c_1_1099_20220916_17_08_56,977.bmp	1,058534E+0	3,227669E+0	1,006456E-2	1,094073E-2	-9,331032E-3	-1,056144E-2	1,395599E+0	1,388463E+0
20220916 17:09:02,982	c_1_1100_20220916_17_09_02,982.bmp	1,054717E+0	3,250586E+0	6,245971E-3	8,388745E-3	-6,786918E-3	2,187256E-3	1,387954E+0	1,380789E+0
20220916 17:09:08,985	c_1_1101_20220916_17_09_08,985.bmp	1,045810E+0	3,268411E+0	1,006456E-2	1,476871E-2	-1,441926E-2	-2,912223E-3	1,395599E+0	1,393578E+0
20220916 17:09:14,988	c_1_1102_20220916_17_09_14,988.bmp	1,039448E+0	3,291327E+0	7,518835E-3	1,349272E-2	-4,242803E-3	-8,011703E-3	1,390502E+0	1,396136E+0
20220916 17:09:20,992	c_1_1103_20220916_17_09_20,992.bmp	1,038176E+0	3,310425E+0	4,973106E-3	7,112750E-3	-6,786918E-3	2,187256E-3	1,387954E+0	1,383347E+0
20220916 17:09:26,996	c_1_1104_20220916_17_09_26,996.bmp	1,038176E+0	3,329522E+0	3,700242E-3	9,664739E-3	-6,786918E-3	-8,011703E-3	1,390502E+0	1,396136E+0
20220916 17:09:33,001	c_1_1105_20220916_17_09_33,001.bmp	1,039448E+0	3,351166E+0	3,700242E-3	1,094073E-2	-4,242803E-3	-5,461963E-3	1,390502E+0	1,388463E+0
20220916 17:09:39,006	c_1_1106_20220916_17_09_39,006.bmp	1,036903E+0	3,374083E+0	3,700242E-3	1,094073E-2	-4,242803E-3	-1,821066E-2	1,382857E+0	1,388463E+0
20220916 17:09:45,006	c_1_1107_20220916_17_09_45,006.bmp	1,035631E+0	3,389361E+0	7,518835E-3	1,094073E-2	-6,786918E-3	-1,056144E-2	1,387954E+0	1,388463E+0
20220916 17:09:51,007	c_1_1108_20220916_17_09_51,007.bmp	1,035631E+0	3,408458E+0	8,791700E-3	1,349272E-2	-1,187515E-2	2,187256E-3	1,398148E+0	1,388463E+0
20220916 17:09:57,009	c_1_1109_20220916_17_09_57,009.bmp	1,036903E+0	3,427555E+0	4,973106E-3	1,476871E-2	-6,786918E-3	-1,566092E-2	1,398148E+0	1,396136E+0
20220916 17:10:03,009	c_1_1110_20220916_17_10_03,009.bmp	1,040720E+0	3,447926E+0	6,245971E-3	1,221673E-2	-9,331032E-3	-1,311118E-2	1,398148E+0	1,388463E+0
20220916 17:10:09,011	c_1_1111_20220916_17_10_09,011.bmp	1,039448E+0	3,469570E+0	1,006456E-2	1,094073E-2	-9,331032E-3	-8,011703E-3	1,390502E+0	1,383347E+0
20220916 17:10:15,018	c_1_1112_20220916_17_10_15,018.bmp	1,040720E+0	3,487394E+0	1,006456E-2	9,664739E-3	-9,331032E-3	-8,011703E-3	1,395599E+0	1,388463E+0
20220916 17:10:21,018	c_1_1113_20220916_17_10_21,018.bmp	1,049627E+0	3,510311E+0	4,973106E-3	1,094073E-2	-1,698689E-3	-2,912223E-3	1,390502E+0	1,388463E+0
20220916 17:10:27,020	c_1_1114_20220916_17_10_27,020.bmp	1,049627E+0	3,534501E+0	2,427377E-3	7,112750E-3	-1,441926E-2	4,736996E-3	1,382857E+0	1,383347E+0
20220916 17:10:33,020	c_1_1115_20220916_17_10_33,020.bmp	1,047082E+0	3,552325E+0	8,791700E-3	1,094073E-2	-9,331032E-3	-5,461963E-3	1,387954E+0	1,383347E+0
20220916 17:10:39,024	c_1_1116_20220916_17_10_39,024.bmp	1,052172E+0	3,567603E+0	1,006456E-2	1,094073E-2	-1,696338E-2	-8,011703E-3	1,398148E+0	1,388463E+0
20220916 17:10:45,025	c_1_1117_20220916_17_10_45,025.bmp	1,047082E+0	3,587973E+0	8,791700E-3	1,221673E-2	-9,331032E-3	-5,461963E-3	1,395599E+0	1,388463E+0
20220916 17:10:51,031	c_1_1118_20220916_17_10_51,031.bmp	1,048355E+0	3,608344E+0	8,791700E-3	1,349272E-2	-9,331032E-3	-8,011703E-3	1,398148E+0	1,396136E+0
20220916 17:10:57,035	c_1_1119_20220916_17_10_57,035.bmp	1,055989E+0	3,633807E+0	3,700242E-3	8,388745E-3	-4,242803E-3	-1,311118E-2	1,382857E+0	1,391021E+0
20220916 17:11:03,036	c_1_1120_20220916_17_11_03,036.bmp	1,053444E+0	3,650358E+0	7,518835E-3	1,094073E-2	5,933654E-3	-5,461963E-3	1,390502E+0	1,385905E+0
20220916 17:11:09,037	c_1_1121_20220916_17_11_09,037.bmp	1,059806E+0	3,668182E+0	6,245971E-3	1,349272E-2	-1,187515E-2	-2,076040E-2	1,398148E+0	1,396136E+0
20220916 17:11:15,038	c_1_1122_20220916_17_11_15,038.bmp	1,061079E+0	3,686007E+0	1,006456E-2	1,349272E-2	-1,696338E-2	-1,311118E-2	1,398148E+0	1,396136E+0
20220916 17:11:21,040	c_1_1123_20220916_17_11_21,040.bmp	1,063624E+0	3,711470E+0	7,518835E-3	1,094073E-2	8,454256E-4	-8,011703E-3	1,390502E+0	1,396136E+0
20220916 17:11:27,041	c_1_1124_20220916_17_11_27,041.bmp	1,068713E+0	3,734387E+0	3,700242E-3	1,094073E-2	-1,698689E-3	-8,011703E-3	1,382857E+0	1,388463E+0
20220916 17:11:33,043	c_1_1125_20220916_17_11_33,043.bmp	1,068713E+0	3,748391E+0	6,245971E-3	1,221673E-2	-4,242803E-3	-8,011703E-3	1,398148E+0	1,385905E+0
20220916 17:11:39,046	c_1_1126_20220916_17_11_39,046.bmp	1,071258E+0	3,771308E+0	1,006456E-2	1,094073E-2	-2,205160E-2	-8,011703E-3	1,390502E+0	1,385905E+0
20220916 17:11:45,049	c_1_1127_20220916_17_11_45,049.bmp	1,078893E+0	3,790406E+0	6,245971E-3	9,664739E-3	-1,696338E-2	-5,461963E-3	1,387954E+0	1,388463E+0
20220916 17:11:51,053	c_1_1128_20220916_17_11_51,053.bmp	1,085255E+0	3,813323E+0	1,154512E-3	7,112750E-3	-4,242803E-3	-1,056144E-2	1,382857E+0	1,380789E+0
20220916 17:11:57,056	c_1_1129_20220916_17_11_57,056.bmp	1,087799E+0	3,831147E+0	7,518835E-3	1,094073E-2	-6,786918E-3	-1,056144E-2	1,390502E+0	1,396136E+0
20220916 17:12:03,060	c_1_1130_20220916_17_12_03,060.bmp	1,090344E+0	3,850244E+0	6,245971E-3	1,094073E-2	-6,786918E-3	-5,461963E-3	1,390502E+0	1,385905E+0
20220916 17:12:09,064	c_1_1131_20220916_17_12_09,064.bmp	1,099251E+0	3,866795E+0	6,245971E-3	1,349272E-2	-1,696338E-2	-1,566092E-2	1,398148E+0	1,388463E+0
20220916 17:12:15,068	c_1_1132_20220916_17_12_15,068.bmp	1,099251E+0	3,894805E+0	3,700242E-3	7,112750E-3	5,933654E-3	7,286736E-3	1,382857E+0	1,383347E+0
20220916 17:12:21,069	c_1_1133_20220916_17_12_21,069.bmp	1,105613E+0	3,907536E+0	7,518835E-3	1,476871E-2	-4,242803E-3	-1,821066E-2	1,395599E+0	1,396136E+0
20220916 17:12:27,070	c_1_1134_20220916_17_12_27,070.bmp	1,106885E+0	3,933000E+0	8,791700E-3	1,094073E-2	-9,331032E-3	-8,011703E-3	1,387954E+0	1,385905E+0
20220916 17:12:33,082	c_1_1135_20220916_17_12_33,082.bmp	1,109430E+0	3,948277E+0	1,006456E-2	9,664739E-3	-4,242803E-3	-1,566092E-2	1,395599E+0	1,388463E+0
20220916 17:12:39,084	c_1_1136_20220916_17_12_39,084.bmp	1,119609E+0	3,968648E+0	1,006456E-2	1,221673E-2	-1,696338E-2	-8,011703E-3	1,398148E+0	1,396136E+0
20220916 17:12:45,088	c_1_1137_20220916_17_12_45,088.bmp	1,125971E+0	3,987745E+0	4,973106E-3	1,349272E-2	-1,696338E-2	-5,461963E-3	1,395599E+0	1,388463E+0
20220916 17:12:51,093	c_1_1138_20220916_17_12_51,093.bmp	1,129789E+0	4,008116E+0	6,245971E-3	1,476871E-2	-4,242803E-3	-8,011703E-3	1,395599E+0	1,396136E+0
20220916 17:12:57,095	c_1_1139_20220916_17_12_57,095.bmp	1,136151E+0	4,033579E+0	7,518835E-3	7,112750E-3	1,611011E-2	7,286736E-3	1,382857E+0	1,383347E+0
20220916 17:13:03,097	c_1_1140_20220916_17_13_03,097.bmp	1,138696E+0	4,050130E+0	8,791700E-3	1,094073E-2	-6,786918E-3	-2,912223E-3	1,387954E+0	1,383347E+0
20220916 17:13:09,097	c_1_1141_20220916_17_13_09,097.bmp	1,147602E+0	4,070501E+0	6,245971E-3	1,094073E-2	-6,786918E-3	-8,011703E-3	1,390502E+0	1,391021E+0
20220916 17:13:15,099	c_1_1142_20220916_17_13_15,099.bmp	1,152692E+0	4,090871E+0	7,518835E-3	1,094073E-2	-9,331032E-3	-5,461963E-3	1,387954E+0	1,388463E+0
20220916 17:13:21,102	c_1_1143_20220916_17_13_21,102.bmp	1,161599E+0	4,111242E+0	6,245971E-3	7,112750E-3	-9,331032E-3	-3,624835E-4	1,387954E+0	1,383347E+0
20220916 17:13:27,105	c_1_1144_20220916_17_13_27,105.bmp	1,169233E+0	4,127793E+0	7,518835E-3	1,349272E-2	-1,698689E-3	-3,624835E-4	1,398148E+0	1,393578E+0
20220916 17:13:33,107	c_1_1145_20220916_17_13_33,107.bmp	1,174323E+0	4,146890E+0	1,006456E-2	1,221673E-2	-1,950749E-2	-1,056144E-2	1,395599E+0	1,396136E+0
20220916 17:13:39,113	c_1_1146_20220916_17_13_39,113.bmp	1,180685E+0	4,172353E+0	6,245971E-3	8,388745E-3	8,454256E-4	9,836476E-3	1,390502E+0	1,380789E+0
20220916 17:13:45,117	c_1_1147_20220916_17_13_45,117.bmp	1,131061E+0	4,191451E+0	4,973106E-3	1,094073E-2	8,454256E-4	-5,461963E-3	1,390502E+0	1,385905E+0
20220916 17:13:51,121	c_1_1148_20220916_17_13_51,121.bmp	1,059806E+0	4,210548E+0	7,518835E-3	1,349272E-2	-6,786918E-3	-1,056144E-2	1,390502E+0	1,396136E+0
20220916 17:13:57,125	c_1_1149_20220916_17_13_57,125.bmp	9,605590E-1	4,233465E+0	6,245971E-3	7,112750E-3	-6,786918E-3	2,187256E-3	1,385405E+0	1,388463E+0
20220916 17:14:03,128	c_1_1150_20220916_17_14_03,128.bmp	9,427454E-1	4,250016E+0	3,700242E-3	9,664739E-3	-4,242803E-3	-1,821066E-2	1,390502E+0	1,396136E+0
20220916 17:14:09,131	c_1_1151_20220916_17_14_09,131.bmp	9,300213E-1	4,271660E+0	7,518835E-3	1,094073E-2	-4,242803E-3	-5,461963E-3	1,387954E+0	1,385905E+0
20220916 17:14:15,139	c_1_1152_20220916_17_14_15,139.bmp	9,312937E-1	4,290757E+0	8,791700E-3	1,094073E-2	-1,441926E-2	-1,311118E-2	1,387954E+0	1,388463E+0
20220916 17:14:21,140	c_1_1153_20220916_17_14_21,140.bmp	9,351110E-1	4,307308E+0	7,518835E-3	1,221673E-2	-1,950749E-2	-5,461963E-3	1,395599E+0	1,388463E+0
20220916 17:14:27,142	c_1_1154_20220916_17_14_27,142.bmp	9,363834E-1	4,327679E+0	7,518835E-3	1,349272E-2	-9,331032E-3	-1,311118E-2	1,398148E+0	1,388463E+0
20220916 17:14:33,147	c_1_1155_20220916_17_14_33,147.bmp	9,414730E-1	4,348049E+0	6,245971E-3	1,349272E-2	-1,187515E-2	-8,011703E-3	1,398148E+0	1,393578E+0
20220916 17:14:39,148	c_1_1156_20220916_17_14_39,148.bmp	9,478350E-1	4,376059E+0	6,245971E-3	7,112750E-3	8,454256E-4	7,286736E-3	1,382857E+0	1,388463E+0
20220916 17:14:45,150	c_1_1157_20220916_17_14_45,150.bmp	9,529246E-1	4,391337E+0	4,973106E-3	9,664739E-3	8,454256E-4	-8,011703E-3	1,387954E+0	1,388463E+0
20220916 17:14:51,153	c_1_1158_20220916_17_14_51,153.bmp	9,567418E-1	4,415527E+0	4,973106E-3	8,388745E-3	-4,242803E-3	-1,311118E-2	1,385405E+0	1,388463E+0
20220916 17:14:57,157	c_1_1159_20220916_17_14_57,157.bmp	9,669210E-1	4,432078E+0	6,245971E-3	1,094073E-2	-1,696338E-2	-5,461963E-3	1,387954E+0	1,388463E+0
20220916 17:15:03,161	c_1_1160_20220916_17_15_03,161.bmp	9,707383E-1	4,454995E+0	7,518835E-3	8,388745E-3	-1,698689E-3	-5,461963E-3	1,382857E+0	1,388463E+0
20220916 17:15:09,166	c_1_1161_20220916_17_15_09,166.bmp	9,732831E-1	4,471546E+0	7,518835E-3	1,349272E-2	-6,786918E-3	-1,311118E-2	1,387954E+0	1,393578E+0
20220916 17:15:15,170	c_1_1162_20220916_17_15_15,170.bmp	9,809175E-1	4,490643E+0	7,518835E-3	1,094073E-2	-9,331032E-3	-5,461963E-3	1,390502E+0	1,388463E+0
20220916 17:15:21,170	c_1_1163_20220916_17_15_21,170.bmp	9,847347E-1	4,511014E+0	4,973106E-3	1,094073E-2	-1,187515E-2	-3,624835E-4	1,387954E+0	1,380789E+0
20220916 17:15:27,174	c_1_1164_20220916_17_15_27,174.bmp	9,961863E-1	4,531384E+0	3,700242E-3	1,094073E-2	-4,242803E-3	-1,821066E-2	1,390502E+0	1,388463E+0
20220916 17:15:33,177	c_1_1165_20220916_17_15_33,177.bmp	9,923691E-1	4,549208E+0	7,518835E-3	1,094073E-2	-9,331032E-3	-2,912223E-3	1,387954E+0	1,388463E+0
20220916 17:15:39,180	c_1_1166_20220916_17_15_39,180.bmp	1,001276E+0	4,569579E+0	7,518835E-3	1,094073E-2	-6,786918E-3	2,187256E-3	1,390502E+0	1,388463E+0
20220916 17:15:45,181	c_1_1167_20220916_17_15_45,181.bmp	1,003821E+0	4,588676E+0	8,791700E-3	1,094073E-2	-4,242803E-3	-5,461963E-3	1,398148E+0	1,385905E+0
20220916 17:15:51,181	c_1_1168_20220916_17_15_51,181.bmp	1,015272E+0	4,614140E+0	3,700242E-3	1,094073E-2	-1,698689E-3	-5,461963E-3	1,385405E+0	1,391021E+0
20220916 17:15:57,187	c_1_1169_20220916_17_15_57,187.bmp	1,017817E+0	4,630691E+0	7,518835E-3	8,388745E-3	-4,242803E-3	7,286736E-3	1,387954E+0	1,383347E+0
20220916 17:16:03,190	c_1_1170_20220916_17_16_03,190.bmp	1,027996E+0	4,653607E+0	2,427377E-3	7,112750E-3	3,389540E-3	2,187256E-3	1,385405E+0	1,388463E+0
20220916 17:16:09,193	c_1_1171_20220916_17_16_09,193.bmp	1,027996E+0	4,666339E+0	1,006456E-2	1,349272E-2	-2,968395E-2	-1,566092E-2	1,395599E+0	1,393578E+0
20220916 17:16:15,196	c_1_1172_20220916_17_16_15,196.bmp	1,038176E+0	4,686710E+0	6,245971E-3	1,349272E-2	-6,786918E-3	-8,011703E-3	1,395599E+0	1,396136E+0
20220916 17:16:21,201	c_1_1173_20220916_17_16_21,201.bmp	1,050900E+0	4,713446E+0	3,700242E-3	8,388745E-3	3,389540E-3	-1,566092E-2	1,382857E+0	1,388463E+0
20220916 17:16:27,205	c_1_1174_20220916_17_16_27,205.bmp	1,054717E+0	4,731270E+0	4,973106E-3	1,349272E-2	-9,331032E-3	-1,311118E-2	1,398148E+0	1,393578E+0
20220916 17:16:33,211	c_1_1175_20220916_17_16_33,211.bmp	1,063624E+0	4,747821E+0	4,973106E-3	1,349272E-2	-2,205160E-2	-1,311118E-2	1,395599E+0	1,396136E+0
20220916 17:16:39,215	c_1_1176_20220916_17_16_39,215.bmp	1,071258E+0	4,768192E+0	1,006456E-2	1,476871E-2	-1,187515E-2	-5,461963E-3	1,398148E+0	1,393578E+0
20220916 17:16:45,217	c_1_1177_20220916_17_16_45,217.bmp	1,077620E+0	4,793655E+0	2,427377E-3	1,094073E-2	-6,786918E-3	-2,912223E-3	1,385405E+0	1,388463E+0
20220916 17:16:51,220	c_1_1178_20220916_17_16_51,220.bmp	1,077620E+0	4,810206E+0	6,245971E-3	9,664739E-3	-1,441926E-2	-1,821066E-2	1,390502E+0	1,396136E+0
20220916 17:16:57,223	c_1_1179_20220916_17_16_57,223.bmp	1,075075E+0	4,830577E+0	1,006456E-2	1,094073E-2	-6,786918E-3	-3,624835E-4	1,387954E+0	1,388463E+0
20220916 17:17:03,226	c_1_1180_20220916_17_17_03,226.bmp	1,080165E+0	4,849674E+0	7,518835E-3	8,388745E-3	-1,187515E-2	4,736996E-3	1,387954E+0	1,383347E+0
20220916 17:17:09,229	c_1_1181_20220916_17_17_09,229.bmp	1,078893E+0	4,870044E+0	6,245971E-3	1,221673E-2	-1,698689E-3	-1,056144E-2	1,390502E+0	1,393578E+0
20220916 17:17:15,229	c_1_1182_20220916_17_17_15,229.bmp	1,083982E+0	4,895508E+0	3,700242E-3	7,112750E-3	-4,242803E-3	-8,011703E-3	1,382857E+0	1,383347E+0
20220916 17:17:21,231	c_1_1183_20220916_17_17_21,231.bmp	1,085255E+0	4,913332E+0	3,700242E-3	7,112750E-3	8,454256E-4	2,187256E-3	1,385405E+0	1,380789E+0
20220916 17:17:27,232	c_1_1184_20220916_17_17_27,232.bmp	1,090344E+0	4,932429E+0	2,427377E-3	5,836756E-3	8,454256E-4	-8,011703E-3	1,380308E+0	1,388463E+0
20220916 17:17:33,234	c_1_1185_20220916_17_17_33,234.bmp	1,091617E+0	4,951527E+0	6,245971E-3	1,094073E-2	-6,786918E-3	-8,011703E-3	1,387954E+0	1,388463E+0
20220916 17:17:39,236	c_1_1186_20220916_17_17_39,236.bmp	1,090344E+0	4,966805E+0	4,973106E-3	1,476871E-2	-9,331032E-3	-8,011703E-3	1,395599E+0	1,393578E+0
20220916 17:17:45,237	c_1_1187_20220916_17_17_45,237.bmp	1,094161E+0	4,988448E+0	8,791700E-3	1,094073E-2	-1,696338E-2	-1,311118E-2	1,390502E+0	1,385905E+0
20220916 17:17:51,238	c_1_1188_20220916_17_17_51,238.bmp	1,104341E+0	5,007546E+0	6,245971E-3	1,221673E-2	-6,786918E-3	-2,076040E-2	1,395599E+0	1,396136E+0
20220916 17:17:57,243	c_1_1189_20220916_17_17_57,243.bmp	1,110703E+0	5,030462E+0	4,973106E-3	1,349272E-2	-6,786918E-3	-8,011703E-3	1,390502E+0	1,393578E+0
20220916 17:18:03,246	c_1_1190_20220916_17_18_03,246.bmp	1,114520E+0	5,049560E+0	6,245971E-3	9,664739E-3	-6,786918E-3	-8,011703E-3	1,387954E+0	1,388463E+0
20220916 17:18:09,246	c_1_1191_20220916_17_18_09,246.bmp	1,125971E+0	5,068657E+0	8,791700E-3	1,349272E-2	-6,786918E-3	-2,331014E-2	1,387954E+0	1,393578E+0
20220916 17:18:15,247	c_1_1192_20220916_17_18_15,247.bmp	1,129789E+0	5,085208E+0	1,006456E-2	1,094073E-2	-1,441926E-2	-8,011703E-3	1,398148E+0	1,388463E+0
20220916 17:18:21,250	c_1_1193_20220916_17_18_21,250.bmp	1,138696E+0	5,110672E+0	6,245971E-3	1,349272E-2	-1,696338E-2	-1,566092E-2	1,398148E+0	1,396136E+0
20220916 17:18:27,253	c_1_1194_20220916_17_18_27,253.bmp	1,141240E+0	5,127223E+0	1,006456E-2	1,094073E-2	-6,786918E-3	-8,011703E-3	1,395599E+0	1,388463E+0
20220916 17:18:33,253	c_1_1195_20220916_17_18_33,253.bmp	1,150147E+0	5,150139E+0	7,518835E-3	9,664739E-3	-9,331032E-3	-1,821066E-2	1,387954E+0	1,385905E+0
20220916 17:18:39,260	c_1_1196_20220916_17_18_39,260.bmp	1,157782E+0	5,166691E+0	8,791700E-3	1,094073E-2	-1,441926E-2	-8,011703E-3	1,398148E+0	1,385905E+0
20220916 17:18:45,261	c_1_1197_20220916_17_18_45,261.bmp	1,164144E+0	5,190881E+0	6,245971E-3	1,094073E-2	-6,786918E-3	-5,461963E-3	1,387954E+0	1,388463E+0
20220916 17:18:51,262	c_1_1198_20220916_17_18_51,262.bmp	1,175595E+0	5,213797E+0	3,700242E-3	1,094073E-2	-6,786918E-3	-3,624835E-4	1,382857E+0	1,388463E+0
20220916 17:18:57,263	c_1_1199_20220916_17_18_57,263.bmp	1,173050E+0	5,234168E+0	3,700242E-3	1,094073E-2	-1,698689E-3	-2,912223E-3	1,385405E+0	1,385905E+0
20220916 17:19:03,265	c_1_1200_20220916_17_19_03,265.bmp	1,165416E+0	5,246900E+0	1,006456E-2	9,664739E-3	-1,696338E-2	-1,056144E-2	1,395599E+0	1,388463E+0
20220916 17:19:09,266	c_1_1201_20220916_17_19_09,266.bmp	1,165416E+0	5,271090E+0	1,006456E-2	1,094073E-2	-6,786918E-3	2,187256E-3	1,387954E+0	1,388463E+0
20220916 17:19:15,271	c_1_1202_20220916_17_19_15,271.bmp	1,169233E+0	5,292733E+0	3,700242E-3	8,388745E-3	-1,441926E-2	4,736996E-3	1,385405E+0	1,383347E+0
20220916 17:19:21,276	c_1_1203_20220916_17_19_21,276.bmp	1,134878E+0	5,309284E+0	6,245971E-3	1,094073E-2	-6,786918E-3	2,187256E-3	1,387954E+0	1,385905E+0
20220916 17:19:27,281	c_1_1204_20220916_17_19_27,281.bmp	1,063624E+0	5,330928E+0	6,245971E-3	1,094073E-2	-1,696338E-2	-5,461963E-3	1,390502E+0	1,385905E+0
20220916 17:19:33,284	c_1_1205_20220916_17_19_33,284.bmp	8,829424E-1	5,353845E+0	2,427377E-3	1,094073E-2	-4,242803E-3	-2,840962E-2	1,382857E+0	1,388463E+0
20220916 17:19:39,289	c_1_1206_20220916_17_19_39,289.bmp	8,791252E-1	5,374215E+0	3,700242E-3	8,388745E-3	1,865423E-2	4,736996E-3	1,385405E+0	1,380789E+0
20220916 17:19:45,293	c_1_1207_20220916_17_19_45,293.bmp	8,867596E-1	5,392040E+0	3,700242E-3	8,388745E-3	-6,786918E-3	-1,056144E-2	1,385405E+0	1,383347E+0
20220916 17:19:51,293	c_1_1208_20220916_17_19_51,293.bmp	8,931216E-1	5,411137E+0	2,427377E-3	1,094073E-2	8,454256E-4	-8,011703E-3	1,382857E+0	1,388463E+0
20220916 17:19:57,296	c_1_1209_20220916_17_19_57,296.bmp	8,931216E-1	5,426415E+0	1,006456E-2	1,094073E-2	-1,696338E-2	-2,076040E-2	1,398148E+0	1,388463E+0
20220916 17:20:03,297	c_1_1210_20220916_17_20_03,297.bmp	9,020285E-1	5,450605E+0	1,006456E-2	1,094073E-2	8,454256E-4	-2,912223E-3	1,387954E+0	1,383347E+0
20220916 17:20:09,299	c_1_1211_20220916_17_20_09,299.bmp	9,160249E-1	5,467156E+0	6,245971E-3	1,476871E-2	-2,459572E-2	-5,461963E-3	1,395599E+0	1,388463E+0
20220916 17:20:15,299	c_1_1212_20220916_17_20_15,299.bmp	9,211145E-1	5,491346E+0	1,006456E-2	1,094073E-2	-6,786918E-3	-8,011703E-3	1,387954E+0	1,388463E+0
20220916 17:20:21,302	c_1_1213_20220916_17_20_21,302.bmp	9,351110E-1	5,510443E+0	1,006456E-2	9,664739E-3	-9,331032E-3	-5,461963E-3	1,387954E+0	1,385905E+0
20220916 17:20:27,304	c_1_1214_20220916_17_20_27,304.bmp	9,465626E-1	5,532087E+0	7,518835E-3	8,388745E-3	-6,786918E-3	-2,912223E-3	1,382857E+0	1,380789E+0
20220916 17:20:33,312	c_1_1215_20220916_17_20_33,312.bmp	9,491074E-1	5,549911E+0	6,245971E-3	1,094073E-2	-4,242803E-3	-2,912223E-3	1,387954E+0	1,388463E+0
20220916 17:20:39,317	c_1_1216_20220916_17_20_39,317.bmp	9,643762E-1	5,574101E+0	3,700242E-3	7,112750E-3	-4,242803E-3	2,187256E-3	1,382857E+0	1,383347E+0
20220916 17:20:45,320	c_1_1217_20220916_17_20_45,320.bmp	9,669210E-1	5,586833E+0	8,791700E-3	1,476871E-2	-1,696338E-2	-1,311118E-2	1,398148E+0	1,396136E+0
20220916 17:20:51,322	c_1_1218_20220916_17_20_51,322.bmp	9,758279E-1	5,609750E+0	6,245971E-3	1,094073E-2	-4,242803E-3	-8,011703E-3	1,390502E+0	1,385905E+0
20220916 17:20:57,325	c_1_1219_20220916_17_20_57,325.bmp	9,783727E-1	5,626301E+0	6,245971E-3	1,476871E-2	-6,786918E-3	-1,311118E-2	1,395599E+0	1,388463E+0
20220916 17:21:03,326	c_1_1220_20220916_17_21_03,326.bmp	9,796451E-1	5,649218E+0	6,245971E-3	1,221673E-2	-6,786918E-3	-5,461963E-3	1,390502E+0	1,388463E+0
20220916 17:21:09,329	c_1_1221_20220916_17_21_09,329.bmp	9,771003E-1	5,672135E+0	6,245971E-3	7,112750E-3	-9,331032E-3	2,187256E-3	1,382857E+0	1,385905E+0
20220916 17:21:15,338	c_1_1222_20220916_17_21_15,338.bmp	9,618314E-1	5,689959E+0	6,245971E-3	1,094073E-2	-1,441926E-2	2,187256E-3	1,387954E+0	1,388463E+0
20220916 17:21:21,340	c_1_1223_20220916_17_21_21,340.bmp	7,887846E-1	5,711603E+0	6,245971E-3	8,388745E-3	8,454256E-4	7,286736E-3	1,382857E+0	1,383347E+0
20220916 17:21:27,340	c_1_1224_20220916_17_21_27,340.bmp	7,391608E-1	5,733246E+0	3,700242E-3	8,388745E-3	-4,242803E-3	2,187256E-3	1,380308E+0	1,380789E+0
20220916 17:21:33,345	c_1_1225_20220916_17_21_33,345.bmp	7,442504E-1	5,752344E+0	3,700242E-3	7,112750E-3	1,102188E-2	-3,624835E-4	1,385405E+0	1,388463E+0
20220916 17:21:39,347	c_1_1226_20220916_17_21_39,347.bmp	7,467952E-1	5,773987E+0	7,518835E-3	8,388745E-3	-1,696338E-2	2,187256E-3	1,382857E+0	1,383347E+0
20220916 17:21:45,351	c_1_1227_20220916_17_21_45,351.bmp	7,544297E-1	5,791812E+0	6,245971E-3	7,112750E-3	-6,786918E-3	-2,912223E-3	1,385405E+0	1,383347E+0
20220916 17:21:51,355	c_1_1228_20220916_17_21_51,355.bmp	7,620641E-1	5,808363E+0	7,518835E-3	9,664739E-3	-1,698689E-3	3,023439E-2	1,390502E+0	1,383347E+0
20220916 17:21:57,358	c_1_1229_20220916_17_21_57,358.bmp	7,722433E-1	5,828733E+0	4,973106E-3	1,094073E-2	-1,698689E-3	-8,011703E-3	1,390502E+0	1,388463E+0
20220916 17:22:03,364	c_1_1230_20220916_17_22_03,364.bmp	7,798777E-1	5,845284E+0	7,518835E-3	1,349272E-2	-1,696338E-2	-2,076040E-2	1,395599E+0	1,396136E+0
20220916 17:22:09,365	c_1_1231_20220916_17_22_09,365.bmp	7,938742E-1	5,872021E+0	3,700242E-3	7,112750E-3	3,137480E-2	-5,461963E-3	1,385405E+0	1,383347E+0
20220916 17:22:15,368	c_1_1232_20220916_17_22_15,368.bmp	7,989638E-1	5,891118E+0	7,518835E-3	5,836756E-3	-1,698689E-3	-1,056144E-2	1,382857E+0	1,385905E+0
20220916 17:22:21,372	c_1_1233_20220916_17_22_21,372.bmp	8,027810E-1	5,906396E+0	1,006456E-2	1,349272E-2	-1,441926E-2	-3,624835E-4	1,395599E+0	1,388463E+0
20220916 17:22:27,377	c_1_1234_20220916_17_22_27,377.bmp	8,129602E-1	5,929313E+0	1,006456E-2	1,094073E-2	-1,187515E-2	-8,011703E-3	1,387954E+0	1,388463E+0
20220916 17:22:33,379	c_1_1235_20220916_17_22_33,379.bmp	8,256843E-1	5,948410E+0	6,245971E-3	1,094073E-2	-6,786918E-3	-2,585988E-2	1,390502E+0	1,393578E+0
20220916 17:22:39,380	c_1_1236_20220916_17_22_39,380.bmp	8,358635E-1	5,972600E+0	3,700242E-3	8,388745E-3	8,454256E-4	-8,011703E-3	1,385405E+0	1,383347E+0
20220916 17:22:45,383	c_1_1237_20220916_17_22_45,383.bmp	8,447703E-1	5,987878E+0	7,518835E-3	1,349272E-2	-1,696338E-2	-1,056144E-2	1,390502E+0	1,396136E+0
20220916 17:22:51,384	c_1_1238_20220916_17_22_51,384.bmp	8,587667E-1	6,012068E+0	3,700242E-3	8,388745E-3	-6,786918E-3	2,187256E-3	1,382857E+0	1,380789E+0
20220916 17:22:57,390	c_1_1239_20220916_17_22_57,390.bmp	8,664012E-1	6,031165E+0	2,427377E-3	8,388745E-3	5,933654E-3	-5,461963E-3	1,382857E+0	1,383347E+0
20220916 17:23:03,396	c_1_1240_20220916_17_23_03,396.bmp	8,765804E-1	6,051536E+0	3,700242E-3	8,388745E-3	8,477769E-3	-8,011703E-3	1,385405E+0	1,380789E+0
20220916 17:23:09,399	c_1_1241_20220916_17_23_09,399.bmp	8,816700E-1	6,065541E+0	4,973106E-3	1,476871E-2	-1,187515E-2	-1,821066E-2	1,398148E+0	1,388463E+0
20220916 17:23:15,400	c_1_1242_20220916_17_23_15,400.bmp	8,931216E-1	6,089731E+0	7,518835E-3	1,094073E-2	-9,331032E-3	-3,624835E-4	1,390502E+0	1,388463E+0
20220916 17:23:21,403	c_1_1243_20220916_17_23_21,403.bmp	8,969389E-1	6,106282E+0	8,791700E-3	9,664739E-3	-1,950749E-2	-8,011703E-3	1,395599E+0	1,385905E+0
20220916 17:23:27,407	c_1_1244_20220916_17_23_27,407.bmp	9,071181E-1	6,125379E+0	1,006456E-2	1,094073E-2	-1,441926E-2	-1,566092E-2	1,398148E+0	1,385905E+0
20220916 17:23:33,411	c_1_1245_20220916_17_23_33,411.bmp	9,172973E-1	6,148296E+0	7,518835E-3	7,112750E-3	-6,786918E-3	-2,912223E-3	1,387954E+0	1,383347E+0
20220916 17:23:39,417	c_1_1246_20220916_17_23_39,417.bmp	9,274765E-1	6,169940E+0	8,791700E-3	9,664739E-3	-6,786918E-3	-5,461963E-3	1,390502E+0	1,383347E+0
20220916 17:23:45,419	c_1_1247_20220916_17_23_45,419.bmp	9,427454E-1	6,189037E+0	6,245971E-3	1,094073E-2	8,477769E-3	-5,461963E-3	1,390502E+0	1,388463E+0
20220916 17:23:51,424	c_1_1248_20220916_17_23_51,424.bmp	9,516522E-1	6,211954E+0	3,700242E-3	1,094073E-2	-1,698689E-3	-5,461963E-3	1,385405E+0	1,388463E+0
20220916 17:23:57,428	c_1_1249_20220916_17_23_57,428.bmp	9,567418E-1	6,228505E+0	6,245971E-3	1,094073E-2	-1,187515E-2	-8,011703E-3	1,390502E+0	1,385905E+0
20220916 17:24:03,428	c_1_1250_20220916_17_24_03,428.bmp	9,720107E-1	6,250149E+0	3,700242E-3	9,664739E-3	-1,696338E-2	-5,461963E-3	1,387954E+0	1,388463E+0
20220916 17:24:09,430	c_1_1251_20220916_17_24_09,430.bmp	9,834623E-1	6,270519E+0	3,700242E-3	1,094073E-2	-1,698689E-3	-5,461963E-3	1,390502E+0	1,388463E+0
20220916 17:24:15,430	c_1_1252_20220916_17_24_15,430.bmp	9,860071E-1	6,285797E+0	1,006456E-2	1,476871E-2	-1,187515E-2	-3,624835E-4	1,398148E+0	1,388463E+0
20220916 17:24:21,431	c_1_1253_20220916_17_24_21,431.bmp	9,987311E-1	6,311260E+0	6,245971E-3	8,388745E-3	1,865423E-2	7,286736E-3	1,385405E+0	1,380789E+0
20220916 17:24:27,435	c_1_1254_20220916_17_24_27,435.bmp	1,008910E+0	6,329085E+0	7,518835E-3	1,349272E-2	-6,786918E-3	-8,011703E-3	1,387954E+0	1,393578E+0
20220916 17:24:33,439	c_1_1255_20220916_17_24_33,439.bmp	1,017817E+0	6,352001E+0	6,245971E-3	8,388745E-3	-1,187515E-2	7,286736E-3	1,382857E+0	1,380789E+0
20220916 17:24:39,444	c_1_1256_20220916_17_24_39,444.bmp	1,025452E+0	6,369826E+0	6,245971E-3	9,664739E-3	-1,187515E-2	-1,311118E-2	1,390502E+0	1,396136E+0
20220916 17:24:45,447	c_1_1257_20220916_17_24_45,447.bmp	1,036903E+0	6,392743E+0	3,700242E-3	7,112750E-3	-6,786918E-3	9,836476E-3	1,382857E+0	1,380789E+0
20220916 17:24:51,451	c_1_1258_20220916_17_24_51,451.bmp	1,041993E+0	6,409294E+0	8,791700E-3	1,094073E-2	-1,441926E-2	-1,311118E-2	1,387954E+0	1,388463E+0
20220916 17:24:57,451	c_1_1259_20220916_17_24_57,451.bmp	1,053444E+0	6,427118E+0	6,245971E-3	1,476871E-2	-1,441926E-2	-1,311118E-2	1,395599E+0	1,393578E+0
20220916 17:25:03,453	c_1_1260_20220916_17_25_03,453.bmp	1,066169E+0	6,448762E+0	6,245971E-3	1,094073E-2	-4,242803E-3	-3,624835E-4	1,390502E+0	1,385905E+0
20220916 17:25:09,454	c_1_1261_20220916_17_25_09,454.bmp	1,069986E+0	6,466586E+0	8,791700E-3	1,094073E-2	-9,331032E-3	-8,011703E-3	1,398148E+0	1,385905E+0
20220916 17:25:15,455	c_1_1262_20220916_17_25_15,455.bmp	1,083982E+0	6,485683E+0	6,245971E-3	1,349272E-2	-1,187515E-2	-1,056144E-2	1,395599E+0	1,396136E+0
20220916 17:25:21,459	c_1_1263_20220916_17_25_21,459.bmp	1,087799E+0	6,507327E+0	1,006456E-2	1,221673E-2	1,611011E-2	-8,011703E-3	1,395599E+0	1,388463E+0
20220916 17:25:27,464	c_1_1264_20220916_17_25_27,464.bmp	1,100523E+0	6,530244E+0	3,700242E-3	1,094073E-2	-1,698689E-3	-1,056144E-2	1,387954E+0	1,388463E+0
20220916 17:25:33,467	c_1_1265_20220916_17_25_33,467.bmp	1,108158E+0	6,549341E+0	8,791700E-3	1,094073E-2	-4,242803E-3	-2,912223E-3	1,390502E+0	1,393578E+0
20220916 17:25:39,469	c_1_1266_20220916_17_25_39,469.bmp	1,119609E+0	6,570985E+0	3,700242E-3	1,094073E-2	8,454256E-4	7,286736E-3	1,387954E+0	1,388463E+0
20220916 17:25:45,469	c_1_1267_20220916_17_25_45,469.bmp	1,124699E+0	6,590082E+0	7,518835E-3	1,094073E-2	-6,786918E-3	-1,311118E-2	1,387954E+0	1,388463E+0
20220916 17:25:51,469	c_1_1268_20220916_17_25_51,469.bmp	1,128516E+0	6,610453E+0	7,518835E-3	1,094073E-2	-1,187515E-2	-8,011703E-3	1,390502E+0	1,388463E+0
20220916 17:25:57,472	c_1_1269_20220916_17_25_57,472.bmp	1,129789E+0	6,627004E+0	8,791700E-3	1,349272E-2	-1,187515E-2	-8,011703E-3	1,395599E+0	1,396136E+0
20220916 17:26:03,475	c_1_1270_20220916_17_26_03,475.bmp	1,131061E+0	6,649921E+0	1,006456E-2	1,094073E-2	-4,242803E-3	-1,311118E-2	1,387954E+0	1,383347E+0
20220916 17:26:09,477	c_1_1271_20220916_17_26_09,477.bmp	1,131061E+0	6,672838E+0	6,245971E-3	8,388745E-3	8,454256E-4	-3,624835E-4	1,382857E+0	1,380789E+0
20220916 17:26:15,481	c_1_1272_20220916_17_26_15,481.bmp	1,127244E+0	6,686842E+0	1,006456E-2	1,094073E-2	-9,331032E-3	-8,011703E-3	1,398148E+0	1,385905E+0
20220916 17:26:21,483	c_1_1273_20220916_17_26_21,483.bmp	1,120882E+0	6,705940E+0	8,791700E-3	1,221673E-2	-1,187515E-2	-1,566092E-2	1,398148E+0	1,393578E+0
20220916 17:26:27,494	c_1_1274_20220916_17_26_27,494.bmp	1,100523E+0	6,732676E+0	3,700242E-3	7,112750E-3	8,454256E-4	-3,624835E-4	1,385405E+0	1,385905E+0
20220916 17:26:33,498	c_1_1275_20220916_17_26_33,498.bmp	7,518849E-1	6,754320E+0	3,700242E-3	7,112750E-3	-4,242803E-3	2,187256E-3	1,385405E+0	1,383347E+0
20220916 17:26:39,499	c_1_1276_20220916_17_26_39,499.bmp	7,480676E-1	6,772144E+0	7,518835E-3	8,388745E-3	-6,786918E-3	-8,011703E-3	1,385405E+0	1,385905E+0
20220916 17:26:45,503	c_1_1277_20220916_17_26_45,503.bmp	7,493400E-1	6,789968E+0	7,518835E-3	1,094073E-2	-6,786918E-3	-3,624835E-4	1,387954E+0	1,388463E+0
20220916 17:26:51,506	c_1_1278_20220916_17_26_51,506.bmp	7,607917E-1	6,812885E+0	2,427377E-3	1,094073E-2	3,389540E-3	-2,912223E-3	1,385405E+0	1,388463E+0
20220916 17:26:57,508	c_1_1279_20220916_17_26_57,508.bmp	7,684261E-1	6,833256E+0	3,700242E-3	1,094073E-2	-6,786918E-3	-8,011703E-3	1,385405E+0	1,391021E+0
20220916 17:27:03,509	c_1_1280_20220916_17_27_03,509.bmp	7,735157E-1	6,853626E+0	3,700242E-3	1,094073E-2	-1,698689E-3	-2,912223E-3	1,382857E+0	1,388463E+0
20220916 17:27:09,510	c_1_1281_20220916_17_27_09,510.bmp	7,760605E-1	6,866358E+0	1,006456E-2	1,349272E-2	-2,459572E-2	-8,011703E-3	1,398148E+0	1,396136E+0
20220916 17:27:15,511	c_1_1282_20220916_17_27_15,511.bmp	7,798777E-1	6,886728E+0	1,006456E-2	1,349272E-2	-3,731629E-2	-1,311118E-2	1,395599E+0	1,393578E+0
20220916 17:27:21,512	c_1_1283_20220916_17_27_21,512.bmp	7,887846E-1	6,909645E+0	4,973106E-3	1,094073E-2	-4,242803E-3	-2,076040E-2	1,387954E+0	1,396136E+0
20220916 17:27:27,517	c_1_1284_20220916_17_27_27,517.bmp	7,926018E-1	6,930016E+0	1,006456E-2	1,094073E-2	-1,441926E-2	-5,461963E-3	1,390502E+0	1,385905E+0
20220916 17:27:33,519	c_1_1285_20220916_17_27_33,519.bmp	8,015086E-1	6,946567E+0	8,791700E-3	9,664739E-3	-4,494863E-2	-8,011703E-3	1,398148E+0	1,388463E+0
20220916 17:27:39,523	c_1_1286_20220916_17_27_39,523.bmp	8,155050E-1	6,973303E+0	2,427377E-3	8,388745E-3	8,454256E-4	2,187256E-3	1,382857E+0	1,380789E+0
20220916 17:27:45,525	c_1_1287_20220916_17_27_45,525.bmp	8,193222E-1	6,986035E+0	8,791700E-3	1,349272E-2	-1,441926E-2	-1,821066E-2	1,395599E+0	1,396136E+0
20220916 17:27:51,525	c_1_1288_20220916_17_27_51,525.bmp	8,244119E-1	6,998766E+0	3,700242E-3	1,094073E-2	-1,698689E-3	-5,461963E-3	1,387954E+0	1,385905E+0
