20220408 10:51:31,980	c_0_444_20220408_10_51_31,980.bmp	3,375557E-3	-2,388119E-2	-1,223829E-3	-3,807953E-3
20220408 10:51:37,986	c_0_445_20220408_10_51_37,986.bmp	2,501176E-2	3,052874E-4	4,902598E-5	2,557098E-3
20220408 10:51:43,996	c_0_446_20220408_10_51_43,996.bmp	1,484654E-1	2,067285E-2	2,594737E-3	3,830109E-3
20220408 10:51:50,001	c_0_447_20220408_10_51_50,001.bmp	3,101006E-1	4,485933E-2	1,321881E-3	1,107786E-5
20220408 10:51:56,004	c_0_448_20220408_10_51_56,004.bmp	4,908265E-1	6,013500E-2	-1,223829E-3	3,830109E-3
20220408 10:52:02,009	c_0_449_20220408_10_52_02,009.bmp	6,728252E-1	8,686742E-2	-3,769540E-3	1,107786E-5
20220408 10:52:08,010	c_0_450_20220408_10_52_08,010.bmp	8,459148E-1	1,072350E-1	4,902598E-5	-3,807953E-3
20220408 10:52:14,011	c_0_451_20220408_10_52_14,011.bmp	1,024095E+0	1,276025E-1	-2,496685E-3	-3,807953E-3
20220408 10:52:20,012	c_0_452_20220408_10_52_20,012.bmp	1,207367E+0	1,428782E-1	-5,042396E-3	1,107786E-5
20220408 10:52:26,019	c_0_453_20220408_10_52_26,019.bmp	1,385547E+0	1,670647E-1	-3,769540E-3	-2,534943E-3
20220408 10:52:32,026	c_0_454_20220408_10_52_32,026.bmp	1,568819E+0	1,810674E-1	2,594737E-3	3,830109E-3
20220408 10:52:38,028	c_0_455_20220408_10_52_38,028.bmp	1,740635E+0	2,077998E-1	-1,223829E-3	-3,807953E-3
20220408 10:52:44,033	c_0_456_20220408_10_52_44,033.bmp	1,921361E+0	2,281674E-1	4,902598E-5	1,107786E-5
20220408 10:52:50,034	c_0_457_20220408_10_52_50,034.bmp	2,100815E+0	2,472620E-1	-5,042396E-3	-3,807953E-3
20220408 10:52:56,042	c_0_458_20220408_10_52_56,042.bmp	2,271359E+0	2,638106E-1	2,594737E-3	1,107786E-5
20220408 10:53:02,050	c_0_459_20220408_10_53_02,050.bmp	2,445721E+0	2,841782E-1	1,321881E-3	-1,261932E-3
20220408 10:53:08,053	c_0_460_20220408_10_53_08,053.bmp	2,613720E+0	3,045457E-1	1,321881E-3	1,107786E-5
20220408 10:53:14,057	c_0_461_20220408_10_53_14,057.bmp	2,796991E+0	3,274592E-1	-3,769540E-3	1,107786E-5
20220408 10:53:20,064	c_0_462_20220408_10_53_20,064.bmp	2,962445E+0	3,478268E-1	-1,223829E-3	-3,807953E-3
20220408 10:53:26,070	c_0_463_20220408_10_53_26,070.bmp	3,130443E+0	3,618295E-1	4,902598E-5	1,284088E-3
20220408 10:53:32,076	c_0_464_20220408_10_53_32,076.bmp	3,299715E+0	3,834700E-1	-1,223829E-3	1,107786E-5
20220408 10:53:38,084	c_0_465_20220408_10_53_38,084.bmp	3,457532E+0	4,051106E-1	-2,496685E-3	-1,261932E-3
20220408 10:53:44,092	c_0_466_20220408_10_53_44,092.bmp	3,611531E+0	4,280241E-1	-3,769540E-3	-1,261932E-3
20220408 10:53:50,097	c_0_467_20220408_10_53_50,097.bmp	3,759166E+0	4,445727E-1	-1,223829E-3	1,107786E-5
20220408 10:53:56,102	c_0_468_20220408_10_53_56,102.bmp	3,909347E+0	4,649403E-1	4,902598E-5	-1,261932E-3
20220408 10:54:02,105	c_0_469_20220408_10_54_02,105.bmp	4,056982E+0	4,865808E-1	-3,769540E-3	1,107786E-5
20220408 10:54:08,111	c_0_470_20220408_10_54_08,111.bmp	4,190617E+0	5,056754E-1	4,902598E-5	1,107786E-5
20220408 10:54:14,116	c_0_471_20220408_10_54_14,116.bmp	4,321707E+0	5,247700E-1	-1,223829E-3	1,107786E-5
20220408 10:54:20,121	c_0_472_20220408_10_54_20,121.bmp	4,429888E+0	5,425916E-1	3,867592E-3	3,830109E-3
20220408 10:54:26,124	c_0_473_20220408_10_54_26,124.bmp	4,535524E+0	5,629592E-1	3,867592E-3	1,107786E-5
20220408 10:54:32,132	c_0_474_20220408_10_54_32,132.bmp	4,633523E+0	5,807808E-1	3,867592E-3	-1,261932E-3
20220408 10:54:38,136	c_0_475_20220408_10_54_38,136.bmp	4,726432E+0	6,049673E-1	4,902598E-5	1,107786E-5
20220408 10:54:44,139	c_0_476_20220408_10_54_44,139.bmp	4,810431E+0	6,253348E-1	4,902598E-5	1,107786E-5
20220408 10:54:50,146	c_0_477_20220408_10_54_50,146.bmp	4,872794E+0	6,431564E-1	-1,223829E-3	1,107786E-5
20220408 10:54:56,151	c_0_478_20220408_10_54_56,151.bmp	4,916067E+0	6,660700E-1	-3,769540E-3	-3,807953E-3
20220408 10:55:02,154	c_0_479_20220408_10_55_02,154.bmp	4,921157E+0	6,800727E-1	2,594737E-3	2,557098E-3
20220408 10:55:08,159	c_0_480_20220408_10_55_08,159.bmp	4,914794E+0	7,080781E-1	4,902598E-5	-3,807953E-3
20220408 10:55:14,163	c_0_481_20220408_10_55_14,163.bmp	4,880430E+0	7,233537E-1	4,902598E-5	1,284088E-3
20220408 10:55:20,175	c_0_482_20220408_10_55_20,175.bmp	4,828249E+0	7,437213E-1	4,902598E-5	1,107786E-5
20220408 10:55:26,178	c_0_483_20220408_10_55_26,178.bmp	4,767159E+0	7,640888E-1	-1,223829E-3	-1,261932E-3
20220408 10:55:32,179	c_0_484_20220408_10_55_32,179.bmp	4,728977E+0	7,819105E-1	2,594737E-3	2,557098E-3
20220408 10:55:38,180	c_0_485_20220408_10_55_38,180.bmp	4,711159E+0	8,035510E-1	-3,769540E-3	1,107786E-5
20220408 10:55:44,190	c_0_486_20220408_10_55_44,190.bmp	4,651341E+0	8,251915E-1	4,902598E-5	1,107786E-5
20220408 10:55:50,193	c_0_487_20220408_10_55_50,193.bmp	4,562251E+0	8,468321E-1	-1,223829E-3	-3,807953E-3
20220408 10:55:56,197	c_0_488_20220408_10_55_56,197.bmp	4,504979E+0	8,671996E-1	-3,769540E-3	-3,807953E-3
20220408 10:56:02,201	c_0_489_20220408_10_56_02,201.bmp	4,429888E+0	8,837483E-1	1,321881E-3	1,107786E-5
20220408 10:56:08,204	c_0_490_20220408_10_56_08,204.bmp	4,362434E+0	9,066618E-1	4,902598E-5	-3,807953E-3
20220408 10:56:14,208	c_0_491_20220408_10_56_14,208.bmp	4,306435E+0	9,232104E-1	3,867592E-3	1,107786E-5
20220408 10:56:20,213	c_0_492_20220408_10_56_20,213.bmp	4,264435E+0	9,448510E-1	-5,042396E-3	1,107786E-5
20220408 10:56:26,216	c_0_493_20220408_10_56_26,216.bmp	4,204617E+0	9,626726E-1	-2,496685E-3	2,557098E-3
20220408 10:56:32,219	c_0_494_20220408_10_56_32,219.bmp	4,148618E+0	9,817672E-1	3,867592E-3	2,557098E-3
20220408 10:56:38,225	c_0_495_20220408_10_56_38,225.bmp	4,102800E+0	1,000862E+0	4,902598E-5	1,284088E-3
20220408 10:56:44,227	c_0_496_20220408_10_56_44,227.bmp	4,073527E+0	1,022502E+0	-2,496685E-3	1,107786E-5
20220408 10:56:50,230	c_0_497_20220408_10_56_50,230.bmp	4,044255E+0	1,040324E+0	3,867592E-3	3,830109E-3
20220408 10:56:56,238	c_0_498_20220408_10_56_56,238.bmp	4,020073E+0	1,067056E+0	2,594737E-3	-3,807953E-3
20220408 10:57:02,244	c_0_499_20220408_10_57_02,244.bmp	3,978073E+0	1,084878E+0	1,321881E-3	1,107786E-5
20220408 10:57:08,245	c_0_500_20220408_10_57_08,245.bmp	3,943710E+0	1,105246E+0	1,321881E-3	1,284088E-3
20220408 10:57:14,246	c_0_501_20220408_10_57_14,246.bmp	3,904256E+0	1,120521E+0	2,594737E-3	1,107786E-5
20220408 10:57:20,247	c_0_502_20220408_10_57_20,247.bmp	3,864802E+0	1,144708E+0	4,902598E-5	1,107786E-5
20220408 10:57:26,251	c_0_503_20220408_10_57_26,251.bmp	3,827893E+0	1,166348E+0	-3,769540E-3	1,107786E-5
20220408 10:57:32,252	c_0_504_20220408_10_57_32,252.bmp	3,769348E+0	1,181624E+0	2,594737E-3	2,557098E-3
20220408 10:57:38,253	c_0_505_20220408_10_57_38,253.bmp	3,709530E+0	1,200718E+0	2,594737E-3	2,557098E-3
20220408 10:57:44,258	c_0_506_20220408_10_57_44,258.bmp	3,640803E+0	1,221086E+0	-1,223829E-3	2,557098E-3
20220408 10:57:50,261	c_0_507_20220408_10_57_50,261.bmp	3,575895E+0	1,245272E+0	-1,223829E-3	-3,807953E-3
20220408 10:57:56,273	c_0_508_20220408_10_57_56,273.bmp	3,545349E+0	1,263094E+0	4,902598E-5	-1,261932E-3
20220408 10:58:02,277	c_0_509_20220408_10_58_02,277.bmp	3,522440E+0	1,280916E+0	3,867592E-3	1,284088E-3
20220408 10:58:08,278	c_0_510_20220408_10_58_08,278.bmp	3,491895E+0	1,301283E+0	4,902598E-5	1,284088E-3
20220408 10:58:14,281	c_0_511_20220408_10_58_14,281.bmp	3,451168E+0	1,324197E+0	-1,223829E-3	2,557098E-3
20220408 10:58:20,288	c_0_512_20220408_10_58_20,288.bmp	3,400260E+0	1,344564E+0	4,902598E-5	1,107786E-5
20220408 10:58:26,298	c_0_513_20220408_10_58_26,298.bmp	3,373532E+0	1,361113E+0	1,321881E-3	2,557098E-3
20220408 10:58:32,304	c_0_514_20220408_10_58_32,304.bmp	3,326442E+0	1,382754E+0	2,594737E-3	2,557098E-3
20220408 10:58:38,308	c_0_515_20220408_10_58_38,308.bmp	3,276806E+0	1,406940E+0	-1,223829E-3	1,107786E-5
20220408 10:58:44,309	c_0_516_20220408_10_58_44,309.bmp	3,255170E+0	1,427308E+0	-3,769540E-3	-2,534943E-3
20220408 10:58:50,312	c_0_517_20220408_10_58_50,312.bmp	3,239897E+0	1,441310E+0	4,902598E-5	2,557098E-3
20220408 10:58:56,315	c_0_518_20220408_10_58_56,315.bmp	3,224625E+0	1,468043E+0	-1,223829E-3	-3,807953E-3
20220408 10:59:02,327	c_0_519_20220408_10_59_02,327.bmp	3,209352E+0	1,482045E+0	7,686159E-3	1,107786E-5
20220408 10:59:08,331	c_0_520_20220408_10_59_08,331.bmp	3,201716E+0	1,501140E+0	-1,223829E-3	3,830109E-3
20220408 10:59:14,339	c_0_521_20220408_10_59_14,339.bmp	3,177534E+0	1,529145E+0	-2,496685E-3	1,107786E-5
20220408 10:59:20,343	c_0_522_20220408_10_59_20,343.bmp	3,122807E+0	1,541875E+0	4,902598E-5	3,830109E-3
20220408 10:59:26,345	c_0_523_20220408_10_59_26,345.bmp	3,074444E+0	1,563516E+0	4,902598E-5	-1,261932E-3
20220408 10:59:32,350	c_0_524_20220408_10_59_32,350.bmp	3,047717E+0	1,585156E+0	-2,496685E-3	-1,261932E-3
20220408 10:59:38,355	c_0_525_20220408_10_59_38,355.bmp	3,020990E+0	1,602978E+0	-1,223829E-3	1,107786E-5
20220408 10:59:44,363	c_0_526_20220408_10_59_44,363.bmp	2,991717E+0	1,623345E+0	1,321881E-3	-1,261932E-3
20220408 10:59:50,368	c_0_527_20220408_10_59_50,368.bmp	2,968808E+0	1,646259E+0	4,902598E-5	1,107786E-5
20220408 10:59:56,369	c_0_528_20220408_10_59_56,369.bmp	2,953536E+0	1,667899E+0	-2,496685E-3	-2,534943E-3
20220408 11:00:02,373	c_0_529_20220408_11_00_02,373.bmp	2,925536E+0	1,688267E+0	4,902598E-5	1,107786E-5
20220408 11:00:08,378	c_0_530_20220408_11_00_08,378.bmp	2,907718E+0	1,706089E+0	-2,496685E-3	1,107786E-5
20220408 11:00:14,386	c_0_531_20220408_11_00_14,386.bmp	2,901354E+0	1,720091E+0	3,867592E-3	1,284088E-3
20220408 11:00:20,392	c_0_532_20220408_11_00_20,392.bmp	2,906445E+0	1,744278E+0	3,867592E-3	1,107786E-5
20220408 11:00:26,396	c_0_533_20220408_11_00_26,396.bmp	2,889900E+0	1,764645E+0	1,321881E-3	1,107786E-5
20220408 11:00:32,401	c_0_534_20220408_11_00_32,401.bmp	2,851718E+0	1,787559E+0	-3,769540E-3	-3,807953E-3
20220408 11:00:38,405	c_0_535_20220408_11_00_38,405.bmp	2,803355E+0	1,802834E+0	1,321881E-3	1,107786E-5
20220408 11:00:44,406	c_0_536_20220408_11_00_44,406.bmp	2,775355E+0	1,825748E+0	-1,223829E-3	1,107786E-5
20220408 11:00:50,410	c_0_537_20220408_11_00_50,410.bmp	2,737174E+0	1,846116E+0	1,321881E-3	-3,807953E-3
20220408 11:00:56,413	c_0_538_20220408_11_00_56,413.bmp	2,700265E+0	1,865210E+0	1,321881E-3	-1,261932E-3
20220408 11:01:02,418	c_0_539_20220408_11_01_02,418.bmp	2,662083E+0	1,889397E+0	-3,769540E-3	-3,807953E-3
20220408 11:01:08,420	c_0_540_20220408_11_01_08,420.bmp	2,600993E+0	1,899580E+0	2,594737E-3	2,557098E-3
20220408 11:01:14,421	c_0_541_20220408_11_01_14,421.bmp	2,562811E+0	1,919948E+0	5,140448E-3	2,557098E-3
20220408 11:01:20,424	c_0_542_20220408_11_01_20,424.bmp	2,530993E+0	1,942861E+0	2,594737E-3	2,557098E-3
20220408 11:01:26,426	c_0_543_20220408_11_01_26,426.bmp	2,491539E+0	1,960683E+0	4,902598E-5	3,830109E-3
20220408 11:01:32,435	c_0_544_20220408_11_01_32,435.bmp	2,422812E+0	1,987416E+0	-3,769540E-3	-3,807953E-3
20220408 11:01:38,442	c_0_545_20220408_11_01_38,442.bmp	2,343904E+0	2,005237E+0	-1,223829E-3	-1,261932E-3
20220408 11:01:44,448	c_0_546_20220408_11_01_44,448.bmp	2,291722E+0	2,023059E+0	2,594737E-3	-1,261932E-3
20220408 11:01:50,454	c_0_547_20220408_11_01_50,454.bmp	2,270086E+0	2,045972E+0	-2,496685E-3	1,107786E-5
20220408 11:01:56,455	c_0_548_20220408_11_01_56,455.bmp	2,268813E+0	2,065067E+0	-5,042396E-3	1,107786E-5
20220408 11:02:02,460	c_0_549_20220408_11_02_02,460.bmp	2,267541E+0	2,087980E+0	-3,769540E-3	-3,807953E-3
20220408 11:02:08,466	c_0_550_20220408_11_02_08,466.bmp	2,272632E+0	2,104529E+0	-1,223829E-3	1,107786E-5
20220408 11:02:14,472	c_0_551_20220408_11_02_14,472.bmp	2,264995E+0	2,126170E+0	2,594737E-3	-1,261932E-3
20220408 11:02:20,481	c_0_552_20220408_11_02_20,481.bmp	2,259904E+0	2,142718E+0	1,321881E-3	1,107786E-5
20220408 11:02:26,485	c_0_553_20220408_11_02_26,485.bmp	2,256086E+0	2,165632E+0	-3,769540E-3	1,107786E-5
20220408 11:02:32,493	c_0_554_20220408_11_02_32,493.bmp	2,250995E+0	2,188545E+0	-2,496685E-3	-3,807953E-3
20220408 11:02:38,494	c_0_555_20220408_11_02_38,494.bmp	2,242086E+0	2,205094E+0	-1,223829E-3	1,107786E-5
20220408 11:02:44,497	c_0_556_20220408_11_02_44,497.bmp	2,239541E+0	2,224188E+0	4,902598E-5	1,107786E-5
20220408 11:02:50,501	c_0_557_20220408_11_02_50,501.bmp	2,231905E+0	2,240737E+0	1,321881E-3	3,830109E-3
20220408 11:02:56,505	c_0_558_20220408_11_02_56,505.bmp	2,229359E+0	2,263651E+0	4,902598E-5	1,107786E-5
20220408 11:03:02,508	c_0_559_20220408_11_03_02,508.bmp	2,231905E+0	2,286564E+0	-1,223829E-3	-3,807953E-3
20220408 11:03:08,509	c_0_560_20220408_11_03_08,509.bmp	2,235723E+0	2,305659E+0	-1,223829E-3	-3,807953E-3
20220408 11:03:14,513	c_0_561_20220408_11_03_14,513.bmp	2,239541E+0	2,324753E+0	4,902598E-5	-1,261932E-3
20220408 11:03:20,518	c_0_562_20220408_11_03_20,518.bmp	2,247177E+0	2,347667E+0	4,902598E-5	-3,807953E-3
20220408 11:03:26,523	c_0_563_20220408_11_03_26,523.bmp	2,242086E+0	2,362942E+0	4,902598E-5	-3,807953E-3
20220408 11:03:32,529	c_0_564_20220408_11_03_32,529.bmp	2,235723E+0	2,384583E+0	4,902598E-5	1,107786E-5
20220408 11:03:38,534	c_0_565_20220408_11_03_38,534.bmp	2,222996E+0	2,403678E+0	-2,496685E-3	-1,261932E-3
20220408 11:03:44,540	c_0_566_20220408_11_03_44,540.bmp	2,216632E+0	2,425318E+0	-3,769540E-3	1,107786E-5
20220408 11:03:50,545	c_0_567_20220408_11_03_50,545.bmp	2,202632E+0	2,445686E+0	-2,496685E-3	1,107786E-5
20220408 11:03:56,551	c_0_568_20220408_11_03_56,551.bmp	2,188632E+0	2,460961E+0	3,867592E-3	1,284088E-3
20220408 11:04:02,559	c_0_569_20220408_11_04_02,559.bmp	2,183541E+0	2,485148E+0	-1,223829E-3	-3,807953E-3
20220408 11:04:08,561	c_0_570_20220408_11_04_08,561.bmp	2,169541E+0	2,504242E+0	4,902598E-5	1,107786E-5
20220408 11:04:14,566	c_0_571_20220408_11_04_14,566.bmp	2,163178E+0	2,520791E+0	2,594737E-3	2,557098E-3
20220408 11:04:20,571	c_0_572_20220408_11_04_20,571.bmp	2,159360E+0	2,547523E+0	-1,223829E-3	-2,534943E-3
20220408 11:04:26,573	c_0_573_20220408_11_04_26,573.bmp	2,150451E+0	2,566618E+0	-2,496685E-3	-3,807953E-3
20220408 11:04:32,575	c_0_574_20220408_11_04_32,575.bmp	2,141542E+0	2,583167E+0	4,902598E-5	1,107786E-5
20220408 11:04:38,585	c_0_575_20220408_11_04_38,585.bmp	2,124996E+0	2,604807E+0	-2,496685E-3	-1,261932E-3
20220408 11:04:44,590	c_0_576_20220408_11_04_44,590.bmp	2,066451E+0	2,621356E+0	1,321881E-3	3,830109E-3
20220408 11:04:50,593	c_0_577_20220408_11_04_50,593.bmp	1,950634E+0	2,645542E+0	-1,223829E-3	1,107786E-5
20220408 11:04:56,598	c_0_578_20220408_11_04_56,598.bmp	1,813180E+0	2,663364E+0	-1,223829E-3	1,107786E-5
20220408 11:05:02,602	c_0_579_20220408_11_05_02,602.bmp	1,767363E+0	2,681186E+0	2,594737E-3	2,557098E-3
20220408 11:05:08,606	c_0_580_20220408_11_05_08,606.bmp	1,760999E+0	2,704099E+0	3,867592E-3	-1,261932E-3
20220408 11:05:14,615	c_0_581_20220408_11_05_14,615.bmp	1,759726E+0	2,724467E+0	1,321881E-3	1,107786E-5
20220408 11:05:20,618	c_0_582_20220408_11_05_20,618.bmp	1,760999E+0	2,744834E+0	-1,223829E-3	1,107786E-5
20220408 11:05:26,620	c_0_583_20220408_11_05_26,620.bmp	1,762272E+0	2,765202E+0	-3,769540E-3	1,107786E-5
20220408 11:05:32,624	c_0_584_20220408_11_05_32,624.bmp	1,758454E+0	2,784296E+0	4,902598E-5	-1,261932E-3
20220408 11:05:38,626	c_0_585_20220408_11_05_38,626.bmp	1,767363E+0	2,805937E+0	-3,769540E-3	-3,807953E-3
20220408 11:05:44,627	c_0_586_20220408_11_05_44,627.bmp	1,771181E+0	2,823759E+0	1,321881E-3	1,107786E-5
20220408 11:05:50,635	c_0_587_20220408_11_05_50,635.bmp	1,772453E+0	2,842853E+0	1,321881E-3	2,557098E-3
20220408 11:05:56,639	c_0_588_20220408_11_05_56,639.bmp	1,783908E+0	2,867040E+0	-3,769540E-3	-3,807953E-3
20220408 11:06:02,646	c_0_589_20220408_11_06_02,646.bmp	1,786453E+0	2,886134E+0	1,321881E-3	-1,261932E-3
20220408 11:06:08,647	c_0_590_20220408_11_06_08,647.bmp	1,786453E+0	2,905229E+0	-1,223829E-3	1,107786E-5
20220408 11:06:14,658	c_0_591_20220408_11_06_14,658.bmp	1,794090E+0	2,923050E+0	-3,769540E-3	1,284088E-3
20220408 11:06:20,667	c_0_592_20220408_11_06_20,667.bmp	1,799180E+0	2,944691E+0	-1,223829E-3	-3,807953E-3
20220408 11:06:26,669	c_0_593_20220408_11_06_26,669.bmp	1,804271E+0	2,959967E+0	-5,042396E-3	2,557098E-3
20220408 11:06:32,672	c_0_594_20220408_11_06_32,672.bmp	1,808090E+0	2,982880E+0	1,321881E-3	1,107786E-5
20220408 11:06:38,676	c_0_595_20220408_11_06_38,676.bmp	1,813180E+0	3,007067E+0	-1,223829E-3	-3,807953E-3
20220408 11:06:44,686	c_0_596_20220408_11_06_44,686.bmp	1,823362E+0	3,028707E+0	-3,769540E-3	-2,534943E-3
20220408 11:06:50,696	c_0_597_20220408_11_06_50,696.bmp	1,825908E+0	3,047802E+0	4,902598E-5	-3,807953E-3
20220408 11:06:56,699	c_0_598_20220408_11_06_56,699.bmp	1,828453E+0	3,063077E+0	1,321881E-3	1,107786E-5
20220408 11:07:02,701	c_0_599_20220408_11_07_02,701.bmp	1,843726E+0	3,085991E+0	-2,496685E-3	1,107786E-5
20220408 11:07:08,704	c_0_600_20220408_11_07_08,704.bmp	1,848816E+0	3,102540E+0	-1,223829E-3	1,107786E-5
20220408 11:07:14,707	c_0_601_20220408_11_07_14,707.bmp	1,853907E+0	3,127999E+0	-1,223829E-3	-3,807953E-3
20220408 11:07:20,718	c_0_602_20220408_11_07_20,718.bmp	1,860271E+0	3,147094E+0	-3,769540E-3	-3,807953E-3
20220408 11:07:26,727	c_0_603_20220408_11_07_26,727.bmp	1,858998E+0	3,162369E+0	2,594737E-3	2,557098E-3
20220408 11:07:32,731	c_0_604_20220408_11_07_32,731.bmp	1,874271E+0	3,185283E+0	4,902598E-5	1,107786E-5
20220408 11:07:38,732	c_0_605_20220408_11_07_38,732.bmp	1,878089E+0	3,203104E+0	-5,042396E-3	1,107786E-5
20220408 11:07:44,737	c_0_606_20220408_11_07_44,737.bmp	1,881907E+0	3,226018E+0	-3,769540E-3	-3,807953E-3
20220408 11:07:50,746	c_0_607_20220408_11_07_50,746.bmp	1,889543E+0	3,243839E+0	-3,769540E-3	1,107786E-5
20220408 11:07:56,753	c_0_608_20220408_11_07_56,753.bmp	1,884453E+0	3,262934E+0	2,594737E-3	2,557098E-3
20220408 11:08:02,760	c_0_609_20220408_11_08_02,760.bmp	1,893362E+0	3,287121E+0	-2,496685E-3	-3,807953E-3
20220408 11:08:08,763	c_0_610_20220408_11_08_08,763.bmp	1,888271E+0	3,301123E+0	1,321881E-3	2,557098E-3
20220408 11:08:14,766	c_0_611_20220408_11_08_14,766.bmp	1,890816E+0	3,325310E+0	4,902598E-5	-1,261932E-3
20220408 11:08:20,768	c_0_612_20220408_11_08_20,768.bmp	1,884453E+0	3,345677E+0	1,321881E-3	-1,261932E-3
20220408 11:08:26,773	c_0_613_20220408_11_08_26,773.bmp	1,884453E+0	3,363499E+0	-1,223829E-3	-1,261932E-3
20220408 11:08:32,782	c_0_614_20220408_11_08_32,782.bmp	1,883180E+0	3,385139E+0	1,321881E-3	1,107786E-5
20220408 11:08:38,788	c_0_615_20220408_11_08_38,788.bmp	1,880634E+0	3,405507E+0	4,902598E-5	1,107786E-5
20220408 11:08:44,793	c_0_616_20220408_11_08_44,793.bmp	1,876816E+0	3,424602E+0	2,594737E-3	1,107786E-5
20220408 11:08:50,795	c_0_617_20220408_11_08_50,795.bmp	1,880634E+0	3,446242E+0	-3,769540E-3	-1,261932E-3
20220408 11:08:56,804	c_0_618_20220408_11_08_56,804.bmp	1,869180E+0	3,465337E+0	1,321881E-3	-1,261932E-3
20220408 11:09:02,811	c_0_619_20220408_11_09_02,811.bmp	1,862816E+0	3,485704E+0	-1,223829E-3	-1,261932E-3
20220408 11:09:08,814	c_0_620_20220408_11_09_08,814.bmp	1,824635E+0	3,502253E+0	1,321881E-3	2,557098E-3
20220408 11:09:14,819	c_0_621_20220408_11_09_14,819.bmp	1,788999E+0	3,526439E+0	-3,769540E-3	1,107786E-5
20220408 11:09:20,823	c_0_622_20220408_11_09_20,823.bmp	1,730454E+0	3,545534E+0	4,902598E-5	-1,261932E-3
20220408 11:09:26,830	c_0_623_20220408_11_09_26,830.bmp	1,647727E+0	3,567175E+0	-3,769540E-3	-3,807953E-3
20220408 11:09:32,837	c_0_624_20220408_11_09_32,837.bmp	1,571364E+0	3,581177E+0	4,902598E-5	3,830109E-3
20220408 11:09:38,841	c_0_625_20220408_11_09_38,841.bmp	1,521728E+0	3,605364E+0	1,321881E-3	-1,261932E-3
20220408 11:09:44,842	c_0_626_20220408_11_09_44,842.bmp	1,474637E+0	3,621912E+0	-2,496685E-3	2,557098E-3
20220408 11:09:50,846	c_0_627_20220408_11_09_50,846.bmp	1,455547E+0	3,641007E+0	-1,223829E-3	-1,261932E-3
