20220408 10:51:31,954	c_1_444_20220408_10_51_31,954.bmp	-2,988033E-3	-2,388119E-2	4,902598E-5	-2,534943E-3
20220408 10:51:37,959	c_1_445_20220408_10_51_37,959.bmp	2,373904E-2	3,052874E-4	3,867592E-3	2,557098E-3
20220408 10:51:43,966	c_1_446_20220408_10_51_43,966.bmp	1,497381E-1	2,321879E-2	4,902598E-5	1,107786E-5
20220408 10:51:49,968	c_1_447_20220408_10_51_49,968.bmp	3,126460E-1	4,485933E-2	-1,223829E-3	-1,261932E-3
20220408 10:51:55,970	c_1_448_20220408_10_51_55,970.bmp	4,920992E-1	6,522689E-2	-5,042396E-3	1,107786E-5
20220408 10:52:01,975	c_1_449_20220408_10_52_01,975.bmp	6,702797E-1	8,686742E-2	-3,769540E-3	-3,807953E-3
20220408 10:52:07,976	c_1_450_20220408_10_52_07,976.bmp	8,433694E-1	1,046890E-1	4,902598E-5	1,107786E-5
20220408 10:52:13,977	c_1_451_20220408_10_52_13,977.bmp	1,019004E+0	1,237836E-1	-1,223829E-3	-3,807953E-3
20220408 10:52:19,978	c_1_452_20220408_10_52_19,978.bmp	1,201003E+0	1,454242E-1	-1,223829E-3	-1,261932E-3
20220408 10:52:25,984	c_1_453_20220408_10_52_25,984.bmp	1,381729E+0	1,632458E-1	4,902598E-5	-1,261932E-3
20220408 10:52:31,994	c_1_454_20220408_10_52_31,994.bmp	1,565000E+0	1,848863E-1	-3,769540E-3	1,107786E-5
20220408 10:52:37,995	c_1_455_20220408_10_52_37,995.bmp	1,741908E+0	2,077998E-1	-1,223829E-3	-3,807953E-3
20220408 10:52:43,996	c_1_456_20220408_10_52_43,996.bmp	1,925180E+0	2,281674E-1	-2,496685E-3	-3,807953E-3
20220408 10:52:50,001	c_1_457_20220408_10_52_50,001.bmp	2,098269E+0	2,485349E-1	1,321881E-3	-3,807953E-3
20220408 10:52:56,006	c_1_458_20220408_10_52_56,006.bmp	2,275177E+0	2,638106E-1	4,902598E-5	1,107786E-5
20220408 10:53:02,015	c_1_459_20220408_10_53_02,015.bmp	2,443176E+0	2,816322E-1	5,140448E-3	-1,261932E-3
20220408 10:53:08,020	c_1_460_20220408_10_53_08,020.bmp	2,614993E+0	3,045457E-1	2,594737E-3	1,107786E-5
20220408 10:53:14,025	c_1_461_20220408_10_53_14,025.bmp	2,795719E+0	3,261863E-1	-5,042396E-3	-1,261932E-3
20220408 10:53:20,031	c_1_462_20220408_10_53_20,031.bmp	2,953536E+0	3,440079E-1	3,867592E-3	-1,261932E-3
20220408 10:53:26,037	c_1_463_20220408_10_53_26,037.bmp	3,127898E+0	3,605565E-1	1,321881E-3	3,830109E-3
20220408 10:53:32,046	c_1_464_20220408_10_53_32,046.bmp	3,295897E+0	3,834700E-1	4,902598E-5	-1,261932E-3
20220408 10:53:38,053	c_1_465_20220408_10_53_38,053.bmp	3,456259E+0	4,051106E-1	-3,769540E-3	-2,534943E-3
20220408 10:53:44,059	c_1_466_20220408_10_53_44,059.bmp	3,607713E+0	4,267511E-1	-3,769540E-3	-3,807953E-3
20220408 10:53:50,062	c_1_467_20220408_10_53_50,062.bmp	3,761711E+0	4,483916E-1	-5,042396E-3	-1,261932E-3
20220408 10:53:56,065	c_1_468_20220408_10_53_56,065.bmp	3,904256E+0	4,636673E-1	2,594737E-3	1,284088E-3
20220408 10:54:02,070	c_1_469_20220408_10_54_02,070.bmp	4,054437E+0	4,865808E-1	4,902598E-5	-3,807953E-3
20220408 10:54:08,076	c_1_470_20220408_10_54_08,076.bmp	4,190617E+0	5,044024E-1	1,321881E-3	1,107786E-5
20220408 10:54:14,081	c_1_471_20220408_10_54_14,081.bmp	4,319162E+0	5,247700E-1	4,902598E-5	1,107786E-5
20220408 10:54:20,086	c_1_472_20220408_10_54_20,086.bmp	4,434979E+0	5,451376E-1	-3,769540E-3	1,107786E-5
20220408 10:54:26,091	c_1_473_20220408_10_54_26,091.bmp	4,543160E+0	5,655051E-1	-5,042396E-3	1,107786E-5
20220408 10:54:32,100	c_1_474_20220408_10_54_32,100.bmp	4,633523E+0	5,807808E-1	3,867592E-3	2,557098E-3
20220408 10:54:38,106	c_1_475_20220408_10_54_38,106.bmp	4,727704E+0	6,049673E-1	-1,223829E-3	1,107786E-5
20220408 10:54:44,108	c_1_476_20220408_10_54_44,108.bmp	4,810431E+0	6,240619E-1	1,321881E-3	1,107786E-5
20220408 10:54:50,112	c_1_477_20220408_10_54_50,112.bmp	4,867703E+0	6,406105E-1	2,594737E-3	2,557098E-3
20220408 10:54:56,116	c_1_478_20220408_10_54_56,116.bmp	4,913521E+0	6,647970E-1	4,902598E-5	1,107786E-5
20220408 10:55:02,117	c_1_479_20220408_10_55_02,117.bmp	4,926248E+0	6,838916E-1	-1,223829E-3	1,107786E-5
20220408 10:55:08,118	c_1_480_20220408_10_55_08,118.bmp	4,918612E+0	7,042591E-1	-1,223829E-3	-1,261932E-3
20220408 10:55:14,126	c_1_481_20220408_10_55_14,126.bmp	4,877885E+0	7,258997E-1	-1,223829E-3	-1,261932E-3
20220408 10:55:20,132	c_1_482_20220408_10_55_20,132.bmp	4,829522E+0	7,411753E-1	2,594737E-3	2,557098E-3
20220408 10:55:26,133	c_1_483_20220408_10_55_26,133.bmp	4,760795E+0	7,640888E-1	4,902598E-5	1,107786E-5
20220408 10:55:32,135	c_1_484_20220408_10_55_32,135.bmp	4,735341E+0	7,870024E-1	-3,769540E-3	-3,807953E-3
20220408 10:55:38,140	c_1_485_20220408_10_55_38,140.bmp	4,713704E+0	8,073699E-1	-1,223829E-3	-3,807953E-3
20220408 10:55:44,141	c_1_486_20220408_10_55_44,141.bmp	4,652614E+0	8,239186E-1	4,902598E-5	1,107786E-5
20220408 10:55:50,145	c_1_487_20220408_10_55_50,145.bmp	4,563524E+0	8,442861E-1	1,321881E-3	1,107786E-5
20220408 10:55:56,153	c_1_488_20220408_10_55_56,153.bmp	4,499888E+0	8,582888E-1	2,594737E-3	2,557098E-3
20220408 10:56:02,155	c_1_489_20220408_10_56_02,155.bmp	4,428616E+0	8,812023E-1	1,321881E-3	2,557098E-3
20220408 10:56:08,158	c_1_490_20220408_10_56_08,158.bmp	4,363707E+0	9,053888E-1	1,321881E-3	-1,261932E-3
20220408 10:56:14,160	c_1_491_20220408_10_56_14,160.bmp	4,310253E+0	9,219374E-1	4,902598E-5	-2,534943E-3
20220408 10:56:20,165	c_1_492_20220408_10_56_20,165.bmp	4,258071E+0	9,435780E-1	-1,223829E-3	-1,261932E-3
20220408 10:56:26,167	c_1_493_20220408_10_56_26,167.bmp	4,207163E+0	9,626726E-1	4,902598E-5	1,284088E-3
20220408 10:56:32,169	c_1_494_20220408_10_56_32,169.bmp	4,146072E+0	9,804942E-1	2,594737E-3	2,557098E-3
20220408 10:56:38,170	c_1_495_20220408_10_56_38,170.bmp	4,105345E+0	9,983158E-1	-1,223829E-3	1,284088E-3
20220408 10:56:44,179	c_1_496_20220408_10_56_44,179.bmp	4,072255E+0	1,026321E+0	4,902598E-5	1,107786E-5
20220408 10:56:50,188	c_1_497_20220408_10_56_50,188.bmp	4,046800E+0	1,040324E+0	4,902598E-5	2,557098E-3
20220408 10:56:56,191	c_1_498_20220408_10_56_56,191.bmp	4,026437E+0	1,067056E+0	-2,496685E-3	-3,807953E-3
20220408 10:57:02,192	c_1_499_20220408_10_57_02,192.bmp	3,979346E+0	1,082332E+0	1,321881E-3	1,107786E-5
20220408 10:57:08,197	c_1_500_20220408_10_57_08,197.bmp	3,939892E+0	1,101427E+0	1,321881E-3	2,557098E-3
20220408 10:57:14,199	c_1_501_20220408_10_57_14,199.bmp	3,910619E+0	1,124340E+0	2,594737E-3	1,107786E-5
20220408 10:57:20,208	c_1_502_20220408_10_57_20,208.bmp	3,858438E+0	1,145981E+0	1,321881E-3	1,107786E-5
20220408 10:57:26,209	c_1_503_20220408_10_57_26,209.bmp	3,829165E+0	1,167621E+0	-5,042396E-3	-5,080963E-3
20220408 10:57:32,214	c_1_504_20220408_10_57_32,214.bmp	3,768075E+0	1,184170E+0	4,902598E-5	1,107786E-5
20220408 10:57:38,218	c_1_505_20220408_10_57_38,218.bmp	3,713348E+0	1,207083E+0	-5,042396E-3	-3,807953E-3
20220408 10:57:44,224	c_1_506_20220408_10_57_44,224.bmp	3,640803E+0	1,227451E+0	-1,223829E-3	-3,807953E-3
20220408 10:57:50,229	c_1_507_20220408_10_57_50,229.bmp	3,574622E+0	1,242727E+0	1,321881E-3	-1,261932E-3
20220408 10:57:56,240	c_1_508_20220408_10_57_56,240.bmp	3,540259E+0	1,259275E+0	3,867592E-3	2,557098E-3
20220408 10:58:02,247	c_1_509_20220408_10_58_02,247.bmp	3,517350E+0	1,280916E+0	2,594737E-3	2,557098E-3
20220408 10:58:08,249	c_1_510_20220408_10_58_08,249.bmp	3,493168E+0	1,307648E+0	-3,769540E-3	-3,807953E-3
20220408 10:58:14,253	c_1_511_20220408_10_58_14,253.bmp	3,444805E+0	1,322924E+0	2,594737E-3	3,830109E-3
20220408 10:58:20,255	c_1_512_20220408_10_58_20,255.bmp	3,398987E+0	1,347110E+0	-2,496685E-3	-1,261932E-3
20220408 10:58:26,265	c_1_513_20220408_10_58_26,265.bmp	3,376078E+0	1,363659E+0	-3,769540E-3	-1,261932E-3
20220408 10:58:32,271	c_1_514_20220408_10_58_32,271.bmp	3,323896E+0	1,385299E+0	1,321881E-3	1,107786E-5
20220408 10:58:38,276	c_1_515_20220408_10_58_38,276.bmp	3,274261E+0	1,401848E+0	2,594737E-3	1,107786E-5
20220408 10:58:44,278	c_1_516_20220408_10_58_44,278.bmp	3,250079E+0	1,428581E+0	-2,496685E-3	-3,807953E-3
20220408 10:58:50,279	c_1_517_20220408_10_58_50,279.bmp	3,239897E+0	1,441310E+0	1,321881E-3	2,557098E-3
20220408 10:58:56,283	c_1_518_20220408_10_58_56,283.bmp	3,225897E+0	1,468043E+0	-3,769540E-3	1,107786E-5
20220408 10:59:02,296	c_1_519_20220408_10_59_02,296.bmp	3,214443E+0	1,487137E+0	-3,769540E-3	-3,807953E-3
20220408 10:59:08,302	c_1_520_20220408_10_59_08,302.bmp	3,197897E+0	1,504959E+0	2,594737E-3	1,107786E-5
20220408 10:59:14,304	c_1_521_20220408_10_59_14,304.bmp	3,169898E+0	1,527872E+0	4,902598E-5	-3,807953E-3
20220408 10:59:20,307	c_1_522_20220408_10_59_20,307.bmp	3,124080E+0	1,544421E+0	-1,223829E-3	1,107786E-5
20220408 10:59:26,312	c_1_523_20220408_10_59_26,312.bmp	3,079535E+0	1,564789E+0	-2,496685E-3	-3,807953E-3
20220408 10:59:32,314	c_1_524_20220408_10_59_32,314.bmp	3,046444E+0	1,580064E+0	1,321881E-3	3,830109E-3
20220408 10:59:38,319	c_1_525_20220408_10_59_38,319.bmp	3,024808E+0	1,609343E+0	-3,769540E-3	-3,807953E-3
20220408 10:59:44,327	c_1_526_20220408_10_59_44,327.bmp	2,992990E+0	1,628437E+0	-3,769540E-3	-3,807953E-3
20220408 10:59:50,331	c_1_527_20220408_10_59_50,331.bmp	2,967535E+0	1,643713E+0	-2,496685E-3	1,107786E-5
20220408 10:59:56,335	c_1_528_20220408_10_59_56,335.bmp	2,950990E+0	1,665353E+0	-3,769540E-3	-1,261932E-3
20220408 11:00:02,337	c_1_529_20220408_11_00_02,337.bmp	2,924263E+0	1,683175E+0	3,867592E-3	2,557098E-3
20220408 11:00:08,347	c_1_530_20220408_11_00_08,347.bmp	2,905172E+0	1,699724E+0	1,321881E-3	3,830109E-3
20220408 11:00:14,349	c_1_531_20220408_11_00_14,349.bmp	2,905172E+0	1,723910E+0	1,321881E-3	1,107786E-5
20220408 11:00:20,353	c_1_532_20220408_11_00_20,353.bmp	2,903900E+0	1,740459E+0	2,594737E-3	1,107786E-5
20220408 11:00:26,357	c_1_533_20220408_11_00_26,357.bmp	2,893718E+0	1,762099E+0	-1,223829E-3	1,284088E-3
20220408 11:00:32,358	c_1_534_20220408_11_00_32,358.bmp	2,844082E+0	1,781194E+0	2,594737E-3	1,284088E-3
20220408 11:00:38,361	c_1_535_20220408_11_00_38,361.bmp	2,808446E+0	1,804107E+0	4,902598E-5	-1,261932E-3
20220408 11:00:44,362	c_1_536_20220408_11_00_44,362.bmp	2,776628E+0	1,828294E+0	-3,769540E-3	-3,807953E-3
20220408 11:00:50,365	c_1_537_20220408_11_00_50,365.bmp	2,738446E+0	1,843570E+0	-3,769540E-3	1,107786E-5
20220408 11:00:56,376	c_1_538_20220408_11_00_56,376.bmp	2,700265E+0	1,865210E+0	-1,223829E-3	-1,261932E-3
20220408 11:01:02,381	c_1_539_20220408_11_01_02,381.bmp	2,658265E+0	1,880486E+0	-3,769540E-3	2,557098E-3
20220408 11:01:08,384	c_1_540_20220408_11_01_08,384.bmp	2,603538E+0	1,904672E+0	4,902598E-5	-1,261932E-3
20220408 11:01:14,388	c_1_541_20220408_11_01_14,388.bmp	2,562811E+0	1,922494E+0	-1,223829E-3	3,830109E-3
20220408 11:01:20,393	c_1_542_20220408_11_01_20,393.bmp	2,533539E+0	1,944134E+0	4,902598E-5	1,107786E-5
20220408 11:01:26,395	c_1_543_20220408_11_01_26,395.bmp	2,495357E+0	1,969594E+0	-2,496685E-3	-3,807953E-3
20220408 11:01:32,402	c_1_544_20220408_11_01_32,402.bmp	2,415176E+0	1,982324E+0	2,594737E-3	2,557098E-3
20220408 11:01:38,403	c_1_545_20220408_11_01_38,403.bmp	2,345176E+0	2,005237E+0	1,321881E-3	-3,807953E-3
20220408 11:01:44,410	c_1_546_20220408_11_01_44,410.bmp	2,299359E+0	2,023059E+0	-2,496685E-3	-1,261932E-3
20220408 11:01:50,418	c_1_547_20220408_11_01_50,418.bmp	2,273904E+0	2,047245E+0	-5,042396E-3	-3,807953E-3
20220408 11:01:56,419	c_1_548_20220408_11_01_56,419.bmp	2,273904E+0	2,066340E+0	-3,769540E-3	-3,807953E-3
20220408 11:02:02,422	c_1_549_20220408_11_02_02,422.bmp	2,270086E+0	2,085434E+0	-2,496685E-3	1,284088E-3
20220408 11:02:08,432	c_1_550_20220408_11_02_08,432.bmp	2,267541E+0	2,108348E+0	-3,769540E-3	1,107786E-5
20220408 11:02:14,441	c_1_551_20220408_11_02_14,441.bmp	2,268813E+0	2,126170E+0	-3,769540E-3	-3,807953E-3
20220408 11:02:20,444	c_1_552_20220408_11_02_20,444.bmp	2,253541E+0	2,142718E+0	3,867592E-3	2,557098E-3
20220408 11:02:26,448	c_1_553_20220408_11_02_26,448.bmp	2,253541E+0	2,165632E+0	4,902598E-5	-3,807953E-3
20220408 11:02:32,448	c_1_554_20220408_11_02_32,448.bmp	2,240814E+0	2,184726E+0	2,594737E-3	1,107786E-5
20220408 11:02:38,453	c_1_555_20220408_11_02_38,453.bmp	2,242086E+0	2,203821E+0	-1,223829E-3	1,107786E-5
20220408 11:02:44,459	c_1_556_20220408_11_02_44,459.bmp	2,243359E+0	2,224188E+0	-2,496685E-3	1,284088E-3
20220408 11:02:50,465	c_1_557_20220408_11_02_50,465.bmp	2,238268E+0	2,245829E+0	-3,769540E-3	-3,807953E-3
20220408 11:02:56,470	c_1_558_20220408_11_02_56,470.bmp	2,233177E+0	2,267469E+0	-3,769540E-3	1,107786E-5
20220408 11:03:02,471	c_1_559_20220408_11_03_02,471.bmp	2,235723E+0	2,286564E+0	-5,042396E-3	-3,807953E-3
20220408 11:03:08,474	c_1_560_20220408_11_03_08,474.bmp	2,230632E+0	2,305659E+0	2,594737E-3	-1,261932E-3
20220408 11:03:14,478	c_1_561_20220408_11_03_14,478.bmp	2,239541E+0	2,324753E+0	-1,223829E-3	1,284088E-3
20220408 11:03:20,490	c_1_562_20220408_11_03_20,490.bmp	2,240814E+0	2,342575E+0	4,902598E-5	1,107786E-5
20220408 11:03:26,494	c_1_563_20220408_11_03_26,494.bmp	2,244632E+0	2,369307E+0	-3,769540E-3	-3,807953E-3
20220408 11:03:32,498	c_1_564_20220408_11_03_32,498.bmp	2,231905E+0	2,385856E+0	3,867592E-3	-1,261932E-3
20220408 11:03:38,500	c_1_565_20220408_11_03_38,500.bmp	2,224268E+0	2,406223E+0	-1,223829E-3	1,107786E-5
20220408 11:03:44,504	c_1_566_20220408_11_03_44,504.bmp	2,211541E+0	2,424045E+0	1,321881E-3	1,107786E-5
20220408 11:03:50,507	c_1_567_20220408_11_03_50,507.bmp	2,201359E+0	2,441867E+0	2,594737E-3	2,557098E-3
20220408 11:03:56,516	c_1_568_20220408_11_03_56,516.bmp	2,192450E+0	2,464780E+0	1,321881E-3	1,107786E-5
20220408 11:04:02,521	c_1_569_20220408_11_04_02,521.bmp	2,187359E+0	2,487694E+0	-3,769540E-3	-3,807953E-3
20220408 11:04:08,527	c_1_570_20220408_11_04_08,527.bmp	2,180996E+0	2,508061E+0	-3,769540E-3	-3,807953E-3
20220408 11:04:14,528	c_1_571_20220408_11_04_14,528.bmp	2,168269E+0	2,524610E+0	-1,223829E-3	1,107786E-5
20220408 11:04:20,532	c_1_572_20220408_11_04_20,532.bmp	2,160632E+0	2,543705E+0	-2,496685E-3	-1,261932E-3
20220408 11:04:26,537	c_1_573_20220408_11_04_26,537.bmp	2,147905E+0	2,561526E+0	4,902598E-5	2,557098E-3
20220408 11:04:32,544	c_1_574_20220408_11_04_32,544.bmp	2,140269E+0	2,583167E+0	4,902598E-5	1,107786E-5
20220408 11:04:38,553	c_1_575_20220408_11_04_38,553.bmp	2,119905E+0	2,607353E+0	4,902598E-5	-3,807953E-3
20220408 11:04:44,556	c_1_576_20220408_11_04_44,556.bmp	2,068997E+0	2,626448E+0	-3,769540E-3	1,107786E-5
20220408 11:04:50,561	c_1_577_20220408_11_04_50,561.bmp	1,954452E+0	2,645542E+0	-2,496685E-3	1,107786E-5
20220408 11:04:56,564	c_1_578_20220408_11_04_56,564.bmp	1,815726E+0	2,667183E+0	-3,769540E-3	-3,807953E-3
20220408 11:05:02,565	c_1_579_20220408_11_05_02,565.bmp	1,771181E+0	2,685004E+0	-1,223829E-3	1,107786E-5
20220408 11:05:08,572	c_1_580_20220408_11_05_08,572.bmp	1,757181E+0	2,707918E+0	-1,223829E-3	-3,807953E-3
20220408 11:05:14,580	c_1_581_20220408_11_05_14,580.bmp	1,757181E+0	2,724467E+0	4,902598E-5	1,107786E-5
20220408 11:05:20,581	c_1_582_20220408_11_05_20,581.bmp	1,758454E+0	2,744834E+0	-2,496685E-3	1,107786E-5
20220408 11:05:26,584	c_1_583_20220408_11_05_26,584.bmp	1,760999E+0	2,765202E+0	1,321881E-3	1,107786E-5
20220408 11:05:32,588	c_1_584_20220408_11_05_32,588.bmp	1,763544E+0	2,784296E+0	4,902598E-5	1,107786E-5
20220408 11:05:38,592	c_1_585_20220408_11_05_38,592.bmp	1,766090E+0	2,807210E+0	-1,223829E-3	-3,807953E-3
20220408 11:05:44,599	c_1_586_20220408_11_05_44,599.bmp	1,771181E+0	2,825031E+0	4,902598E-5	1,107786E-5
20220408 11:05:50,603	c_1_587_20220408_11_05_50,603.bmp	1,774999E+0	2,845399E+0	4,902598E-5	-1,261932E-3
20220408 11:05:56,610	c_1_588_20220408_11_05_56,610.bmp	1,778817E+0	2,867040E+0	-3,769540E-3	-1,261932E-3
20220408 11:06:02,614	c_1_589_20220408_11_06_02,614.bmp	1,778817E+0	2,883588E+0	3,867592E-3	1,107786E-5
20220408 11:06:08,618	c_1_590_20220408_11_06_08,618.bmp	1,785181E+0	2,901410E+0	2,594737E-3	1,284088E-3
20220408 11:06:14,625	c_1_591_20220408_11_06_14,625.bmp	1,794090E+0	2,926869E+0	-3,769540E-3	-2,534943E-3
20220408 11:06:20,636	c_1_592_20220408_11_06_20,636.bmp	1,792817E+0	2,944691E+0	3,867592E-3	-1,261932E-3
20220408 11:06:26,641	c_1_593_20220408_11_06_26,641.bmp	1,800453E+0	2,963785E+0	4,902598E-5	1,107786E-5
20220408 11:06:32,645	c_1_594_20220408_11_06_32,645.bmp	1,804271E+0	2,981607E+0	4,902598E-5	1,284088E-3
20220408 11:06:38,647	c_1_595_20220408_11_06_38,647.bmp	1,811908E+0	3,004521E+0	4,902598E-5	-1,261932E-3
20220408 11:06:44,658	c_1_596_20220408_11_06_44,658.bmp	1,815726E+0	3,024888E+0	4,902598E-5	-1,261932E-3
20220408 11:06:50,663	c_1_597_20220408_11_06_50,663.bmp	1,824635E+0	3,047802E+0	-3,769540E-3	-3,807953E-3
20220408 11:06:56,666	c_1_598_20220408_11_06_56,666.bmp	1,832271E+0	3,063077E+0	4,902598E-5	1,107786E-5
20220408 11:07:02,670	c_1_599_20220408_11_07_02,670.bmp	1,834817E+0	3,080899E+0	2,594737E-3	1,107786E-5
20220408 11:07:08,674	c_1_600_20220408_11_07_08,674.bmp	1,839907E+0	3,099994E+0	1,321881E-3	1,107786E-5
20220408 11:07:14,677	c_1_601_20220408_11_07_14,677.bmp	1,848816E+0	3,126726E+0	4,902598E-5	-2,534943E-3
20220408 11:07:20,688	c_1_602_20220408_11_07_20,688.bmp	1,856453E+0	3,140729E+0	-1,223829E-3	2,557098E-3
20220408 11:07:26,696	c_1_603_20220408_11_07_26,696.bmp	1,861544E+0	3,162369E+0	3,867592E-3	1,107786E-5
20220408 11:07:32,699	c_1_604_20220408_11_07_32,699.bmp	1,869180E+0	3,184010E+0	1,321881E-3	1,107786E-5
20220408 11:07:38,702	c_1_605_20220408_11_07_38,702.bmp	1,872998E+0	3,204377E+0	2,594737E-3	-1,261932E-3
20220408 11:07:44,705	c_1_606_20220408_11_07_44,705.bmp	1,878089E+0	3,223472E+0	2,594737E-3	1,107786E-5
20220408 11:07:50,712	c_1_607_20220408_11_07_50,712.bmp	1,888271E+0	3,247658E+0	-3,769540E-3	-3,807953E-3
20220408 11:07:56,719	c_1_608_20220408_11_07_56,719.bmp	1,885725E+0	3,264207E+0	4,902598E-5	-1,261932E-3
20220408 11:08:02,724	c_1_609_20220408_11_08_02,724.bmp	1,883180E+0	3,284575E+0	3,867592E-3	-1,261932E-3
20220408 11:08:08,729	c_1_610_20220408_11_08_08,729.bmp	1,893362E+0	3,307488E+0	-5,042396E-3	-3,807953E-3
20220408 11:08:14,732	c_1_611_20220408_11_08_14,732.bmp	1,886998E+0	3,324037E+0	4,902598E-5	1,107786E-5
20220408 11:08:20,735	c_1_612_20220408_11_08_20,735.bmp	1,885725E+0	3,344404E+0	-1,223829E-3	-1,261932E-3
20220408 11:08:26,741	c_1_613_20220408_11_08_26,741.bmp	1,885725E+0	3,368591E+0	-1,223829E-3	-3,807953E-3
20220408 11:08:32,748	c_1_614_20220408_11_08_32,748.bmp	1,884453E+0	3,386412E+0	-3,769540E-3	-3,807953E-3
20220408 11:08:38,752	c_1_615_20220408_11_08_38,752.bmp	1,888271E+0	3,406780E+0	-2,496685E-3	-3,807953E-3
20220408 11:08:44,757	c_1_616_20220408_11_08_44,757.bmp	1,875544E+0	3,425875E+0	-1,223829E-3	1,284088E-3
20220408 11:08:50,762	c_1_617_20220408_11_08_50,762.bmp	1,875544E+0	3,444969E+0	4,902598E-5	1,107786E-5
20220408 11:08:56,771	c_1_618_20220408_11_08_56,771.bmp	1,867907E+0	3,465337E+0	1,321881E-3	1,107786E-5
20220408 11:09:02,773	c_1_619_20220408_11_09_02,773.bmp	1,857726E+0	3,483158E+0	4,902598E-5	1,107786E-5
20220408 11:09:08,777	c_1_620_20220408_11_09_08,777.bmp	1,832271E+0	3,500980E+0	1,321881E-3	1,107786E-5
20220408 11:09:14,783	c_1_621_20220408_11_09_14,783.bmp	1,783908E+0	3,528985E+0	-1,223829E-3	-3,807953E-3
20220408 11:09:20,786	c_1_622_20220408_11_09_20,786.bmp	1,730454E+0	3,546807E+0	4,902598E-5	-3,807953E-3
20220408 11:09:26,788	c_1_623_20220408_11_09_26,788.bmp	1,647727E+0	3,563356E+0	-5,042396E-3	1,107786E-5
20220408 11:09:32,795	c_1_624_20220408_11_09_32,795.bmp	1,570091E+0	3,587542E+0	-3,769540E-3	-3,807953E-3
20220408 11:09:38,803	c_1_625_20220408_11_09_38,803.bmp	1,521728E+0	3,605364E+0	1,321881E-3	-1,261932E-3
20220408 11:09:44,804	c_1_626_20220408_11_09_44,804.bmp	1,478456E+0	3,620639E+0	2,594737E-3	3,830109E-3
20220408 11:09:50,807	c_1_627_20220408_11_09_50,807.bmp	1,454274E+0	3,641007E+0	-1,223829E-3	1,107786E-5
