-8.376567798826578472e-05
7.918822928308151909e-06
3.182974102208523635e-03
1.439817267344451965e-02
3.048972289666411484e-02
6.025667707275052937e-02
9.352100940471239077e-02
1.344605708023514090e-01
1.771544112515824609e-01
2.377128488158434250e-01
2.911472139708466411e-01
3.700043693382029653e-01
4.475820961611394755e-01
5.303411531749749885e-01
6.105847135997477526e-01
7.068462651470321934e-01
8.095409626661846936e-01
9.296866136499291056e-01
1.043912946454878643e+00
1.145315041122497934e+00
1.279449109082417380e+00
1.413581515819055223e+00
1.557069730123172624e+00
1.680164596590758785e+00
1.827338259403378240e+00
2.019352165401920196e+00
2.167723134973128740e+00
2.200130486915503170e+00
2.327499526637575755e+00
2.436565433194885610e+00
2.522249349452402090e+00
2.596674513543415497e+00
2.717721329909002392e+00
2.821717213590430262e+00
2.943158630657090491e+00
2.982657076861523926e+00
3.070252268516304284e+00
3.093798908199527187e+00
3.131249120526883090e+00
3.124494318834261986e+00
3.146105907810812674e+00
3.200287821217311812e+00
3.218877140585717722e+00
3.194183013895430356e+00
3.184886197541042296e+00
3.162154129027998639e+00
3.141669360644594899e+00
3.097140489190059132e+00
3.106615426300865401e+00
3.071286378897772895e+00
3.042210138849536172e+00
3.041213085447044495e+00
3.076136978368725128e+00
3.098561220009274031e+00
3.141581555733239384e+00
3.143175031358317106e+00
3.152696900893773524e+00
3.146980751491570860e+00
3.165106076450749040e+00
3.181160369879456606e+00
3.147945983043785922e+00
3.131218890100155416e+00
3.108716747677925607e+00
2.952810971102499238e+00
2.843986347593681963e+00
2.807839252672104546e+00
2.858186443660232001e+00
2.837266693256071726e+00
2.845126573121063096e+00
2.850758811446023167e+00
2.862416754390820106e+00
2.869024741844454329e+00
2.912014818165599817e+00
2.906006556913678374e+00
2.945954124467209390e+00
2.939100247627392193e+00
2.969885183843220311e+00
2.940260665104673876e+00
2.957918412300328814e+00
2.905470577510034680e+00
2.930178776484814396e+00
2.920299182775633717e+00
2.885732694066367454e+00
2.881270326084314881e+00
2.933723551523256479e+00
2.901966297859886801e+00
2.914739550620664144e+00
2.945390957126664766e+00
2.992048415051611787e+00
2.959931328991582067e+00
2.936069832114225342e+00
2.882529630173420010e+00
2.874424265657963495e+00
2.857260844513166198e+00
2.823600839796976292e+00
2.787092551368195004e+00
2.709265957183942142e+00
2.670277619035424266e+00
2.663101531357205509e+00
2.621343093582903627e+00
2.552539468592337712e+00
2.474093581749565729e+00
2.421127103591066643e+00
2.411068202384667902e+00
2.410790325963371394e+00
2.426676292675859159e+00
2.446632616693403151e+00
2.456317988283458487e+00
2.465090254743438347e+00
2.482436882546269707e+00
2.488615968521207034e+00
2.487951530552729107e+00
2.501858681097242965e+00
2.499942843925540448e+00
2.513072484341378754e+00
2.534210742436197705e+00
2.552515230688059411e+00
2.570787500398785674e+00
2.600096219964166178e+00
2.598907837780717767e+00
2.605545843940356932e+00
2.604199423662978852e+00
2.608038429824976578e+00
2.603723952813464138e+00
2.584333352459334598e+00
2.594195736393911655e+00
2.590303285706488712e+00
2.592722851883456414e+00
2.603823165004248708e+00
2.605482297568792571e+00
2.606738802510902175e+00
2.596635170584641106e+00
2.514228109244903919e+00
2.361862763065547544e+00
2.172411538167478895e+00
2.113608351236333061e+00
2.107906178853728107e+00
2.116903174462017034e+00
2.127127964325834508e+00
2.133749268266173615e+00
2.140264577703506532e+00
2.160644180048089336e+00
2.168287546442316582e+00
2.173765953893034286e+00
2.206428488547501399e+00
2.217017661906919290e+00
2.224411303073147383e+00
2.245793574182673336e+00
2.259639746260274418e+00
2.232528136144725117e+00
2.183419503779934878e+00
2.144591068783363585e+00
2.170530825458640845e+00
2.200420235268402358e+00
2.194730754435670228e+00
2.232945982024268528e+00
2.239420795795223462e+00
2.275840027831793400e+00
2.287352292296579215e+00
2.308887831816212266e+00
2.341227659794030025e+00
2.360882595701705888e+00
2.382605421816607727e+00
2.405488318580905727e+00
2.407740461630214046e+00
2.444334940199046180e+00
2.448146472789902273e+00
2.469407571107851140e+00
2.465126384160293505e+00
2.411914818540616512e+00
2.424038915672880101e+00
2.433567695132401454e+00
2.436962804653385994e+00
2.455580518590473993e+00
2.452381203008298094e+00
2.456627559731841437e+00
2.417699788886732648e+00
2.402404640615222409e+00
2.334678404624276560e+00
2.236634535789008282e+00
2.139803206945903202e+00
2.084699779943655962e+00
1.978013633790947745e+00
1.962700383330183262e+00
