0.000000000000000000e+00 -1.007853403141361400e-03
1.000000000000000000e+00 -1.007853403141361400e-03
2.000000000000000000e+00 -9.162303664921467175e-04
3.000000000000000000e+00 -9.162303664921467175e-04
4.000000000000000000e+00 -8.246073298429320349e-04
5.000000000000000000e+00 -8.246073298429320349e-04
6.000000000000000000e+00 -7.329842931937173523e-04
7.000000000000000000e+00 -7.329842931937173523e-04
8.000000000000000000e+00 -6.413612565445026698e-04
9.000000000000000000e+00 -6.413612565445026698e-04
1.000000000000000000e+01 -5.497382198952879872e-04
1.100000000000000000e+01 -5.497382198952879872e-04
1.200000000000000000e+01 -4.581151832460733588e-04
1.300000000000000000e+01 -4.581151832460733588e-04
1.400000000000000000e+01 -9.162303664921467175e-04
1.500000000000000000e+01 -1.007853403141361400e-03
1.600000000000000000e+01 -7.329842931937173523e-04
1.700000000000000000e+01 2.931937172774869409e-03
1.800000000000000000e+01 6.688481675392671071e-03
1.900000000000000000e+01 6.688481675392671071e-03
2.000000000000000000e+01 1.044502617801047230e-02
2.100000000000000000e+01 1.410994764397905873e-02
2.200000000000000000e+01 1.722513089005235642e-02
2.300000000000000000e+01 2.015706806282722627e-02
2.400000000000000000e+01 2.006544502617801234e-02
2.500000000000000000e+01 2.006544502617801234e-02
2.600000000000000000e+01 2.015706806282722627e-02
2.700000000000000000e+01 2.079842931937173067e-02
2.800000000000000000e+01 2.345549738219895528e-02
2.900000000000000000e+01 2.537958115183246502e-02
3.000000000000000000e+01 2.712041884816754345e-02
3.100000000000000000e+01 2.739528795811518522e-02
3.200000000000000000e+01 3.106020942408377339e-02
3.300000000000000000e+01 3.106020942408377339e-02
3.400000000000000000e+01 3.115183246073298731e-02
3.500000000000000000e+01 3.096858638743455946e-02
3.600000000000000000e+01 3.106020942408377339e-02
3.700000000000000000e+01 3.106020942408377339e-02
3.800000000000000000e+01 3.115183246073298731e-02
3.900000000000000000e+01 3.115183246073298731e-02
4.000000000000000000e+01 3.087696335078534207e-02
4.100000000000000000e+01 3.096858638743455946e-02
4.200000000000000000e+01 3.087696335078534207e-02
4.300000000000000000e+01 3.051047120418848638e-02
4.400000000000000000e+01 3.041884816753926898e-02
4.500000000000000000e+01 3.197643979057591956e-02
4.600000000000000000e+01 3.408376963350785716e-02
4.700000000000000000e+01 3.527486910994764857e-02
4.800000000000000000e+01 3.692408376963351307e-02
4.900000000000000000e+01 3.710732984293194092e-02
5.000000000000000000e+01 3.893979057591623327e-02
5.100000000000000000e+01 3.903141361256545067e-02
5.200000000000000000e+01 3.930628272251309591e-02
5.300000000000000000e+01 3.921465968586387851e-02
5.400000000000000000e+01 3.930628272251309591e-02
5.500000000000000000e+01 4.022251308900524208e-02
5.600000000000000000e+01 4.132198952879581610e-02
5.700000000000000000e+01 4.123036649214659871e-02
5.800000000000000000e+01 4.287958115183246322e-02
5.900000000000000000e+01 4.434554973821989987e-02
6.000000000000000000e+01 4.755235602094241149e-02
6.100000000000000000e+01 4.755235602094241149e-02
6.200000000000000000e+01 4.819371727748691936e-02
6.300000000000000000e+01 4.837696335078534721e-02
6.400000000000000000e+01 4.856020942408377505e-02
6.500000000000000000e+01 4.920157068062827599e-02
6.600000000000000000e+01 4.929319371727749338e-02
6.700000000000000000e+01 4.993455497382199432e-02
6.800000000000000000e+01 5.030104712041885001e-02
6.900000000000000000e+01 5.112565445026178573e-02
7.000000000000000000e+01 5.112565445026178573e-02
7.100000000000000000e+01 5.240837696335078760e-02
7.200000000000000000e+01 5.607329842931937924e-02
7.300000000000000000e+01 5.982984293193718134e-02
7.400000000000000000e+01 6.349476439790575910e-02
7.500000000000000000e+01 6.697643979057592289e-02
7.600000000000000000e+01 6.697643979057592289e-02
7.700000000000000000e+01 6.743455497382200292e-02
7.800000000000000000e+01 7.073298429319371805e-02
7.900000000000000000e+01 7.238219895287958949e-02
8.000000000000000000e+01 7.238219895287958949e-02
8.100000000000000000e+01 7.247382198952879995e-02
8.200000000000000000e+01 7.229057591623037904e-02
8.300000000000000000e+01 7.238219895287958949e-02
8.400000000000000000e+01 7.238219895287958949e-02
8.500000000000000000e+01 7.238219895287958949e-02
8.600000000000000000e+01 7.247382198952879995e-02
8.700000000000000000e+01 7.174083769633508856e-02
8.800000000000000000e+01 7.183246073298429901e-02
8.900000000000000000e+01 7.210732984293194425e-02
9.000000000000000000e+01 7.109947643979058762e-02
9.100000000000000000e+01 7.183246073298429901e-02
9.200000000000000000e+01 7.183246073298429901e-02
9.300000000000000000e+01 7.183246073298429901e-02
9.400000000000000000e+01 7.183246073298429901e-02
9.500000000000000000e+01 7.174083769633508856e-02
9.600000000000000000e+01 7.137434554973823286e-02
9.700000000000000000e+01 7.174083769633508856e-02
9.800000000000000000e+01 7.174083769633508856e-02
9.900000000000000000e+01 7.201570680628273380e-02
1.000000000000000000e+02 7.192408376963350947e-02
1.010000000000000000e+02 7.164921465968587810e-02
1.020000000000000000e+02 7.201570680628273380e-02
1.030000000000000000e+02 7.146596858638744332e-02
1.040000000000000000e+02 7.183246073298429901e-02
1.050000000000000000e+02 7.155759162303665377e-02
1.060000000000000000e+02 7.155759162303665377e-02
1.070000000000000000e+02 7.146596858638744332e-02
1.080000000000000000e+02 7.192408376963350947e-02
1.090000000000000000e+02 7.412303664921467139e-02
1.100000000000000000e+02 7.787958115183246655e-02
1.110000000000000000e+02 8.154450261780105125e-02
1.120000000000000000e+02 8.392670157068063408e-02
1.130000000000000000e+02 8.383507853403142362e-02
1.140000000000000000e+02 8.438481675392671411e-02
1.150000000000000000e+02 8.383507853403142362e-02
1.160000000000000000e+02 8.438481675392671411e-02
1.170000000000000000e+02 8.401832460732985841e-02
1.180000000000000000e+02 8.484293193717278025e-02
1.190000000000000000e+02 8.365183246073298884e-02
1.200000000000000000e+02 8.484293193717278025e-02
1.210000000000000000e+02 8.456806282722513501e-02
1.220000000000000000e+02 8.456806282722513501e-02
1.230000000000000000e+02 8.438481675392671411e-02
1.240000000000000000e+02 8.447643979057592456e-02
1.250000000000000000e+02 8.429319371727748977e-02
1.260000000000000000e+02 8.456806282722513501e-02
1.270000000000000000e+02 8.438481675392671411e-02
1.280000000000000000e+02 8.429319371727748977e-02
1.290000000000000000e+02 8.429319371727748977e-02
1.300000000000000000e+02 8.493455497382200459e-02
1.310000000000000000e+02 8.447643979057592456e-02
1.320000000000000000e+02 8.429319371727748977e-02
1.330000000000000000e+02 8.456806282722513501e-02
1.340000000000000000e+02 8.493455497382200459e-02
1.350000000000000000e+02 8.511780104712042549e-02
1.360000000000000000e+02 8.447643979057592456e-02
1.370000000000000000e+02 8.493455497382200459e-02
1.380000000000000000e+02 8.410994764397906887e-02
1.390000000000000000e+02 8.530104712041886028e-02
1.400000000000000000e+02 8.520942408376963595e-02
1.410000000000000000e+02 8.502617801047121504e-02
1.420000000000000000e+02 8.475130890052356980e-02
1.430000000000000000e+02 8.484293193717278025e-02
1.440000000000000000e+02 8.475130890052356980e-02
1.450000000000000000e+02 8.493455497382200459e-02
1.460000000000000000e+02 8.603403141361257167e-02
1.470000000000000000e+02 8.493455497382200459e-02
1.480000000000000000e+02 8.475130890052356980e-02
1.490000000000000000e+02 8.557591623036650552e-02
1.500000000000000000e+02 8.649214659685865170e-02
1.510000000000000000e+02 8.603403141361257167e-02
1.520000000000000000e+02 8.585078534031415076e-02
1.530000000000000000e+02 8.575916230366492643e-02
1.540000000000000000e+02 8.585078534031415076e-02
1.550000000000000000e+02 8.640052356020942737e-02
1.560000000000000000e+02 8.640052356020942737e-02
1.570000000000000000e+02 8.676701570680629694e-02
1.580000000000000000e+02 8.759162303664921878e-02
1.590000000000000000e+02 9.134816753926702781e-02
1.600000000000000000e+02 9.455497382198953249e-02
1.610000000000000000e+02 9.831151832460734152e-02
1.620000000000000000e+02 1.019764397905759262e-01
1.630000000000000000e+02 1.052748691099476552e-01
1.640000000000000000e+02 1.051832460732984448e-01
1.650000000000000000e+02 1.064659685863874466e-01
1.660000000000000000e+02 1.064659685863874466e-01
1.670000000000000000e+02 1.065575916230366571e-01
