20220408 11:57:20,484	c_1_878_20220408_11_57_20,484.bmp	-5,533468E-3	-7,332548E-3	2,594737E-3	1,107786E-5
20220408 11:57:26,495	c_1_879_20220408_11_57_26,495.bmp	3,375557E-3	2,851233E-3	-1,223829E-3	-1,261932E-3
20220408 11:57:32,500	c_1_880_20220408_11_57_32,500.bmp	1,586471E-1	2,067285E-2	-1,223829E-3	-3,807953E-3
20220408 11:57:38,510	c_1_881_20220408_11_57_38,510.bmp	3,139187E-1	4,485933E-2	-2,496685E-3	-3,807953E-3
20220408 11:57:44,519	c_1_882_20220408_11_57_44,519.bmp	4,971901E-1	6,395392E-2	4,902598E-5	-3,807953E-3
20220408 11:57:50,521	c_1_883_20220408_11_57_50,521.bmp	6,995522E-1	7,922959E-2	3,867592E-3	1,107786E-5
20220408 11:57:56,523	c_1_884_20220408_11_57_56,523.bmp	9,108234E-1	1,008701E-1	4,902598E-5	-1,261932E-3
20220408 11:58:02,525	c_1_885_20220408_11_58_02,525.bmp	1,122095E+0	1,225107E-1	-3,769540E-3	1,107786E-5
20220408 11:58:08,530	c_1_886_20220408_11_58_08,530.bmp	1,323184E+0	1,377863E-1	1,321881E-3	3,830109E-3
20220408 11:58:14,542	c_1_887_20220408_11_58_14,542.bmp	1,523001E+0	1,606998E-1	4,902598E-5	-3,807953E-3
20220408 11:58:20,553	c_1_888_20220408_11_58_20,553.bmp	1,726636E+0	1,785215E-1	4,902598E-5	2,557098E-3
20220408 11:58:26,558	c_1_889_20220408_11_58_26,558.bmp	1,913725E+0	1,988890E-1	2,594737E-3	3,830109E-3
20220408 11:58:32,562	c_1_890_20220408_11_58_32,562.bmp	2,096996E+0	2,205295E-1	-1,223829E-3	1,107786E-5
20220408 11:58:38,569	c_1_891_20220408_11_58_38,569.bmp	2,259904E+0	2,408971E-1	1,321881E-3	1,107786E-5
20220408 11:58:44,571	c_1_892_20220408_11_58_44,571.bmp	2,384631E+0	2,625376E-1	-3,769540E-3	1,107786E-5
20220408 11:58:50,574	c_1_893_20220408_11_58_50,574.bmp	2,323540E+0	2,803593E-1	4,902598E-5	1,107786E-5
20220408 11:58:56,578	c_1_894_20220408_11_58_56,578.bmp	2,161905E+0	2,981809E-1	2,594737E-3	2,557098E-3
20220408 11:59:02,579	c_1_895_20220408_11_59_02,579.bmp	2,098269E+0	3,210944E-1	1,321881E-3	1,107786E-5
20220408 11:59:08,584	c_1_896_20220408_11_59_08,584.bmp	1,885725E+0	3,389160E-1	-1,223829E-3	2,557098E-3
20220408 11:59:14,595	c_1_897_20220408_11_59_14,595.bmp	1,762272E+0	3,618295E-1	4,902598E-5	1,284088E-3
20220408 11:59:20,599	c_1_898_20220408_11_59_20,599.bmp	1,631182E+0	3,809241E-1	-1,223829E-3	-1,261932E-3
20220408 11:59:26,604	c_1_899_20220408_11_59_26,604.bmp	1,473365E+0	4,038376E-1	-3,769540E-3	-3,807953E-3
20220408 11:59:32,609	c_1_900_20220408_11_59_32,609.bmp	1,380456E+0	4,229322E-1	-3,769540E-3	-3,807953E-3
20220408 11:59:38,611	c_1_901_20220408_11_59_38,611.bmp	1,306639E+0	4,445727E-1	-3,769540E-3	-3,807953E-3
20220408 11:59:44,626	c_1_902_20220408_11_59_44,626.bmp	1,222639E+0	4,598484E-1	4,902598E-5	1,107786E-5
20220408 11:59:50,632	c_1_903_20220408_11_59_50,632.bmp	1,151367E+0	4,840349E-1	-2,496685E-3	-3,807953E-3
20220408 11:59:56,635	c_1_904_20220408_11_59_56,635.bmp	1,136094E+0	5,056754E-1	4,902598E-5	-3,807953E-3
20220408 12:00:02,642	c_1_905_20220408_12_00_02,642.bmp	1,133549E+0	5,247700E-1	-3,769540E-3	-5,080963E-3
20220408 12:00:08,651	c_1_906_20220408_12_00_08,651.bmp	1,146276E+0	5,413186E-1	4,902598E-5	1,107786E-5
20220408 12:00:14,658	c_1_907_20220408_12_00_14,658.bmp	1,171731E+0	5,655051E-1	-2,496685E-3	1,107786E-5
20220408 12:00:20,662	c_1_908_20220408_12_00_20,662.bmp	1,204821E+0	5,820538E-1	4,902598E-5	1,284088E-3
20220408 12:00:26,665	c_1_909_20220408_12_00_26,665.bmp	1,235366E+0	6,049673E-1	-1,223829E-3	-3,807953E-3
20220408 12:00:32,669	c_1_910_20220408_12_00_32,669.bmp	1,271003E+0	6,215159E-1	-1,223829E-3	1,107786E-5
20220408 12:00:38,680	c_1_911_20220408_12_00_38,680.bmp	1,307911E+0	6,444294E-1	-3,769540E-3	-3,807953E-3
20220408 12:00:44,684	c_1_912_20220408_12_00_44,684.bmp	1,339729E+0	6,635240E-1	1,321881E-3	-3,807953E-3
20220408 12:00:50,687	c_1_913_20220408_12_00_50,687.bmp	1,375365E+0	6,826186E-1	1,321881E-3	3,830109E-3
20220408 12:00:56,692	c_1_914_20220408_12_00_56,692.bmp	1,409729E+0	7,042591E-1	4,902598E-5	-3,807953E-3
20220408 12:01:02,694	c_1_915_20220408_12_01_02,694.bmp	1,437729E+0	7,182618E-1	2,594737E-3	1,107786E-5
20220408 12:01:08,695	c_1_916_20220408_12_01_08,695.bmp	1,475910E+0	7,437213E-1	4,902598E-5	-3,807953E-3
20220408 12:01:14,705	c_1_917_20220408_12_01_14,705.bmp	1,506455E+0	7,615429E-1	-2,496685E-3	1,284088E-3
20220408 12:01:20,709	c_1_918_20220408_12_01_20,709.bmp	1,531910E+0	7,806375E-1	-3,769540E-3	1,107786E-5
20220408 12:01:26,715	c_1_919_20220408_12_01_26,715.bmp	1,557364E+0	7,997321E-1	4,902598E-5	-1,261932E-3
20220408 12:01:32,720	c_1_920_20220408_12_01_32,720.bmp	1,582818E+0	8,226456E-1	-3,769540E-3	-2,534943E-3
20220408 12:01:38,721	c_1_921_20220408_12_01_38,721.bmp	1,600636E+0	8,404672E-1	-1,223829E-3	1,107786E-5
20220408 12:01:44,725	c_1_922_20220408_12_01_44,725.bmp	1,608273E+0	8,582888E-1	2,594737E-3	2,557098E-3
20220408 12:01:50,734	c_1_923_20220408_12_01_50,734.bmp	1,610818E+0	8,812023E-1	4,902598E-5	-1,261932E-3
20220408 12:01:56,738	c_1_924_20220408_12_01_56,738.bmp	1,514092E+0	9,028429E-1	-3,769540E-3	-3,807953E-3
20220408 12:02:02,744	c_1_925_20220408_12_02_02,744.bmp	1,276093E+0	9,206645E-1	1,321881E-3	1,107786E-5
20220408 12:02:08,749	c_1_926_20220408_12_02_08,749.bmp	1,246821E+0	9,435780E-1	-3,769540E-3	1,107786E-5
20220408 12:02:14,751	c_1_927_20220408_12_02_14,751.bmp	1,225185E+0	9,550347E-1	2,594737E-3	3,830109E-3
20220408 12:02:20,755	c_1_928_20220408_12_02_20,755.bmp	1,049550E+0	9,804942E-1	3,867592E-3	-1,261932E-3
20220408 12:02:26,762	c_1_929_20220408_12_02_26,762.bmp	9,680957E-1	1,000862E+0	4,902598E-5	2,557098E-3
20220408 12:02:32,768	c_1_930_20220408_12_02_32,768.bmp	9,719139E-1	1,025048E+0	-3,769540E-3	-3,807953E-3
20220408 12:02:38,772	c_1_931_20220408_12_02_38,772.bmp	9,757320E-1	1,040324E+0	1,321881E-3	1,107786E-5
20220408 12:02:44,773	c_1_932_20220408_12_02_44,773.bmp	9,910046E-1	1,059418E+0	2,594737E-3	2,557098E-3
20220408 12:02:50,778	c_1_933_20220408_12_02_50,778.bmp	1,013914E+0	1,084878E+0	-3,769540E-3	-3,807953E-3
20220408 12:02:56,779	c_1_934_20220408_12_02_56,779.bmp	1,029186E+0	1,100154E+0	4,902598E-5	-1,261932E-3
20220408 12:03:02,787	c_1_935_20220408_12_03_02,787.bmp	1,047004E+0	1,121794E+0	4,902598E-5	1,107786E-5
20220408 12:03:08,797	c_1_936_20220408_12_03_08,797.bmp	1,054641E+0	1,138343E+0	2,594737E-3	2,557098E-3
20220408 12:03:14,799	c_1_937_20220408_12_03_14,799.bmp	1,080095E+0	1,165075E+0	-2,496685E-3	-3,807953E-3
20220408 12:03:20,805	c_1_938_20220408_12_03_20,805.bmp	1,094095E+0	1,176532E+0	-2,496685E-3	2,557098E-3
20220408 12:03:26,810	c_1_939_20220408_12_03_26,810.bmp	1,105549E+0	1,201991E+0	2,594737E-3	1,107786E-5
20220408 12:03:32,816	c_1_940_20220408_12_03_32,816.bmp	1,122095E+0	1,218540E+0	4,902598E-5	2,557098E-3
20220408 12:03:38,821	c_1_941_20220408_12_03_38,821.bmp	1,141185E+0	1,241454E+0	4,902598E-5	1,107786E-5
20220408 12:03:44,823	c_1_942_20220408_12_03_44,823.bmp	1,157731E+0	1,261821E+0	-5,042396E-3	1,107786E-5
20220408 12:03:50,825	c_1_943_20220408_12_03_50,825.bmp	1,169185E+0	1,277097E+0	4,902598E-5	2,557098E-3
20220408 12:03:56,826	c_1_944_20220408_12_03_56,826.bmp	1,184458E+0	1,298737E+0	-1,223829E-3	3,830109E-3
20220408 12:04:02,831	c_1_945_20220408_12_04_02,831.bmp	1,193367E+0	1,320378E+0	4,902598E-5	1,284088E-3
20220408 12:04:08,832	c_1_946_20220408_12_04_08,832.bmp	1,207367E+0	1,345837E+0	-3,769540E-3	-3,807953E-3
20220408 12:04:14,835	c_1_947_20220408_12_04_14,835.bmp	1,215003E+0	1,361113E+0	-1,223829E-3	1,107786E-5
20220408 12:04:20,843	c_1_948_20220408_12_04_20,843.bmp	1,222639E+0	1,381481E+0	4,902598E-5	-1,261932E-3
20220408 12:04:26,845	c_1_949_20220408_12_04_26,845.bmp	1,218821E+0	1,400575E+0	-1,223829E-3	1,107786E-5
20220408 12:04:32,852	c_1_950_20220408_12_04_32,852.bmp	1,190821E+0	1,420943E+0	-3,769540E-3	1,107786E-5
20220408 12:04:38,855	c_1_951_20220408_12_04_38,855.bmp	1,167912E+0	1,440037E+0	-1,223829E-3	2,557098E-3
20220408 12:04:44,857	c_1_952_20220408_12_04_44,857.bmp	1,150094E+0	1,461678E+0	4,902598E-5	1,107786E-5
20220408 12:04:50,864	c_1_953_20220408_12_04_50,864.bmp	1,127185E+0	1,482045E+0	4,902598E-5	1,107786E-5
20220408 12:04:56,873	c_1_954_20220408_12_04_56,873.bmp	1,108095E+0	1,502413E+0	-1,223829E-3	-1,261932E-3
20220408 12:05:02,878	c_1_955_20220408_12_05_02,878.bmp	1,069913E+0	1,522781E+0	-2,496685E-3	-1,261932E-3
20220408 12:05:08,880	c_1_956_20220408_12_05_08,880.bmp	1,061004E+0	1,540602E+0	1,321881E-3	-1,261932E-3
20220408 12:05:14,881	c_1_957_20220408_12_05_14,881.bmp	1,058459E+0	1,560970E+0	4,902598E-5	1,107786E-5
20220408 12:05:20,883	c_1_958_20220408_12_05_20,883.bmp	1,053368E+0	1,578791E+0	3,867592E-3	1,284088E-3
20220408 12:05:26,888	c_1_959_20220408_12_05_26,888.bmp	1,053368E+0	1,600432E+0	4,902598E-5	-1,261932E-3
20220408 12:05:32,889	c_1_960_20220408_12_05_32,889.bmp	1,043186E+0	1,618253E+0	3,867592E-3	1,284088E-3
20220408 12:05:38,893	c_1_961_20220408_12_05_38,893.bmp	1,025368E+0	1,642440E+0	-1,223829E-3	1,107786E-5
20220408 12:05:44,899	c_1_962_20220408_12_05_44,899.bmp	8,497329E-1	1,657716E+0	3,867592E-3	2,557098E-3
20220408 12:05:50,899	c_1_963_20220408_12_05_50,899.bmp	8,510057E-1	1,678083E+0	2,594737E-3	2,557098E-3
20220408 12:05:56,907	c_1_964_20220408_12_05_56,907.bmp	8,611874E-1	1,700997E+0	4,902598E-5	-1,261932E-3
20220408 12:06:02,909	c_1_965_20220408_12_06_02,909.bmp	8,662783E-1	1,721364E+0	2,594737E-3	1,107786E-5
20220408 12:06:08,910	c_1_966_20220408_12_06_08,910.bmp	8,751873E-1	1,741732E+0	-1,223829E-3	-1,261932E-3
20220408 12:06:14,914	c_1_967_20220408_12_06_14,914.bmp	8,828236E-1	1,762099E+0	1,321881E-3	-3,807953E-3
20220408 12:06:20,915	c_1_968_20220408_12_06_20,915.bmp	8,930054E-1	1,786286E+0	-3,769540E-3	-3,807953E-3
20220408 12:06:26,917	c_1_969_20220408_12_06_26,917.bmp	8,942781E-1	1,797743E+0	1,321881E-3	3,830109E-3
20220408 12:06:32,925	c_1_970_20220408_12_06_32,925.bmp	9,031871E-1	1,820656E+0	4,902598E-5	1,284088E-3
20220408 12:06:38,931	c_1_971_20220408_12_06_38,931.bmp	9,120961E-1	1,842297E+0	-3,769540E-3	-3,807953E-3
20220408 12:06:44,935	c_1_972_20220408_12_06_44,935.bmp	9,184597E-1	1,863937E+0	-3,769540E-3	-3,807953E-3
20220408 12:06:50,938	c_1_973_20220408_12_06_50,938.bmp	9,171870E-1	1,880486E+0	3,867592E-3	1,284088E-3
20220408 12:06:56,941	c_1_974_20220408_12_06_56,941.bmp	9,197324E-1	1,900853E+0	2,594737E-3	2,557098E-3
20220408 12:07:02,946	c_1_975_20220408_12_07_02,946.bmp	9,248233E-1	1,918675E+0	-1,223829E-3	2,557098E-3
20220408 12:07:08,951	c_1_976_20220408_12_07_08,951.bmp	9,324596E-1	1,944134E+0	-5,042396E-3	-3,807953E-3
20220408 12:07:14,959	c_1_977_20220408_12_07_14,959.bmp	9,337323E-1	1,965775E+0	-3,769540E-3	-3,807953E-3
20220408 12:07:20,961	c_1_978_20220408_12_07_20,961.bmp	9,286415E-1	1,982324E+0	4,902598E-5	-1,261932E-3
20220408 12:07:26,965	c_1_979_20220408_12_07_26,965.bmp	9,235506E-1	2,001418E+0	-5,042396E-3	1,107786E-5
20220408 12:07:32,969	c_1_980_20220408_12_07_32,969.bmp	8,904599E-1	2,021786E+0	4,902598E-5	1,107786E-5
20220408 12:07:38,970	c_1_981_20220408_12_07_38,970.bmp	8,586420E-1	2,040880E+0	3,867592E-3	1,107786E-5
20220408 12:07:44,971	c_1_982_20220408_12_07_44,971.bmp	8,280967E-1	2,058702E+0	4,902598E-5	2,557098E-3
20220408 12:07:50,978	c_1_983_20220408_12_07_50,978.bmp	7,084613E-1	2,081615E+0	1,321881E-3	-1,261932E-3
20220408 12:07:56,982	c_1_984_20220408_12_07_56,982.bmp	6,639161E-1	2,103256E+0	-2,496685E-3	-3,807953E-3
20220408 12:08:02,984	c_1_985_20220408_12_08_02,984.bmp	6,588253E-1	2,122351E+0	-2,496685E-3	-1,261932E-3
20220408 12:08:08,988	c_1_986_20220408_12_08_08,988.bmp	6,613707E-1	2,141445E+0	4,902598E-5	1,107786E-5
20220408 12:08:14,993	c_1_987_20220408_12_08_14,993.bmp	6,626434E-1	2,156721E+0	3,867592E-3	2,557098E-3
20220408 12:08:20,997	c_1_988_20220408_12_08_20,997.bmp	6,740979E-1	2,183453E+0	-3,769540E-3	-3,807953E-3
20220408 12:08:27,007	c_1_989_20220408_12_08_27,007.bmp	6,740979E-1	2,197456E+0	1,321881E-3	2,557098E-3
20220408 12:08:33,007	c_1_990_20220408_12_08_33,007.bmp	6,830069E-1	2,219097E+0	1,321881E-3	5,103119E-3
20220408 12:08:39,013	c_1_991_20220408_12_08_39,013.bmp	6,919159E-1	2,244556E+0	-5,042396E-3	-5,080963E-3
20220408 12:08:45,018	c_1_992_20220408_12_08_45,018.bmp	6,906432E-1	2,262378E+0	-1,223829E-3	1,107786E-5
20220408 12:08:51,022	c_1_993_20220408_12_08_51,022.bmp	6,957341E-1	2,278926E+0	1,321881E-3	2,557098E-3
20220408 12:08:57,026	c_1_994_20220408_12_08_57,026.bmp	7,033704E-1	2,304386E+0	1,321881E-3	-3,807953E-3
20220408 12:09:03,034	c_1_995_20220408_12_09_03,034.bmp	7,135521E-1	2,323480E+0	-3,769540E-3	-3,807953E-3
20220408 12:09:09,041	c_1_996_20220408_12_09_09,041.bmp	7,122794E-1	2,343848E+0	-1,223829E-3	-2,534943E-3
20220408 12:09:15,042	c_1_997_20220408_12_09_15,042.bmp	7,186430E-1	2,364215E+0	4,902598E-5	-3,807953E-3
20220408 12:09:21,046	c_1_998_20220408_12_09_21,046.bmp	7,160976E-1	2,380764E+0	1,321881E-3	-1,261932E-3
20220408 12:09:27,051	c_1_999_20220408_12_09_27,051.bmp	7,300975E-1	2,403678E+0	-3,769540E-3	-3,807953E-3
20220408 12:09:33,054	c_1_1000_20220408_12_09_33,054.bmp	7,288247E-1	2,417680E+0	4,902598E-5	1,107786E-5
20220408 12:09:39,062	c_1_1001_20220408_12_09_39,062.bmp	7,351883E-1	2,444413E+0	-3,769540E-3	-3,807953E-3
20220408 12:09:45,064	c_1_1002_20220408_12_09_45,064.bmp	7,339156E-1	2,460961E+0	1,321881E-3	1,107786E-5
20220408 12:09:51,068	c_1_1003_20220408_12_09_51,068.bmp	7,364611E-1	2,480056E+0	-1,223829E-3	1,107786E-5
20220408 12:09:57,071	c_1_1004_20220408_12_09_57,071.bmp	7,440974E-1	2,500423E+0	-1,223829E-3	-3,807953E-3
20220408 12:10:03,076	c_1_1005_20220408_12_10_03,076.bmp	7,466428E-1	2,523337E+0	4,902598E-5	-3,807953E-3
20220408 12:10:09,080	c_1_1006_20220408_12_10_09,080.bmp	7,530064E-1	2,539886E+0	-3,769540E-3	1,107786E-5
20220408 12:10:15,081	c_1_1007_20220408_12_10_15,081.bmp	7,504610E-1	2,557707E+0	2,594737E-3	-1,261932E-3
20220408 12:10:21,083	c_1_1008_20220408_12_10_21,083.bmp	7,555518E-1	2,580621E+0	4,902598E-5	1,107786E-5
20220408 12:10:27,090	c_1_1009_20220408_12_10_27,090.bmp	7,619154E-1	2,603534E+0	-3,769540E-3	-3,807953E-3
20220408 12:10:33,098	c_1_1010_20220408_12_10_33,098.bmp	7,657336E-1	2,623902E+0	-3,769540E-3	-3,807953E-3
20220408 12:10:39,102	c_1_1011_20220408_12_10_39,102.bmp	7,670063E-1	2,640450E+0	4,902598E-5	1,107786E-5
20220408 12:10:45,110	c_1_1012_20220408_12_10_45,110.bmp	7,644608E-1	2,662091E+0	3,867592E-3	1,107786E-5
20220408 12:10:51,118	c_1_1013_20220408_12_10_51,118.bmp	7,657336E-1	2,681186E+0	4,902598E-5	3,830109E-3
20220408 12:10:57,119	c_1_1014_20220408_12_10_57,119.bmp	7,657336E-1	2,701553E+0	4,902598E-5	3,830109E-3
20220408 12:11:03,123	c_1_1015_20220408_12_11_03,123.bmp	7,644608E-1	2,721921E+0	4,902598E-5	1,107786E-5
20220408 12:11:09,126	c_1_1016_20220408_12_11_09,126.bmp	7,275520E-1	2,742288E+0	4,902598E-5	1,107786E-5
20220408 12:11:15,127	c_1_1017_20220408_12_11_15,127.bmp	7,186430E-1	2,760110E+0	-1,223829E-3	2,557098E-3
20220408 12:11:21,129	c_1_1018_20220408_12_11_21,129.bmp	7,135521E-1	2,781750E+0	-1,223829E-3	-3,807953E-3
20220408 12:11:27,132	c_1_1019_20220408_12_11_27,132.bmp	6,970068E-1	2,804664E+0	-2,496685E-3	-3,807953E-3
20220408 12:11:33,134	c_1_1020_20220408_12_11_33,134.bmp	6,053711E-1	2,818667E+0	2,594737E-3	2,557098E-3
20220408 12:11:39,146	c_1_1021_20220408_12_11_39,146.bmp	5,811895E-1	2,841580E+0	4,902598E-5	1,107786E-5
20220408 12:11:45,155	c_1_1022_20220408_12_11_45,155.bmp	5,824622E-1	2,859402E+0	3,867592E-3	2,557098E-3
20220408 12:11:51,160	c_1_1023_20220408_12_11_51,160.bmp	5,900985E-1	2,881042E+0	-1,223829E-3	1,107786E-5
20220408 12:11:57,165	c_1_1024_20220408_12_11_57,165.bmp	5,900985E-1	2,897591E+0	2,594737E-3	2,557098E-3
20220408 12:12:03,172	c_1_1025_20220408_12_12_03,172.bmp	5,990075E-1	2,925596E+0	1,321881E-3	-3,807953E-3
20220408 12:12:09,180	c_1_1026_20220408_12_12_09,180.bmp	6,040984E-1	2,944691E+0	-2,496685E-3	-5,080963E-3
20220408 12:12:15,182	c_1_1027_20220408_12_12_15,182.bmp	6,028257E-1	2,958694E+0	2,594737E-3	2,557098E-3
20220408 12:12:21,185	c_1_1028_20220408_12_12_21,185.bmp	6,130074E-1	2,984153E+0	-3,769540E-3	-2,534943E-3
20220408 12:12:27,188	c_1_1029_20220408_12_12_27,188.bmp	6,142801E-1	3,000702E+0	1,321881E-3	-1,261932E-3
20220408 12:12:33,191	c_1_1030_20220408_12_12_33,191.bmp	6,168256E-1	3,024888E+0	-2,496685E-3	-3,807953E-3
20220408 12:12:39,192	c_1_1031_20220408_12_12_39,192.bmp	6,219164E-1	3,041437E+0	4,902598E-5	1,107786E-5
20220408 12:12:45,203	c_1_1032_20220408_12_12_45,203.bmp	6,270073E-1	3,065623E+0	-1,223829E-3	-3,807953E-3
20220408 12:12:51,208	c_1_1033_20220408_12_12_51,208.bmp	6,320982E-1	3,083445E+0	-3,769540E-3	-3,807953E-3
20220408 12:12:57,209	c_1_1034_20220408_12_12_57,209.bmp	6,270073E-1	3,101267E+0	2,594737E-3	-1,261932E-3
20220408 12:13:03,213	c_1_1035_20220408_12_13_03,213.bmp	6,346436E-1	3,124180E+0	4,902598E-5	-3,807953E-3
20220408 12:13:09,217	c_1_1036_20220408_12_13_09,217.bmp	6,410072E-1	3,140729E+0	-2,496685E-3	-1,261932E-3
20220408 12:13:15,221	c_1_1037_20220408_12_13_15,221.bmp	6,435526E-1	3,166188E+0	-3,769540E-3	-3,807953E-3
20220408 12:13:21,228	c_1_1038_20220408_12_13_21,228.bmp	6,499162E-1	3,184010E+0	-3,769540E-3	-5,080963E-3
20220408 12:13:27,230	c_1_1039_20220408_12_13_27,230.bmp	6,486435E-1	3,198012E+0	4,902598E-5	2,557098E-3
20220408 12:13:33,236	c_1_1040_20220408_12_13_33,236.bmp	6,537344E-1	3,224745E+0	-3,769540E-3	-3,807953E-3
20220408 12:13:39,241	c_1_1041_20220408_12_13_39,241.bmp	6,499162E-1	3,237475E+0	2,594737E-3	2,557098E-3
20220408 12:13:45,242	c_1_1042_20220408_12_13_45,242.bmp	6,550071E-1	3,262934E+0	4,902598E-5	-3,807953E-3
20220408 12:13:51,243	c_1_1043_20220408_12_13_51,243.bmp	6,588253E-1	3,280756E+0	-3,769540E-3	1,107786E-5
20220408 12:13:57,245	c_1_1044_20220408_12_13_57,245.bmp	6,499162E-1	3,302396E+0	6,413303E-3	1,107786E-5
20220408 12:14:03,246	c_1_1045_20220408_12_14_03,246.bmp	6,371891E-1	3,320218E+0	3,867592E-3	-1,261932E-3
20220408 12:14:09,247	c_1_1046_20220408_12_14_09,247.bmp	6,155529E-1	3,340585E+0	4,902598E-5	-2,534943E-3
20220408 12:14:15,256	c_1_1047_20220408_12_14_15,256.bmp	6,091893E-1	3,364772E+0	-3,769540E-3	-3,807953E-3
20220408 12:14:21,257	c_1_1048_20220408_12_14_21,257.bmp	5,939167E-1	3,381321E+0	-1,223829E-3	1,284088E-3
20220408 12:14:27,259	c_1_1049_20220408_12_14_27,259.bmp	5,799168E-1	3,397869E+0	3,867592E-3	3,830109E-3
20220408 12:14:33,266	c_1_1050_20220408_12_14_33,266.bmp	5,824622E-1	3,422056E+0	-3,769540E-3	1,107786E-5
20220408 12:14:39,267	c_1_1051_20220408_12_14_39,267.bmp	5,710077E-1	3,439877E+0	2,594737E-3	1,107786E-5
20220408 12:14:45,272	c_1_1052_20220408_12_14_45,272.bmp	5,710077E-1	3,460245E+0	1,321881E-3	1,107786E-5
20220408 12:14:51,274	c_1_1053_20220408_12_14_51,274.bmp	5,760986E-1	3,481885E+0	-2,496685E-3	1,107786E-5
20220408 12:14:57,280	c_1_1054_20220408_12_14_57,280.bmp	5,760986E-1	3,500980E+0	-3,769540E-3	1,284088E-3
20220408 12:15:03,285	c_1_1055_20220408_12_15_03,285.bmp	5,710077E-1	3,523893E+0	-5,042396E-3	-3,807953E-3
20220408 12:15:09,289	c_1_1056_20220408_12_15_09,289.bmp	5,213717E-1	3,542988E+0	-3,769540E-3	-3,807953E-3
20220408 12:15:15,292	c_1_1057_20220408_12_15_15,292.bmp	5,111900E-1	3,560810E+0	4,902598E-5	1,107786E-5
20220408 12:15:21,293	c_1_1058_20220408_12_15_21,293.bmp	5,035537E-1	3,581177E+0	3,867592E-3	1,107786E-5
20220408 12:15:27,296	c_1_1059_20220408_12_15_27,296.bmp	5,099173E-1	3,600272E+0	4,902598E-5	-1,261932E-3
20220408 12:15:33,299	c_1_1060_20220408_12_15_33,299.bmp	5,111900E-1	3,609183E+0	4,902598E-5	-3,807953E-3
