0.000000000000000000e+00 -7.305936073059359848e-04
1.000000000000000000e+00 -7.305936073059359848e-04
2.000000000000000000e+00 -6.392694063926939460e-04
3.000000000000000000e+00 -6.392694063926939460e-04
4.000000000000000000e+00 -5.479452054794520157e-04
5.000000000000000000e+00 -5.479452054794520157e-04
6.000000000000000000e+00 -4.566210045662099769e-04
7.000000000000000000e+00 -4.566210045662099769e-04
8.000000000000000000e+00 -3.652968036529679924e-04
9.000000000000000000e+00 -3.652968036529679924e-04
1.000000000000000000e+01 -2.739726027397260079e-04
1.100000000000000000e+01 -2.739726027397260079e-04
1.200000000000000000e+01 -1.826484018264839962e-04
1.300000000000000000e+01 -1.826484018264839962e-04
1.400000000000000000e+01 -9.132420091324199810e-05
1.500000000000000000e+01 -9.132420091324199810e-05
1.600000000000000000e+01 -9.132420091324199810e-05
1.700000000000000000e+01 0.000000000000000000e+00
1.800000000000000000e+01 0.000000000000000000e+00
1.900000000000000000e+01 3.744292237442921854e-03
2.000000000000000000e+01 3.744292237442921854e-03
2.100000000000000000e+01 3.835616438356163893e-03
2.200000000000000000e+01 4.566210045662100203e-03
2.300000000000000000e+01 8.310502283105021190e-03
2.400000000000000000e+01 1.168949771689497576e-02
2.500000000000000000e+01 1.470319634703196217e-02
2.600000000000000000e+01 1.835616438356164198e-02
2.700000000000000000e+01 2.210045662100456471e-02
2.800000000000000000e+01 2.109589041095890141e-02
2.900000000000000000e+01 2.474885844748858296e-02
3.000000000000000000e+01 2.703196347031963306e-02
3.100000000000000000e+01 2.694063926940638842e-02
3.200000000000000000e+01 2.757990867579908356e-02
3.300000000000000000e+01 2.757990867579908356e-02
3.400000000000000000e+01 2.767123287671232473e-02
3.500000000000000000e+01 2.785388127853881055e-02
3.600000000000000000e+01 2.812785388127853406e-02
3.700000000000000000e+01 2.849315068493150221e-02
3.800000000000000000e+01 2.885844748858447037e-02
3.900000000000000000e+01 2.931506849315067970e-02
4.000000000000000000e+01 2.940639269406392434e-02
4.100000000000000000e+01 2.968036529680364785e-02
4.200000000000000000e+01 2.968036529680364785e-02
4.300000000000000000e+01 2.995433789954337483e-02
4.400000000000000000e+01 2.986301369863013366e-02
4.500000000000000000e+01 2.995433789954337483e-02
4.600000000000000000e+01 3.360730593607305638e-02
4.700000000000000000e+01 3.735159817351597911e-02
4.800000000000000000e+01 4.100456621004565372e-02
4.900000000000000000e+01 4.392694063926939896e-02
5.000000000000000000e+01 4.566210045662100203e-02
5.100000000000000000e+01 4.767123287671232168e-02
5.200000000000000000e+01 4.767123287671232168e-02
5.300000000000000000e+01 4.776255707762556285e-02
5.400000000000000000e+01 4.858447488584474033e-02
5.500000000000000000e+01 4.885844748858447079e-02
5.600000000000000000e+01 4.876712328767122961e-02
5.700000000000000000e+01 4.913242009132419430e-02
5.800000000000000000e+01 4.922374429223743547e-02
5.900000000000000000e+01 4.940639269406391781e-02
6.000000000000000000e+01 4.949771689497716592e-02
6.100000000000000000e+01 4.949771689497716592e-02
6.200000000000000000e+01 5.031963470319634341e-02
6.300000000000000000e+01 5.013698630136985412e-02
6.400000000000000000e+01 5.041095890410958458e-02
6.500000000000000000e+01 5.050228310502282575e-02
6.600000000000000000e+01 5.105022831050227972e-02
6.700000000000000000e+01 5.123287671232876206e-02
6.800000000000000000e+01 5.159817351598172674e-02
6.900000000000000000e+01 5.187214611872145720e-02
7.000000000000000000e+01 5.223744292237442188e-02
7.100000000000000000e+01 5.269406392694063468e-02
7.200000000000000000e+01 5.415525114155250730e-02
7.300000000000000000e+01 5.598173515981734460e-02
7.400000000000000000e+01 5.744292237442921722e-02
7.500000000000000000e+01 5.908675799086757219e-02
7.600000000000000000e+01 6.118721461187213995e-02
7.700000000000000000e+01 6.337899543378994194e-02
7.800000000000000000e+01 6.511415525114154501e-02
7.900000000000000000e+01 6.584474885844747438e-02
8.000000000000000000e+01 6.639269406392693529e-02
8.100000000000000000e+01 6.721461187214611277e-02
8.200000000000000000e+01 6.748858447488584322e-02
8.300000000000000000e+01 6.785388127853880791e-02
8.400000000000000000e+01 6.748858447488584322e-02
8.500000000000000000e+01 6.949771689497716287e-02
8.600000000000000000e+01 6.977168949771689332e-02
8.700000000000000000e+01 7.013698630136985801e-02
8.800000000000000000e+01 7.105022831050226972e-02
8.900000000000000000e+01 7.114155251141551783e-02
9.000000000000000000e+01 7.132420091324200018e-02
9.100000000000000000e+01 7.159817351598173063e-02
9.200000000000000000e+01 7.187214611872144721e-02
9.300000000000000000e+01 7.214611872146117766e-02
9.400000000000000000e+01 7.223744292237442577e-02
9.500000000000000000e+01 7.232876712328766000e-02
9.600000000000000000e+01 7.260273972602739045e-02
9.700000000000000000e+01 7.287671232876712091e-02
9.800000000000000000e+01 7.360730593607305028e-02
9.900000000000000000e+01 7.397260273972601496e-02
1.000000000000000000e+02 7.433789954337897965e-02
1.010000000000000000e+02 7.570776255707761804e-02
1.020000000000000000e+02 7.735159817351597300e-02
1.030000000000000000e+02 7.917808219178081031e-02
1.040000000000000000e+02 8.191780821917807320e-02
1.050000000000000000e+02 8.502283105022830079e-02
1.060000000000000000e+02 8.803652968036528026e-02
1.070000000000000000e+02 8.885844748858445774e-02
1.080000000000000000e+02 8.885844748858445774e-02
1.090000000000000000e+02 8.831050228310501071e-02
1.100000000000000000e+02 8.922374429223743630e-02
1.110000000000000000e+02 8.940639269406391865e-02
1.120000000000000000e+02 8.958904109589040099e-02
1.130000000000000000e+02 8.977168949771688333e-02
1.140000000000000000e+02 8.995433789954336568e-02
1.150000000000000000e+02 8.986301369863013144e-02
1.160000000000000000e+02 8.986301369863013144e-02
1.170000000000000000e+02 8.995433789954336568e-02
1.180000000000000000e+02 8.986301369863013144e-02
1.190000000000000000e+02 8.986301369863013144e-02
1.200000000000000000e+02 9.004566210045661379e-02
1.210000000000000000e+02 9.041095890410957847e-02
1.220000000000000000e+02 9.050228310502282658e-02
1.230000000000000000e+02 9.004566210045661379e-02
1.240000000000000000e+02 9.132420091324200406e-02
1.250000000000000000e+02 9.141552511415523830e-02
1.260000000000000000e+02 9.168949771689496875e-02
1.270000000000000000e+02 9.196347031963468532e-02
1.280000000000000000e+02 9.196347031963468532e-02
1.290000000000000000e+02 9.242009132420089812e-02
1.300000000000000000e+02 9.278538812785387668e-02
1.310000000000000000e+02 9.305936073059359326e-02
1.320000000000000000e+02 9.324200913242007560e-02
1.330000000000000000e+02 9.342465753424655794e-02
1.340000000000000000e+02 9.378995433789953651e-02
1.350000000000000000e+02 9.442922374429223165e-02
1.360000000000000000e+02 9.506849315068492678e-02
1.370000000000000000e+02 9.634703196347030318e-02
1.380000000000000000e+02 9.780821917808217580e-02
1.390000000000000000e+02 9.936073059360729653e-02
1.400000000000000000e+02 1.005479452054794387e-01
1.410000000000000000e+02 1.029223744292237369e-01
1.420000000000000000e+02 1.066666666666666596e-01
1.430000000000000000e+02 1.083105022831050146e-01
1.440000000000000000e+02 1.086757990867579793e-01
1.450000000000000000e+02 1.088584474885844616e-01
1.460000000000000000e+02 1.091324200913241921e-01
1.470000000000000000e+02 1.091324200913241921e-01
1.480000000000000000e+02 1.092237442922374263e-01
1.490000000000000000e+02 1.093150684931506744e-01
1.500000000000000000e+02 1.094063926940639087e-01
1.510000000000000000e+02 1.094063926940639087e-01
1.520000000000000000e+02 1.094063926940639087e-01
1.530000000000000000e+02 1.094063926940639087e-01
1.540000000000000000e+02 1.099543378995433696e-01
1.550000000000000000e+02 1.098630136986301215e-01
1.560000000000000000e+02 1.099543378995433696e-01
1.570000000000000000e+02 1.100456621004566038e-01
1.580000000000000000e+02 1.098630136986301215e-01
1.590000000000000000e+02 1.101369863013698519e-01
1.600000000000000000e+02 1.102283105022830861e-01
1.610000000000000000e+02 1.103196347031963342e-01
1.620000000000000000e+02 1.103196347031963342e-01
1.630000000000000000e+02 1.105936073059360647e-01
1.640000000000000000e+02 1.105022831050228166e-01
1.650000000000000000e+02 1.109589041095890294e-01
1.660000000000000000e+02 1.111415525114155117e-01
1.670000000000000000e+02 1.120547945205479373e-01
1.680000000000000000e+02 1.140639269406392570e-01
1.690000000000000000e+02 1.152511415525113991e-01
1.700000000000000000e+02 1.171689497716894846e-01
1.710000000000000000e+02 1.192694063926940523e-01
1.720000000000000000e+02 1.208219178082191592e-01
1.730000000000000000e+02 1.221004566210045494e-01
1.740000000000000000e+02 1.227397260273972446e-01
1.750000000000000000e+02 1.232876712328766916e-01
1.760000000000000000e+02 1.237442922374429044e-01
1.770000000000000000e+02 1.243835616438355995e-01
1.780000000000000000e+02 1.271232876712328486e-01
1.790000000000000000e+02 1.279452054794520399e-01
1.800000000000000000e+02 1.281278538812785361e-01
1.810000000000000000e+02 1.280365296803652742e-01
1.820000000000000000e+02 1.284018264840182388e-01
