-2.156014784656052466e-06
-6.070719770667278679e-06
4.141519468999483970e-03
1.351232510050361796e-02
3.205400473133732803e-02
6.108478587762406625e-02
1.004218800362127878e-01
1.409633099826623215e-01
1.987055476928433484e-01
2.585302254832751445e-01
3.331310059250701117e-01
3.961684434526637211e-01
4.754496755349248427e-01
5.659479083315245296e-01
6.600826378997002308e-01
6.913812567417313426e-01
6.829369044557254131e-01
6.958472027026650908e-01
6.718579033727879457e-01
6.140284977841313774e-01
5.936163310909764457e-01
5.690846298797977987e-01
5.528177013054632605e-01
5.116109158459202222e-01
4.707688431608146873e-01
4.325229717857530520e-01
4.250268742114329812e-01
4.190680568644584714e-01
4.473047482089457239e-01
4.462646340569325076e-01
4.587153943248194476e-01
4.910776712725294368e-01
5.124636901846154613e-01
5.463495971496530323e-01
5.816819497248374438e-01
6.127500942571919573e-01
6.414219927834317048e-01
6.704124541527962666e-01
6.962925733139926354e-01
7.228618518643910029e-01
7.583846263366907925e-01
7.921337415547001770e-01
8.197129681322583572e-01
8.445154270960842924e-01
8.736834800514017285e-01
8.920471991995299055e-01
8.234172021399136510e-01
6.734872687506281430e-01
6.457299326210711454e-01
6.314561816034158781e-01
5.439682333845455853e-01
4.956774517570506355e-01
5.089921099813236038e-01
5.241298275201869972e-01
5.353040121052312639e-01
5.509677541242333776e-01
5.774609024047587802e-01
5.861331958581521562e-01
6.085492165767594219e-01
6.308113979432848906e-01
6.481191310357738988e-01
6.714728749286755782e-01
6.848962699085668904e-01
7.071058578486055790e-01
7.216001979727918458e-01
7.430341186611595372e-01
7.610816648924134675e-01
7.806675535557912049e-01
7.991304448157345863e-01
8.124789650263387619e-01
8.275832950461268211e-01
8.299414998261456233e-01
8.112544953713777263e-01
7.968886226204164869e-01
7.799834054306586939e-01
7.612386261954927624e-01
7.412408080254530018e-01
7.150097571091353910e-01
7.022035692637558224e-01
7.068827343183086143e-01
7.137533013619470346e-01
7.116784111634540944e-01
7.149638617376908867e-01
7.072663184651089008e-01
5.947042800503312687e-01
6.013260440283307862e-01
6.121343793602396222e-01
6.179430001866674793e-01
6.267453499602274603e-01
6.377063178110422559e-01
6.477876980547181418e-01
6.602142018443860616e-01
6.656765961360607831e-01
6.763377943058149766e-01
6.895042291352526664e-01
7.033289700587475046e-01
7.146528603814696901e-01
7.192013358891915509e-01
7.273053455820844837e-01
7.307888394686445910e-01
7.341350531202370799e-01
7.238477035862174169e-01
7.024861327806127820e-01
6.687896155264894116e-01
6.383657225807523039e-01
5.498334314350352692e-01
4.990273819462531790e-01
4.937817709742547967e-01
5.010618931807325760e-01
5.119000688039490043e-01
5.190702612511057801e-01
5.279460169256345869e-01
5.321219010875591904e-01
5.449601412062935468e-01
5.499653405850013499e-01
5.671177278657122400e-01
5.766377827250716015e-01
5.800703070820750762e-01
5.858754540123815024e-01
6.008505205689024242e-01
6.063830043905922285e-01
6.131596174060858218e-01
6.158934933197601769e-01
6.274325533251982057e-01
6.301782717129138511e-01
6.440087661132682939e-01
6.510000395671795559e-01
6.572302564887787524e-01
6.618745310318289166e-01
6.646510074499836218e-01
6.727187437236699097e-01
6.824041828893054884e-01
6.865149782245635324e-01
6.924379430142015845e-01
6.987747086413440556e-01
7.005910967473490958e-01
7.068927828664910429e-01
6.923401027702205113e-01
6.649263415748686290e-01
6.495973491468639560e-01
6.511467032740011485e-01
6.319552423896912519e-01
5.478959463013159947e-01
5.174409260863894744e-01
5.230768237481819849e-01
5.293545086871471739e-01
5.300796252423468635e-01
5.335728271621495988e-01
5.443881665089302935e-01
5.548218757068279494e-01
5.592436213026078518e-01
5.607095879413932504e-01
5.787588819107711835e-01
5.829064869024431772e-01
5.883459893011075970e-01
5.947765783493226266e-01
6.022260233393684770e-01
6.129318361155255968e-01
6.210958042566914195e-01
6.237755231749360085e-01
6.274294343661498408e-01
6.360809973787353577e-01
6.406269272242126611e-01
6.491161942942420549e-01
6.617284656704701673e-01
6.567694779642254677e-01
6.570079277936331508e-01
6.413181633360709455e-01
6.208120525339163587e-01
6.065671711739636374e-01
5.929516702043600151e-01
5.776346058495167579e-01
5.660767962547582632e-01
5.665874924161984350e-01
5.673614579893840881e-01
5.646684283606725474e-01
5.712764010024197203e-01
5.585652724694640803e-01
5.118725618680401990e-01
5.063111459700564421e-01
5.018504733174525834e-01
5.085811903674445356e-01
5.064347906139103905e-01
