-1.365642883591933643e-04
8.442756394810770493e-05
7.464466652028402954e-03
2.287314457248534882e-02
4.262678376944351033e-02
7.850003958629435397e-02
1.158777195423500439e-01
1.706493130451575968e-01
2.362129326999733159e-01
3.008230041426186441e-01
3.943928067386276992e-01
4.829008711251417396e-01
5.658061308558648417e-01
6.865928749487980598e-01
7.852442900283257421e-01
9.035170647034779234e-01
1.028837798369001799e+00
1.139954401081977764e+00
1.209956977367469433e+00
1.328458930894916401e+00
1.440110822342592689e+00
1.515044486068989338e+00
1.604521968036788149e+00
1.675729734052688213e+00
1.736535331980919805e+00
1.757218319638869097e+00
1.667419191836515768e+00
1.655433045581140350e+00
1.605631420840080814e+00
1.614292252365651770e+00
1.538466979977987981e+00
1.452981210563077941e+00
1.415937257942039285e+00
1.301254592260571608e+00
1.307332152202657305e+00
1.318131291489843093e+00
1.354032298334765239e+00
1.383704976589613667e+00
1.393491858765324221e+00
1.404099979157101385e+00
1.418118966343792309e+00
1.433196854163801381e+00
1.417382255376585354e+00
1.432318645275133751e+00
1.427568787969421660e+00
1.426233423969316405e+00
1.343294346671553008e+00
1.307647408116927368e+00
1.281702747673971743e+00
1.218561439790652567e+00
1.206884275688907771e+00
1.191332959850752937e+00
1.213620435051295798e+00
1.243237943932041345e+00
1.267483226219022097e+00
1.291902841516075373e+00
1.315689479278244978e+00
1.281271216138131885e+00
1.302436616053345597e+00
1.324047008187309027e+00
1.271094072246868434e+00
1.298539910423251120e+00
1.326355997555009436e+00
1.344679380933650581e+00
1.361447643595430135e+00
1.385182846186646444e+00
1.394413430483609107e+00
1.405045972366939955e+00
1.408190006576295783e+00
1.415354424153692170e+00
1.427447549656739145e+00
1.420946754840259896e+00
1.387163207884503091e+00
1.376527079069841619e+00
1.362751503335178471e+00
1.366450658483440161e+00
1.347043061267320541e+00
1.334692993215319756e+00
1.344647810434368873e+00
1.323754641353241945e+00
1.316568740922934300e+00
1.317374233655941751e+00
1.321062395630672182e+00
1.333171024755415601e+00
1.340713702756575865e+00
1.339137448231319860e+00
1.347820509590065052e+00
1.346921076524659311e+00
1.337951259181991093e+00
1.356147463479319359e+00
1.334158354130823287e+00
1.343029671540127312e+00
1.348306050862171812e+00
1.326253043265894327e+00
1.293176252621060396e+00
1.255106419183777522e+00
1.192927083175965297e+00
1.113514601282517003e+00
1.037193486217684368e+00
1.022045261805538452e+00
1.016655024965820164e+00
1.018869079651554710e+00
1.023030052911042320e+00
1.032494764469378046e+00
1.043859221751147315e+00
1.042144135043632236e+00
1.042925777909275542e+00
1.030312316774118386e+00
1.017424878048517556e+00
1.017661039833815062e+00
1.025292911259542805e+00
1.035677754788393301e+00
1.043636291176525122e+00
1.044468033435517418e+00
1.048022488417742926e+00
1.052686582848236352e+00
1.057620385209842695e+00
1.075404263983404940e+00
1.081381994492939924e+00
1.089073704461729575e+00
1.102486774227369626e+00
1.121242777943586733e+00
1.131455872233214199e+00
1.142686659808247907e+00
1.152002913001309192e+00
1.159562953081316516e+00
1.171841147580222620e+00
1.174494371007397175e+00
1.182861008421600468e+00
1.177120613460202581e+00
1.186976910950327202e+00
1.185031186562990335e+00
1.188927500354266975e+00
1.198227364061005940e+00
1.199268736352066878e+00
1.201544264178349142e+00
1.196616306353549986e+00
1.201398751551744137e+00
1.206485980883459819e+00
1.175352219902114914e+00
1.110317049168068282e+00
1.070268218354525125e+00
1.042165513183002545e+00
1.045044764361970246e+00
1.052989414727574902e+00
1.047285239122563327e+00
1.059999832609075154e+00
1.061430923207186128e+00
1.069751556851622709e+00
1.073901542882957694e+00
1.087087862298222518e+00
1.095267603948191004e+00
1.100801596268891069e+00
1.106589428246942175e+00
1.106037584335752832e+00
1.108362288587144695e+00
1.109622815008460606e+00
1.118827937860986665e+00
1.103544393196324025e+00
1.101570770104266073e+00
1.098176252594783353e+00
1.109830805041428503e+00
1.107203624744085513e+00
1.117033617193297079e+00
1.108492225021462607e+00
1.085380302173166944e+00
1.087196855926118921e+00
1.088361263024475667e+00
1.092253374435640412e+00
1.095515470192869101e+00
1.095168470397586136e+00
1.078964364690072175e+00
1.082090861253687919e+00
1.082834761049977335e+00
1.084577989931174269e+00
1.092173436802764241e+00
1.099358313897314199e+00
1.097568406641602934e+00
1.084482310025052021e+00
1.062577295677621159e+00
1.015167894944204008e+00
9.494410662030025039e-01
