20220408 10:25:22,913	c_0_262_20220408_10_25_22,913.bmp	-2,988033E-3	3,976744E-2	4,902598E-5	1,284088E-3
20220408 10:25:28,915	c_0_263_20220408_10_25_28,915.bmp	4,664796E-2	1,578260E-3	2,594737E-3	1,284088E-3
20220408 10:25:34,921	c_0_264_20220408_10_25_34,921.bmp	2,299193E-1	2,831068E-2	-1,223829E-3	-3,807953E-3
20220408 10:25:40,923	c_0_265_20220408_10_25_40,923.bmp	4,106453E-1	4,867825E-2	-3,769540E-3	-3,807953E-3
20220408 10:25:46,928	c_0_266_20220408_10_25_46,928.bmp	6,066438E-1	6,140797E-2	3,867592E-3	2,557098E-3
20220408 10:25:52,933	c_0_267_20220408_10_25_52,933.bmp	8,153696E-1	8,432148E-2	4,902598E-5	1,284088E-3
20220408 10:25:58,936	c_0_268_20220408_10_25_58,936.bmp	1,019004E+0	9,959715E-2	3,867592E-3	2,557098E-3
20220408 10:26:04,937	c_0_269_20220408_10_26_04,937.bmp	1,222639E+0	1,225107E-1	-2,496685E-3	2,557098E-3
20220408 10:26:10,939	c_0_270_20220408_10_26_10,939.bmp	1,428820E+0	1,454242E-1	1,321881E-3	1,107786E-5
20220408 10:26:16,941	c_0_271_20220408_10_26_16,941.bmp	1,633727E+0	1,619728E-1	2,594737E-3	1,284088E-3
20220408 10:26:22,945	c_0_272_20220408_10_26_22,945.bmp	1,842453E+0	1,887052E-1	4,902598E-5	-3,807953E-3
20220408 10:26:28,946	c_0_273_20220408_10_26_28,946.bmp	2,048633E+0	2,077998E-1	-3,769540E-3	1,107786E-5
20220408 10:26:34,947	c_0_274_20220408_10_26_34,947.bmp	2,240814E+0	2,230755E-1	-2,496685E-3	1,107786E-5
20220408 10:26:40,952	c_0_275_20220408_10_26_40,952.bmp	2,440630E+0	2,485349E-1	-3,769540E-3	-3,807953E-3
20220408 10:26:46,957	c_0_276_20220408_10_26_46,957.bmp	2,635356E+0	2,638106E-1	-1,223829E-3	1,107786E-5
20220408 10:26:52,964	c_0_277_20220408_10_26_52,964.bmp	2,808446E+0	2,854511E-1	-2,496685E-3	1,284088E-3
20220408 10:26:58,968	c_0_278_20220408_10_26_58,968.bmp	2,972626E+0	3,070917E-1	-2,496685E-3	-5,080963E-3
20220408 10:27:04,973	c_0_279_20220408_10_27_04,973.bmp	3,107534E+0	3,261863E-1	1,321881E-3	-3,807953E-3
20220408 10:27:10,974	c_0_280_20220408_10_27_10,974.bmp	3,150807E+0	3,414619E-1	-2,496685E-3	1,107786E-5
20220408 10:27:16,978	c_0_281_20220408_10_27_16,978.bmp	3,248806E+0	3,643755E-1	-3,769540E-3	-1,261932E-3
20220408 10:27:22,983	c_0_282_20220408_10_27_22,983.bmp	3,331533E+0	3,860160E-1	-3,769540E-3	1,284088E-3
20220408 10:27:28,987	c_0_283_20220408_10_27_28,987.bmp	3,360805E+0	4,025646E-1	4,902598E-5	2,557098E-3
20220408 10:27:34,993	c_0_284_20220408_10_27_34,993.bmp	3,374805E+0	4,254781E-1	-1,223829E-3	1,107786E-5
20220408 10:27:40,995	c_0_285_20220408_10_27_40,995.bmp	3,392623E+0	4,420268E-1	1,321881E-3	2,557098E-3
20220408 10:27:47,000	c_0_286_20220408_10_27_47,000.bmp	3,340442E+0	4,662133E-1	-6,315251E-3	-3,807953E-3
20220408 10:27:53,004	c_0_287_20220408_10_27_53,004.bmp	3,272988E+0	4,814889E-1	2,594737E-3	3,830109E-3
20220408 10:27:59,005	c_0_288_20220408_10_27_59,005.bmp	3,150807E+0	5,018565E-1	1,321881E-3	2,557098E-3
20220408 10:28:05,007	c_0_289_20220408_10_28_05,007.bmp	3,048989E+0	5,273159E-1	-3,769540E-3	-3,807953E-3
20220408 10:28:11,012	c_0_290_20220408_10_28_11,012.bmp	2,996808E+0	5,438646E-1	4,902598E-5	-1,261932E-3
20220408 10:28:17,016	c_0_291_20220408_10_28_17,016.bmp	2,921718E+0	5,629592E-1	2,594737E-3	3,830109E-3
20220408 10:28:23,021	c_0_292_20220408_10_28_23,021.bmp	2,800809E+0	5,858727E-1	1,321881E-3	1,107786E-5
20220408 10:28:29,024	c_0_293_20220408_10_28_29,024.bmp	2,637902E+0	6,011484E-1	5,140448E-3	2,557098E-3
20220408 10:28:35,029	c_0_294_20220408_10_28_35,029.bmp	2,497903E+0	6,240619E-1	-1,223829E-3	-1,261932E-3
20220408 10:28:41,034	c_0_295_20220408_10_28_41,034.bmp	2,371904E+0	6,406105E-1	3,867592E-3	2,557098E-3
20220408 10:28:47,038	c_0_296_20220408_10_28_47,038.bmp	2,328631E+0	6,673429E-1	4,902598E-5	-3,807953E-3
20220408 10:28:53,040	c_0_297_20220408_10_28_53,040.bmp	2,306995E+0	6,813456E-1	-2,496685E-3	2,557098E-3
20220408 10:28:59,043	c_0_298_20220408_10_28_59,043.bmp	2,312086E+0	7,017132E-1	3,867592E-3	-1,261932E-3
20220408 10:29:05,048	c_0_299_20220408_10_29_05,048.bmp	2,315904E+0	7,284456E-1	-1,223829E-3	-3,807953E-3
20220408 10:29:11,054	c_0_300_20220408_10_29_11,054.bmp	2,313359E+0	7,424483E-1	1,321881E-3	2,557098E-3
20220408 10:29:17,058	c_0_301_20220408_10_29_17,058.bmp	2,292995E+0	7,640888E-1	4,902598E-5	-1,261932E-3
20220408 10:29:23,060	c_0_302_20220408_10_29_23,060.bmp	2,276450E+0	7,844564E-1	2,594737E-3	1,107786E-5
20220408 10:29:29,064	c_0_303_20220408_10_29_29,064.bmp	2,262450E+0	8,073699E-1	-1,223829E-3	-3,807953E-3
20220408 10:29:35,068	c_0_304_20220408_10_29_35,068.bmp	2,235723E+0	8,200996E-1	2,594737E-3	-1,261932E-3
20220408 10:29:41,069	c_0_305_20220408_10_29_41,069.bmp	2,220450E+0	8,442861E-1	1,321881E-3	-3,807953E-3
20220408 10:29:47,070	c_0_306_20220408_10_29_47,070.bmp	2,192450E+0	8,646537E-1	-1,223829E-3	1,107786E-5
20220408 10:29:53,071	c_0_307_20220408_10_29_53,071.bmp	2,149178E+0	8,875672E-1	-1,223829E-3	-3,807953E-3
20220408 10:29:59,074	c_0_308_20220408_10_29_59,074.bmp	2,040997E+0	9,041158E-1	4,902598E-5	1,107786E-5
20220408 10:30:05,079	c_0_309_20220408_10_30_05,079.bmp	1,964634E+0	9,270293E-1	-2,496685E-3	-3,807953E-3
20220408 10:30:11,083	c_0_310_20220408_10_30_11,083.bmp	1,904816E+0	9,423050E-1	1,321881E-3	1,107786E-5
20220408 10:30:17,088	c_0_311_20220408_10_30_17,088.bmp	1,847544E+0	9,613996E-1	-1,223829E-3	2,557098E-3
20220408 10:30:23,091	c_0_312_20220408_10_30_23,091.bmp	1,810635E+0	9,830401E-1	-3,769540E-3	1,107786E-5
20220408 10:30:29,092	c_0_313_20220408_10_30_29,092.bmp	1,794090E+0	9,995888E-1	2,594737E-3	2,557098E-3
20220408 10:30:35,093	c_0_314_20220408_10_30_35,093.bmp	1,788999E+0	1,023775E+0	3,867592E-3	-1,261932E-3
20220408 10:30:41,097	c_0_315_20220408_10_30_41,097.bmp	1,799180E+0	1,044143E+0	-2,496685E-3	1,107786E-5
20220408 10:30:47,104	c_0_316_20220408_10_30_47,104.bmp	1,810635E+0	1,065783E+0	4,902598E-5	-1,261932E-3
20220408 10:30:53,108	c_0_317_20220408_10_30_53,108.bmp	1,813180E+0	1,086151E+0	3,867592E-3	1,107786E-5
20220408 10:30:59,111	c_0_318_20220408_10_30_59,111.bmp	1,828453E+0	1,106518E+0	-3,769540E-3	-5,080963E-3
20220408 10:31:05,112	c_0_319_20220408_10_31_05,112.bmp	1,837362E+0	1,126886E+0	-2,496685E-3	1,284088E-3
20220408 10:31:11,113	c_0_320_20220408_10_31_11,113.bmp	1,838635E+0	1,144708E+0	1,321881E-3	2,557098E-3
20220408 10:31:17,116	c_0_321_20220408_10_31_17,116.bmp	1,838635E+0	1,165075E+0	1,321881E-3	1,107786E-5
20220408 10:31:23,117	c_0_322_20220408_10_31_23,117.bmp	1,828453E+0	1,179078E+0	1,321881E-3	3,830109E-3
20220408 10:31:29,121	c_0_323_20220408_10_31_29,121.bmp	1,828453E+0	1,204537E+0	1,321881E-3	-1,261932E-3
20220408 10:31:35,126	c_0_324_20220408_10_31_35,126.bmp	1,834817E+0	1,227451E+0	-2,496685E-3	-2,534943E-3
20220408 10:31:41,130	c_0_325_20220408_10_31_41,130.bmp	1,833544E+0	1,245272E+0	3,867592E-3	1,107786E-5
20220408 10:31:47,134	c_0_326_20220408_10_31_47,134.bmp	1,832271E+0	1,263094E+0	4,902598E-5	1,107786E-5
20220408 10:31:53,138	c_0_327_20220408_10_31_53,138.bmp	1,830998E+0	1,286008E+0	-3,769540E-3	-3,807953E-3
20220408 10:31:59,142	c_0_328_20220408_10_31_59,142.bmp	1,818271E+0	1,305102E+0	3,867592E-3	1,107786E-5
20220408 10:32:05,145	c_0_329_20220408_10_32_05,145.bmp	1,804271E+0	1,326743E+0	3,867592E-3	1,107786E-5
20220408 10:32:11,147	c_0_330_20220408_10_32_11,147.bmp	1,787726E+0	1,342018E+0	3,867592E-3	-1,261932E-3
20220408 10:32:17,155	c_0_331_20220408_10_32_17,155.bmp	1,768635E+0	1,364932E+0	1,321881E-3	-1,261932E-3
20220408 10:32:23,160	c_0_332_20220408_10_32_23,160.bmp	1,755908E+0	1,386572E+0	-3,769540E-3	-1,261932E-3
20220408 10:32:29,163	c_0_333_20220408_10_32_29,163.bmp	1,716454E+0	1,405667E+0	-3,769540E-3	1,107786E-5
20220408 10:32:35,168	c_0_334_20220408_10_32_35,168.bmp	1,679545E+0	1,426035E+0	1,321881E-3	1,284088E-3
20220408 10:32:41,172	c_0_335_20220408_10_32_41,172.bmp	1,659182E+0	1,445129E+0	4,902598E-5	3,830109E-3
20220408 10:32:47,177	c_0_336_20220408_10_32_47,177.bmp	1,635000E+0	1,469316E+0	4,902598E-5	-3,807953E-3
20220408 10:32:53,179	c_0_337_20220408_10_32_53,179.bmp	1,622273E+0	1,489683E+0	-1,223829E-3	-3,807953E-3
20220408 10:32:59,185	c_0_338_20220408_10_32_59,185.bmp	1,599364E+0	1,502413E+0	3,867592E-3	2,557098E-3
20220408 10:33:05,190	c_0_339_20220408_10_33_05,190.bmp	1,581546E+0	1,521508E+0	4,902598E-5	2,557098E-3
20220408 10:33:11,193	c_0_340_20220408_10_33_11,193.bmp	1,571364E+0	1,544421E+0	4,902598E-5	-1,261932E-3
20220408 10:33:17,197	c_0_341_20220408_10_33_17,197.bmp	1,553546E+0	1,562243E+0	5,140448E-3	2,557098E-3
20220408 10:33:23,204	c_0_342_20220408_10_33_23,204.bmp	1,538273E+0	1,583883E+0	1,321881E-3	1,107786E-5
20220408 10:33:29,210	c_0_343_20220408_10_33_29,210.bmp	1,530637E+0	1,604251E+0	-3,769540E-3	1,107786E-5
20220408 10:33:35,214	c_0_344_20220408_10_33_35,214.bmp	1,524273E+0	1,622072E+0	3,867592E-3	2,557098E-3
20220408 10:33:41,220	c_0_345_20220408_10_33_41,220.bmp	1,523001E+0	1,644986E+0	4,902598E-5	-1,261932E-3
20220408 10:33:47,224	c_0_346_20220408_10_33_47,224.bmp	1,521728E+0	1,664080E+0	-3,769540E-3	1,107786E-5
20220408 10:33:53,225	c_0_347_20220408_10_33_53,225.bmp	1,514092E+0	1,680629E+0	2,594737E-3	2,557098E-3
20220408 10:33:59,229	c_0_348_20220408_10_33_59,229.bmp	1,506455E+0	1,708635E+0	-1,223829E-3	-3,807953E-3
20220408 10:34:05,234	c_0_349_20220408_10_34_05,234.bmp	1,489910E+0	1,726456E+0	-1,223829E-3	-1,261932E-3
20220408 10:34:11,235	c_0_350_20220408_10_34_11,235.bmp	1,469547E+0	1,740459E+0	2,594737E-3	1,284088E-3
20220408 10:34:17,236	c_0_351_20220408_10_34_17,236.bmp	1,467001E+0	1,767191E+0	-3,769540E-3	-3,807953E-3
20220408 10:34:23,238	c_0_352_20220408_10_34_23,238.bmp	1,458092E+0	1,787559E+0	-1,223829E-3	-3,807953E-3
20220408 10:34:29,241	c_0_353_20220408_10_34_29,241.bmp	1,459365E+0	1,806653E+0	-3,769540E-3	-3,807953E-3
20220408 10:34:35,246	c_0_354_20220408_10_34_35,246.bmp	1,456819E+0	1,825748E+0	-3,769540E-3	1,107786E-5
20220408 10:34:41,253	c_0_355_20220408_10_34_41,253.bmp	1,432638E+0	1,847389E+0	-3,769540E-3	-3,807953E-3
20220408 10:34:47,258	c_0_356_20220408_10_34_47,258.bmp	1,397002E+0	1,861391E+0	4,902598E-5	2,557098E-3
20220408 10:34:53,260	c_0_357_20220408_10_34_53,260.bmp	1,349911E+0	1,885578E+0	1,321881E-3	-3,807953E-3
20220408 10:34:59,264	c_0_358_20220408_10_34_59,264.bmp	1,296457E+0	1,904672E+0	1,321881E-3	1,107786E-5
20220408 10:35:05,269	c_0_359_20220408_10_35_05,269.bmp	1,215003E+0	1,925040E+0	-3,769540E-3	-1,261932E-3
20220408 10:35:11,272	c_0_360_20220408_10_35_11,272.bmp	1,151367E+0	1,940316E+0	3,867592E-3	2,557098E-3
20220408 10:35:17,273	c_0_361_20220408_10_35_17,273.bmp	1,132276E+0	1,968321E+0	-5,042396E-3	-2,534943E-3
20220408 10:35:23,274	c_0_362_20220408_10_35_23,274.bmp	1,120822E+0	1,984870E+0	-2,496685E-3	1,107786E-5
20220408 10:35:29,277	c_0_363_20220408_10_35_29,277.bmp	1,115731E+0	2,005237E+0	-1,223829E-3	1,107786E-5
20220408 10:35:35,280	c_0_364_20220408_10_35_35,280.bmp	1,111913E+0	2,025605E+0	4,902598E-5	1,107786E-5
20220408 10:35:41,284	c_0_365_20220408_10_35_41,284.bmp	1,115731E+0	2,040880E+0	3,867592E-3	2,557098E-3
20220408 10:35:47,289	c_0_366_20220408_10_35_47,289.bmp	1,117004E+0	2,066340E+0	-1,223829E-3	-1,261932E-3
20220408 10:35:53,294	c_0_367_20220408_10_35_53,294.bmp	1,108095E+0	2,086707E+0	4,902598E-5	-1,261932E-3
20220408 10:35:59,300	c_0_368_20220408_10_35_59,300.bmp	1,106822E+0	2,103256E+0	4,902598E-5	1,107786E-5
20220408 10:36:05,305	c_0_369_20220408_10_36_05,305.bmp	1,091549E+0	2,124897E+0	1,321881E-3	-1,261932E-3
20220408 10:36:11,311	c_0_370_20220408_10_36_11,311.bmp	1,075004E+0	2,141445E+0	2,594737E-3	2,557098E-3
20220408 10:36:17,312	c_0_371_20220408_10_36_17,312.bmp	1,067368E+0	2,168178E+0	-3,769540E-3	-3,807953E-3
20220408 10:36:23,313	c_0_372_20220408_10_36_23,313.bmp	1,069913E+0	2,184726E+0	2,594737E-3	1,107786E-5
20220408 10:36:29,319	c_0_373_20220408_10_36_29,319.bmp	1,073731E+0	2,206367E+0	-3,769540E-3	-3,807953E-3
20220408 10:36:35,322	c_0_374_20220408_10_36_35,322.bmp	1,076277E+0	2,225461E+0	2,594737E-3	1,107786E-5
20220408 10:36:41,327	c_0_375_20220408_10_36_41,327.bmp	1,072459E+0	2,240737E+0	1,321881E-3	2,557098E-3
20220408 10:36:47,332	c_0_376_20220408_10_36_47,332.bmp	1,069913E+0	2,264924E+0	-1,223829E-3	1,284088E-3
20220408 10:36:53,336	c_0_377_20220408_10_36_53,336.bmp	1,068640E+0	2,281472E+0	1,321881E-3	2,557098E-3
20220408 10:36:59,337	c_0_378_20220408_10_36_59,337.bmp	1,067368E+0	2,300567E+0	2,594737E-3	1,107786E-5
20220408 10:37:05,339	c_0_379_20220408_10_37_05,339.bmp	1,073731E+0	2,327299E+0	-2,496685E-3	-3,807953E-3
20220408 10:37:11,341	c_0_380_20220408_10_37_11,341.bmp	1,075004E+0	2,341302E+0	-1,223829E-3	3,830109E-3
20220408 10:37:17,348	c_0_381_20220408_10_37_17,348.bmp	1,072459E+0	2,365488E+0	3,867592E-3	1,107786E-5
20220408 10:37:23,353	c_0_382_20220408_10_37_23,353.bmp	1,077549E+0	2,383310E+0	2,594737E-3	1,107786E-5
20220408 10:37:29,357	c_0_383_20220408_10_37_29,357.bmp	1,085186E+0	2,408769E+0	-3,769540E-3	-5,080963E-3
20220408 10:37:35,358	c_0_384_20220408_10_37_35,358.bmp	1,086458E+0	2,427864E+0	-2,496685E-3	-2,534943E-3
20220408 10:37:41,363	c_0_385_20220408_10_37_41,363.bmp	1,089004E+0	2,448232E+0	-3,769540E-3	-3,807953E-3
20220408 10:37:47,364	c_0_386_20220408_10_37_47,364.bmp	1,090277E+0	2,467326E+0	-2,496685E-3	-3,807953E-3
20220408 10:37:53,366	c_0_387_20220408_10_37_53,366.bmp	1,089004E+0	2,486421E+0	-1,223829E-3	-2,534943E-3
20220408 10:37:59,368	c_0_388_20220408_10_37_59,368.bmp	1,092822E+0	2,508061E+0	2,594737E-3	-3,807953E-3
20220408 10:38:05,369	c_0_389_20220408_10_38_05,369.bmp	1,089004E+0	2,524610E+0	1,321881E-3	1,107786E-5
20220408 10:38:11,371	c_0_390_20220408_10_38_11,371.bmp	1,096640E+0	2,547523E+0	-5,042396E-3	-3,807953E-3
20220408 10:38:17,375	c_0_391_20220408_10_38_17,375.bmp	1,090277E+0	2,560253E+0	3,867592E-3	2,557098E-3
20220408 10:38:23,377	c_0_392_20220408_10_38_23,377.bmp	1,092822E+0	2,581894E+0	-3,769540E-3	1,107786E-5
20220408 10:38:29,381	c_0_393_20220408_10_38_29,381.bmp	1,082640E+0	2,606080E+0	4,902598E-5	-2,534943E-3
20220408 10:38:35,386	c_0_394_20220408_10_38_35,386.bmp	1,078822E+0	2,623902E+0	5,140448E-3	1,107786E-5
20220408 10:38:41,388	c_0_395_20220408_10_38_41,388.bmp	1,080095E+0	2,645542E+0	1,321881E-3	-1,261932E-3
20220408 10:38:47,391	c_0_396_20220408_10_38_47,391.bmp	1,075004E+0	2,664637E+0	4,902598E-5	-1,261932E-3
20220408 10:38:53,397	c_0_397_20220408_10_38_53,397.bmp	1,069913E+0	2,688823E+0	1,321881E-3	-3,807953E-3
20220408 10:38:59,398	c_0_398_20220408_10_38_59,398.bmp	1,061004E+0	2,700280E+0	3,867592E-3	1,284088E-3
20220408 10:39:05,402	c_0_399_20220408_10_39_05,402.bmp	1,058459E+0	2,721921E+0	4,902598E-5	1,107786E-5
20220408 10:39:11,408	c_0_400_20220408_10_39_11,408.bmp	1,053368E+0	2,742288E+0	2,594737E-3	2,557098E-3
20220408 10:39:17,412	c_0_401_20220408_10_39_17,412.bmp	1,045731E+0	2,763929E+0	2,594737E-3	1,107786E-5
20220408 10:39:23,414	c_0_402_20220408_10_39_23,414.bmp	1,011368E+0	2,785569E+0	1,321881E-3	1,107786E-5
20220408 10:39:29,418	c_0_403_20220408_10_39_29,418.bmp	9,973682E-1	2,804664E+0	3,867592E-3	1,107786E-5
20220408 10:39:35,423	c_0_404_20220408_10_39_35,423.bmp	9,948228E-1	2,819940E+0	-1,223829E-3	2,557098E-3
20220408 10:39:41,425	c_0_405_20220408_10_39_41,425.bmp	9,910046E-1	2,846672E+0	-3,769540E-3	-3,807953E-3
20220408 10:39:47,427	c_0_406_20220408_10_39_47,427.bmp	9,910046E-1	2,868313E+0	-5,042396E-3	-3,807953E-3
20220408 10:39:53,428	c_0_407_20220408_10_39_53,428.bmp	9,795502E-1	2,886134E+0	2,594737E-3	1,107786E-5
20220408 10:39:59,430	c_0_408_20220408_10_39_59,430.bmp	9,833683E-1	2,907775E+0	-1,223829E-3	-3,807953E-3
20220408 10:40:05,433	c_0_409_20220408_10_40_05,433.bmp	9,795502E-1	2,923050E+0	4,902598E-5	-3,807953E-3
20220408 10:40:11,437	c_0_410_20220408_10_40_11,437.bmp	9,795502E-1	2,945964E+0	4,902598E-5	-1,261932E-3
20220408 10:40:17,442	c_0_411_20220408_10_40_17,442.bmp	9,782775E-1	2,961240E+0	4,902598E-5	2,557098E-3
20220408 10:40:23,448	c_0_412_20220408_10_40_23,448.bmp	9,846410E-1	2,980334E+0	2,594737E-3	2,557098E-3
20220408 10:40:29,451	c_0_413_20220408_10_40_29,451.bmp	9,833683E-1	3,004521E+0	-1,223829E-3	1,107786E-5
20220408 10:40:35,456	c_0_414_20220408_10_40_35,456.bmp	9,820956E-1	3,023615E+0	1,321881E-3	1,107786E-5
20220408 10:40:41,461	c_0_415_20220408_10_40_41,461.bmp	9,795502E-1	3,045256E+0	4,902598E-5	1,107786E-5
20220408 10:40:47,463	c_0_416_20220408_10_40_47,463.bmp	9,744593E-1	3,061804E+0	2,594737E-3	3,830109E-3
20220408 10:40:53,464	c_0_417_20220408_10_40_53,464.bmp	9,693684E-1	3,082172E+0	-1,223829E-3	-3,807953E-3
20220408 10:40:59,466	c_0_418_20220408_10_40_59,466.bmp	9,642776E-1	3,106358E+0	-3,769540E-3	-3,807953E-3
20220408 10:41:05,471	c_0_419_20220408_10_41_05,471.bmp	9,655503E-1	3,127999E+0	-3,769540E-3	-3,807953E-3
20220408 10:41:11,475	c_0_420_20220408_10_41_11,475.bmp	9,477322E-1	3,143275E+0	4,902598E-5	1,107786E-5
20220408 10:41:17,477	c_0_421_20220408_10_41_17,477.bmp	9,413686E-1	3,161096E+0	2,594737E-3	2,557098E-3
20220408 10:41:23,480	c_0_422_20220408_10_41_23,480.bmp	9,324596E-1	3,181464E+0	2,594737E-3	3,830109E-3
20220408 10:41:29,484	c_0_423_20220408_10_41_29,484.bmp	9,362778E-1	3,204377E+0	-1,223829E-3	1,107786E-5
20220408 10:41:35,485	c_0_424_20220408_10_41_35,485.bmp	9,324596E-1	3,223472E+0	2,594737E-3	-1,261932E-3
20220408 10:41:41,486	c_0_425_20220408_10_41_41,486.bmp	9,337323E-1	3,247658E+0	-2,496685E-3	-3,807953E-3
20220408 10:41:47,488	c_0_426_20220408_10_41_47,488.bmp	9,235506E-1	3,262934E+0	4,902598E-5	1,107786E-5
20220408 10:41:53,490	c_0_427_20220408_10_41_53,490.bmp	9,235506E-1	3,284575E+0	-1,223829E-3	-1,261932E-3
20220408 10:41:59,498	c_0_428_20220408_10_41_59,498.bmp	9,210051E-1	3,303669E+0	-1,223829E-3	1,107786E-5
20220408 10:42:05,502	c_0_429_20220408_10_42_05,502.bmp	9,159143E-1	3,327856E+0	-1,223829E-3	-5,080963E-3
20220408 10:42:11,505	c_0_430_20220408_10_42_11,505.bmp	9,146416E-1	3,344404E+0	4,902598E-5	1,284088E-3
20220408 10:42:17,510	c_0_431_20220408_10_42_17,510.bmp	9,120961E-1	3,366045E+0	1,321881E-3	-1,261932E-3
20220408 10:42:23,514	c_0_432_20220408_10_42_23,514.bmp	9,070052E-1	3,383866E+0	3,867592E-3	1,107786E-5
20220408 10:42:29,518	c_0_433_20220408_10_42_29,518.bmp	9,133688E-1	3,402961E+0	1,321881E-3	-2,534943E-3
20220408 10:42:35,520	c_0_434_20220408_10_42_35,520.bmp	9,095507E-1	3,427148E+0	-3,769540E-3	1,107786E-5
20220408 10:42:41,521	c_0_435_20220408_10_42_41,521.bmp	9,057325E-1	3,446242E+0	-2,496685E-3	-1,261932E-3
20220408 10:42:47,526	c_0_436_20220408_10_42_47,526.bmp	9,031871E-1	3,461518E+0	2,594737E-3	3,830109E-3
20220408 10:42:53,529	c_0_437_20220408_10_42_53,529.bmp	9,044598E-1	3,483158E+0	1,321881E-3	1,107786E-5
20220408 10:42:59,533	c_0_438_20220408_10_42_59,533.bmp	9,044598E-1	3,506072E+0	-3,769540E-3	-1,261932E-3
20220408 10:43:05,539	c_0_439_20220408_10_43_05,539.bmp	8,980962E-1	3,525166E+0	-3,769540E-3	1,107786E-5
20220408 10:43:11,540	c_0_440_20220408_10_43_11,540.bmp	8,828236E-1	3,548080E+0	-5,042396E-3	-5,080963E-3
20220408 10:43:17,547	c_0_441_20220408_10_43_17,547.bmp	8,650056E-1	3,562083E+0	-3,769540E-3	1,107786E-5
20220408 10:43:23,553	c_0_442_20220408_10_43_23,553.bmp	8,395512E-1	3,582450E+0	1,321881E-3	1,107786E-5
20220408 10:43:29,558	c_0_443_20220408_10_43_29,558.bmp	7,899152E-1	3,597726E+0	1,321881E-3	2,557098E-3
