0.000000000000000000e+00 -3.035479632063074838e-03
1.000000000000000000e+00 -2.943495400788436259e-03
2.000000000000000000e+00 -2.943495400788436259e-03
3.000000000000000000e+00 -2.851511169513797680e-03
4.000000000000000000e+00 -2.759526938239159101e-03
5.000000000000000000e+00 -2.759526938239159101e-03
6.000000000000000000e+00 -2.667542706964520522e-03
7.000000000000000000e+00 -2.575558475689881943e-03
8.000000000000000000e+00 -2.483574244415242931e-03
9.000000000000000000e+00 -2.483574244415242931e-03
1.000000000000000000e+01 -2.391590013140604352e-03
1.100000000000000000e+01 -2.299605781865965773e-03
1.200000000000000000e+01 -2.299605781865965773e-03
1.300000000000000000e+01 -2.207621550591327194e-03
1.400000000000000000e+01 -2.115637319316688615e-03
1.500000000000000000e+01 -2.115637319316688615e-03
1.600000000000000000e+01 -2.023653088042050036e-03
1.700000000000000000e+01 -1.931668856767411241e-03
1.800000000000000000e+01 -1.931668856767411241e-03
1.900000000000000000e+01 -1.839684625492772662e-03
2.000000000000000000e+01 -1.747700394218134083e-03
2.100000000000000000e+01 -1.655716162943495287e-03
2.200000000000000000e+01 -1.655716162943495287e-03
2.300000000000000000e+01 -1.563731931668856708e-03
2.400000000000000000e+01 -1.471747700394218129e-03
2.500000000000000000e+01 -1.471747700394218129e-03
2.600000000000000000e+01 -1.379763469119579550e-03
2.700000000000000000e+01 -1.287779237844940972e-03
2.800000000000000000e+01 -1.287779237844940972e-03
2.900000000000000000e+01 -1.195795006570302176e-03
3.000000000000000000e+01 -1.103810775295663597e-03
3.100000000000000000e+01 -1.103810775295663597e-03
3.200000000000000000e+01 -1.011826544021025018e-03
3.300000000000000000e+01 -9.198423127463863308e-04
3.400000000000000000e+01 -1.195795006570302176e-03
3.500000000000000000e+01 -1.195795006570302176e-03
3.600000000000000000e+01 2.115637319316688615e-03
3.700000000000000000e+01 3.955321944809461060e-03
3.800000000000000000e+01 4.691195795006570558e-03
3.900000000000000000e+01 5.427069645203679189e-03
4.000000000000000000e+01 6.254927726675426833e-03
4.100000000000000000e+01 7.266754270696451634e-03
4.200000000000000000e+01 8.186596583442838290e-03
4.300000000000000000e+01 9.198423127463863092e-03
4.400000000000000000e+01 1.021024967148488789e-02
4.500000000000000000e+01 1.131406044678055257e-02
4.600000000000000000e+01 1.204993429697766121e-02
4.700000000000000000e+01 1.582128777923784424e-02
4.800000000000000000e+01 1.600525624178712053e-02
4.900000000000000000e+01 1.609724047306176214e-02
5.000000000000000000e+01 1.609724047306176214e-02
5.100000000000000000e+01 1.600525624178712053e-02
5.200000000000000000e+01 1.720105124835742336e-02
5.300000000000000000e+01 1.812089356110381175e-02
5.400000000000000000e+01 1.922470433639947296e-02
5.500000000000000000e+01 1.950065703022339086e-02
5.600000000000000000e+01 2.042049934296977579e-02
5.700000000000000000e+01 2.134034165571616418e-02
5.800000000000000000e+01 2.170827858081471676e-02
5.900000000000000000e+01 2.336399474375821378e-02
6.000000000000000000e+01 2.446780551905387499e-02
6.100000000000000000e+01 2.483574244415243104e-02
6.200000000000000000e+01 2.492772667542706919e-02
6.300000000000000000e+01 2.584756898817345758e-02
6.400000000000000000e+01 2.584756898817345758e-02
6.500000000000000000e+01 2.584756898817345758e-02
6.600000000000000000e+01 2.897503285151116839e-02
6.700000000000000000e+01 2.851511169513797767e-02
6.800000000000000000e+01 3.053876478318002727e-02
6.900000000000000000e+01 3.063074901445466541e-02
7.000000000000000000e+01 3.017082785808147122e-02
7.100000000000000000e+01 2.971090670170827702e-02
7.200000000000000000e+01 3.145860709592641219e-02
7.300000000000000000e+01 3.164257555847568848e-02
7.400000000000000000e+01 3.219448094612352429e-02
7.500000000000000000e+01 3.421813403416557042e-02
7.600000000000000000e+01 3.329829172141918203e-02
7.700000000000000000e+01 3.320630749014454736e-02
7.800000000000000000e+01 3.421813403416557042e-02
7.900000000000000000e+01 3.431011826544021204e-02
8.000000000000000000e+01 3.421813403416557042e-02
8.100000000000000000e+01 3.431011826544021204e-02
8.200000000000000000e+01 3.541392904073587672e-02
8.300000000000000000e+01 3.550591327201051139e-02
8.400000000000000000e+01 3.918528252299605802e-02
8.500000000000000000e+01 3.927726675427069963e-02
8.600000000000000000e+01 3.909329829172141640e-02
8.700000000000000000e+01 3.946123521681997592e-02
8.800000000000000000e+01 4.010512483574244641e-02
8.900000000000000000e+01 4.102496714848882786e-02
9.000000000000000000e+01 4.194480946123521625e-02
9.100000000000000000e+01 4.249671484888304512e-02
9.200000000000000000e+01 4.249671484888304512e-02
9.300000000000000000e+01 4.240473061760841045e-02
9.400000000000000000e+01 4.295663600525623932e-02
9.500000000000000000e+01 4.360052562417870980e-02
9.600000000000000000e+01 4.369250985545335142e-02
9.700000000000000000e+01 4.442838370565045658e-02
9.800000000000000000e+01 4.507227332457292707e-02
9.900000000000000000e+01 4.516425755584756868e-02
1.000000000000000000e+02 4.553219448094612126e-02
1.010000000000000000e+02 4.654402102496715127e-02
1.020000000000000000e+02 4.663600525624178594e-02
1.030000000000000000e+02 4.654402102496715127e-02
1.040000000000000000e+02 4.755584756898817433e-02
1.050000000000000000e+02 4.773981603153745062e-02
1.060000000000000000e+02 4.819973718791064482e-02
1.070000000000000000e+02 4.930354796320630950e-02
1.080000000000000000e+02 5.031537450722733257e-02
1.090000000000000000e+02 5.077529566360052676e-02
1.100000000000000000e+02 5.187910643889619144e-02
1.110000000000000000e+02 5.279894875164257290e-02
1.120000000000000000e+02 5.390275952693823758e-02
1.130000000000000000e+02 5.491458607095926064e-02
1.140000000000000000e+02 5.647831800262811952e-02
1.150000000000000000e+02 5.859395532194480727e-02
1.160000000000000000e+02 6.172141918528252502e-02
1.170000000000000000e+02 6.172141918528252502e-02
1.180000000000000000e+02 6.181340341655715970e-02
1.190000000000000000e+02 6.172141918528252502e-02
1.200000000000000000e+02 6.172141918528252502e-02
1.210000000000000000e+02 6.172141918528252502e-02
1.220000000000000000e+02 6.172141918528252502e-02
1.230000000000000000e+02 6.172141918528252502e-02
1.240000000000000000e+02 6.172141918528252502e-02
1.250000000000000000e+02 6.172141918528252502e-02
1.260000000000000000e+02 6.172141918528252502e-02
1.270000000000000000e+02 6.172141918528252502e-02
1.280000000000000000e+02 6.181340341655715970e-02
1.290000000000000000e+02 6.172141918528252502e-02
1.300000000000000000e+02 6.172141918528252502e-02
1.310000000000000000e+02 6.172141918528252502e-02
1.320000000000000000e+02 6.181340341655715970e-02
1.330000000000000000e+02 6.236530880420499551e-02
1.340000000000000000e+02 6.236530880420499551e-02
1.350000000000000000e+02 6.236530880420499551e-02
1.360000000000000000e+02 6.236530880420499551e-02
1.370000000000000000e+02 6.245729303547963018e-02
1.380000000000000000e+02 6.245729303547963018e-02
1.390000000000000000e+02 6.254927726675427180e-02
1.400000000000000000e+02 6.254927726675427180e-02
1.410000000000000000e+02 6.254927726675427180e-02
1.420000000000000000e+02 6.319316688567673534e-02
1.430000000000000000e+02 6.319316688567673534e-02
1.440000000000000000e+02 6.319316688567673534e-02
1.450000000000000000e+02 6.356110381077530180e-02
1.460000000000000000e+02 6.411300919842312374e-02
1.470000000000000000e+02 6.411300919842312374e-02
1.480000000000000000e+02 6.411300919842312374e-02
1.490000000000000000e+02 6.411300919842312374e-02
1.500000000000000000e+02 6.411300919842312374e-02
1.510000000000000000e+02 6.411300919842312374e-02
1.520000000000000000e+02 6.494086727989487051e-02
1.530000000000000000e+02 6.871222076215506569e-02
1.540000000000000000e+02 7.110381077529566440e-02
1.550000000000000000e+02 7.091984231274638117e-02
1.560000000000000000e+02 7.137976346911957537e-02
1.570000000000000000e+02 7.101182654402102279e-02
1.580000000000000000e+02 7.101182654402102279e-02
1.590000000000000000e+02 7.091984231274638117e-02
1.600000000000000000e+02 7.091984231274638117e-02
1.610000000000000000e+02 7.137976346911957537e-02
1.620000000000000000e+02 7.082785808147175344e-02
1.630000000000000000e+02 7.082785808147175344e-02
1.640000000000000000e+02 7.082785808147175344e-02
1.650000000000000000e+02 7.119579500657030602e-02
1.660000000000000000e+02 7.119579500657030602e-02
1.670000000000000000e+02 7.073587385019711182e-02
1.680000000000000000e+02 7.064388961892247021e-02
1.690000000000000000e+02 7.110381077529566440e-02
1.700000000000000000e+02 7.110381077529566440e-02
1.710000000000000000e+02 7.110381077529566440e-02
1.720000000000000000e+02 7.055190538764782859e-02
1.730000000000000000e+02 7.055190538764782859e-02
1.740000000000000000e+02 7.064388961892247021e-02
1.750000000000000000e+02 7.091984231274638117e-02
1.760000000000000000e+02 7.101182654402102279e-02
1.770000000000000000e+02 7.055190538764782859e-02
1.780000000000000000e+02 7.036793692509855924e-02
1.790000000000000000e+02 7.082785808147175344e-02
1.800000000000000000e+02 7.045992115637318698e-02
1.810000000000000000e+02 7.045992115637318698e-02
1.820000000000000000e+02 7.036793692509855924e-02
1.830000000000000000e+02 7.073587385019711182e-02
1.840000000000000000e+02 7.036793692509855924e-02
1.850000000000000000e+02 7.027595269382391763e-02
1.860000000000000000e+02 7.027595269382391763e-02
1.870000000000000000e+02 7.027595269382391763e-02
1.880000000000000000e+02 7.018396846254927601e-02
1.890000000000000000e+02 7.045992115637318698e-02
1.900000000000000000e+02 7.045992115637318698e-02
1.910000000000000000e+02 7.055190538764782859e-02
1.920000000000000000e+02 6.990801576872536505e-02
1.930000000000000000e+02 6.990801576872536505e-02
1.940000000000000000e+02 7.055190538764782859e-02
1.950000000000000000e+02 7.045992115637318698e-02
1.960000000000000000e+02 6.981603153745072343e-02
1.970000000000000000e+02 6.972404730617608182e-02
1.980000000000000000e+02 6.963206307490144020e-02
1.990000000000000000e+02 6.972404730617608182e-02
2.000000000000000000e+02 7.036793692509855924e-02
2.010000000000000000e+02 6.926412614980288762e-02
2.020000000000000000e+02 6.926412614980288762e-02
2.030000000000000000e+02 6.963206307490144020e-02
2.040000000000000000e+02 6.954007884362681247e-02
2.050000000000000000e+02 6.898817345597897666e-02
2.060000000000000000e+02 6.889618922470433504e-02
2.070000000000000000e+02 6.889618922470433504e-02
2.080000000000000000e+02 6.880420499342969343e-02
2.090000000000000000e+02 6.880420499342969343e-02
2.100000000000000000e+02 6.880420499342969343e-02
2.110000000000000000e+02 6.871222076215506569e-02
2.120000000000000000e+02 6.871222076215506569e-02
2.130000000000000000e+02 6.871222076215506569e-02
2.140000000000000000e+02 6.972404730617608182e-02
2.150000000000000000e+02 6.972404730617608182e-02
2.160000000000000000e+02 6.972404730617608182e-02
2.170000000000000000e+02 6.852825229960578246e-02
2.180000000000000000e+02 6.972404730617608182e-02
2.190000000000000000e+02 6.963206307490144020e-02
2.200000000000000000e+02 6.963206307490144020e-02
2.210000000000000000e+02 6.954007884362681247e-02
2.220000000000000000e+02 7.156373193166885860e-02
2.230000000000000000e+02 7.156373193166885860e-02
2.240000000000000000e+02 7.248357424441524699e-02
2.250000000000000000e+02 7.248357424441524699e-02
2.260000000000000000e+02 7.248357424441524699e-02
2.270000000000000000e+02 7.248357424441524699e-02
2.280000000000000000e+02 7.248357424441524699e-02
2.290000000000000000e+02 7.450722733245729312e-02
2.300000000000000000e+02 7.533508541392903990e-02
2.310000000000000000e+02 7.551905387647832313e-02
2.320000000000000000e+02 7.561103810775295087e-02
2.330000000000000000e+02 7.662286465177398087e-02
2.340000000000000000e+02 7.800262812089356346e-02
2.350000000000000000e+02 7.809461235216820507e-02
2.360000000000000000e+02 7.864651773981602700e-02
2.370000000000000000e+02 8.223390275952693895e-02
2.380000000000000000e+02 8.232588699080158057e-02
2.390000000000000000e+02 8.241787122207622218e-02
2.400000000000000000e+02 8.241787122207622218e-02
2.410000000000000000e+02 8.296977660972404411e-02
2.420000000000000000e+02 8.287779237844940250e-02
2.430000000000000000e+02 8.278580814717477476e-02
2.440000000000000000e+02 8.278580814717477476e-02
2.450000000000000000e+02 8.168199737187910314e-02
2.460000000000000000e+02 8.333771353482259669e-02
2.470000000000000000e+02 8.250985545335084992e-02
2.480000000000000000e+02 8.572930354796320929e-02
2.490000000000000000e+02 8.582128777923785090e-02
2.500000000000000000e+02 8.582128777923785090e-02
2.510000000000000000e+02 8.664914586070959768e-02
2.520000000000000000e+02 8.637319316688567283e-02
2.530000000000000000e+02 8.637319316688567283e-02
2.540000000000000000e+02 8.646517739816031445e-02
2.550000000000000000e+02 8.655716162943495606e-02
2.560000000000000000e+02 8.554533508541392606e-02
2.570000000000000000e+02 8.545335085413928444e-02
2.580000000000000000e+02 8.545335085413928444e-02
2.590000000000000000e+02 8.572930354796320929e-02
2.600000000000000000e+02 8.471747700394217928e-02
2.610000000000000000e+02 8.536136662286465671e-02
2.620000000000000000e+02 8.536136662286465671e-02
2.630000000000000000e+02 8.536136662286465671e-02
2.640000000000000000e+02 8.499342969776609025e-02
2.650000000000000000e+02 8.637319316688567283e-02
2.660000000000000000e+02 8.618922470433640348e-02
2.670000000000000000e+02 8.618922470433640348e-02
2.680000000000000000e+02 8.931668856767410736e-02
2.690000000000000000e+02 8.940867279894874897e-02
2.700000000000000000e+02 8.867279894875164381e-02
2.710000000000000000e+02 8.876478318002628543e-02
2.720000000000000000e+02 8.885676741130091316e-02
2.730000000000000000e+02 8.784494086727989703e-02
2.740000000000000000e+02 8.784494086727989703e-02
2.750000000000000000e+02 8.858081471747700220e-02
2.760000000000000000e+02 8.848883048620236058e-02
2.770000000000000000e+02 8.858081471747700220e-02
2.780000000000000000e+02 8.940867279894874897e-02
2.790000000000000000e+02 8.931668856767410736e-02
2.800000000000000000e+02 8.950065703022339059e-02
2.810000000000000000e+02 9.023653088042049575e-02
2.820000000000000000e+02 9.023653088042049575e-02
2.830000000000000000e+02 9.014454664914585413e-02
2.840000000000000000e+02 8.904073587385019639e-02
2.850000000000000000e+02 9.078843626806833156e-02
2.860000000000000000e+02 9.042049934296977898e-02
2.870000000000000000e+02 9.042049934296977898e-02
2.880000000000000000e+02 9.143232588699079511e-02
2.890000000000000000e+02 9.134034165571616737e-02
2.900000000000000000e+02 9.327201051248357189e-02
2.910000000000000000e+02 9.336399474375821350e-02
2.920000000000000000e+02 9.336399474375821350e-02
2.930000000000000000e+02 9.272010512483573608e-02
2.940000000000000000e+02 9.272010512483573608e-02
2.950000000000000000e+02 9.281208935611037769e-02
2.960000000000000000e+02 9.281208935611037769e-02
2.970000000000000000e+02 9.290407358738501931e-02
2.980000000000000000e+02 9.299605781865966092e-02
2.990000000000000000e+02 9.354796320630749673e-02
3.000000000000000000e+02 9.363994743758212447e-02
3.010000000000000000e+02 9.492772667542706544e-02
3.020000000000000000e+02 9.492772667542706544e-02
3.030000000000000000e+02 9.483574244415242382e-02
3.040000000000000000e+02 9.492772667542706544e-02
3.050000000000000000e+02 9.492772667542706544e-02
3.060000000000000000e+02 9.501971090670170705e-02
3.070000000000000000e+02 9.511169513797634867e-02
3.080000000000000000e+02 9.520367936925099028e-02
3.090000000000000000e+02 9.520367936925099028e-02
3.100000000000000000e+02 9.529566360052561802e-02
3.110000000000000000e+02 9.731931668856767803e-02
3.120000000000000000e+02 9.731931668856767803e-02
3.130000000000000000e+02 9.741130091984230577e-02
3.140000000000000000e+02 9.750328515111694738e-02
3.150000000000000000e+02 9.750328515111694738e-02
3.160000000000000000e+02 9.759526938239158900e-02
3.170000000000000000e+02 9.768725361366623061e-02
3.180000000000000000e+02 9.768725361366623061e-02
3.190000000000000000e+02 9.777923784494087223e-02
3.200000000000000000e+02 9.787122207621549996e-02
3.210000000000000000e+02 9.906701708278581320e-02
3.220000000000000000e+02 9.906701708278581320e-02
3.230000000000000000e+02 9.915900131406044093e-02
3.240000000000000000e+02 9.925098554533508255e-02
3.250000000000000000e+02 9.989487516425755997e-02
3.260000000000000000e+02 9.989487516425755997e-02
3.270000000000000000e+02 9.998685939553218771e-02
3.280000000000000000e+02 9.989487516425755997e-02
3.290000000000000000e+02 9.998685939553218771e-02
3.300000000000000000e+02 9.906701708278581320e-02
3.310000000000000000e+02 9.915900131406044093e-02
3.320000000000000000e+02 1.012746386333771287e-01
3.330000000000000000e+02 1.013666228646517703e-01
3.340000000000000000e+02 1.009986859395532177e-01
3.350000000000000000e+02 1.007227332457293068e-01
3.360000000000000000e+02 1.008147174770039484e-01
3.370000000000000000e+02 1.009067017082785761e-01
3.380000000000000000e+02 1.029303547963206361e-01
3.390000000000000000e+02 1.030223390275952638e-01
3.400000000000000000e+02 1.031143232588699055e-01
3.410000000000000000e+02 1.031143232588699055e-01
3.420000000000000000e+02 1.068856767411300868e-01
3.430000000000000000e+02 1.057818659658344290e-01
3.440000000000000000e+02 1.086333771353482219e-01
3.450000000000000000e+02 1.086333771353482219e-01
3.460000000000000000e+02 1.124047306176084032e-01
3.470000000000000000e+02 1.137844940867279858e-01
3.480000000000000000e+02 1.174638633377135394e-01
3.490000000000000000e+02 1.212352168199737207e-01
3.500000000000000000e+02 1.250065703022339159e-01
3.510000000000000000e+02 1.269382391590013204e-01
3.520000000000000000e+02 1.307095926412615017e-01
3.530000000000000000e+02 1.344809461235216830e-01
3.540000000000000000e+02 1.344809461235216830e-01
3.550000000000000000e+02 1.377923784494086701e-01
3.560000000000000000e+02 1.382522996057818643e-01
3.570000000000000000e+02 1.382522996057818643e-01
3.580000000000000000e+02 1.381603153745072365e-01
3.590000000000000000e+02 1.377003942181340423e-01
3.600000000000000000e+02 1.386202365308804307e-01
3.610000000000000000e+02 1.381603153745072365e-01
