1.062852191986458775e-04
7.633441445129890066e-05
2.187344849668991335e-03
8.425246641069012929e-03
1.743182567623497922e-02
3.040849603613972330e-02
4.876440693875499360e-02
7.359031835075466321e-02
1.058567227180592235e-01
1.369277938732927913e-01
1.762224715382837981e-01
2.252876298879017136e-01
2.715845941534390517e-01
3.283258177293529312e-01
3.967401359100016234e-01
4.551576570632119845e-01
5.339689679850024850e-01
5.978155206966095925e-01
6.777163390561420364e-01
7.665597556148543434e-01
8.377132005015813787e-01
9.130474166686187720e-01
1.007944053034803167e+00
1.076235272676060895e+00
1.148360889381238259e+00
1.206402262726985919e+00
1.268165170623027693e+00
1.310810855952313725e+00
1.327910543524863707e+00
1.354720197154013483e+00
1.374675797581574876e+00
1.384188123543327986e+00
1.348754330233009835e+00
1.368361780754427270e+00
1.421262453009491056e+00
1.428307395130762769e+00
1.361460101354446950e+00
1.340060194441675900e+00
1.348404425156369602e+00
1.361700281040859828e+00
1.373326769179330942e+00
1.392958487911167165e+00
1.401415812556749518e+00
1.400354251864573296e+00
1.400457074615997000e+00
1.381032726973167479e+00
1.364733996496513280e+00
1.305729400562940956e+00
1.316106243220934280e+00
1.345269201175623319e+00
1.372916255232138782e+00
1.383211073558018978e+00
1.358514516965475760e+00
1.339242169567034457e+00
1.311279190919588444e+00
1.324294424864246311e+00
1.314592375042212158e+00
1.318748371532922015e+00
1.320074137546740412e+00
1.316366806709316162e+00
1.305436573927973187e+00
1.310598066771544001e+00
1.323530073451647082e+00
1.333527836305514302e+00
1.354897177134513742e+00
1.359501767093764135e+00
1.313406740708099152e+00
1.301120769470508254e+00
1.229917059323106354e+00
1.217017312226650105e+00
1.218507635892366547e+00
1.224372018925705463e+00
1.202938143125258819e+00
1.216613774726027719e+00
1.224960235101975492e+00
1.220733894826103283e+00
1.245799826745749961e+00
1.263952981322347124e+00
1.258470894082730052e+00
1.274869209028198336e+00
1.268459786148662394e+00
1.260227638012900941e+00
1.256682902601454099e+00
1.259307158752216882e+00
1.211711947543207213e+00
1.216862159320114989e+00
1.228356689511099331e+00
1.233390374998873495e+00
1.228241789631517644e+00
1.228029499847608230e+00
1.234713941934033388e+00
1.250739211365197390e+00
1.264869772613258281e+00
1.282428990439284933e+00
1.288849707544310386e+00
1.299826325550653916e+00
1.314979831153324952e+00
1.311367541144233817e+00
1.323603367444962764e+00
1.328991830607928915e+00
1.333607469985413019e+00
1.340944955882134471e+00
1.345751149530311386e+00
1.356695345495935845e+00
1.353302221926425242e+00
1.356255096501293389e+00
1.338396080709321589e+00
1.302236398948922735e+00
1.279357805215369126e+00
1.275813022670593044e+00
1.252158275287254208e+00
1.246710414449571758e+00
1.230753009478038784e+00
1.236108450931734160e+00
1.221724808550141095e+00
1.204107254945908645e+00
1.177507434249711826e+00
1.193457399951074027e+00
1.204732104176584828e+00
1.215381885915889804e+00
1.235722395153697084e+00
1.253666970490024735e+00
1.259818859888322651e+00
1.278502210813200035e+00
1.304549493647435332e+00
1.317114613875367768e+00
1.332365841535686268e+00
1.349056302661643558e+00
1.360134190961005407e+00
1.377963513678054364e+00
1.398174098793709907e+00
1.417197456011729972e+00
1.440663464077473588e+00
1.449852248056090254e+00
1.473984759975809800e+00
1.481678389113170846e+00
1.501229294505436851e+00
1.529481415204569483e+00
1.535935172010755911e+00
1.558114488268419695e+00
1.573097461315196455e+00
1.591763465807877864e+00
1.606186087734623236e+00
1.626422768189539347e+00
1.635167657628296300e+00
1.660718967813839209e+00
1.668497491225396478e+00
1.678731970213228841e+00
1.700772226608705973e+00
1.720709435759455896e+00
1.735541132373980444e+00
1.754203838489510447e+00
1.763193124513925625e+00
1.733142786130818624e+00
1.721024453129877951e+00
1.737131463973669687e+00
1.757793364420333182e+00
1.773658577850232954e+00
1.794263208343326976e+00
1.815475497961091200e+00
1.842953436267270373e+00
1.851156235093055713e+00
1.876373165461727721e+00
1.888347335714538833e+00
1.907912012931144874e+00
1.922871662963176354e+00
1.948768212602935090e+00
1.971037350821664091e+00
1.983017887296960380e+00
2.003855610857387060e+00
2.018521764991010770e+00
2.031621163337705926e+00
2.065544303858436237e+00
2.076959905493448222e+00
2.103370464475850632e+00
2.106446646593484129e+00
2.118022876376800312e+00
2.149090360281847190e+00
2.171910093167262801e+00
2.177758637758976601e+00
2.192939458975337708e+00
2.223231690693515450e+00
2.238336197533565830e+00
2.242102197452181311e+00
2.274942346695248307e+00
2.294858105520902303e+00
2.293211864375788611e+00
2.323806217580049793e+00
2.347754335706546236e+00
2.344273448544530236e+00
2.360577207677940770e+00
2.377821668274673339e+00
2.405263116476172858e+00
2.430163307348012225e+00
2.436291397080207144e+00
2.450893654197463079e+00
2.482065528126436327e+00
2.499776232080308969e+00
2.521884421846171787e+00
2.526835056259904899e+00
2.533561026612721978e+00
2.568676843351251016e+00
2.583686005525007268e+00
2.588129416614406431e+00
2.605814573242107635e+00
2.626341454940086084e+00
2.642037502515352632e+00
2.647651699289130356e+00
2.663844496733559275e+00
2.682973493307177382e+00
2.679093187654384867e+00
2.696126694527280154e+00
2.716541812232334596e+00
2.722265889582245801e+00
2.724190542296216044e+00
2.727392279733058533e+00
2.748185175354838528e+00
2.780720673845152646e+00
2.762959277739935438e+00
2.777446529754593829e+00
2.789592210453532228e+00
2.795297757597858812e+00
2.742225975751186873e+00
2.756709108030252153e+00
2.753162287530573238e+00
2.752056162222560332e+00
2.760562146943645434e+00
2.750814959342339439e+00
2.757766332753034177e+00
2.719834030053363438e+00
2.695105970747731394e+00
2.690807660435993398e+00
2.673926546648160762e+00
2.657814459549321828e+00
2.614927349707416138e+00
2.614711376698758194e+00
2.602101201299185984e+00
2.533253430937473460e+00
2.517651946427195586e+00
2.512986887093254573e+00
2.518893914137841694e+00
2.509168833777565943e+00
2.512399049488917679e+00
2.538643876017088186e+00
2.547194355961411638e+00
2.561923299193702874e+00
2.557791648833618758e+00
2.590839588378677227e+00
2.542462751426941558e+00
2.545111815579982562e+00
2.577947280841122790e+00
2.573777350458965607e+00
2.588387439011581304e+00
2.616008327621178964e+00
2.620763366723457111e+00
2.637410452896662871e+00
2.645953943803867503e+00
2.648613247366089496e+00
2.652555010751792786e+00
2.652634942140615681e+00
2.682278328996729133e+00
2.668268051001732033e+00
2.690918024172427092e+00
2.692993234221855214e+00
2.714944037114552344e+00
2.698685185632580197e+00
2.721278941236442428e+00
2.731729948197136881e+00
2.685385287405365418e+00
2.703796515018928037e+00
2.726433514813814796e+00
2.735682459994469351e+00
2.742014144168154921e+00
2.772761739883461196e+00
2.785779240338658092e+00
2.788965127973416447e+00
2.803037622696340048e+00
2.810342716372312921e+00
2.820946931976782146e+00
2.840025569562626195e+00
2.844538525427109388e+00
2.844689950274144952e+00
2.867297529724235794e+00
2.876875398646800974e+00
2.919744621078944835e+00
2.900801387172200041e+00
2.923147679498453222e+00
2.946051835536819485e+00
2.937517458890406274e+00
2.953431230789185680e+00
2.941264721920279879e+00
2.949821914773816722e+00
2.958878104746891946e+00
2.984322520870171580e+00
2.987575553654857607e+00
2.999805809969715131e+00
3.005387318953126385e+00
3.005862751791034349e+00
3.012764623739480729e+00
3.011883732269621916e+00
3.010664999377050233e+00
2.989962728449724771e+00
2.995917896243239120e+00
2.984801918772591822e+00
2.983345168736692088e+00
2.979314164961108347e+00
2.984480686733439025e+00
2.988978738892920539e+00
2.980514894112494595e+00
2.987933676143152084e+00
2.992917248701872701e+00
2.956215072319877013e+00
2.962863966909218938e+00
2.960356030138874495e+00
2.959654954138447369e+00
2.982801699184394195e+00
2.977153722666682434e+00
2.983124815841568633e+00
2.982758915708002334e+00
2.986761253611991851e+00
2.982132139465710541e+00
2.974400083062078259e+00
2.979447916782284711e+00
2.971488710954143464e+00
2.985934390096286251e+00
2.976891984928709434e+00
2.975568993848030086e+00
2.978090077358740206e+00
2.968249695625543083e+00
2.973210197582032865e+00
2.983391978439393633e+00
2.990604183785487091e+00
2.925064715102450918e+00
2.899731869765150627e+00
2.895185807852336701e+00
2.900449616791944241e+00
2.886916325590155541e+00
2.881049902274181562e+00
2.824578395035129308e+00
2.798042984749335105e+00
2.722850717641029039e+00
2.530874735157436106e+00
2.404217769085721823e+00
2.336427812782976954e+00
2.192629695443895077e+00
2.051080995051233202e+00
1.966122231249700869e+00
1.913391902181149407e+00
1.850981373153917087e+00
1.773775660742354043e+00
1.597067196751977614e+00
1.571048787473292574e+00
1.525003284031309025e+00
1.495730858126747442e+00
1.490800189990465485e+00
1.477200108645397192e+00
1.482134982275169266e+00
1.479185628321978863e+00
1.496955544818962425e+00
1.495798464743848699e+00
1.495521520615929356e+00
1.511476374499156172e+00
