20220411 10:38:43,136	c_0_335_20220411_10_38_43,136.bmp	-2,988033E-3	-4,042984E-2	3,867592E-3	1,284088E-3
20220411 10:38:49,143	c_0_336_20220411_10_38_49,143.bmp	1,610274E-2	5,397178E-3	1,321881E-3	-1,261932E-3
20220411 10:38:55,150	c_0_337_20220411_10_38_55,150.bmp	1,204656E-1	2,067285E-2	2,594737E-3	1,284088E-3
20220411 10:39:01,154	c_0_338_20220411_10_39_01,154.bmp	2,082831E-1	4,613230E-2	4,902598E-5	-3,807953E-3
20220411 10:39:07,159	c_0_339_20220411_10_39_07,159.bmp	3,113733E-1	6,395392E-2	1,321881E-3	-1,261932E-3
20220411 10:39:13,162	c_0_340_20220411_10_39_13,162.bmp	4,182816E-1	8,304851E-2	1,321881E-3	-1,261932E-3
20220411 10:39:19,166	c_0_341_20220411_10_39_19,166.bmp	5,531897E-1	1,008701E-1	1,321881E-3	2,557098E-3
20220411 10:39:25,172	c_0_342_20220411_10_39_25,172.bmp	6,957341E-1	1,212377E-1	4,902598E-5	2,557098E-3
20220411 10:39:31,179	c_0_343_20220411_10_39_31,179.bmp	8,357330E-1	1,454242E-1	-1,223829E-3	-1,261932E-3
20220411 10:39:37,182	c_0_344_20220411_10_39_37,182.bmp	9,782775E-1	1,606998E-1	3,867592E-3	2,557098E-3
20220411 10:39:43,184	c_0_345_20220411_10_39_43,184.bmp	1,127185E+0	1,797944E-1	1,321881E-3	-1,261932E-3
20220411 10:39:49,185	c_0_346_20220411_10_39_49,185.bmp	1,272275E+0	2,039809E-1	4,902598E-5	1,107786E-5
20220411 10:39:55,190	c_0_347_20220411_10_39_55,190.bmp	1,418638E+0	2,205295E-1	3,867592E-3	1,284088E-3
20220411 10:40:01,199	c_0_348_20220411_10_40_01,199.bmp	1,572637E+0	2,408971E-1	4,902598E-5	-1,261932E-3
20220411 10:40:07,208	c_0_349_20220411_10_40_07,208.bmp	1,721545E+0	2,663566E-1	-3,769540E-3	-3,807953E-3
20220411 10:40:13,208	c_0_350_20220411_10_40_13,208.bmp	1,867907E+0	2,816322E-1	-5,042396E-3	1,107786E-5
20220411 10:40:19,211	c_0_351_20220411_10_40_19,211.bmp	2,012997E+0	3,070917E-1	-3,769540E-3	-3,807953E-3
20220411 10:40:25,213	c_0_352_20220411_10_40_25,213.bmp	2,150451E+0	3,223674E-1	4,902598E-5	-1,261932E-3
20220411 10:40:31,221	c_0_353_20220411_10_40_31,221.bmp	2,292995E+0	3,427349E-1	-3,769540E-3	1,107786E-5
20220411 10:40:37,228	c_0_354_20220411_10_40_37,228.bmp	2,426630E+0	3,669214E-1	-2,496685E-3	-3,807953E-3
20220411 10:40:43,232	c_0_355_20220411_10_40_43,232.bmp	2,550084E+0	3,821971E-1	1,321881E-3	1,107786E-5
20220411 10:40:49,236	c_0_356_20220411_10_40_49,236.bmp	2,668447E+0	3,987457E-1	1,321881E-3	1,284088E-3
20220411 10:40:55,239	c_0_357_20220411_10_40_55,239.bmp	2,768992E+0	4,242052E-1	1,321881E-3	-1,261932E-3
20220411 10:41:01,240	c_0_358_20220411_10_41_01,240.bmp	2,833900E+0	4,432998E-1	-1,223829E-3	-1,261932E-3
20220411 10:41:07,244	c_0_359_20220411_10_41_07,244.bmp	2,872082E+0	4,674862E-1	-3,769540E-3	-2,534943E-3
20220411 10:41:13,248	c_0_360_20220411_10_41_13,248.bmp	2,906445E+0	4,853078E-1	1,321881E-3	-3,807953E-3
20220411 10:41:19,252	c_0_361_20220411_10_41_19,252.bmp	2,936990E+0	5,056754E-1	-3,769540E-3	-3,807953E-3
20220411 10:41:25,256	c_0_362_20220411_10_41_25,256.bmp	2,922990E+0	5,260430E-1	-3,769540E-3	-3,807953E-3
20220411 10:41:31,261	c_0_363_20220411_10_41_31,261.bmp	2,870809E+0	5,425916E-1	-1,223829E-3	-1,261932E-3
20220411 10:41:37,270	c_0_364_20220411_10_41_37,270.bmp	2,840264E+0	5,604132E-1	1,321881E-3	3,830109E-3
20220411 10:41:43,277	c_0_365_20220411_10_41_43,277.bmp	2,761355E+0	5,858727E-1	-3,769540E-3	-3,807953E-3
20220411 10:41:49,282	c_0_366_20220411_10_41_49,282.bmp	2,704083E+0	6,024213E-1	4,902598E-5	-1,261932E-3
20220411 10:41:55,287	c_0_367_20220411_10_41_55,287.bmp	2,542448E+0	6,253348E-1	4,902598E-5	-1,261932E-3
20220411 10:42:01,291	c_0_368_20220411_10_42_01,291.bmp	2,516993E+0	6,418835E-1	4,902598E-5	-1,261932E-3
20220411 10:42:07,294	c_0_369_20220411_10_42_07,294.bmp	2,511902E+0	6,647970E-1	2,594737E-3	-1,261932E-3
20220411 10:42:13,297	c_0_370_20220411_10_42_13,297.bmp	2,458448E+0	6,826186E-1	-3,769540E-3	1,107786E-5
20220411 10:42:19,299	c_0_371_20220411_10_42_19,299.bmp	2,396085E+0	7,068051E-1	-2,496685E-3	-3,807953E-3
20220411 10:42:25,306	c_0_372_20220411_10_42_25,306.bmp	2,362995E+0	7,271726E-1	-1,223829E-3	-1,261932E-3
20220411 10:42:31,312	c_0_373_20220411_10_42_31,312.bmp	2,356631E+0	7,424483E-1	-1,223829E-3	1,107786E-5
20220411 10:42:37,320	c_0_374_20220411_10_42_37,320.bmp	2,351540E+0	7,602699E-1	4,902598E-5	1,107786E-5
20220411 10:42:43,325	c_0_375_20220411_10_42_43,325.bmp	2,343904E+0	7,793645E-1	3,867592E-3	3,830109E-3
20220411 10:42:49,326	c_0_376_20220411_10_42_49,326.bmp	2,334995E+0	8,060969E-1	4,902598E-5	-3,807953E-3
20220411 10:42:55,331	c_0_377_20220411_10_42_55,331.bmp	2,327358E+0	8,251915E-1	-2,496685E-3	1,107786E-5
20220411 10:43:01,339	c_0_378_20220411_10_43_01,339.bmp	2,318449E+0	8,404672E-1	4,902598E-5	2,557098E-3
20220411 10:43:07,351	c_0_379_20220411_10_43_07,351.bmp	2,287904E+0	8,646537E-1	-3,769540E-3	1,107786E-5
20220411 10:43:13,355	c_0_380_20220411_10_43_13,355.bmp	2,243359E+0	8,837483E-1	1,321881E-3	1,107786E-5
20220411 10:43:19,357	c_0_381_20220411_10_43_19,357.bmp	2,196268E+0	9,015699E-1	3,867592E-3	2,557098E-3
20220411 10:43:25,360	c_0_382_20220411_10_43_25,360.bmp	2,154269E+0	9,270293E-1	-5,042396E-3	-3,807953E-3
20220411 10:43:31,361	c_0_383_20220411_10_43_31,361.bmp	2,141542E+0	9,423050E-1	4,902598E-5	-3,807953E-3
20220411 10:43:37,369	c_0_384_20220411_10_43_37,369.bmp	2,145360E+0	9,626726E-1	4,902598E-5	1,107786E-5
20220411 10:43:43,376	c_0_385_20220411_10_43_43,376.bmp	2,144087E+0	9,830401E-1	4,902598E-5	-1,261932E-3
20220411 10:43:49,380	c_0_386_20220411_10_43_49,380.bmp	2,110996E+0	1,004681E+0	4,902598E-5	-3,807953E-3
20220411 10:43:55,384	c_0_387_20220411_10_43_55,384.bmp	2,070269E+0	1,022502E+0	-3,769540E-3	1,107786E-5
20220411 10:44:01,387	c_0_388_20220411_10_44_01,387.bmp	2,023179E+0	1,044143E+0	4,902598E-5	-1,261932E-3
20220411 10:44:07,391	c_0_389_20220411_10_44_07,391.bmp	1,976088E+0	1,061964E+0	3,867592E-3	-1,261932E-3
20220411 10:44:13,401	c_0_390_20220411_10_44_13,401.bmp	1,958270E+0	1,086151E+0	-1,223829E-3	-3,807953E-3
20220411 10:44:19,402	c_0_391_20220411_10_44_19,402.bmp	1,935361E+0	1,103973E+0	-3,769540E-3	2,557098E-3
20220411 10:44:25,404	c_0_392_20220411_10_44_25,404.bmp	1,935361E+0	1,120521E+0	-1,223829E-3	2,557098E-3
20220411 10:44:31,407	c_0_393_20220411_10_44_31,407.bmp	1,913725E+0	1,139616E+0	4,902598E-5	2,557098E-3
20220411 10:44:37,411	c_0_394_20220411_10_44_37,411.bmp	1,903543E+0	1,166348E+0	-3,769540E-3	1,107786E-5
20220411 10:44:43,418	c_0_395_20220411_10_44_43,418.bmp	1,880634E+0	1,186716E+0	-5,042396E-3	-2,534943E-3
20220411 10:44:49,424	c_0_396_20220411_10_44_49,424.bmp	1,870453E+0	1,203264E+0	-5,042396E-3	1,107786E-5
20220411 10:44:55,427	c_0_397_20220411_10_44_55,427.bmp	1,865362E+0	1,219813E+0	2,594737E-3	1,284088E-3
20220411 10:45:01,431	c_0_398_20220411_10_45_01,431.bmp	1,865362E+0	1,242727E+0	3,867592E-3	-1,261932E-3
20220411 10:45:07,436	c_0_399_20220411_10_45_07,436.bmp	1,862816E+0	1,264367E+0	-1,223829E-3	3,830109E-3
20220411 10:45:13,441	c_0_400_20220411_10_45_13,441.bmp	1,844998E+0	1,280916E+0	4,902598E-5	2,557098E-3
20220411 10:45:19,451	c_0_401_20220411_10_45_19,451.bmp	1,822089E+0	1,300010E+0	-1,223829E-3	3,830109E-3
20220411 10:45:25,454	c_0_402_20220411_10_45_25,454.bmp	1,755908E+0	1,329289E+0	4,902598E-5	-3,807953E-3
20220411 10:45:31,459	c_0_403_20220411_10_45_31,459.bmp	1,685909E+0	1,339472E+0	3,867592E-3	1,284088E-3
20220411 10:45:37,467	c_0_404_20220411_10_45_37,467.bmp	1,638818E+0	1,364932E+0	-3,769540E-3	1,107786E-5
20220411 10:45:43,468	c_0_405_20220411_10_45_43,468.bmp	1,608273E+0	1,385299E+0	-3,769540E-3	1,107786E-5
20220411 10:45:49,476	c_0_406_20220411_10_45_49,476.bmp	1,582818E+0	1,406940E+0	-2,496685E-3	-2,534943E-3
20220411 10:45:55,480	c_0_407_20220411_10_45_55,480.bmp	1,565000E+0	1,426035E+0	-1,223829E-3	1,107786E-5
20220411 10:46:01,484	c_0_408_20220411_10_46_01,484.bmp	1,563728E+0	1,446402E+0	-3,769540E-3	-3,807953E-3
20220411 10:46:07,490	c_0_409_20220411_10_46_07,490.bmp	1,566273E+0	1,462951E+0	-1,223829E-3	1,107786E-5
20220411 10:46:13,493	c_0_410_20220411_10_46_13,493.bmp	1,570091E+0	1,487137E+0	4,902598E-5	-3,807953E-3
20220411 10:46:19,496	c_0_411_20220411_10_46_19,496.bmp	1,568819E+0	1,503686E+0	-1,223829E-3	-1,261932E-3
20220411 10:46:25,497	c_0_412_20220411_10_46_25,497.bmp	1,568819E+0	1,524053E+0	4,902598E-5	1,107786E-5
20220411 10:46:31,500	c_0_413_20220411_10_46_31,500.bmp	1,562455E+0	1,540602E+0	2,594737E-3	3,830109E-3
20220411 10:46:37,502	c_0_414_20220411_10_46_37,502.bmp	1,559910E+0	1,564789E+0	-1,223829E-3	1,107786E-5
20220411 10:46:43,512	c_0_415_20220411_10_46_43,512.bmp	1,529364E+0	1,586429E+0	-3,769540E-3	-3,807953E-3
20220411 10:46:49,515	c_0_416_20220411_10_46_49,515.bmp	1,506455E+0	1,601705E+0	4,902598E-5	2,557098E-3
20220411 10:46:55,522	c_0_417_20220411_10_46_55,522.bmp	1,498819E+0	1,624618E+0	1,321881E-3	1,107786E-5
20220411 10:47:01,524	c_0_418_20220411_10_47_01,524.bmp	1,484819E+0	1,644986E+0	-1,223829E-3	1,107786E-5
20220411 10:47:07,529	c_0_419_20220411_10_47_07,529.bmp	1,467001E+0	1,665353E+0	-2,496685E-3	-5,080963E-3
20220411 10:47:13,538	c_0_420_20220411_10_47_13,538.bmp	1,456819E+0	1,685721E+0	4,902598E-5	-3,807953E-3
20220411 10:47:19,542	c_0_421_20220411_10_47_19,542.bmp	1,449183E+0	1,707362E+0	4,902598E-5	-3,807953E-3
20220411 10:47:25,546	c_0_422_20220411_10_47_25,546.bmp	1,446638E+0	1,723910E+0	-2,496685E-3	-1,261932E-3
20220411 10:47:31,548	c_0_423_20220411_10_47_31,548.bmp	1,430092E+0	1,748097E+0	-1,223829E-3	-3,807953E-3
20220411 10:47:37,549	c_0_424_20220411_10_47_37,549.bmp	1,433910E+0	1,759553E+0	4,902598E-5	2,557098E-3
20220411 10:47:43,553	c_0_425_20220411_10_47_43,553.bmp	1,436456E+0	1,782467E+0	4,902598E-5	1,107786E-5
20220411 10:47:49,562	c_0_426_20220411_10_47_49,562.bmp	1,446638E+0	1,802834E+0	-3,769540E-3	1,107786E-5
20220411 10:47:55,566	c_0_427_20220411_10_47_55,566.bmp	1,446638E+0	1,823202E+0	3,867592E-3	2,557098E-3
20220411 10:48:01,573	c_0_428_20220411_10_48_01,573.bmp	1,449183E+0	1,843570E+0	4,902598E-5	-1,261932E-3
20220411 10:48:07,578	c_0_429_20220411_10_48_07,578.bmp	1,450456E+0	1,861391E+0	1,321881E-3	3,830109E-3
20220411 10:48:13,579	c_0_430_20220411_10_48_13,579.bmp	1,454274E+0	1,884305E+0	-3,769540E-3	1,107786E-5
20220411 10:48:19,584	c_0_431_20220411_10_48_19,584.bmp	1,456819E+0	1,904672E+0	-5,042396E-3	-3,807953E-3
20220411 10:48:25,597	c_0_432_20220411_10_48_25,597.bmp	1,451729E+0	1,919948E+0	1,321881E-3	1,284088E-3
20220411 10:48:31,600	c_0_433_20220411_10_48_31,600.bmp	1,454274E+0	1,946680E+0	-5,042396E-3	-3,807953E-3
20220411 10:48:37,606	c_0_434_20220411_10_48_37,606.bmp	1,449183E+0	1,963229E+0	1,321881E-3	1,107786E-5
20220411 10:48:43,607	c_0_435_20220411_10_48_43,607.bmp	1,445365E+0	1,982324E+0	2,594737E-3	1,284088E-3
20220411 10:48:49,609	c_0_436_20220411_10_48_49,609.bmp	1,451729E+0	2,003964E+0	4,902598E-5	1,107786E-5
20220411 10:48:55,615	c_0_437_20220411_10_48_55,615.bmp	1,445365E+0	2,021786E+0	4,902598E-5	2,557098E-3
20220411 10:49:01,622	c_0_438_20220411_10_49_01,622.bmp	1,437729E+0	2,047245E+0	-1,223829E-3	-3,807953E-3
20220411 10:49:07,626	c_0_439_20220411_10_49_07,626.bmp	1,436456E+0	2,063794E+0	4,902598E-5	-1,261932E-3
20220411 10:49:13,630	c_0_440_20220411_10_49_13,630.bmp	1,426274E+0	2,086707E+0	-5,042396E-3	-2,534943E-3
20220411 10:49:19,631	c_0_441_20220411_10_49_19,631.bmp	1,400820E+0	2,105802E+0	-1,223829E-3	-1,261932E-3
20220411 10:49:25,633	c_0_442_20220411_10_49_25,633.bmp	1,366456E+0	2,122351E+0	4,902598E-5	1,107786E-5
20220411 10:49:31,642	c_0_443_20220411_10_49_31,642.bmp	1,342275E+0	2,142718E+0	1,321881E-3	-1,261932E-3
20220411 10:49:37,653	c_0_444_20220411_10_49_37,653.bmp	1,330820E+0	2,164359E+0	-3,769540E-3	-3,807953E-3
20220411 10:49:43,656	c_0_445_20220411_10_49_43,656.bmp	1,307911E+0	2,183453E+0	2,594737E-3	1,107786E-5
20220411 10:49:49,666	c_0_446_20220411_10_49_49,666.bmp	1,300275E+0	2,205094E+0	-2,496685E-3	-1,261932E-3
20220411 10:49:55,674	c_0_447_20220411_10_49_55,674.bmp	1,287548E+0	2,220369E+0	1,321881E-3	2,557098E-3
20220411 10:50:01,677	c_0_448_20220411_10_50_01,677.bmp	1,290093E+0	2,245829E+0	-5,042396E-3	-3,807953E-3
20220411 10:50:07,680	c_0_449_20220411_10_50_07,680.bmp	1,281184E+0	2,266197E+0	-3,769540E-3	-3,807953E-3
20220411 10:50:13,683	c_0_450_20220411_10_50_13,683.bmp	1,276093E+0	2,284018E+0	4,902598E-5	1,107786E-5
20220411 10:50:19,688	c_0_451_20220411_10_50_19,688.bmp	1,272275E+0	2,300567E+0	3,867592E-3	2,557098E-3
20220411 10:50:25,693	c_0_452_20220411_10_50_25,693.bmp	1,276093E+0	2,324753E+0	4,902598E-5	1,284088E-3
20220411 10:50:31,697	c_0_453_20220411_10_50_31,697.bmp	1,278639E+0	2,343848E+0	4,902598E-5	1,107786E-5
20220411 10:50:37,699	c_0_454_20220411_10_50_37,699.bmp	1,279912E+0	2,360396E+0	1,321881E-3	2,557098E-3
20220411 10:50:43,705	c_0_455_20220411_10_50_43,705.bmp	1,288821E+0	2,383310E+0	-1,223829E-3	1,107786E-5
20220411 10:50:49,713	c_0_456_20220411_10_50_49,713.bmp	1,296457E+0	2,403678E+0	-3,769540E-3	1,107786E-5
20220411 10:50:55,714	c_0_457_20220411_10_50_55,714.bmp	1,293911E+0	2,420226E+0	2,594737E-3	2,557098E-3
20220411 10:51:01,720	c_0_458_20220411_10_51_01,720.bmp	1,302821E+0	2,439321E+0	-1,223829E-3	2,557098E-3
20220411 10:51:07,725	c_0_459_20220411_10_51_07,725.bmp	1,314275E+0	2,467326E+0	-3,769540E-3	-3,807953E-3
20220411 10:51:13,730	c_0_460_20220411_10_51_13,730.bmp	1,318093E+0	2,483875E+0	4,902598E-5	-1,261932E-3
20220411 10:51:19,735	c_0_461_20220411_10_51_19,735.bmp	1,323184E+0	2,502969E+0	-1,223829E-3	1,107786E-5
20220411 10:51:25,740	c_0_462_20220411_10_51_25,740.bmp	1,328275E+0	2,524610E+0	-1,223829E-3	1,107786E-5
20220411 10:51:31,742	c_0_463_20220411_10_51_31,742.bmp	1,330820E+0	2,542432E+0	1,321881E-3	-1,261932E-3
20220411 10:51:37,747	c_0_464_20220411_10_51_37,747.bmp	1,337184E+0	2,561526E+0	2,594737E-3	2,557098E-3
20220411 10:51:43,749	c_0_465_20220411_10_51_43,749.bmp	1,346093E+0	2,581894E+0	1,321881E-3	-1,261932E-3
20220411 10:51:49,751	c_0_466_20220411_10_51_49,751.bmp	1,353729E+0	2,602261E+0	2,594737E-3	-1,261932E-3
20220411 10:51:55,756	c_0_467_20220411_10_51_55,756.bmp	1,365184E+0	2,625175E+0	4,902598E-5	-1,261932E-3
20220411 10:52:01,767	c_0_468_20220411_10_52_01,767.bmp	1,370275E+0	2,644269E+0	4,902598E-5	-1,261932E-3
20220411 10:52:07,770	c_0_469_20220411_10_52_07,770.bmp	1,380456E+0	2,668456E+0	-3,769540E-3	-3,807953E-3
20220411 10:52:13,774	c_0_470_20220411_10_52_13,774.bmp	1,381729E+0	2,679913E+0	1,321881E-3	2,557098E-3
20220411 10:52:19,778	c_0_471_20220411_10_52_19,778.bmp	1,388093E+0	2,702826E+0	2,594737E-3	2,557098E-3
20220411 10:52:25,785	c_0_472_20220411_10_52_25,785.bmp	1,402093E+0	2,728286E+0	-3,769540E-3	-3,807953E-3
20220411 10:52:31,791	c_0_473_20220411_10_52_31,791.bmp	1,400820E+0	2,742288E+0	1,321881E-3	3,830109E-3
20220411 10:52:37,796	c_0_474_20220411_10_52_37,796.bmp	1,411002E+0	2,763929E+0	2,594737E-3	1,107786E-5
20220411 10:52:43,801	c_0_475_20220411_10_52_43,801.bmp	1,416092E+0	2,780477E+0	1,321881E-3	2,557098E-3
20220411 10:52:49,805	c_0_476_20220411_10_52_49,805.bmp	1,421183E+0	2,803391E+0	4,902598E-5	1,107786E-5
20220411 10:52:55,812	c_0_477_20220411_10_52_55,812.bmp	1,432638E+0	2,821213E+0	4,902598E-5	2,557098E-3
20220411 10:53:01,819	c_0_478_20220411_10_53_01,819.bmp	1,439001E+0	2,844126E+0	-5,042396E-3	-3,807953E-3
20220411 10:53:07,823	c_0_479_20220411_10_53_07,823.bmp	1,437729E+0	2,861948E+0	3,867592E-3	1,107786E-5
20220411 10:53:13,825	c_0_480_20220411_10_53_13,825.bmp	1,451729E+0	2,887407E+0	-2,496685E-3	-3,807953E-3
20220411 10:53:19,827	c_0_481_20220411_10_53_19,827.bmp	1,455547E+0	2,906502E+0	4,902598E-5	-3,807953E-3
20220411 10:53:25,833	c_0_482_20220411_10_53_25,833.bmp	1,456819E+0	2,921777E+0	3,867592E-3	2,557098E-3
20220411 10:53:31,838	c_0_483_20220411_10_53_31,838.bmp	1,465728E+0	2,942145E+0	1,321881E-3	3,830109E-3
20220411 10:53:37,840	c_0_484_20220411_10_53_37,840.bmp	1,470819E+0	2,966331E+0	-1,223829E-3	-3,807953E-3
20220411 10:53:43,851	c_0_485_20220411_10_53_43,851.bmp	1,474637E+0	2,984153E+0	2,594737E-3	1,107786E-5
20220411 10:53:49,855	c_0_486_20220411_10_53_49,855.bmp	1,482274E+0	3,000702E+0	4,902598E-5	1,284088E-3
20220411 10:53:55,859	c_0_487_20220411_10_53_55,859.bmp	1,488637E+0	3,023615E+0	2,594737E-3	2,557098E-3
20220411 10:54:01,862	c_0_488_20220411_10_54_01,862.bmp	1,500092E+0	3,040164E+0	-1,223829E-3	2,557098E-3
20220411 10:54:07,864	c_0_489_20220411_10_54_07,864.bmp	1,506455E+0	3,063077E+0	-5,042396E-3	1,107786E-5
20220411 10:54:13,875	c_0_490_20220411_10_54_13,875.bmp	1,507728E+0	3,084718E+0	3,867592E-3	1,107786E-5
20220411 10:54:19,879	c_0_491_20220411_10_54_19,879.bmp	1,520455E+0	3,106358E+0	-5,042396E-3	-3,807953E-3
20220411 10:54:25,883	c_0_492_20220411_10_54_25,883.bmp	1,520455E+0	3,125453E+0	-2,496685E-3	-3,807953E-3
20220411 10:54:31,885	c_0_493_20220411_10_54_31,885.bmp	1,530637E+0	3,140729E+0	2,594737E-3	2,557098E-3
20220411 10:54:37,890	c_0_494_20220411_10_54_37,890.bmp	1,538273E+0	3,159823E+0	4,902598E-5	1,284088E-3
20220411 10:54:43,895	c_0_495_20220411_10_54_43,895.bmp	1,548455E+0	3,186556E+0	-1,223829E-3	-3,807953E-3
20220411 10:54:49,902	c_0_496_20220411_10_54_49,902.bmp	1,551000E+0	3,206923E+0	-2,496685E-3	1,107786E-5
20220411 10:54:55,903	c_0_497_20220411_10_54_55,903.bmp	1,557364E+0	3,223472E+0	4,902598E-5	-1,261932E-3
20220411 10:55:01,913	c_0_498_20220411_10_55_01,913.bmp	1,559910E+0	3,238748E+0	2,594737E-3	2,557098E-3
20220411 10:55:07,919	c_0_499_20220411_10_55_07,919.bmp	1,565000E+0	3,261661E+0	4,902598E-5	1,107786E-5
20220411 10:55:13,922	c_0_500_20220411_10_55_13,922.bmp	1,571364E+0	3,283302E+0	4,902598E-5	-1,261932E-3
20220411 10:55:19,927	c_0_501_20220411_10_55_19,927.bmp	1,580273E+0	3,308761E+0	-5,042396E-3	-3,807953E-3
20220411 10:55:25,937	c_0_502_20220411_10_55_25,937.bmp	1,584091E+0	3,326583E+0	1,321881E-3	-3,807953E-3
20220411 10:55:31,938	c_0_503_20220411_10_55_31,938.bmp	1,584091E+0	3,344404E+0	3,867592E-3	1,107786E-5
20220411 10:55:37,942	c_0_504_20220411_10_55_37,942.bmp	1,595546E+0	3,367318E+0	-5,042396E-3	-3,807953E-3
20220411 10:55:43,943	c_0_505_20220411_10_55_43,943.bmp	1,599364E+0	3,383866E+0	4,902598E-5	-1,261932E-3
20220411 10:55:49,948	c_0_506_20220411_10_55_49,948.bmp	1,601909E+0	3,400415E+0	2,594737E-3	2,557098E-3
20220411 10:55:55,950	c_0_507_20220411_10_55_55,950.bmp	1,610818E+0	3,423329E+0	-2,496685E-3	1,107786E-5
20220411 10:56:01,953	c_0_508_20220411_10_56_01,953.bmp	1,609546E+0	3,444969E+0	3,867592E-3	1,107786E-5
20220411 10:56:07,961	c_0_509_20220411_10_56_07,961.bmp	1,621000E+0	3,466610E+0	-3,769540E-3	-3,807953E-3
20220411 10:56:13,967	c_0_510_20220411_10_56_13,967.bmp	1,619727E+0	3,481885E+0	3,867592E-3	1,284088E-3
20220411 10:56:19,970	c_0_511_20220411_10_56_19,970.bmp	1,619727E+0	3,503526E+0	4,902598E-5	1,107786E-5
20220411 10:56:25,971	c_0_512_20220411_10_56_25,971.bmp	1,629909E+0	3,520075E+0	1,321881E-3	2,557098E-3
20220411 10:56:31,984	c_0_513_20220411_10_56_31,984.bmp	1,632454E+0	3,546807E+0	-3,769540E-3	-3,807953E-3
20220411 10:56:37,989	c_0_514_20220411_10_56_37,989.bmp	1,636273E+0	3,560810E+0	4,902598E-5	1,284088E-3
20220411 10:56:43,992	c_0_515_20220411_10_56_43,992.bmp	1,632454E+0	3,583723E+0	2,594737E-3	-1,261932E-3
20220411 10:56:49,997	c_0_516_20220411_10_56_49,997.bmp	1,643909E+0	3,607910E+0	-3,769540E-3	-3,807953E-3
20220411 10:56:56,001	c_0_517_20220411_10_56_56,001.bmp	1,645182E+0	3,627004E+0	-2,496685E-3	-2,534943E-3
20220411 10:57:02,010	c_0_518_20220411_10_57_02,010.bmp	1,645182E+0	3,643553E+0	4,902598E-5	-3,807953E-3
20220411 10:57:08,015	c_0_519_20220411_10_57_08,015.bmp	1,654091E+0	3,666466E+0	-1,223829E-3	-1,261932E-3
20220411 10:57:14,016	c_0_520_20220411_10_57_14,016.bmp	1,660454E+0	3,681742E+0	-1,223829E-3	1,107786E-5
20220411 10:57:20,017	c_0_521_20220411_10_57_20,017.bmp	1,649000E+0	3,704656E+0	1,321881E-3	3,830109E-3
20220411 10:57:26,021	c_0_522_20220411_10_57_26,021.bmp	1,663000E+0	3,722477E+0	-1,223829E-3	1,107786E-5
20220411 10:57:32,027	c_0_523_20220411_10_57_32,027.bmp	1,668091E+0	3,746664E+0	-3,769540E-3	-3,807953E-3
20220411 10:57:38,030	c_0_524_20220411_10_57_38,030.bmp	1,663000E+0	3,760666E+0	2,594737E-3	3,830109E-3
20220411 10:57:44,031	c_0_525_20220411_10_57_44,031.bmp	1,665545E+0	3,781034E+0	4,902598E-5	2,557098E-3
20220411 10:57:50,037	c_0_526_20220411_10_57_50,037.bmp	1,669363E+0	3,802674E+0	-1,223829E-3	1,107786E-5
20220411 10:57:56,039	c_0_527_20220411_10_57_56,039.bmp	1,670636E+0	3,824315E+0	4,902598E-5	-3,807953E-3
20220411 10:58:02,040	c_0_528_20220411_10_58_02,040.bmp	1,679545E+0	3,843410E+0	-3,769540E-3	1,107786E-5
20220411 10:58:08,043	c_0_529_20220411_10_58_08,043.bmp	1,683363E+0	3,863777E+0	-3,769540E-3	-1,261932E-3
20220411 10:58:14,049	c_0_530_20220411_10_58_14,049.bmp	1,683363E+0	3,884145E+0	1,321881E-3	-1,261932E-3
20220411 10:58:20,051	c_0_531_20220411_10_58_20,051.bmp	1,688454E+0	3,901966E+0	-3,769540E-3	-1,261932E-3
20220411 10:58:26,060	c_0_532_20220411_10_58_26,060.bmp	1,690999E+0	3,921061E+0	4,902598E-5	2,557098E-3
20220411 10:58:32,065	c_0_533_20220411_10_58_32,065.bmp	1,694818E+0	3,943974E+0	-5,042396E-3	1,107786E-5
20220411 10:58:38,067	c_0_534_20220411_10_58_38,067.bmp	1,692272E+0	3,960523E+0	3,867592E-3	2,557098E-3
20220411 10:58:44,069	c_0_535_20220411_10_58_44,069.bmp	1,696090E+0	3,982164E+0	1,321881E-3	2,557098E-3
20220411 10:58:50,072	c_0_536_20220411_10_58_50,072.bmp	1,696090E+0	4,002531E+0	4,902598E-5	1,107786E-5
20220411 10:58:56,077	c_0_537_20220411_10_58_56,077.bmp	1,697363E+0	4,022899E+0	-2,496685E-3	1,107786E-5
20220411 10:59:02,082	c_0_538_20220411_10_59_02,082.bmp	1,696090E+0	4,044539E+0	4,902598E-5	1,107786E-5
20220411 10:59:08,084	c_0_539_20220411_10_59_08,084.bmp	1,697363E+0	4,066180E+0	-3,769540E-3	-3,807953E-3
20220411 10:59:14,089	c_0_540_20220411_10_59_14,089.bmp	1,694818E+0	4,086547E+0	4,902598E-5	-3,807953E-3
20220411 10:59:20,095	c_0_541_20220411_10_59_20,095.bmp	1,697363E+0	4,101823E+0	4,902598E-5	2,557098E-3
20220411 10:59:26,101	c_0_542_20220411_10_59_26,101.bmp	1,690999E+0	4,126009E+0	2,594737E-3	1,107786E-5
20220411 10:59:32,108	c_0_543_20220411_10_59_32,108.bmp	1,692272E+0	4,145104E+0	4,902598E-5	1,284088E-3
20220411 10:59:38,109	c_0_544_20220411_10_59_38,109.bmp	1,696090E+0	4,165472E+0	-2,496685E-3	-3,807953E-3
20220411 10:59:44,116	c_0_545_20220411_10_59_44,116.bmp	1,685909E+0	4,184566E+0	2,594737E-3	-1,261932E-3
20220411 10:59:50,117	c_0_546_20220411_10_59_50,117.bmp	1,687181E+0	4,204934E+0	4,902598E-5	-1,261932E-3
20220411 10:59:56,122	c_0_547_20220411_10_59_56,122.bmp	1,692272E+0	4,224028E+0	-1,223829E-3	1,107786E-5
20220411 11:00:02,125	c_0_548_20220411_11_00_02,125.bmp	1,689727E+0	4,239304E+0	3,867592E-3	3,830109E-3
20220411 11:00:08,126	c_0_549_20220411_11_00_08,126.bmp	1,692272E+0	4,269855E+0	-2,496685E-3	-3,807953E-3
20220411 11:00:14,129	c_0_550_20220411_11_00_14,129.bmp	1,689727E+0	4,281312E+0	4,902598E-5	2,557098E-3
20220411 11:00:20,130	c_0_551_20220411_11_00_20,130.bmp	1,693545E+0	4,304226E+0	1,321881E-3	-1,261932E-3
20220411 11:00:26,132	c_0_552_20220411_11_00_26,132.bmp	1,690999E+0	4,320774E+0	4,902598E-5	3,830109E-3
20220411 11:00:32,133	c_0_553_20220411_11_00_32,133.bmp	1,687181E+0	4,343688E+0	4,902598E-5	-1,261932E-3
20220411 11:00:38,136	c_0_554_20220411_11_00_38,136.bmp	1,685909E+0	4,366601E+0	-1,223829E-3	-3,807953E-3
20220411 11:00:44,139	c_0_555_20220411_11_00_44,139.bmp	1,685909E+0	4,385696E+0	-3,769540E-3	-3,807953E-3
20220411 11:00:50,140	c_0_556_20220411_11_00_50,140.bmp	1,680818E+0	4,404790E+0	-2,496685E-3	1,107786E-5
20220411 11:00:56,146	c_0_557_20220411_11_00_56,146.bmp	1,669363E+0	4,420066E+0	2,594737E-3	3,830109E-3
20220411 11:01:02,151	c_0_558_20220411_11_01_02,151.bmp	1,668091E+0	4,446799E+0	-1,223829E-3	-3,807953E-3
20220411 11:01:08,157	c_0_559_20220411_11_01_08,157.bmp	1,670636E+0	4,465893E+0	-3,769540E-3	-3,807953E-3
20220411 11:01:14,165	c_0_560_20220411_11_01_14,165.bmp	1,664272E+0	4,481169E+0	-1,223829E-3	2,557098E-3
20220411 11:01:20,170	c_0_561_20220411_11_01_20,170.bmp	1,660454E+0	4,505355E+0	-5,042396E-3	-3,807953E-3
20220411 11:01:26,171	c_0_562_20220411_11_01_26,171.bmp	1,649000E+0	4,520631E+0	2,594737E-3	2,557098E-3
20220411 11:01:32,175	c_0_563_20220411_11_01_32,175.bmp	1,643909E+0	4,546090E+0	2,594737E-3	1,107786E-5
20220411 11:01:38,184	c_0_564_20220411_11_01_38,184.bmp	1,640091E+0	4,563912E+0	4,902598E-5	-1,261932E-3
20220411 11:01:44,188	c_0_565_20220411_11_01_44,188.bmp	1,629909E+0	4,579188E+0	1,321881E-3	3,830109E-3
20220411 11:01:50,193	c_0_566_20220411_11_01_50,193.bmp	1,621000E+0	4,603374E+0	4,902598E-5	-1,261932E-3
20220411 11:01:56,196	c_0_567_20220411_11_01_56,196.bmp	1,605727E+0	4,621196E+0	2,594737E-3	2,557098E-3
20220411 11:02:02,198	c_0_568_20220411_11_02_02,198.bmp	1,599364E+0	4,646655E+0	4,902598E-5	-1,261932E-3
20220411 11:02:08,206	c_0_569_20220411_11_02_08,206.bmp	1,584091E+0	4,663204E+0	2,594737E-3	1,107786E-5
20220411 11:02:14,213	c_0_570_20220411_11_02_14,213.bmp	1,579000E+0	4,681026E+0	3,867592E-3	2,557098E-3
20220411 11:02:20,217	c_0_571_20220411_11_02_20,217.bmp	1,570091E+0	4,703939E+0	4,902598E-5	1,107786E-5
20220411 11:02:26,221	c_0_572_20220411_11_02_26,221.bmp	1,562455E+0	4,723034E+0	-5,042396E-3	1,107786E-5
20220411 11:02:32,225	c_0_573_20220411_11_02_32,225.bmp	1,547182E+0	4,743401E+0	2,594737E-3	1,107786E-5
20220411 11:02:38,227	c_0_574_20220411_11_02_38,227.bmp	1,539546E+0	4,761223E+0	3,867592E-3	2,557098E-3
20220411 11:02:44,235	c_0_575_20220411_11_02_44,235.bmp	1,537001E+0	4,780317E+0	-1,223829E-3	2,557098E-3
20220411 11:02:50,238	c_0_576_20220411_11_02_50,238.bmp	1,529364E+0	4,804504E+0	1,321881E-3	1,284088E-3
20220411 11:02:56,240	c_0_577_20220411_11_02_56,240.bmp	1,524273E+0	4,823598E+0	2,594737E-3	1,107786E-5
20220411 11:03:02,243	c_0_578_20220411_11_03_02,243.bmp	1,531910E+0	4,846512E+0	-3,769540E-3	-3,807953E-3
20220411 11:03:08,248	c_0_579_20220411_11_03_08,248.bmp	1,530637E+0	4,866880E+0	-3,769540E-3	1,107786E-5
20220411 11:03:14,260	c_0_580_20220411_11_03_14,260.bmp	1,523001E+0	4,880882E+0	6,413303E-3	3,830109E-3
20220411 11:03:20,269	c_0_581_20220411_11_03_20,269.bmp	1,530637E+0	4,906342E+0	1,321881E-3	-3,807953E-3
20220411 11:03:26,270	c_0_582_20220411_11_03_26,270.bmp	1,535728E+0	4,924163E+0	-2,496685E-3	-1,261932E-3
20220411 11:03:32,271	c_0_583_20220411_11_03_32,271.bmp	1,535728E+0	4,943258E+0	-2,496685E-3	-1,261932E-3
20220411 11:03:38,276	c_0_584_20220411_11_03_38,276.bmp	1,533182E+0	4,959807E+0	2,594737E-3	3,830109E-3
20220411 11:03:44,281	c_0_585_20220411_11_03_44,281.bmp	1,544637E+0	4,986539E+0	-5,042396E-3	-3,807953E-3
20220411 11:03:50,293	c_0_586_20220411_11_03_50,293.bmp	1,545910E+0	5,003088E+0	4,902598E-5	-1,261932E-3
20220411 11:03:56,294	c_0_587_20220411_11_03_56,294.bmp	1,544637E+0	5,026001E+0	-3,769540E-3	-3,807953E-3
20220411 11:04:02,298	c_0_588_20220411_11_04_02,298.bmp	1,554819E+0	5,046369E+0	-2,496685E-3	-3,807953E-3
20220411 11:04:08,306	c_0_589_20220411_11_04_08,306.bmp	1,553546E+0	5,062917E+0	1,321881E-3	1,107786E-5
20220411 11:04:14,314	c_0_590_20220411_11_04_14,314.bmp	1,557364E+0	5,085831E+0	-3,769540E-3	-3,807953E-3
20220411 11:04:20,318	c_0_591_20220411_11_04_20,318.bmp	1,547182E+0	5,099834E+0	2,594737E-3	2,557098E-3
20220411 11:04:26,320	c_0_592_20220411_11_04_26,320.bmp	1,540819E+0	5,122747E+0	-1,223829E-3	1,107786E-5
20220411 11:04:32,325	c_0_593_20220411_11_04_32,325.bmp	1,537001E+0	5,143115E+0	4,902598E-5	1,107786E-5
20220411 11:04:38,331	c_0_594_20220411_11_04_38,331.bmp	1,533182E+0	5,166028E+0	4,902598E-5	-3,807953E-3
20220411 11:04:44,335	c_0_595_20220411_11_04_44,335.bmp	1,534455E+0	5,182577E+0	4,902598E-5	1,284088E-3
20220411 11:04:50,338	c_0_596_20220411_11_04_50,338.bmp	1,528092E+0	5,200398E+0	2,594737E-3	2,557098E-3
20220411 11:04:56,339	c_0_597_20220411_11_04_56,339.bmp	1,533182E+0	5,227131E+0	4,902598E-5	-3,807953E-3
20220411 11:05:02,350	c_0_598_20220411_11_05_02,350.bmp	1,530637E+0	5,239860E+0	1,321881E-3	2,557098E-3
20220411 11:05:08,354	c_0_599_20220411_11_05_08,354.bmp	1,533182E+0	5,260228E+0	2,594737E-3	1,284088E-3
20220411 11:05:14,363	c_0_600_20220411_11_05_14,363.bmp	1,533182E+0	5,279323E+0	-1,223829E-3	2,557098E-3
20220411 11:05:20,366	c_0_601_20220411_11_05_20,366.bmp	1,537001E+0	5,303509E+0	4,902598E-5	-1,261932E-3
20220411 11:05:26,367	c_0_602_20220411_11_05_26,367.bmp	1,537001E+0	5,323877E+0	1,321881E-3	1,107786E-5
20220411 11:05:32,373	c_0_603_20220411_11_05_32,373.bmp	1,538273E+0	5,342971E+0	3,867592E-3	1,107786E-5
20220411 11:05:38,378	c_0_604_20220411_11_05_38,378.bmp	1,544637E+0	5,360793E+0	1,321881E-3	2,557098E-3
20220411 11:05:44,382	c_0_605_20220411_11_05_44,382.bmp	1,544637E+0	5,378615E+0	1,321881E-3	1,284088E-3
20220411 11:05:50,385	c_0_606_20220411_11_05_50,385.bmp	1,544637E+0	5,400255E+0	4,902598E-5	3,830109E-3
20220411 11:05:56,388	c_0_607_20220411_11_05_56,388.bmp	1,543364E+0	5,420623E+0	1,321881E-3	3,830109E-3
20220411 11:06:02,391	c_0_608_20220411_11_06_02,391.bmp	1,543364E+0	5,443536E+0	4,902598E-5	-1,261932E-3
20220411 11:06:08,400	c_0_609_20220411_11_06_08,400.bmp	1,545910E+0	5,460085E+0	4,902598E-5	2,557098E-3
20220411 11:06:14,404	c_0_610_20220411_11_06_14,404.bmp	1,549728E+0	5,480452E+0	-1,223829E-3	1,107786E-5
20220411 11:06:20,411	c_0_611_20220411_11_06_20,411.bmp	1,549728E+0	5,504639E+0	4,902598E-5	-1,261932E-3
20220411 11:06:26,415	c_0_612_20220411_11_06_26,415.bmp	1,549728E+0	5,522460E+0	1,321881E-3	-1,261932E-3
20220411 11:06:32,417	c_0_613_20220411_11_06_32,417.bmp	1,558637E+0	5,542828E+0	-1,223829E-3	-1,261932E-3
20220411 11:06:38,423	c_0_614_20220411_11_06_38,423.bmp	1,562455E+0	5,563196E+0	2,594737E-3	1,107786E-5
20220411 11:06:44,426	c_0_615_20220411_11_06_44,426.bmp	1,561182E+0	5,583563E+0	4,902598E-5	1,107786E-5
20220411 11:06:50,431	c_0_616_20220411_11_06_50,431.bmp	1,563728E+0	5,602658E+0	1,321881E-3	1,107786E-5
20220411 11:06:56,433	c_0_617_20220411_11_06_56,433.bmp	1,570091E+0	5,624298E+0	-1,223829E-3	1,107786E-5
20220411 11:07:02,434	c_0_618_20220411_11_07_02,434.bmp	1,570091E+0	5,639574E+0	2,594737E-3	2,557098E-3
20220411 11:07:08,436	c_0_619_20220411_11_07_08,436.bmp	1,575182E+0	5,662487E+0	-2,496685E-3	2,557098E-3
20220411 11:07:14,445	c_0_620_20220411_11_07_14,445.bmp	1,579000E+0	5,679036E+0	1,321881E-3	2,557098E-3
20220411 11:07:20,453	c_0_621_20220411_11_07_20,453.bmp	1,581546E+0	5,699404E+0	3,867592E-3	2,557098E-3
20220411 11:07:26,460	c_0_622_20220411_11_07_26,460.bmp	1,587909E+0	5,721044E+0	4,902598E-5	1,284088E-3
20220411 11:07:32,462	c_0_623_20220411_11_07_32,462.bmp	1,589182E+0	5,738866E+0	-2,496685E-3	3,830109E-3
20220411 11:07:38,467	c_0_624_20220411_11_07_38,467.bmp	1,590455E+0	5,761779E+0	2,594737E-3	1,107786E-5
20220411 11:07:44,472	c_0_625_20220411_11_07_44,472.bmp	1,598091E+0	5,784693E+0	-2,496685E-3	-3,807953E-3
20220411 11:07:50,476	c_0_626_20220411_11_07_50,476.bmp	1,598091E+0	5,805060E+0	-1,223829E-3	-3,807953E-3
20220411 11:07:56,485	c_0_627_20220411_11_07_56,485.bmp	1,598091E+0	5,822882E+0	2,594737E-3	1,107786E-5
20220411 11:08:02,489	c_0_628_20220411_11_08_02,489.bmp	1,599364E+0	5,843250E+0	2,594737E-3	1,107786E-5
20220411 11:08:08,492	c_0_629_20220411_11_08_08,492.bmp	1,595546E+0	5,863617E+0	2,594737E-3	-1,261932E-3
20220411 11:08:14,493	c_0_630_20220411_11_08_14,493.bmp	1,596818E+0	5,886531E+0	-3,769540E-3	-5,080963E-3
20220411 11:08:20,505	c_0_631_20220411_11_08_20,505.bmp	1,594273E+0	5,906898E+0	4,902598E-5	-3,807953E-3
20220411 11:08:26,509	c_0_632_20220411_11_08_26,509.bmp	1,591727E+0	5,920901E+0	1,321881E-3	2,557098E-3
20220411 11:08:32,513	c_0_633_20220411_11_08_32,513.bmp	1,589182E+0	5,947633E+0	1,321881E-3	-3,807953E-3
20220411 11:08:38,518	c_0_634_20220411_11_08_38,518.bmp	1,590455E+0	5,962909E+0	4,902598E-5	1,107786E-5
20220411 11:08:44,522	c_0_635_20220411_11_08_44,522.bmp	1,585364E+0	5,983276E+0	4,902598E-5	-1,261932E-3
20220411 11:08:50,527	c_0_636_20220411_11_08_50,527.bmp	1,582818E+0	6,002371E+0	-3,769540E-3	1,107786E-5
20220411 11:08:56,530	c_0_637_20220411_11_08_56,530.bmp	1,580273E+0	6,024012E+0	-3,769540E-3	1,107786E-5
20220411 11:09:02,533	c_0_638_20220411_11_09_02,533.bmp	1,568819E+0	6,041833E+0	4,902598E-5	-1,261932E-3
20220411 11:09:08,540	c_0_639_20220411_11_09_08,540.bmp	1,563728E+0	6,062201E+0	4,902598E-5	1,284088E-3
20220411 11:09:14,543	c_0_640_20220411_11_09_14,543.bmp	1,557364E+0	6,078749E+0	1,321881E-3	2,557098E-3
20220411 11:09:20,551	c_0_641_20220411_11_09_20,551.bmp	1,554819E+0	6,102936E+0	-1,223829E-3	1,107786E-5
20220411 11:09:26,560	c_0_642_20220411_11_09_26,560.bmp	1,552273E+0	6,125849E+0	-2,496685E-3	-3,807953E-3
20220411 11:09:32,564	c_0_643_20220411_11_09_32,564.bmp	1,544637E+0	6,142398E+0	-1,223829E-3	-1,261932E-3
20220411 11:09:38,569	c_0_644_20220411_11_09_38,569.bmp	1,543364E+0	6,162766E+0	4,902598E-5	1,107786E-5
20220411 11:09:44,573	c_0_645_20220411_11_09_44,573.bmp	1,542091E+0	6,181860E+0	-1,223829E-3	1,107786E-5
20220411 11:09:50,577	c_0_646_20220411_11_09_50,577.bmp	1,538273E+0	6,202228E+0	4,902598E-5	2,557098E-3
20220411 11:09:56,578	c_0_647_20220411_11_09_56,578.bmp	1,537001E+0	6,221322E+0	4,902598E-5	-1,261932E-3
20220411 11:10:02,581	c_0_648_20220411_11_10_02,581.bmp	1,531910E+0	6,240417E+0	1,321881E-3	2,557098E-3
20220411 11:10:08,586	c_0_649_20220411_11_10_08,586.bmp	1,528092E+0	6,258239E+0	-1,223829E-3	2,557098E-3
20220411 11:10:14,589	c_0_650_20220411_11_10_14,589.bmp	1,533182E+0	6,286244E+0	-5,042396E-3	-2,534943E-3
20220411 11:10:20,590	c_0_651_20220411_11_10_20,590.bmp	1,528092E+0	6,298974E+0	3,867592E-3	1,284088E-3
20220411 11:10:26,591	c_0_652_20220411_11_10_26,591.bmp	1,526819E+0	6,320614E+0	4,902598E-5	2,557098E-3
20220411 11:10:32,601	c_0_653_20220411_11_10_32,601.bmp	1,521728E+0	6,340982E+0	-1,223829E-3	-2,534943E-3
20220411 11:10:38,607	c_0_654_20220411_11_10_38,607.bmp	1,519183E+0	6,363895E+0	-2,496685E-3	1,107786E-5
20220411 11:10:44,612	c_0_655_20220411_11_10_44,612.bmp	1,514092E+0	6,379171E+0	1,321881E-3	1,284088E-3
20220411 11:10:50,616	c_0_656_20220411_11_10_50,616.bmp	1,516637E+0	6,400812E+0	-3,769540E-3	-3,807953E-3
20220411 11:10:56,620	c_0_657_20220411_11_10_56,620.bmp	1,514092E+0	6,422452E+0	1,321881E-3	1,107786E-5
20220411 11:11:02,621	c_0_658_20220411_11_11_02,621.bmp	1,506455E+0	6,441547E+0	4,902598E-5	3,830109E-3
20220411 11:11:08,629	c_0_659_20220411_11_11_08,629.bmp	1,509001E+0	6,465733E+0	-3,769540E-3	-3,807953E-3
20220411 11:11:14,634	c_0_660_20220411_11_11_14,634.bmp	1,506455E+0	6,483555E+0	-3,769540E-3	1,107786E-5
20220411 11:11:20,635	c_0_661_20220411_11_11_20,635.bmp	1,501364E+0	6,502649E+0	-2,496685E-3	-3,807953E-3
20220411 11:11:26,638	c_0_662_20220411_11_11_26,638.bmp	1,498819E+0	6,523017E+0	4,902598E-5	1,107786E-5
20220411 11:11:32,643	c_0_663_20220411_11_11_32,643.bmp	1,488637E+0	6,542111E+0	-1,223829E-3	3,830109E-3
20220411 11:11:38,649	c_0_664_20220411_11_11_38,649.bmp	1,487365E+0	6,562479E+0	4,902598E-5	-1,261932E-3
20220411 11:11:44,650	c_0_665_20220411_11_11_44,650.bmp	1,479728E+0	6,580301E+0	3,867592E-3	2,557098E-3
20220411 11:11:50,659	c_0_666_20220411_11_11_50,659.bmp	1,478456E+0	6,605760E+0	-3,769540E-3	1,107786E-5
20220411 11:11:56,664	c_0_667_20220411_11_11_56,664.bmp	1,461910E+0	6,622309E+0	-1,223829E-3	-1,261932E-3
20220411 11:12:02,669	c_0_668_20220411_11_12_02,669.bmp	1,445365E+0	6,643949E+0	2,594737E-3	1,284088E-3
20220411 11:12:08,675	c_0_669_20220411_11_12_08,675.bmp	1,436456E+0	6,659225E+0	5,140448E-3	2,557098E-3
20220411 11:12:14,682	c_0_670_20220411_11_12_14,682.bmp	1,431365E+0	6,683411E+0	4,902598E-5	-1,261932E-3
20220411 11:12:20,687	c_0_671_20220411_11_12_20,687.bmp	1,421183E+0	6,703779E+0	-2,496685E-3	1,107786E-5
20220411 11:12:26,693	c_0_672_20220411_11_12_26,693.bmp	1,414820E+0	6,724147E+0	4,902598E-5	1,107786E-5
20220411 11:12:32,700	c_0_673_20220411_11_12_32,700.bmp	1,400820E+0	6,743241E+0	-1,223829E-3	1,107786E-5
20220411 11:12:38,706	c_0_674_20220411_11_12_38,706.bmp	1,384274E+0	6,763609E+0	4,902598E-5	1,107786E-5
20220411 11:12:44,709	c_0_675_20220411_11_12_44,709.bmp	1,343547E+0	6,785249E+0	-3,769540E-3	-5,080963E-3
20220411 11:12:50,712	c_0_676_20220411_11_12_50,712.bmp	1,245548E+0	6,803071E+0	2,594737E-3	-1,261932E-3
20220411 11:12:56,713	c_0_677_20220411_11_12_56,713.bmp	1,207367E+0	6,823438E+0	-3,769540E-3	1,107786E-5
20220411 11:13:02,716	c_0_678_20220411_11_13_02,716.bmp	1,161549E+0	6,846352E+0	-3,769540E-3	-3,807953E-3
20220411 11:13:08,717	c_0_679_20220411_11_13_08,717.bmp	1,106822E+0	6,860355E+0	4,902598E-5	2,557098E-3
20220411 11:13:14,727	c_0_680_20220411_11_13_14,727.bmp	1,031732E+0	6,884541E+0	1,321881E-3	-1,261932E-3
20220411 11:13:20,729	c_0_681_20220411_11_13_20,729.bmp	1,008823E+0	6,902363E+0	-1,223829E-3	1,107786E-5
20220411 11:13:26,735	c_0_682_20220411_11_13_26,735.bmp	9,871865E-1	6,920184E+0	2,594737E-3	2,557098E-3
20220411 11:13:32,740	c_0_683_20220411_11_13_32,740.bmp	9,719139E-1	6,945644E+0	-2,496685E-3	-5,080963E-3
20220411 11:13:38,748	c_0_684_20220411_11_13_38,748.bmp	9,490049E-1	6,963465E+0	1,321881E-3	1,107786E-5
20220411 11:13:44,755	c_0_685_20220411_11_13_44,755.bmp	8,700964E-1	6,982560E+0	3,867592E-3	-1,261932E-3
20220411 11:13:50,756	c_0_686_20220411_11_13_50,756.bmp	8,624601E-1	7,002928E+0	4,902598E-5	1,107786E-5
20220411 11:13:56,762	c_0_687_20220411_11_13_56,762.bmp	8,522784E-1	7,019476E+0	2,594737E-3	2,557098E-3
20220411 11:14:02,768	c_0_688_20220411_11_14_02,768.bmp	8,497329E-1	7,043663E+0	4,902598E-5	-1,261932E-3
20220411 11:14:08,770	c_0_689_20220411_11_14_08,770.bmp	8,446421E-1	7,062757E+0	2,594737E-3	-1,261932E-3
20220411 11:14:14,771	c_0_690_20220411_11_14_14,771.bmp	8,484602E-1	7,086944E+0	4,902598E-5	-5,080963E-3
20220411 11:14:20,775	c_0_691_20220411_11_14_20,775.bmp	8,510057E-1	7,106038E+0	-3,769540E-3	-3,807953E-3
20220411 11:14:26,784	c_0_692_20220411_11_14_26,784.bmp	8,471875E-1	7,123860E+0	4,902598E-5	-1,261932E-3
20220411 11:14:32,796	c_0_693_20220411_11_14_32,796.bmp	8,548238E-1	7,141682E+0	4,902598E-5	2,557098E-3
20220411 11:14:38,799	c_0_694_20220411_11_14_38,799.bmp	8,497329E-1	7,162049E+0	4,902598E-5	1,107786E-5
20220411 11:14:44,807	c_0_695_20220411_11_14_44,807.bmp	8,510057E-1	7,183690E+0	-1,223829E-3	1,107786E-5
20220411 11:14:50,810	c_0_696_20220411_11_14_50,810.bmp	8,560965E-1	7,200238E+0	-3,769540E-3	-5,080963E-3
