-1.085646949716459835e-06
7.347097568399622858e-05
3.957226386635170272e-04
1.919586625294003460e-03
4.868906846527825370e-03
8.016398219591816185e-03
1.153802546357401287e-02
1.458950013735612825e-02
1.728426973358083291e-02
2.254888892242408807e-02
2.466313085578031652e-02
2.747518624048556762e-02
3.351805608707301293e-02
3.929502869521485364e-02
4.611062377198929529e-02
5.142928278480069643e-02
5.911201613493488605e-02
6.798511909563773048e-02
7.688182138921108300e-02
8.339285256138463664e-02
9.481045866564767610e-02
1.040690420406582828e-01
1.123132365579007502e-01
1.223897585709576991e-01
1.353730321416930227e-01
1.450889503753785281e-01
1.593922779023073943e-01
1.734008346771753750e-01
1.845462778284766292e-01
1.954468497700497798e-01
2.108707074959746408e-01
2.213049058480984488e-01
2.329856859740709329e-01
2.454231006723341657e-01
2.583100882495781292e-01
2.708067821439530398e-01
2.885570984858415455e-01
3.049781522036978387e-01
3.190775717674568246e-01
3.341008210119663091e-01
3.547471386155960360e-01
3.761133328381944807e-01
3.923988085064895603e-01
4.098268628426688931e-01
4.278022888141507218e-01
4.497793017141743510e-01
4.726834798166615892e-01
4.954379439973258803e-01
5.135722130178547173e-01
5.392062366445609101e-01
5.707751139476985314e-01
5.848145875873353994e-01
6.098594279632352233e-01
6.377761392563255916e-01
6.581519161965365683e-01
6.907532867867245407e-01
7.177732820300867234e-01
7.541107813702909723e-01
7.818690989900649591e-01
8.080997197509041108e-01
8.357879070381998288e-01
8.691470130295213536e-01
8.895526858602094133e-01
9.255043205810317142e-01
9.561462492192519536e-01
9.795542884585940469e-01
1.016315093596568797e+00
1.059754794419288659e+00
1.074624751990374216e+00
1.103980359682325441e+00
1.141609568306192202e+00
1.162581650946752365e+00
1.188185985509884190e+00
1.149986578160901107e+00
1.127814153245844331e+00
1.139361615064325095e+00
1.067234126493406432e+00
1.043138816708147454e+00
1.005459624688261666e+00
9.922933398773876590e-01
9.819522480281841492e-01
9.803112316398493453e-01
9.874219201665140888e-01
9.421943368889189596e-01
9.563984194049912624e-01
9.750521007435574150e-01
9.903570069123873720e-01
1.009519962987789565e+00
1.031752032772618177e+00
1.043804912330896784e+00
1.058053855122999654e+00
9.983729525940487903e-01
9.679487448377359637e-01
9.879851067701626022e-01
9.925945287501677372e-01
1.005141821121720014e+00
1.008273260833719265e+00
1.007608541755514286e+00
8.595477955330605990e-01
8.630104913153829882e-01
8.630259743570473097e-01
8.863449952325024306e-01
8.983604599300627491e-01
9.171150938427843347e-01
9.372225548485826341e-01
9.462963106797888102e-01
9.672968968279795909e-01
9.920653293607542000e-01
1.005625539935942170e+00
1.024161293766802094e+00
1.045119685849873248e+00
1.069212066793739924e+00
1.093674145854792501e+00
1.107617134123069835e+00
1.133141040100129171e+00
1.157424438805472411e+00
1.176420976103163429e+00
1.201436348013636524e+00
1.229413246136183524e+00
1.249009916929193054e+00
1.269923186879197141e+00
1.296393773866997501e+00
1.321226764769009021e+00
1.344507283879288417e+00
1.376651751669451196e+00
1.394981395592152174e+00
1.417278679400408636e+00
1.449470850824237544e+00
1.463645886829028520e+00
1.480345675749291878e+00
1.509208032891158346e+00
1.519145520820673667e+00
1.527560636077510914e+00
1.087199491289057907e+00
1.063185281241850744e+00
1.064496514072710287e+00
1.086600187700421882e+00
1.095327406883888743e+00
1.109167994734874929e+00
1.125852994969542165e+00
1.136306240052145533e+00
1.158032995000804366e+00
1.171106419395604892e+00
1.192123277421610839e+00
1.203064434775333424e+00
1.215256508068747188e+00
1.213319724034947811e+00
1.200598289366233473e+00
1.167258621090766280e+00
1.134941391780542652e+00
9.309102544001216506e-01
8.886696547820462921e-01
8.854543752287952207e-01
8.999006615868425651e-01
9.036413739039934612e-01
9.230315622884520677e-01
9.264848288828916312e-01
9.414513948056334458e-01
9.657083648980635537e-01
9.671944545819701755e-01
9.731948718488119265e-01
9.969095808480845644e-01
1.011176319797217671e+00
1.025718499713317744e+00
1.039995036106340365e+00
1.051617024382263121e+00
1.065045747419900213e+00
1.085312476471788967e+00
1.089010439322135815e+00
1.106318589389024831e+00
1.126093614381280972e+00
1.138880687415029014e+00
1.143678398937962859e+00
1.167801577170789473e+00
1.175432637791536727e+00
1.205865936879791267e+00
1.209673161433020505e+00
1.231277526853079785e+00
1.243293347028248785e+00
1.254578748815271094e+00
1.269209239256616328e+00
1.293756209260077394e+00
1.302177228092849637e+00
1.305608108132256140e+00
1.301862947828409833e+00
9.983961004617326607e-01
9.490996621960586799e-01
9.666663228587597523e-01
9.729296093302156612e-01
9.789504224662112231e-01
9.852379052307502771e-01
9.921157160900880845e-01
1.003202201646091307e+00
1.004067340181019841e+00
1.006135990321851859e+00
1.010550703776851966e+00
9.421164442795323390e-01
8.883084352725544308e-01
9.053082928076473523e-01
9.125308782157961485e-01
9.289133974810392935e-01
9.402394983226878278e-01
9.454603042124558598e-01
9.597425864869522094e-01
9.569375227391438976e-01
9.532058858498688725e-01
9.648184175348893943e-01
9.722413525819926239e-01
9.778790182306413836e-01
9.798220219523376961e-01
9.910386488807005900e-01
1.015518375707317178e+00
1.020139886779468208e+00
1.034041958085415214e+00
1.037342785317115545e+00
1.046352724058534633e+00
1.061979860706084411e+00
1.070268033034728505e+00
1.077502439796009348e+00
1.093326817225633185e+00
1.082166114314055294e+00
1.100640081659436831e+00
9.679645951092427092e-01
9.479761735349301333e-01
9.634898547672511304e-01
9.698039807046821004e-01
9.790603881586301682e-01
9.987440722127710613e-01
9.955259257415199903e-01
1.009713263682259443e+00
1.025848914973474191e+00
1.031124441018313131e+00
1.045145992979071625e+00
1.052635762841009681e+00
1.068243235707580840e+00
1.072629613206294241e+00
1.088980157922761816e+00
1.098399468825219660e+00
1.117452224772359948e+00
1.120809645821200240e+00
1.129769204447304443e+00
1.145348750032878948e+00
1.160129290087658527e+00
1.158812107002300307e+00
1.177407264577190693e+00
1.183503891212535519e+00
1.204538357764655565e+00
1.211930890668277749e+00
1.228238820092908856e+00
1.239383237015112105e+00
1.245626154563984844e+00
1.268592565723216437e+00
1.277617494841599921e+00
1.287913428899844837e+00
1.301955143693926953e+00
1.311253976579939362e+00
1.327766803490022962e+00
1.334207507527381598e+00
1.355257770215523738e+00
1.372571170227432358e+00
1.381850092558251308e+00
1.387389861589661599e+00
1.404961573994352841e+00
1.412610227130242979e+00
1.434397711665911013e+00
1.441417502661362482e+00
1.444961058448743119e+00
1.459337559786266780e+00
1.464233235207946571e+00
1.479274297149920425e+00
1.491656542535648500e+00
1.510045932343621944e+00
1.515565460050228408e+00
1.530742344506980102e+00
1.535959510199206068e+00
1.542438808866495092e+00
1.565092697983124337e+00
1.585815414141867885e+00
1.586993547572946861e+00
1.126826839236200639e+00
1.080918020859026329e+00
1.076833530398819017e+00
1.087451420635072941e+00
1.098363446297887958e+00
1.099869237494810914e+00
1.114969425993636243e+00
1.128502938656323895e+00
1.137881507069038456e+00
1.138222159206269124e+00
1.149131419895363049e+00
1.124071225652351513e+00
