20220916 18:32:22,100	c_1_1582_20220916_18_32_22,100.bmp	4,984003E-3	1,294318E-2	3,700242E-3	1,094073E-2	-1,187515E-2	-5,461963E-3	1,382857E+0	1,388463E+0
20220916 18:32:28,100	c_1_1583_20220916_18_32_28,100.bmp	1,166792E-3	1,294318E-2	4,973106E-3	1,094073E-2	-1,187515E-2	-1,311118E-2	1,387954E+0	1,388463E+0
20220916 18:32:34,104	c_1_1584_20220916_18_32_34,104.bmp	2,915967E-2	1,167002E-2	8,791700E-3	1,349272E-2	-9,331032E-3	1,748570E-2	1,398148E+0	1,396136E+0
20220916 18:32:40,112	c_1_1585_20220916_18_32_40,112.bmp	6,351456E-2	3,713320E-2	2,427377E-3	7,112750E-3	-4,242803E-3	-8,011703E-3	1,382857E+0	1,383347E+0
20220916 18:32:46,116	c_1_1586_20220916_18_32_46,116.bmp	9,659705E-2	5,750374E-2	3,700242E-3	7,112750E-3	3,389540E-3	2,187256E-3	1,382857E+0	1,383347E+0
20220916 18:32:52,120	c_1_1587_20220916_18_32_52,120.bmp	1,258623E-1	7,532797E-2	7,518835E-3	1,476871E-2	-6,786918E-3	-1,311118E-2	1,390502E+0	1,396136E+0
20220916 18:32:58,128	c_1_1588_20220916_18_32_58,128.bmp	1,436760E-1	9,824483E-2	3,700242E-3	8,388745E-3	-6,786918E-3	4,736996E-3	1,382857E+0	1,383347E+0
20220916 18:33:04,128	c_1_1589_20220916_18_33_04,128.bmp	1,487656E-1	1,122496E-1	1,006456E-2	1,476871E-2	-4,242803E-3	-8,011703E-3	1,398148E+0	1,396136E+0
20220916 18:33:10,130	c_1_1590_20220916_18_33_10,130.bmp	1,589448E-1	1,377128E-1	2,427377E-3	5,836756E-3	8,454256E-4	-3,624835E-4	1,382857E+0	1,383347E+0
20220916 18:33:16,131	c_1_1591_20220916_18_33_16,131.bmp	1,665792E-1	1,542638E-1	7,518835E-3	1,094073E-2	-9,331032E-3	1,493596E-2	1,387954E+0	1,388463E+0
20220916 18:33:22,133	c_1_1592_20220916_18_33_22,133.bmp	1,767585E-1	1,720880E-1	7,518835E-3	1,349272E-2	-6,786918E-3	-1,566092E-2	1,395599E+0	1,393578E+0
20220916 18:33:28,135	c_1_1593_20220916_18_33_28,135.bmp	1,907549E-1	1,899123E-1	1,006456E-2	1,349272E-2	-4,242803E-3	-2,912223E-3	1,395599E+0	1,393578E+0
20220916 18:33:34,139	c_1_1594_20220916_18_33_34,139.bmp	2,149306E-1	2,153755E-1	4,973106E-3	8,388745E-3	-1,187515E-2	2,187256E-3	1,387954E+0	1,383347E+0
20220916 18:33:40,144	c_1_1595_20220916_18_33_40,144.bmp	2,340166E-1	2,382923E-1	7,518835E-3	8,388745E-3	-4,242803E-3	-3,624835E-4	1,385405E+0	1,388463E+0
20220916 18:33:46,145	c_1_1596_20220916_18_33_46,145.bmp	2,543751E-1	2,573897E-1	3,700242E-3	8,388745E-3	8,454256E-4	7,286736E-3	1,382857E+0	1,383347E+0
20220916 18:33:52,149	c_1_1597_20220916_18_33_52,149.bmp	2,734611E-1	2,739408E-1	3,700242E-3	1,094073E-2	5,933654E-3	-5,461963E-3	1,387954E+0	1,396136E+0
20220916 18:33:58,149	c_1_1598_20220916_18_33_58,149.bmp	2,849128E-1	2,955845E-1	8,791700E-3	1,094073E-2	5,933654E-3	-5,461963E-3	1,387954E+0	1,388463E+0
20220916 18:34:04,152	c_1_1599_20220916_18_34_04,152.bmp	3,103608E-1	3,146818E-1	3,700242E-3	1,094073E-2	-1,698689E-3	-8,011703E-3	1,390502E+0	1,388463E+0
20220916 18:34:10,154	c_1_1600_20220916_18_34_10,154.bmp	3,243573E-1	3,363255E-1	7,518835E-3	1,094073E-2	8,454256E-4	2,187256E-3	1,393051E+0	1,385905E+0
20220916 18:34:16,157	c_1_1601_20220916_18_34_16,157.bmp	3,332641E-1	3,503303E-1	1,006456E-2	1,221673E-2	-2,205160E-2	-1,311118E-2	1,398148E+0	1,393578E+0
20220916 18:34:22,160	c_1_1602_20220916_18_34_22,160.bmp	3,510778E-1	3,757935E-1	8,791700E-3	1,094073E-2	-9,331032E-3	-1,566092E-2	1,387954E+0	1,383347E+0
20220916 18:34:28,163	c_1_1603_20220916_18_34_28,163.bmp	3,701638E-1	3,910714E-1	1,006456E-2	1,349272E-2	-9,331032E-3	-1,821066E-2	1,395599E+0	1,396136E+0
20220916 18:34:34,165	c_1_1604_20220916_18_34_34,165.bmp	3,892499E-1	4,139882E-1	6,245971E-3	1,094073E-2	1,102188E-2	4,736996E-3	1,387954E+0	1,383347E+0
20220916 18:34:40,169	c_1_1605_20220916_18_34_40,169.bmp	4,083359E-1	4,356319E-1	6,245971E-3	7,112750E-3	-6,786918E-3	7,286736E-3	1,390502E+0	1,383347E+0
20220916 18:34:46,171	c_1_1606_20220916_18_34_46,171.bmp	4,312392E-1	4,534562E-1	3,700242E-3	1,094073E-2	8,454256E-4	-8,011703E-3	1,390502E+0	1,385905E+0
20220916 18:34:52,172	c_1_1607_20220916_18_34_52,172.bmp	4,414184E-1	4,738267E-1	8,791700E-3	1,094073E-2	-1,950749E-2	-2,912223E-3	1,390502E+0	1,388463E+0
20220916 18:34:58,177	c_1_1608_20220916_18_34_58,177.bmp	4,643217E-1	4,941973E-1	7,518835E-3	1,094073E-2	5,933654E-3	-3,624835E-4	1,387954E+0	1,388463E+0
20220916 18:35:04,181	c_1_1609_20220916_18_35_04,181.bmp	4,783181E-1	5,120215E-1	4,973106E-3	1,349272E-2	-1,696338E-2	-5,461963E-3	1,398148E+0	1,388463E+0
20220916 18:35:10,185	c_1_1610_20220916_18_35_10,185.bmp	4,974042E-1	5,374847E-1	3,700242E-3	7,112750E-3	-4,242803E-3	-3,624835E-4	1,382857E+0	1,383347E+0
20220916 18:35:16,187	c_1_1611_20220916_18_35_16,187.bmp	5,114006E-1	5,540357E-1	4,973106E-3	1,094073E-2	-1,187515E-2	-8,011703E-3	1,387954E+0	1,388463E+0
20220916 18:35:22,191	c_1_1612_20220916_18_35_22,191.bmp	5,190350E-1	5,756794E-1	8,791700E-3	1,094073E-2	-1,187515E-2	-8,011703E-3	1,387954E+0	1,385905E+0
20220916 18:35:28,191	c_1_1613_20220916_18_35_28,191.bmp	5,406659E-1	5,973231E-1	3,700242E-3	5,836756E-3	1,356600E-2	2,187256E-3	1,385405E+0	1,383347E+0
20220916 18:35:34,193	c_1_1614_20220916_18_35_34,193.bmp	5,533899E-1	6,138742E-1	7,518835E-3	1,094073E-2	-9,331032E-3	1,238622E-2	1,390502E+0	1,393578E+0
20220916 18:35:40,194	c_1_1615_20220916_18_35_40,194.bmp	5,699312E-1	6,355179E-1	3,700242E-3	7,112750E-3	-6,786918E-3	4,736996E-3	1,382857E+0	1,383347E+0
20220916 18:35:46,197	c_1_1616_20220916_18_35_46,197.bmp	5,813828E-1	6,533421E-1	6,245971E-3	8,388745E-3	-6,786918E-3	-2,912223E-3	1,390502E+0	1,383347E+0
20220916 18:35:52,201	c_1_1617_20220916_18_35_52,201.bmp	5,953792E-1	6,737127E-1	6,245971E-3	7,112750E-3	-4,242803E-3	2,187256E-3	1,387954E+0	1,383347E+0
20220916 18:35:58,202	c_1_1618_20220916_18_35_58,202.bmp	6,144653E-1	6,940832E-1	3,700242E-3	1,094073E-2	-4,242803E-3	-1,056144E-2	1,387954E+0	1,388463E+0
20220916 18:36:04,208	c_1_1619_20220916_18_36_04,208.bmp	6,271893E-1	7,170001E-1	2,427377E-3	7,112750E-3	8,454256E-4	-8,011703E-3	1,385405E+0	1,388463E+0
20220916 18:36:10,212	c_1_1620_20220916_18_36_10,212.bmp	6,450030E-1	7,348243E-1	7,518835E-3	1,094073E-2	-6,786918E-3	-8,011703E-3	1,387954E+0	1,388463E+0
20220916 18:36:16,212	c_1_1621_20220916_18_36_16,212.bmp	6,615442E-1	7,539217E-1	2,427377E-3	9,664739E-3	1,865423E-2	-8,011703E-3	1,387954E+0	1,388463E+0
20220916 18:36:22,215	c_1_1622_20220916_18_36_22,215.bmp	6,704510E-1	7,742922E-1	1,006456E-2	1,094073E-2	-9,331032E-3	-8,011703E-3	1,390502E+0	1,388463E+0
20220916 18:36:28,216	c_1_1623_20220916_18_36_28,216.bmp	6,908095E-1	7,972091E-1	6,245971E-3	8,388745E-3	-6,786918E-3	2,187256E-3	1,382857E+0	1,385905E+0
20220916 18:36:34,220	c_1_1624_20220916_18_36_34,220.bmp	7,060783E-1	8,150333E-1	6,245971E-3	1,349272E-2	-6,786918E-3	-1,056144E-2	1,390502E+0	1,396136E+0
20220916 18:36:40,220	c_1_1625_20220916_18_36_40,220.bmp	7,251644E-1	8,366770E-1	4,973106E-3	8,388745E-3	2,119834E-2	7,286736E-3	1,385405E+0	1,383347E+0
20220916 18:36:46,224	c_1_1626_20220916_18_36_46,224.bmp	7,429780E-1	8,545012E-1	7,518835E-3	7,112750E-3	-6,786918E-3	2,187256E-3	1,387954E+0	1,383347E+0
20220916 18:36:52,225	c_1_1627_20220916_18_36_52,225.bmp	7,646089E-1	8,748718E-1	3,700242E-3	1,094073E-2	-6,786918E-3	-8,011703E-3	1,385405E+0	1,388463E+0
20220916 18:36:58,226	c_1_1628_20220916_18_36_58,226.bmp	7,798777E-1	8,926960E-1	1,006456E-2	1,349272E-2	-9,331032E-3	-1,056144E-2	1,398148E+0	1,385905E+0
20220916 18:37:04,231	c_1_1629_20220916_18_37_04,231.bmp	7,989638E-1	9,168860E-1	7,518835E-3	8,388745E-3	-1,698689E-3	2,513491E-2	1,382857E+0	1,388463E+0
20220916 18:37:10,233	c_1_1630_20220916_18_37_10,233.bmp	8,167774E-1	9,334371E-1	7,518835E-3	7,112750E-3	-6,786918E-3	-3,624835E-4	1,390502E+0	1,383347E+0
20220916 18:37:16,234	c_1_1631_20220916_18_37_16,234.bmp	8,396807E-1	9,563539E-1	3,700242E-3	7,112750E-3	5,933654E-3	7,286736E-3	1,385405E+0	1,383347E+0
20220916 18:37:22,237	c_1_1632_20220916_18_37_22,237.bmp	8,549495E-1	9,716319E-1	7,518835E-3	1,349272E-2	-9,331032E-3	-1,311118E-2	1,398148E+0	1,396136E+0
20220916 18:37:28,240	c_1_1633_20220916_18_37_28,240.bmp	8,702184E-1	9,894561E-1	8,791700E-3	1,476871E-2	-2,968395E-2	-1,056144E-2	1,398148E+0	1,393578E+0
20220916 18:37:34,245	c_1_1634_20220916_18_37_34,245.bmp	8,893044E-1	1,014919E+0	8,791700E-3	1,094073E-2	-9,331032E-3	9,836476E-3	1,390502E+0	1,388463E+0
20220916 18:37:40,246	c_1_1635_20220916_18_37_40,246.bmp	9,109353E-1	1,037836E+0	7,518835E-3	8,388745E-3	-9,331032E-3	-1,311118E-2	1,385405E+0	1,380789E+0
20220916 18:37:46,246	c_1_1636_20220916_18_37_46,246.bmp	9,287489E-1	1,054387E+0	6,245971E-3	1,094073E-2	-1,698689E-3	1,238622E-2	1,390502E+0	1,385905E+0
20220916 18:37:52,249	c_1_1637_20220916_18_37_52,249.bmp	9,465626E-1	1,073485E+0	6,245971E-3	1,094073E-2	-6,786918E-3	-1,311118E-2	1,387954E+0	1,396136E+0
20220916 18:37:58,251	c_1_1638_20220916_18_37_58,251.bmp	9,669210E-1	1,096401E+0	4,973106E-3	1,094073E-2	-1,698689E-3	-5,461963E-3	1,380308E+0	1,388463E+0
20220916 18:38:04,253	c_1_1639_20220916_18_38_04,253.bmp	9,860071E-1	1,112952E+0	6,245971E-3	1,094073E-2	-6,786918E-3	-5,461963E-3	1,390502E+0	1,396136E+0
20220916 18:38:10,259	c_1_1640_20220916_18_38_10,259.bmp	1,001276E+0	1,134596E+0	7,518835E-3	1,221673E-2	-6,786918E-3	-8,011703E-3	1,387954E+0	1,393578E+0
20220916 18:38:16,263	c_1_1641_20220916_18_38_16,263.bmp	1,022907E+0	1,152420E+0	6,245971E-3	1,094073E-2	-1,187515E-2	-8,011703E-3	1,390502E+0	1,385905E+0
20220916 18:38:22,263	c_1_1642_20220916_18_38_22,263.bmp	1,039448E+0	1,170245E+0	6,245971E-3	1,349272E-2	-4,242803E-3	-1,311118E-2	1,398148E+0	1,393578E+0
20220916 18:38:28,264	c_1_1643_20220916_18_38_28,264.bmp	1,055989E+0	1,191888E+0	1,006456E-2	1,349272E-2	-1,950749E-2	-1,311118E-2	1,398148E+0	1,396136E+0
20220916 18:38:34,267	c_1_1644_20220916_18_38_34,267.bmp	1,073803E+0	1,210986E+0	1,006456E-2	1,094073E-2	-2,459572E-2	-3,624835E-4	1,398148E+0	1,388463E+0
20220916 18:38:40,268	c_1_1645_20220916_18_38_40,268.bmp	1,099251E+0	1,237722E+0	2,427377E-3	8,388745E-3	3,389540E-3	-2,912223E-3	1,385405E+0	1,388463E+0
20220916 18:38:46,272	c_1_1646_20220916_18_38_46,272.bmp	1,113247E+0	1,251727E+0	8,791700E-3	1,349272E-2	-6,786918E-3	-2,585988E-2	1,398148E+0	1,396136E+0
20220916 18:38:52,277	c_1_1647_20220916_18_38_52,277.bmp	1,131061E+0	1,273371E+0	8,791700E-3	1,094073E-2	8,477769E-3	-5,461963E-3	1,387954E+0	1,385905E+0
20220916 18:38:58,280	c_1_1648_20220916_18_38_58,280.bmp	1,152692E+0	1,293741E+0	6,245971E-3	1,094073E-2	-4,242803E-3	1,238622E-2	1,390502E+0	1,388463E+0
20220916 18:39:04,283	c_1_1649_20220916_18_39_04,283.bmp	1,166688E+0	1,314112E+0	6,245971E-3	1,094073E-2	-4,242803E-3	2,187256E-3	1,390502E+0	1,388463E+0
20220916 18:39:10,287	c_1_1650_20220916_18_39_10,287.bmp	1,185774E+0	1,333209E+0	3,700242E-3	1,094073E-2	-4,242803E-3	-3,860858E-2	1,390502E+0	1,396136E+0
20220916 18:39:16,291	c_1_1651_20220916_18_39_16,291.bmp	1,202316E+0	1,356126E+0	4,973106E-3	7,112750E-3	3,389540E-3	-3,624835E-4	1,385405E+0	1,380789E+0
20220916 18:39:22,296	c_1_1652_20220916_18_39_22,296.bmp	1,212495E+0	1,371404E+0	1,006456E-2	1,349272E-2	-1,696338E-2	-1,056144E-2	1,398148E+0	1,393578E+0
20220916 18:39:28,302	c_1_1653_20220916_18_39_28,302.bmp	1,221402E+0	1,391774E+0	8,791700E-3	1,349272E-2	-6,786918E-3	-1,821066E-2	1,398148E+0	1,396136E+0
20220916 18:39:34,302	c_1_1654_20220916_18_39_34,302.bmp	1,221402E+0	1,414691E+0	7,518835E-3	9,664739E-3	1,356600E-2	-8,011703E-3	1,390502E+0	1,388463E+0
20220916 18:39:40,307	c_1_1655_20220916_18_39_40,307.bmp	1,192136E+0	1,432515E+0	1,006456E-2	1,349272E-2	-9,331032E-3	-2,912223E-3	1,395599E+0	1,396136E+0
20220916 18:39:46,307	c_1_1656_20220916_18_39_46,307.bmp	1,162871E+0	1,455432E+0	7,518835E-3	1,094073E-2	-6,786918E-3	7,286736E-3	1,390502E+0	1,383347E+0
20220916 18:39:52,309	c_1_1657_20220916_18_39_52,309.bmp	1,145058E+0	1,477076E+0	7,518835E-3	7,112750E-3	-4,242803E-3	-2,912223E-3	1,382857E+0	1,388463E+0
20220916 18:39:58,313	c_1_1658_20220916_18_39_58,313.bmp	1,124699E+0	1,498720E+0	3,700242E-3	1,094073E-2	-4,242803E-3	-2,912223E-3	1,382857E+0	1,388463E+0
20220916 18:40:04,313	c_1_1659_20220916_18_40_04,313.bmp	1,086527E+0	1,512724E+0	7,518835E-3	1,349272E-2	-6,786918E-3	-8,011703E-3	1,398148E+0	1,396136E+0
20220916 18:40:10,319	c_1_1660_20220916_18_40_10,319.bmp	1,050900E+0	1,534368E+0	7,518835E-3	1,094073E-2	-1,187515E-2	-8,011703E-3	1,390502E+0	1,393578E+0
20220916 18:40:16,322	c_1_1661_20220916_18_40_16,322.bmp	1,030541E+0	1,557285E+0	3,700242E-3	9,664739E-3	-1,698689E-3	1,493596E-2	1,382857E+0	1,388463E+0
20220916 18:40:22,322	c_1_1662_20220916_18_40_22,322.bmp	1,012728E+0	1,580202E+0	3,700242E-3	8,388745E-3	8,454256E-4	-1,056144E-2	1,382857E+0	1,388463E+0
20220916 18:40:28,325	c_1_1663_20220916_18_40_28,325.bmp	1,000004E+0	1,595480E+0	3,700242E-3	1,094073E-2	8,477769E-3	-8,011703E-3	1,385405E+0	1,385905E+0
20220916 18:40:34,326	c_1_1664_20220916_18_40_34,326.bmp	9,923691E-1	1,614577E+0	8,791700E-3	1,221673E-2	-6,786918E-3	-2,912223E-3	1,390502E+0	1,385905E+0
20220916 18:40:40,329	c_1_1665_20220916_18_40_40,329.bmp	9,885519E-1	1,631128E+0	8,791700E-3	9,664739E-3	-1,441926E-2	-1,311118E-2	1,395599E+0	1,385905E+0
20220916 18:40:46,332	c_1_1666_20220916_18_40_46,332.bmp	9,961863E-1	1,654045E+0	8,791700E-3	1,094073E-2	-9,331032E-3	-1,311118E-2	1,387954E+0	1,385905E+0
20220916 18:40:52,335	c_1_1667_20220916_18_40_52,335.bmp	1,003821E+0	1,670596E+0	7,518835E-3	1,349272E-2	-2,205160E-2	-8,011703E-3	1,395599E+0	1,388463E+0
20220916 18:40:58,339	c_1_1668_20220916_18_40_58,339.bmp	1,006366E+0	1,689693E+0	1,006456E-2	1,221673E-2	-1,441926E-2	-3,350910E-2	1,395599E+0	1,388463E+0
20220916 18:41:04,340	c_1_1669_20220916_18_41_04,340.bmp	1,014000E+0	1,711337E+0	8,791700E-3	1,349272E-2	-1,696338E-2	-8,011703E-3	1,395599E+0	1,396136E+0
20220916 18:41:10,342	c_1_1670_20220916_18_41_10,342.bmp	1,022907E+0	1,734254E+0	6,245971E-3	1,094073E-2	-1,441926E-2	-2,912223E-3	1,387954E+0	1,383347E+0
20220916 18:41:16,344	c_1_1671_20220916_18_41_16,344.bmp	1,027996E+0	1,757171E+0	3,700242E-3	1,094073E-2	5,933654E-3	-5,461963E-3	1,382857E+0	1,388463E+0
20220916 18:41:22,347	c_1_1672_20220916_18_41_22,347.bmp	1,017817E+0	1,773722E+0	7,518835E-3	8,388745E-3	-6,786918E-3	-3,624835E-4	1,390502E+0	1,383347E+0
20220916 18:41:28,347	c_1_1673_20220916_18_41_28,347.bmp	9,961863E-1	1,791546E+0	6,245971E-3	1,476871E-2	-1,441926E-2	-1,056144E-2	1,398148E+0	1,388463E+0
20220916 18:41:34,352	c_1_1674_20220916_18_41_34,352.bmp	9,618314E-1	1,814463E+0	7,518835E-3	7,112750E-3	-1,698689E-3	-3,624835E-4	1,387954E+0	1,380789E+0
20220916 18:41:40,355	c_1_1675_20220916_18_41_40,355.bmp	9,592866E-1	1,834834E+0	4,973106E-3	1,094073E-2	-4,240452E-2	-8,011703E-3	1,390502E+0	1,388463E+0
20220916 18:41:46,357	c_1_1676_20220916_18_41_46,357.bmp	9,605590E-1	1,853931E+0	8,791700E-3	1,094073E-2	-1,187515E-2	-8,011703E-3	1,387954E+0	1,385905E+0
20220916 18:41:52,360	c_1_1677_20220916_18_41_52,360.bmp	9,669210E-1	1,875575E+0	6,245971E-3	9,664739E-3	-6,786918E-3	2,187256E-3	1,387954E+0	1,383347E+0
20220916 18:41:58,364	c_1_1678_20220916_18_41_58,364.bmp	9,567418E-1	1,890853E+0	6,245971E-3	1,349272E-2	-1,696338E-2	-8,011703E-3	1,398148E+0	1,396136E+0
20220916 18:42:04,366	c_1_1679_20220916_18_42_04,366.bmp	9,491074E-1	1,913769E+0	3,700242E-3	1,094073E-2	1,865423E-2	-3,624835E-4	1,390502E+0	1,391021E+0
20220916 18:42:10,370	c_1_1680_20220916_18_42_10,370.bmp	8,167774E-1	1,936686E+0	3,700242E-3	7,112750E-3	5,933654E-3	-8,011703E-3	1,385405E+0	1,388463E+0
20220916 18:42:16,375	c_1_1681_20220916_18_42_16,375.bmp	8,129602E-1	1,957057E+0	6,245971E-3	8,388745E-3	-6,786918E-3	4,736996E-3	1,385405E+0	1,385905E+0
20220916 18:42:22,377	c_1_1682_20220916_18_42_22,377.bmp	8,205946E-1	1,973608E+0	6,245971E-3	9,664739E-3	8,454256E-4	-1,566092E-2	1,387954E+0	1,396136E+0
20220916 18:42:28,379	c_1_1683_20220916_18_42_28,379.bmp	8,307739E-1	1,993978E+0	2,427377E-3	1,094073E-2	-9,331032E-3	-8,011703E-3	1,387954E+0	1,388463E+0
20220916 18:42:34,383	c_1_1684_20220916_18_42_34,383.bmp	8,345911E-1	2,013076E+0	1,006456E-2	1,349272E-2	-2,205160E-2	-1,056144E-2	1,395599E+0	1,391021E+0
20220916 18:42:40,383	c_1_1685_20220916_18_42_40,383.bmp	8,409531E-1	2,034720E+0	8,791700E-3	1,094073E-2	-4,242803E-3	-8,011703E-3	1,390502E+0	1,385905E+0
20220916 18:42:46,383	c_1_1686_20220916_18_42_46,383.bmp	8,549495E-1	2,053817E+0	3,700242E-3	1,094073E-2	-4,242803E-3	-5,461963E-3	1,390502E+0	1,388463E+0
20220916 18:42:52,388	c_1_1687_20220916_18_42_52,388.bmp	8,651288E-1	2,074187E+0	2,427377E-3	1,094073E-2	8,454256E-4	2,003543E-2	1,390502E+0	1,388463E+0
20220916 18:42:58,388	c_1_1688_20220916_18_42_58,388.bmp	8,702184E-1	2,098377E+0	2,427377E-3	8,388745E-3	-1,698689E-3	-2,912223E-3	1,382857E+0	1,383347E+0
20220916 18:43:04,390	c_1_1689_20220916_18_43_04,390.bmp	8,765804E-1	2,112382E+0	8,791700E-3	9,664739E-3	-1,950749E-2	-2,585988E-2	1,395599E+0	1,385905E+0
20220916 18:43:10,392	c_1_1690_20220916_18_43_10,392.bmp	8,918492E-1	2,134026E+0	3,700242E-3	9,664739E-3	-1,696338E-2	-5,461963E-3	1,387954E+0	1,388463E+0
20220916 18:43:16,400	c_1_1691_20220916_18_43_16,400.bmp	9,007561E-1	2,155670E+0	1,154512E-3	5,836756E-3	3,389540E-3	-8,011703E-3	1,382857E+0	1,385905E+0
20220916 18:43:22,403	c_1_1692_20220916_18_43_22,403.bmp	9,122077E-1	2,173494E+0	4,973106E-3	9,664739E-3	-6,786918E-3	-8,011703E-3	1,387954E+0	1,388463E+0
20220916 18:43:28,407	c_1_1693_20220916_18_43_28,407.bmp	9,172973E-1	2,191318E+0	6,245971E-3	9,664739E-3	-4,242803E-3	-1,056144E-2	1,390502E+0	1,388463E+0
20220916 18:43:34,409	c_1_1694_20220916_18_43_34,409.bmp	9,274765E-1	2,212962E+0	7,518835E-3	1,349272E-2	-6,786918E-3	-1,056144E-2	1,390502E+0	1,396136E+0
20220916 18:43:40,410	c_1_1695_20220916_18_43_40,410.bmp	9,389282E-1	2,234606E+0	7,518835E-3	8,388745E-3	-1,696338E-2	-1,566092E-2	1,390502E+0	1,380789E+0
20220916 18:43:46,413	c_1_1696_20220916_18_43_46,413.bmp	9,491074E-1	2,252430E+0	6,245971E-3	9,664739E-3	-1,698689E-3	-1,056144E-2	1,387954E+0	1,388463E+0
20220916 18:43:52,414	c_1_1697_20220916_18_43_52,414.bmp	9,631038E-1	2,275347E+0	3,700242E-3	1,094073E-2	-4,242803E-3	-2,331014E-2	1,385405E+0	1,388463E+0
20220916 18:43:58,415	c_1_1698_20220916_18_43_58,415.bmp	9,669210E-1	2,290624E+0	1,006456E-2	1,094073E-2	-1,696338E-2	4,736996E-3	1,398148E+0	1,388463E+0
20220916 18:44:04,417	c_1_1699_20220916_18_44_04,417.bmp	9,783727E-1	2,314815E+0	6,245971E-3	7,112750E-3	-6,786918E-3	2,187256E-3	1,387954E+0	1,383347E+0
20220916 18:44:10,418	c_1_1700_20220916_18_44_10,418.bmp	9,898243E-1	2,330092E+0	7,518835E-3	1,349272E-2	-4,242803E-3	-1,311118E-2	1,395599E+0	1,393578E+0
20220916 18:44:16,423	c_1_1701_20220916_18_44_16,423.bmp	1,002548E+0	2,354282E+0	7,518835E-3	1,349272E-2	-1,187515E-2	-1,056144E-2	1,387954E+0	1,396136E+0
20220916 18:44:22,427	c_1_1702_20220916_18_44_22,427.bmp	1,012728E+0	2,373380E+0	7,518835E-3	8,388745E-3	-1,187515E-2	2,187256E-3	1,387954E+0	1,383347E+0
20220916 18:44:28,429	c_1_1703_20220916_18_44_28,429.bmp	1,020362E+0	2,393750E+0	7,518835E-3	1,094073E-2	-6,786918E-3	-2,912223E-3	1,387954E+0	1,385905E+0
20220916 18:44:34,431	c_1_1704_20220916_18_44_34,431.bmp	1,033086E+0	2,416667E+0	3,700242E-3	5,836756E-3	8,454256E-4	2,187256E-3	1,382857E+0	1,383347E+0
20220916 18:44:40,436	c_1_1705_20220916_18_44_40,436.bmp	1,045810E+0	2,433218E+0	7,518835E-3	1,094073E-2	-9,331032E-3	-8,011703E-3	1,387954E+0	1,388463E+0
20220916 18:44:46,438	c_1_1706_20220916_18_44_46,438.bmp	1,053444E+0	2,457408E+0	7,518835E-3	7,112750E-3	-4,242803E-3	2,187256E-3	1,385405E+0	1,380789E+0
20220916 18:44:52,441	c_1_1707_20220916_18_44_52,441.bmp	1,059806E+0	2,471413E+0	1,006456E-2	1,094073E-2	-6,786918E-3	-1,056144E-2	1,387954E+0	1,388463E+0
20220916 18:44:58,441	c_1_1708_20220916_18_44_58,441.bmp	1,075075E+0	2,494330E+0	6,245971E-3	1,094073E-2	-1,187515E-2	2,187256E-3	1,387954E+0	1,388463E+0
20220916 18:45:04,441	c_1_1709_20220916_18_45_04,441.bmp	1,076348E+0	2,510881E+0	8,791700E-3	1,349272E-2	-1,187515E-2	-1,056144E-2	1,398148E+0	1,393578E+0
20220916 18:45:10,442	c_1_1710_20220916_18_45_10,442.bmp	1,086527E+0	2,531252E+0	8,791700E-3	1,349272E-2	-9,331032E-3	-1,311118E-2	1,395599E+0	1,396136E+0
20220916 18:45:16,446	c_1_1711_20220916_18_45_16,446.bmp	1,099251E+0	2,549076E+0	7,518835E-3	1,476871E-2	-1,696338E-2	-5,461963E-3	1,395599E+0	1,396136E+0
20220916 18:45:22,448	c_1_1712_20220916_18_45_22,448.bmp	1,104341E+0	2,573266E+0	8,791700E-3	1,094073E-2	-1,187515E-2	-5,461963E-3	1,390502E+0	1,385905E+0
20220916 18:45:28,451	c_1_1713_20220916_18_45_28,451.bmp	1,111975E+0	2,592363E+0	7,518835E-3	7,112750E-3	-3,477218E-2	7,286736E-3	1,387954E+0	1,383347E+0
20220916 18:45:34,453	c_1_1714_20220916_18_45_34,453.bmp	1,111975E+0	2,614007E+0	7,518835E-3	1,221673E-2	-6,786918E-3	2,187256E-3	1,387954E+0	1,388463E+0
20220916 18:45:40,456	c_1_1715_20220916_18_45_40,456.bmp	8,116878E-1	2,636924E+0	3,700242E-3	7,112750E-3	3,389540E-3	-3,624835E-4	1,382857E+0	1,388463E+0
20220916 18:45:46,458	c_1_1716_20220916_18_45_46,458.bmp	7,913294E-1	2,650928E+0	6,245971E-3	1,349272E-2	-1,950749E-2	-8,011703E-3	1,395599E+0	1,388463E+0
20220916 18:45:52,461	c_1_1717_20220916_18_45_52,461.bmp	7,926018E-1	2,671299E+0	1,006456E-2	1,349272E-2	-1,441926E-2	-5,461963E-3	1,395599E+0	1,396136E+0
20220916 18:45:58,463	c_1_1718_20220916_18_45_58,463.bmp	8,027810E-1	2,694216E+0	7,518835E-3	1,094073E-2	-6,786918E-3	-8,011703E-3	1,390502E+0	1,396136E+0
20220916 18:46:04,470	c_1_1719_20220916_18_46_04,470.bmp	8,053258E-1	2,709494E+0	8,791700E-3	1,349272E-2	-9,331032E-3	-1,311118E-2	1,395599E+0	1,393578E+0
20220916 18:46:10,472	c_1_1720_20220916_18_46_10,472.bmp	8,142326E-1	2,736230E+0	3,700242E-3	7,112750E-3	8,454256E-4	-5,461963E-3	1,382857E+0	1,385905E+0
20220916 18:46:16,480	c_1_1721_20220916_18_46_16,480.bmp	8,218670E-1	2,756601E+0	3,700242E-3	9,664739E-3	1,102188E-2	7,286736E-3	1,382857E+0	1,391021E+0
20220916 18:46:22,486	c_1_1722_20220916_18_46_22,486.bmp	8,307739E-1	2,773152E+0	7,518835E-3	1,094073E-2	-1,187515E-2	-2,912223E-3	1,387954E+0	1,388463E+0
20220916 18:46:28,490	c_1_1723_20220916_18_46_28,490.bmp	8,333187E-1	2,793522E+0	6,245971E-3	8,388745E-3	-1,696338E-2	7,286736E-3	1,387954E+0	1,383347E+0
20220916 18:46:34,494	c_1_1724_20220916_18_46_34,494.bmp	8,345911E-1	2,810073E+0	1,006456E-2	1,349272E-2	-1,187515E-2	-3,624835E-4	1,395599E+0	1,388463E+0
20220916 18:46:40,496	c_1_1725_20220916_18_46_40,496.bmp	8,434979E-1	2,832990E+0	7,518835E-3	1,476871E-2	-6,786918E-3	-8,011703E-3	1,387954E+0	1,393578E+0
20220916 18:46:46,500	c_1_1726_20220916_18_46_46,500.bmp	8,473151E-1	2,852088E+0	6,245971E-3	1,094073E-2	8,477769E-3	-1,056144E-2	1,387954E+0	1,388463E+0
20220916 18:46:52,500	c_1_1727_20220916_18_46_52,500.bmp	8,473151E-1	2,871185E+0	8,791700E-3	1,094073E-2	-9,331032E-3	-5,461963E-3	1,398148E+0	1,388463E+0
20220916 18:46:58,505	c_1_1728_20220916_18_46_58,505.bmp	8,536771E-1	2,891556E+0	1,006456E-2	1,476871E-2	-1,441926E-2	-1,311118E-2	1,395599E+0	1,396136E+0
20220916 18:47:04,507	c_1_1729_20220916_18_47_04,507.bmp	8,434979E-1	2,911926E+0	8,791700E-3	1,349272E-2	-1,950749E-2	-1,056144E-2	1,395599E+0	1,396136E+0
20220916 18:47:10,508	c_1_1730_20220916_18_47_10,508.bmp	8,027810E-1	2,934843E+0	6,245971E-3	1,094073E-2	-1,187515E-2	-2,912223E-3	1,387954E+0	1,388463E+0
20220916 18:47:16,512	c_1_1731_20220916_18_47_16,512.bmp	8,002362E-1	2,953940E+0	7,518835E-3	1,094073E-2	-6,786918E-3	-1,056144E-2	1,390502E+0	1,393578E+0
20220916 18:47:22,513	c_1_1732_20220916_18_47_22,513.bmp	6,857199E-1	2,975584E+0	2,427377E-3	7,112750E-3	5,933654E-3	7,286736E-3	1,385405E+0	1,385905E+0
20220916 18:47:28,515	c_1_1733_20220916_18_47_28,515.bmp	6,717234E-1	2,989589E+0	4,973106E-3	1,349272E-2	-6,786918E-3	-2,076040E-2	1,398148E+0	1,396136E+0
20220916 18:47:34,522	c_1_1734_20220916_18_47_34,522.bmp	6,691786E-1	3,013779E+0	6,245971E-3	1,094073E-2	-1,187515E-2	2,187256E-3	1,387954E+0	1,388463E+0
20220916 18:47:40,527	c_1_1735_20220916_18_47_40,527.bmp	6,729958E-1	3,030330E+0	1,006456E-2	1,094073E-2	-1,696338E-2	-5,461963E-3	1,398148E+0	1,388463E+0
20220916 18:47:46,529	c_1_1736_20220916_18_47_46,529.bmp	6,831751E-1	3,055793E+0	2,427377E-3	7,112750E-3	8,454256E-4	-8,011703E-3	1,385405E+0	1,388463E+0
20220916 18:47:52,530	c_1_1737_20220916_18_47_52,530.bmp	6,869923E-1	3,077437E+0	3,700242E-3	1,094073E-2	-1,698689E-3	-2,912223E-3	1,382857E+0	1,388463E+0
20220916 18:47:58,530	c_1_1738_20220916_18_47_58,530.bmp	6,869923E-1	3,093988E+0	8,791700E-3	1,094073E-2	-1,441926E-2	-1,311118E-2	1,387954E+0	1,388463E+0
20220916 18:48:04,534	c_1_1739_20220916_18_48_04,534.bmp	6,920819E-1	3,113085E+0	6,245971E-3	1,349272E-2	-4,242803E-3	-1,056144E-2	1,390502E+0	1,396136E+0
20220916 18:48:10,541	c_1_1740_20220916_18_48_10,541.bmp	7,009887E-1	3,137275E+0	3,700242E-3	8,388745E-3	8,454256E-4	-2,912223E-3	1,385405E+0	1,383347E+0
20220916 18:48:16,543	c_1_1741_20220916_18_48_16,543.bmp	7,060783E-1	3,156373E+0	3,700242E-3	1,094073E-2	-1,696338E-2	-8,011703E-3	1,385405E+0	1,388463E+0
20220916 18:48:22,544	c_1_1742_20220916_18_48_22,544.bmp	7,073507E-1	3,170377E+0	1,006456E-2	1,476871E-2	-1,950749E-2	-8,011703E-3	1,398148E+0	1,396136E+0
20220916 18:48:28,544	c_1_1743_20220916_18_48_28,544.bmp	7,137127E-1	3,195840E+0	7,518835E-3	5,836756E-3	-6,786918E-3	-5,461963E-3	1,385405E+0	1,388463E+0
20220916 18:48:34,547	c_1_1744_20220916_18_48_34,547.bmp	7,226196E-1	3,209845E+0	1,006456E-2	1,349272E-2	-1,187515E-2	-1,566092E-2	1,398148E+0	1,393578E+0
20220916 18:48:40,549	c_1_1745_20220916_18_48_40,549.bmp	7,226196E-1	3,231489E+0	1,006456E-2	1,221673E-2	-1,950749E-2	-1,311118E-2	1,398148E+0	1,396136E+0
20220916 18:48:46,550	c_1_1746_20220916_18_48_46,550.bmp	7,327988E-1	3,255679E+0	7,518835E-3	7,112750E-3	-1,698689E-3	2,187256E-3	1,385405E+0	1,380789E+0
20220916 18:48:52,554	c_1_1747_20220916_18_48_52,554.bmp	7,391608E-1	3,273503E+0	3,700242E-3	1,094073E-2	8,477769E-3	2,187256E-3	1,387954E+0	1,388463E+0
20220916 18:48:58,558	c_1_1748_20220916_18_48_58,558.bmp	7,429780E-1	3,291327E+0	6,245971E-3	9,664739E-3	-1,187515E-2	-1,311118E-2	1,387954E+0	1,383347E+0
20220916 18:49:04,558	c_1_1749_20220916_18_49_04,558.bmp	7,480676E-1	3,311698E+0	4,973106E-3	7,112750E-3	-6,786918E-3	7,286736E-3	1,387954E+0	1,383347E+0
20220916 18:49:10,563	c_1_1750_20220916_18_49_10,563.bmp	7,531573E-1	3,335888E+0	7,518835E-3	5,836756E-3	-6,786918E-3	7,286736E-3	1,385405E+0	1,383347E+0
20220916 18:49:16,564	c_1_1751_20220916_18_49_16,564.bmp	7,595193E-1	3,352439E+0	7,518835E-3	9,664739E-3	-6,786918E-3	-1,056144E-2	1,390502E+0	1,388463E+0
20220916 18:49:22,570	c_1_1752_20220916_18_49_22,570.bmp	7,646089E-1	3,377902E+0	6,245971E-3	7,112750E-3	3,389540E-3	4,736996E-3	1,385405E+0	1,380789E+0
20220916 18:49:28,574	c_1_1753_20220916_18_49_28,574.bmp	7,709709E-1	3,393180E+0	6,245971E-3	1,094073E-2	-4,240452E-2	-3,624835E-4	1,390502E+0	1,388463E+0
20220916 18:49:34,576	c_1_1754_20220916_18_49_34,576.bmp	7,735157E-1	3,413551E+0	6,245971E-3	1,094073E-2	-9,331032E-3	-8,011703E-3	1,390502E+0	1,388463E+0
20220916 18:49:40,579	c_1_1755_20220916_18_49_40,579.bmp	7,824225E-1	3,433921E+0	6,245971E-3	1,094073E-2	-1,187515E-2	-1,566092E-2	1,390502E+0	1,393578E+0
20220916 18:49:46,581	c_1_1756_20220916_18_49_46,581.bmp	7,875122E-1	3,454292E+0	7,518835E-3	1,221673E-2	-6,786918E-3	-1,056144E-2	1,387954E+0	1,388463E+0
20220916 18:49:52,583	c_1_1757_20220916_18_49_52,583.bmp	7,926018E-1	3,470843E+0	7,518835E-3	1,476871E-2	-2,968395E-2	-8,011703E-3	1,398148E+0	1,393578E+0
20220916 18:49:58,584	c_1_1758_20220916_18_49_58,584.bmp	7,964190E-1	3,492487E+0	7,518835E-3	1,094073E-2	-9,331032E-3	-5,461963E-3	1,387954E+0	1,393578E+0
20220916 18:50:04,588	c_1_1759_20220916_18_50_04,588.bmp	8,053258E-1	3,514130E+0	4,973106E-3	1,094073E-2	-6,786918E-3	-8,011703E-3	1,385405E+0	1,388463E+0
20220916 18:50:10,590	c_1_1760_20220916_18_50_10,590.bmp	8,065982E-1	3,529408E+0	7,518835E-3	1,349272E-2	8,477769E-3	-1,311118E-2	1,398148E+0	1,396136E+0
20220916 18:50:16,594	c_1_1761_20220916_18_50_16,594.bmp	8,155050E-1	3,552325E+0	2,427377E-3	1,094073E-2	-6,786918E-3	-1,056144E-2	1,385405E+0	1,388463E+0
20220916 18:50:22,596	c_1_1762_20220916_18_50_22,596.bmp	8,142326E-1	3,568876E+0	1,133743E-2	1,349272E-2	-1,441926E-2	-5,461963E-3	1,395599E+0	1,388463E+0
20220916 18:50:28,596	c_1_1763_20220916_18_50_28,596.bmp	8,167774E-1	3,594339E+0	8,791700E-3	1,094073E-2	-1,696338E-2	-2,912223E-3	1,390502E+0	1,385905E+0
20220916 18:50:34,596	c_1_1764_20220916_18_50_34,596.bmp	8,256843E-1	3,612163E+0	2,427377E-3	1,094073E-2	8,454256E-4	-5,461963E-3	1,393051E+0	1,388463E+0
20220916 18:50:40,599	c_1_1765_20220916_18_50_40,599.bmp	8,218670E-1	3,631261E+0	1,006456E-2	1,094073E-2	-1,950749E-2	-5,461963E-3	1,387954E+0	1,388463E+0
20220916 18:50:46,603	c_1_1766_20220916_18_50_46,603.bmp	8,244119E-1	3,652905E+0	6,245971E-3	1,094073E-2	-4,242803E-3	-3,624835E-4	1,393051E+0	1,383347E+0
20220916 18:50:52,606	c_1_1767_20220916_18_50_52,606.bmp	6,399133E-1	3,669456E+0	1,006456E-2	9,664739E-3	-6,786918E-3	-2,912223E-3	1,395599E+0	1,388463E+0
20220916 18:50:58,614	c_1_1768_20220916_18_50_58,614.bmp	6,297341E-1	3,696192E+0	3,700242E-3	1,094073E-2	-4,242803E-3	-3,624835E-4	1,385405E+0	1,388463E+0
20220916 18:51:04,618	c_1_1769_20220916_18_51_04,618.bmp	6,271893E-1	3,712743E+0	1,006456E-2	1,094073E-2	-1,698689E-3	-1,311118E-2	1,387954E+0	1,383347E+0
20220916 18:51:10,621	c_1_1770_20220916_18_51_10,621.bmp	6,335513E-1	3,736933E+0	8,791700E-3	7,112750E-3	-6,786918E-3	-2,912223E-3	1,385405E+0	1,383347E+0
20220916 18:51:16,627	c_1_1771_20220916_18_51_16,627.bmp	6,348237E-1	3,753484E+0	6,245971E-3	1,476871E-2	-6,786918E-3	-1,056144E-2	1,387954E+0	1,396136E+0
20220916 18:51:22,632	c_1_1772_20220916_18_51_22,632.bmp	6,411857E-1	3,775128E+0	3,700242E-3	7,112750E-3	3,389540E-3	2,187256E-3	1,382857E+0	1,383347E+0
20220916 18:51:28,636	c_1_1773_20220916_18_51_28,636.bmp	6,335513E-1	3,791679E+0	6,245971E-3	1,094073E-2	-9,331032E-3	-5,461963E-3	1,387954E+0	1,388463E+0
20220916 18:51:34,637	c_1_1774_20220916_18_51_34,637.bmp	6,450030E-1	3,814596E+0	3,700242E-3	8,388745E-3	-6,786918E-3	2,187256E-3	1,385405E+0	1,383347E+0
20220916 18:51:40,637	c_1_1775_20220916_18_51_40,637.bmp	6,411857E-1	3,836239E+0	6,245971E-3	8,388745E-3	-4,242803E-3	-3,624835E-4	1,382857E+0	1,380789E+0
20220916 18:51:46,638	c_1_1776_20220916_18_51_46,638.bmp	6,437306E-1	3,851517E+0	6,245971E-3	1,094073E-2	-6,786918E-3	-3,624835E-4	1,390502E+0	1,388463E+0
20220916 18:51:52,644	c_1_1777_20220916_18_51_52,644.bmp	6,437306E-1	3,876981E+0	3,700242E-3	1,094073E-2	-6,786918E-3	-8,011703E-3	1,382857E+0	1,388463E+0
20220916 18:51:58,649	c_1_1778_20220916_18_51_58,649.bmp	6,093757E-1	3,894805E+0	3,700242E-3	7,112750E-3	-4,242803E-3	-1,311118E-2	1,382857E+0	1,383347E+0
20220916 18:52:04,653	c_1_1779_20220916_18_52_04,653.bmp	5,699312E-1	3,908809E+0	8,791700E-3	1,476871E-2	-9,331032E-3	-1,056144E-2	1,398148E+0	1,388463E+0
20220916 18:52:10,654	c_1_1780_20220916_18_52_10,654.bmp	5,750208E-1	3,938092E+0	7,518835E-3	8,388745E-3	-2,459572E-2	4,736996E-3	1,382857E+0	1,380789E+0
20220916 18:52:16,658	c_1_1781_20220916_18_52_16,658.bmp	5,839276E-1	3,953370E+0	7,518835E-3	1,094073E-2	-9,331032E-3	-2,912223E-3	1,390502E+0	1,388463E+0
20220916 18:52:22,662	c_1_1782_20220916_18_52_22,662.bmp	5,852000E-1	3,973741E+0	7,518835E-3	1,094073E-2	-1,698689E-3	4,736996E-3	1,387954E+0	1,380789E+0
20220916 18:52:28,663	c_1_1783_20220916_18_52_28,663.bmp	5,928344E-1	3,995384E+0	4,973106E-3	7,112750E-3	-4,242803E-3	2,187256E-3	1,382857E+0	1,388463E+0
20220916 18:52:34,670	c_1_1784_20220916_18_52_34,670.bmp	5,966516E-1	4,013209E+0	3,700242E-3	1,094073E-2	-4,242803E-3	-1,056144E-2	1,390502E+0	1,385905E+0
20220916 18:52:40,671	c_1_1785_20220916_18_52_40,671.bmp	5,953792E-1	4,028486E+0	8,791700E-3	1,349272E-2	-1,696338E-2	2,187256E-3	1,395599E+0	1,391021E+0
20220916 18:52:46,674	c_1_1786_20220916_18_52_46,674.bmp	6,017412E-1	4,052676E+0	6,245971E-3	1,349272E-2	-9,331032E-3	-1,566092E-2	1,390502E+0	1,393578E+0
20220916 18:52:52,678	c_1_1787_20220916_18_52_52,678.bmp	6,030136E-1	4,075593E+0	4,973106E-3	7,112750E-3	-6,786918E-3	-5,461963E-3	1,382857E+0	1,380789E+0
20220916 18:52:58,680	c_1_1788_20220916_18_52_58,680.bmp	6,068309E-1	4,094691E+0	6,245971E-3	1,094073E-2	-1,187515E-2	-2,912223E-3	1,390502E+0	1,383347E+0
20220916 18:53:04,684	c_1_1789_20220916_18_53_04,684.bmp	6,119205E-1	4,113788E+0	7,518835E-3	1,094073E-2	-6,786918E-3	2,187256E-3	1,387954E+0	1,383347E+0
20220916 18:53:10,687	c_1_1790_20220916_18_53_10,687.bmp	6,106481E-1	4,132885E+0	6,245971E-3	1,094073E-2	-1,187515E-2	2,187256E-3	1,390502E+0	1,388463E+0
20220916 18:53:16,687	c_1_1791_20220916_18_53_16,687.bmp	6,233721E-1	4,157075E+0	3,700242E-3	8,388745E-3	8,454256E-4	-2,912223E-3	1,382857E+0	1,383347E+0
20220916 18:53:22,690	c_1_1792_20220916_18_53_22,690.bmp	6,271893E-1	4,176173E+0	2,427377E-3	7,112750E-3	-1,441926E-2	2,187256E-3	1,385405E+0	1,383347E+0
20220916 18:53:28,694	c_1_1793_20220916_18_53_28,694.bmp	6,271893E-1	4,196543E+0	7,518835E-3	5,836756E-3	-1,698689E-3	7,286736E-3	1,382857E+0	1,383347E+0
20220916 18:53:34,696	c_1_1794_20220916_18_53_34,696.bmp	6,310065E-1	4,213094E+0	6,245971E-3	8,388745E-3	-4,242803E-3	-2,912223E-3	1,390502E+0	1,383347E+0
20220916 18:53:40,699	c_1_1795_20220916_18_53_40,699.bmp	6,348237E-1	4,233465E+0	6,245971E-3	1,349272E-2	-1,187515E-2	-1,056144E-2	1,390502E+0	1,396136E+0
20220916 18:53:46,700	c_1_1796_20220916_18_53_46,700.bmp	6,373685E-1	4,250016E+0	7,518835E-3	1,349272E-2	-2,713983E-2	-1,311118E-2	1,398148E+0	1,396136E+0
20220916 18:53:52,701	c_1_1797_20220916_18_53_52,701.bmp	6,424582E-1	4,278026E+0	4,973106E-3	1,094073E-2	-9,331032E-3	-8,011703E-3	1,385405E+0	1,388463E+0
20220916 18:53:58,703	c_1_1798_20220916_18_53_58,703.bmp	6,462754E-1	4,297123E+0	3,700242E-3	7,112750E-3	-1,698689E-3	9,836476E-3	1,385405E+0	1,383347E+0
20220916 18:54:04,706	c_1_1799_20220916_18_54_04,706.bmp	6,475478E-1	4,312401E+0	6,245971E-3	1,349272E-2	-9,331032E-3	-1,311118E-2	1,387954E+0	1,396136E+0
20220916 18:54:10,711	c_1_1800_20220916_18_54_10,711.bmp	6,513650E-1	4,336591E+0	3,700242E-3	7,112750E-3	-9,331032E-3	2,187256E-3	1,385405E+0	1,388463E+0
20220916 18:54:16,714	c_1_1801_20220916_18_54_16,714.bmp	6,539098E-1	4,355688E+0	4,973106E-3	5,836756E-3	8,454256E-4	7,286736E-3	1,385405E+0	1,383347E+0
20220916 18:54:22,715	c_1_1802_20220916_18_54_22,715.bmp	6,551822E-1	4,369693E+0	7,518835E-3	1,349272E-2	-1,696338E-2	-1,311118E-2	1,395599E+0	1,388463E+0
20220916 18:54:28,721	c_1_1803_20220916_18_54_28,721.bmp	6,513650E-1	4,393883E+0	7,518835E-3	7,112750E-3	-1,698689E-3	2,187256E-3	1,390502E+0	1,380789E+0
20220916 18:54:34,727	c_1_1804_20220916_18_54_34,727.bmp	5,915620E-1	4,409161E+0	8,791700E-3	1,094073E-2	-6,786918E-3	-2,912223E-3	1,398148E+0	1,388463E+0
20220916 18:54:40,728	c_1_1805_20220916_18_54_40,728.bmp	5,902896E-1	4,432078E+0	6,245971E-3	1,476871E-2	-6,786918E-3	2,187256E-3	1,390502E+0	1,393578E+0
20220916 18:54:46,733	c_1_1806_20220916_18_54_46,733.bmp	5,890172E-1	4,451175E+0	1,006456E-2	9,664739E-3	-1,696338E-2	-8,011703E-3	1,395599E+0	1,388463E+0
20220916 18:54:52,737	c_1_1807_20220916_18_54_52,737.bmp	5,966516E-1	4,476638E+0	3,700242E-3	8,388745E-3	-1,698689E-3	2,187256E-3	1,382857E+0	1,388463E+0
20220916 18:54:58,740	c_1_1808_20220916_18_54_58,740.bmp	5,928344E-1	4,490643E+0	8,791700E-3	1,349272E-2	8,454256E-4	-1,821066E-2	1,395599E+0	1,393578E+0
20220916 18:55:04,749	c_1_1809_20220916_18_55_04,749.bmp	5,979240E-1	4,513560E+0	8,791700E-3	1,094073E-2	-4,242803E-3	-1,056144E-2	1,387954E+0	1,383347E+0
20220916 18:55:10,750	c_1_1810_20220916_18_55_10,750.bmp	6,030136E-1	4,533931E+0	6,245971E-3	9,664739E-3	-1,187515E-2	-8,011703E-3	1,387954E+0	1,385905E+0
20220916 18:55:16,751	c_1_1811_20220916_18_55_16,751.bmp	6,106481E-1	4,554301E+0	3,700242E-3	1,094073E-2	3,389540E-3	-3,624835E-4	1,390502E+0	1,388463E+0
20220916 18:55:22,755	c_1_1812_20220916_18_55_22,755.bmp	6,106481E-1	4,569579E+0	7,518835E-3	1,476871E-2	-9,331032E-3	-2,076040E-2	1,398148E+0	1,393578E+0
20220916 18:55:28,756	c_1_1813_20220916_18_55_28,756.bmp	6,131929E-1	4,589950E+0	1,006456E-2	1,349272E-2	-1,696338E-2	-1,311118E-2	1,398148E+0	1,396136E+0
20220916 18:55:34,759	c_1_1814_20220916_18_55_34,759.bmp	6,182825E-1	4,615413E+0	7,518835E-3	7,112750E-3	8,454256E-4	-2,912223E-3	1,382857E+0	1,380789E+0
20220916 18:55:40,762	c_1_1815_20220916_18_55_40,762.bmp	6,170101E-1	4,630691E+0	8,791700E-3	1,094073E-2	-1,696338E-2	-5,461963E-3	1,395599E+0	1,388463E+0
20220916 18:55:46,763	c_1_1816_20220916_18_55_46,763.bmp	6,259169E-1	4,653607E+0	7,518835E-3	1,476871E-2	8,454256E-4	-8,011703E-3	1,390502E+0	1,393578E+0
20220916 18:55:52,766	c_1_1817_20220916_18_55_52,766.bmp	6,284617E-1	4,671432E+0	7,518835E-3	1,349272E-2	-9,331032E-3	-1,311118E-2	1,387954E+0	1,393578E+0
20220916 18:55:58,773	c_1_1818_20220916_18_55_58,773.bmp	6,348237E-1	4,694349E+0	3,700242E-3	9,664739E-3	-1,698689E-3	-3,624835E-4	1,390502E+0	1,388463E+0
20220916 18:56:04,779	c_1_1819_20220916_18_56_04,779.bmp	6,322789E-1	4,710900E+0	8,791700E-3	1,349272E-2	-1,441926E-2	-1,056144E-2	1,395599E+0	1,393578E+0
20220916 18:56:10,781	c_1_1820_20220916_18_56_10,781.bmp	6,386409E-1	4,729997E+0	7,518835E-3	1,221673E-2	-9,331032E-3	-1,821066E-2	1,398148E+0	1,391021E+0
20220916 18:56:16,784	c_1_1821_20220916_18_56_16,784.bmp	6,399133E-1	4,752914E+0	1,006456E-2	1,094073E-2	-2,713983E-2	-2,912223E-3	1,398148E+0	1,385905E+0
20220916 18:56:22,787	c_1_1822_20220916_18_56_22,787.bmp	6,475478E-1	4,773284E+0	7,518835E-3	1,349272E-2	-1,187515E-2	-8,011703E-3	1,387954E+0	1,393578E+0
20220916 18:56:28,791	c_1_1823_20220916_18_56_28,791.bmp	6,462754E-1	4,788562E+0	1,006456E-2	1,094073E-2	-1,441926E-2	2,187256E-3	1,398148E+0	1,388463E+0
20220916 18:56:34,793	c_1_1824_20220916_18_56_34,793.bmp	6,564546E-1	4,815299E+0	3,700242E-3	1,094073E-2	-1,698689E-3	2,187256E-3	1,382857E+0	1,388463E+0
20220916 18:56:40,797	c_1_1825_20220916_18_56_40,797.bmp	6,564546E-1	4,831850E+0	7,518835E-3	1,094073E-2	-9,331032E-3	-1,311118E-2	1,387954E+0	1,391021E+0
20220916 18:56:46,799	c_1_1826_20220916_18_56_46,799.bmp	6,615442E-1	4,853493E+0	6,245971E-3	1,476871E-2	-1,950749E-2	-1,311118E-2	1,390502E+0	1,393578E+0
20220916 18:56:52,802	c_1_1827_20220916_18_56_52,802.bmp	6,704510E-1	4,877683E+0	3,700242E-3	8,388745E-3	-6,786918E-3	-5,461963E-3	1,385405E+0	1,388463E+0
20220916 18:56:58,803	c_1_1828_20220916_18_56_58,803.bmp	6,729958E-1	4,889142E+0	7,518835E-3	1,476871E-2	-1,187515E-2	-1,056144E-2	1,395599E+0	1,388463E+0
20220916 18:57:04,811	c_1_1829_20220916_18_57_04,811.bmp	6,780855E-1	4,915878E+0	2,427377E-3	1,094073E-2	8,454256E-4	-5,461963E-3	1,382857E+0	1,391021E+0
20220916 18:57:10,815	c_1_1830_20220916_18_57_10,815.bmp	6,780855E-1	4,933702E+0	8,791700E-3	9,664739E-3	1,102188E-2	-2,912223E-3	1,390502E+0	1,388463E+0
20220916 18:57:16,815	c_1_1831_20220916_18_57_16,815.bmp	6,844475E-1	4,948980E+0	7,518835E-3	1,349272E-2	-6,786918E-3	-1,311118E-2	1,395599E+0	1,396136E+0
20220916 18:57:22,820	c_1_1832_20220916_18_57_22,820.bmp	6,933543E-1	4,971897E+0	3,700242E-3	1,094073E-2	-6,786918E-3	-1,821066E-2	1,387954E+0	1,396136E+0
20220916 18:57:28,821	c_1_1833_20220916_18_57_28,821.bmp	6,920819E-1	4,993541E+0	8,791700E-3	8,388745E-3	-6,786918E-3	4,736996E-3	1,390502E+0	1,380789E+0
20220916 18:57:34,822	c_1_1834_20220916_18_57_34,822.bmp	6,997163E-1	5,016458E+0	7,518835E-3	7,112750E-3	-4,242803E-3	-2,912223E-3	1,385405E+0	1,388463E+0
20220916 18:57:40,826	c_1_1835_20220916_18_57_40,826.bmp	7,048059E-1	5,031736E+0	3,700242E-3	8,388745E-3	-6,786918E-3	-2,912223E-3	1,390502E+0	1,396136E+0
20220916 18:57:46,832	c_1_1836_20220916_18_57_46,832.bmp	7,022611E-1	5,053379E+0	1,133743E-2	1,094073E-2	8,454256E-4	-2,076040E-2	1,387954E+0	1,388463E+0
20220916 18:57:52,836	c_1_1837_20220916_18_57_52,836.bmp	7,086231E-1	5,073750E+0	8,791700E-3	1,094073E-2	-6,786918E-3	-1,566092E-2	1,387954E+0	1,385905E+0
20220916 18:57:58,841	c_1_1838_20220916_18_57_58,841.bmp	7,162576E-1	5,096667E+0	7,518835E-3	7,112750E-3	-4,242803E-3	-5,461963E-3	1,385405E+0	1,385905E+0
20220916 18:58:04,842	c_1_1839_20220916_18_58_04,842.bmp	7,226196E-1	5,117037E+0	3,700242E-3	7,112750E-3	-1,698689E-3	-5,461963E-3	1,385405E+0	1,383347E+0
20220916 18:58:10,846	c_1_1840_20220916_18_58_10,846.bmp	7,226196E-1	5,132315E+0	6,245971E-3	1,094073E-2	-1,187515E-2	-2,076040E-2	1,387954E+0	1,388463E+0
20220916 18:58:16,853	c_1_1841_20220916_18_58_16,853.bmp	7,238920E-1	5,153959E+0	1,006456E-2	1,094073E-2	-1,187515E-2	-2,912223E-3	1,387954E+0	1,388463E+0
20220916 18:58:22,856	c_1_1842_20220916_18_58_22,856.bmp	7,327988E-1	5,176876E+0	4,973106E-3	7,112750E-3	-6,786918E-3	1,748570E-2	1,385405E+0	1,388463E+0
20220916 18:58:28,860	c_1_1843_20220916_18_58_28,860.bmp	7,353436E-1	5,192154E+0	7,518835E-3	1,349272E-2	8,454256E-4	-2,912223E-3	1,387954E+0	1,396136E+0
20220916 18:58:34,861	c_1_1844_20220916_18_58_34,861.bmp	7,404332E-1	5,211251E+0	6,245971E-3	1,349272E-2	-9,331032E-3	-8,011703E-3	1,390502E+0	1,396136E+0
20220916 18:58:40,865	c_1_1845_20220916_18_58_40,865.bmp	7,404332E-1	5,231622E+0	8,791700E-3	1,094073E-2	-6,786918E-3	-8,011703E-3	1,398148E+0	1,388463E+0
20220916 18:58:46,867	c_1_1846_20220916_18_58_46,867.bmp	7,493400E-1	5,251992E+0	6,245971E-3	1,094073E-2	-6,786918E-3	-8,011703E-3	1,387954E+0	1,385905E+0
20220916 18:58:52,872	c_1_1847_20220916_18_58_52,872.bmp	7,493400E-1	5,273636E+0	1,006456E-2	9,664739E-3	-1,950749E-2	-8,011703E-3	1,387954E+0	1,388463E+0
20220916 18:58:58,875	c_1_1848_20220916_18_58_58,875.bmp	7,557021E-1	5,288914E+0	1,006456E-2	1,349272E-2	-1,187515E-2	-8,011703E-3	1,398148E+0	1,396136E+0
20220916 18:59:04,878	c_1_1849_20220916_18_59_04,878.bmp	7,595193E-1	5,309284E+0	7,518835E-3	1,221673E-2	-1,187515E-2	-1,311118E-2	1,395599E+0	1,388463E+0
20220916 18:59:10,883	c_1_1850_20220916_18_59_10,883.bmp	7,633365E-1	5,333474E+0	7,518835E-3	1,094073E-2	-9,331032E-3	-5,461963E-3	1,387954E+0	1,388463E+0
20220916 18:59:16,886	c_1_1851_20220916_18_59_16,886.bmp	7,684261E-1	5,356391E+0	3,700242E-3	8,388745E-3	-6,786918E-3	-3,624835E-4	1,385405E+0	1,383347E+0
20220916 18:59:22,888	c_1_1852_20220916_18_59_22,888.bmp	7,735157E-1	5,376762E+0	4,973106E-3	8,388745E-3	-1,187515E-2	1,238622E-2	1,385405E+0	1,385905E+0
20220916 18:59:28,890	c_1_1853_20220916_18_59_28,890.bmp	7,786053E-1	5,393313E+0	6,245971E-3	1,094073E-2	-1,187515E-2	-1,311118E-2	1,390502E+0	1,388463E+0
20220916 18:59:34,891	c_1_1854_20220916_18_59_34,891.bmp	7,811501E-1	5,409864E+0	7,518835E-3	1,349272E-2	-1,696338E-2	-1,311118E-2	1,395599E+0	1,388463E+0
20220916 18:59:40,894	c_1_1855_20220916_18_59_40,894.bmp	7,849673E-1	5,431508E+0	6,245971E-3	1,094073E-2	-6,786918E-3	-8,011703E-3	1,387954E+0	1,388463E+0
20220916 18:59:46,897	c_1_1856_20220916_18_59_46,897.bmp	7,862397E-1	5,451878E+0	7,518835E-3	7,112750E-3	-6,786918E-3	-3,624835E-4	1,387954E+0	1,380789E+0
20220916 18:59:52,899	c_1_1857_20220916_18_59_52,899.bmp	7,964190E-1	5,474795E+0	3,700242E-3	8,388745E-3	-1,698689E-3	-5,461963E-3	1,382857E+0	1,391021E+0
20220916 18:59:58,903	c_1_1858_20220916_18_59_58,903.bmp	7,938742E-1	5,488800E+0	8,791700E-3	1,094073E-2	-1,696338E-2	-3,624835E-4	1,398148E+0	1,385905E+0
20220916 19:00:04,904	c_1_1859_20220916_19_00_04,904.bmp	7,989638E-1	5,510443E+0	8,791700E-3	1,349272E-2	-1,696338E-2	-1,311118E-2	1,395599E+0	1,396136E+0
20220916 19:00:10,905	c_1_1860_20220916_19_00_10,905.bmp	7,951466E-1	5,532087E+0	1,006456E-2	9,664739E-3	-9,331032E-3	-8,011703E-3	1,390502E+0	1,385905E+0
20220916 19:00:16,907	c_1_1861_20220916_19_00_16,907.bmp	5,724760E-1	5,551184E+0	4,973106E-3	1,094073E-2	-1,698689E-3	-2,912223E-3	1,390502E+0	1,385905E+0
20220916 19:00:22,910	c_1_1862_20220916_19_00_22,910.bmp	5,673863E-1	5,572828E+0	7,518835E-3	1,094073E-2	-1,187515E-2	-8,011703E-3	1,390502E+0	1,388463E+0
20220916 19:00:28,914	c_1_1863_20220916_19_00_28,914.bmp	5,699312E-1	5,591926E+0	7,518835E-3	5,836756E-3	-1,698689E-3	-3,624835E-4	1,390502E+0	1,383347E+0
20220916 19:00:34,919	c_1_1864_20220916_19_00_34,919.bmp	5,762932E-1	5,612296E+0	6,245971E-3	8,388745E-3	-6,786918E-3	1,493596E-2	1,387954E+0	1,383347E+0
20220916 19:00:40,922	c_1_1865_20220916_19_00_40,922.bmp	5,813828E-1	5,633940E+0	3,700242E-3	8,388745E-3	-6,786918E-3	2,187256E-3	1,382857E+0	1,383347E+0
20220916 19:00:46,924	c_1_1866_20220916_19_00_46,924.bmp	5,762932E-1	5,647945E+0	8,791700E-3	1,476871E-2	-1,441926E-2	-1,566092E-2	1,398148E+0	1,396136E+0
20220916 19:00:52,931	c_1_1867_20220916_19_00_52,931.bmp	5,877448E-1	5,673408E+0	3,700242E-3	1,094073E-2	-6,786918E-3	-2,912223E-3	1,382857E+0	1,388463E+0
20220916 19:00:58,935	c_1_1868_20220916_19_00_58,935.bmp	5,915620E-1	5,695051E+0	4,973106E-3	1,094073E-2	-4,242803E-3	-1,311118E-2	1,385405E+0	1,388463E+0
20220916 19:01:04,936	c_1_1869_20220916_19_01_04,936.bmp	5,915620E-1	5,710329E+0	6,245971E-3	1,094073E-2	-1,698689E-3	-2,912223E-3	1,390502E+0	1,388463E+0
20220916 19:01:10,941	c_1_1870_20220916_19_01_10,941.bmp	5,928344E-1	5,730700E+0	7,518835E-3	1,094073E-2	5,933654E-3	-2,912223E-3	1,390502E+0	1,388463E+0
20220916 19:01:16,943	c_1_1871_20220916_19_01_16,943.bmp	6,004688E-1	5,748524E+0	2,427377E-3	1,094073E-2	-4,242803E-3	-8,011703E-3	1,382857E+0	1,385905E+0
20220916 19:01:22,944	c_1_1872_20220916_19_01_22,944.bmp	5,902896E-1	5,729427E+0	7,518835E-3	7,112750E-3	3,389540E-3	2,187256E-3	1,382857E+0	1,388463E+0
