7.620756008299450659e-05
-1.939802320455909630e-05
3.039740096670862698e-03
1.877297823386668910e-02
3.790277377935453301e-02
7.158537873842728272e-02
1.108240287704193583e-01
1.579631174458477061e-01
2.202374804107784523e-01
2.889207054972340871e-01
3.746746359867291765e-01
4.611143826614773067e-01
5.679957349290359891e-01
6.671856834364823241e-01
7.782960385297253980e-01
9.054635247110791596e-01
1.024808641933071085e+00
1.175640265670658380e+00
1.323586046589978471e+00
1.466931858042881842e+00
1.631649658425610383e+00
1.775792381973596124e+00
1.909920370971791792e+00
2.044775686708567353e+00
2.162210033299397427e+00
2.250046888812196944e+00
2.171521405126995319e+00
2.207905920539603439e+00
2.306276963444705785e+00
2.299180175118611391e+00
2.357232354753815873e+00
2.327223245099625970e+00
2.376915829150919368e+00
2.358881441478910990e+00
2.367251919331125443e+00
2.379825630739345943e+00
2.346762135277241867e+00
2.254168252065938294e+00
2.174758299157375951e+00
2.093643009675722588e+00
2.083777576226854666e+00
2.102221768736256102e+00
2.075357306846604910e+00
2.091057078169308525e+00
2.113723107984720961e+00
2.120496244241332651e+00
2.159992709896239038e+00
2.207247639824515328e+00
2.289244057639896468e+00
2.302908009240382636e+00
2.340957221260893562e+00
2.400560695189029925e+00
2.511330357582173267e+00
2.533181700404023573e+00
2.530445180265668004e+00
2.548987021306843292e+00
2.651346455464615115e+00
2.662079962790542265e+00
2.657720423398514775e+00
2.788620423399319037e+00
2.813249437086008164e+00
2.824426297928529728e+00
2.767559891771780300e+00
2.908122417584964925e+00
2.837495103991384049e+00
2.552035923286620989e+00
2.451866509482121703e+00
2.509364428414612380e+00
2.256693918629577578e+00
2.105224355660876956e+00
2.062725052698215933e+00
2.074357128473398149e+00
2.091790483942566503e+00
2.116973331352042464e+00
2.137640142163835133e+00
2.138163462911301771e+00
2.120759746639927723e+00
2.112433614625719436e+00
2.090603929905121561e+00
2.071941930397430021e+00
2.049080887412652263e+00
2.018514093941686127e+00
1.874388539825584843e+00
1.814099385695122413e+00
1.766750597834998882e+00
1.732882764119672014e+00
1.654007326811141487e+00
1.604362684237992109e+00
1.532001005422536810e+00
1.462114289216050800e+00
1.389847343149805514e+00
1.374157543119074898e+00
1.391293554050254233e+00
1.399925227642665471e+00
1.408899956063955239e+00
1.421112724160142005e+00
1.447600101494106895e+00
1.459769487124138232e+00
1.473883046179972789e+00
1.483034821724915853e+00
1.490464135556691438e+00
1.488349865659149618e+00
1.492639271641786225e+00
1.503785361191014136e+00
1.519316006501354677e+00
1.525068094389598228e+00
1.526426106734328103e+00
1.529895338863605847e+00
1.536147420897814531e+00
1.540775480507845074e+00
1.531252538497756666e+00
1.504888153011313179e+00
1.505054481668719024e+00
1.505870819515086279e+00
1.473494499669592672e+00
1.434766150616451963e+00
1.396888005659840948e+00
1.338810985404457643e+00
1.294552823551970100e+00
1.260582193571162080e+00
1.235596499856170150e+00
1.208904398161010807e+00
1.170299603238722730e+00
1.134554151035489733e+00
1.057153512957562214e+00
1.042005031836914508e+00
1.040452829256037992e+00
1.046175652288704461e+00
1.045019123656031113e+00
1.052559225954104116e+00
1.052822711339978623e+00
1.070466483550741366e+00
1.074694699282245036e+00
1.086283494663111471e+00
1.090553731039023866e+00
1.107490984600585593e+00
1.111679163778332979e+00
1.121340571500332617e+00
1.127301124489945572e+00
1.127264384374675465e+00
1.136262621988761934e+00
1.146759774891298322e+00
1.138893058449944817e+00
1.151106334248463980e+00
1.149132941119819895e+00
1.146551171379286860e+00
1.124086381755332598e+00
1.100106711833993556e+00
1.086356087888456834e+00
1.068588945198905016e+00
1.061575731154857705e+00
1.037158736896720779e+00
1.031334585334563014e+00
1.024045806013201609e+00
1.022154479395233961e+00
1.022068314147660528e+00
1.021604944560535966e+00
1.014057005528388844e+00
1.020029902055923365e+00
1.023386671022642247e+00
1.031643813608494220e+00
1.032340631331330361e+00
1.043449330116523521e+00
1.045218687623580944e+00
1.060437862028198008e+00
1.063009313172781800e+00
1.070893959658113737e+00
1.077332743838723905e+00
1.083209052247932291e+00
1.093326540083901177e+00
1.093792311157962382e+00
1.102350651639926404e+00
1.111668518871636646e+00
1.118528370568345753e+00
1.120162633968461829e+00
1.131493491775058979e+00
1.139214499365126754e+00
1.149543231205131688e+00
1.155422171978666590e+00
1.165419578640071840e+00
1.176511077370764990e+00
1.182675940393320468e+00
