8.010000000000000000e+02
8.010000000000000000e+02
8.040000000000000000e+02
8.040000000000000000e+02
8.040000000000000000e+02
8.070000000000000000e+02
8.040000000000000000e+02
8.070000000000000000e+02
8.100000000000000000e+02
8.100000000000000000e+02
8.070000000000000000e+02
8.130000000000000000e+02
8.130000000000000000e+02
8.150000000000000000e+02
8.160000000000000000e+02
8.160000000000000000e+02
8.130000000000000000e+02
8.160000000000000000e+02
8.420000000000000000e+02
8.460000000000000000e+02
8.470000000000000000e+02
8.500000000000000000e+02
8.510000000000000000e+02
8.440000000000000000e+02
8.540000000000000000e+02
8.490000000000000000e+02
8.580000000000000000e+02
8.590000000000000000e+02
9.530000000000000000e+02
