20220325 13:58:09,641	c2_0_794_20220325_13_58_09,641.bmp	5,920992E-3	1,048907E-2	-3,769540E-3	-3,807953E-3
20220325 13:58:15,646	c2_0_795_20220325_13_58_15,646.bmp	-1,715315E-3	9,216096E-3	-1,223829E-3	-3,807953E-3
20220325 13:58:21,651	c2_0_796_20220325_13_58_21,651.bmp	1,370109E-1	1,812690E-2	2,594737E-3	3,830109E-3
20220325 13:58:27,656	c2_0_797_20220325_13_58_27,656.bmp	3,419185E-1	4,485933E-2	-3,769540E-3	-3,807953E-3
20220325 13:58:33,656	c2_0_798_20220325_13_58_33,656.bmp	5,608260E-1	6,268094E-2	-3,769540E-3	-3,807953E-3
20220325 13:58:39,660	c2_0_799_20220325_13_58_39,660.bmp	7,873698E-1	8,432148E-2	-3,769540E-3	-3,807953E-3
20220325 13:58:45,661	c2_0_800_20220325_13_58_45,661.bmp	1,006277E+0	1,021431E-1	4,902598E-5	1,107786E-5
20220325 13:58:51,663	c2_0_801_20220325_13_58_51,663.bmp	1,231548E+0	1,186917E-1	4,902598E-5	-1,261932E-3
20220325 13:58:57,666	c2_0_802_20220325_13_58_57,666.bmp	1,455547E+0	1,403323E-1	-1,223829E-3	-1,261932E-3
20220325 13:59:03,667	c2_0_803_20220325_13_59_03,667.bmp	1,677000E+0	1,594269E-1	4,902598E-5	1,107786E-5
20220325 13:59:09,670	c2_0_804_20220325_13_59_09,670.bmp	1,897180E+0	1,823404E-1	4,902598E-5	1,107786E-5
20220325 13:59:15,677	c2_0_805_20220325_13_59_15,677.bmp	2,113542E+0	2,014350E-1	2,594737E-3	1,284088E-3
20220325 13:59:21,678	c2_0_806_20220325_13_59_21,678.bmp	2,337540E+0	2,243485E-1	-2,496685E-3	-1,261932E-3
20220325 13:59:27,683	c2_0_807_20220325_13_59_27,683.bmp	2,551357E+0	2,408971E-1	4,902598E-5	1,107786E-5
20220325 13:59:33,688	c2_0_808_20220325_13_59_33,688.bmp	2,763901E+0	2,599917E-1	4,902598E-5	-3,807953E-3
20220325 13:59:39,691	c2_0_809_20220325_13_59_39,691.bmp	2,975172E+0	2,803593E-1	-3,769540E-3	1,107786E-5
20220325 13:59:45,694	c2_0_810_20220325_13_59_45,694.bmp	3,172443E+0	2,969079E-1	2,594737E-3	2,557098E-3
20220325 13:59:51,698	c2_0_811_20220325_13_59_51,698.bmp	3,378623E+0	3,198214E-1	-3,769540E-3	-5,080963E-3
20220325 13:59:57,700	c2_0_812_20220325_13_59_57,700.bmp	3,570804E+0	3,414619E-1	-3,769540E-3	-3,807953E-3
20220325 14:00:03,704	c2_0_813_20220325_14_00_03,704.bmp	3,748984E+0	3,580106E-1	2,594737E-3	2,557098E-3
20220325 14:00:09,705	c2_0_814_20220325_14_00_09,705.bmp	3,932256E+0	3,796511E-1	-3,769540E-3	1,107786E-5
20220325 14:00:15,709	c2_0_815_20220325_14_00_15,709.bmp	4,070982E+0	4,000187E-1	1,321881E-3	1,284088E-3
20220325 14:00:21,715	c2_0_816_20220325_14_00_21,715.bmp	4,198254E+0	4,152944E-1	1,321881E-3	1,107786E-5
20220325 14:00:27,720	c2_0_817_20220325_14_00_27,720.bmp	4,272071E+0	4,369349E-1	2,594737E-3	2,557098E-3
20220325 14:00:33,727	c2_0_818_20220325_14_00_33,727.bmp	4,278435E+0	4,623943E-1	-3,769540E-3	-3,807953E-3
20220325 14:00:39,728	c2_0_819_20220325_14_00_39,728.bmp	4,288617E+0	4,789430E-1	2,594737E-3	-1,261932E-3
20220325 14:00:45,733	c2_0_820_20220325_14_00_45,733.bmp	4,261890E+0	5,044024E-1	-1,223829E-3	-3,807953E-3
20220325 14:00:51,737	c2_0_821_20220325_14_00_51,737.bmp	4,260617E+0	5,184051E-1	-3,769540E-3	1,107786E-5
20220325 14:00:57,738	c2_0_822_20220325_14_00_57,738.bmp	4,298798E+0	5,400457E-1	-2,496685E-3	-3,807953E-3
20220325 14:01:03,739	c2_0_823_20220325_14_01_03,739.bmp	4,315344E+0	5,629592E-1	-3,769540E-3	-3,807953E-3
20220325 14:01:09,742	c2_0_824_20220325_14_01_09,742.bmp	4,306435E+0	5,795078E-1	2,594737E-3	-1,261932E-3
20220325 14:01:15,743	c2_0_825_20220325_14_01_15,743.bmp	4,296253E+0	5,960565E-1	1,321881E-3	2,557098E-3
20220325 14:01:21,746	c2_0_826_20220325_14_01_21,746.bmp	4,256799E+0	6,202429E-1	1,321881E-3	1,107786E-5
20220325 14:01:27,747	c2_0_827_20220325_14_01_27,747.bmp	4,191890E+0	6,367916E-1	1,321881E-3	1,284088E-3
20220325 14:01:33,752	c2_0_828_20220325_14_01_33,752.bmp	4,121891E+0	6,558862E-1	3,867592E-3	2,557098E-3
20220325 14:01:39,755	c2_0_829_20220325_14_01_39,755.bmp	4,054437E+0	6,813456E-1	2,594737E-3	-1,261932E-3
20220325 14:01:45,758	c2_0_830_20220325_14_01_45,758.bmp	3,980619E+0	6,966213E-1	4,902598E-5	3,830109E-3
20220325 14:01:51,760	c2_0_831_20220325_14_01_51,760.bmp	3,787166E+0	7,157159E-1	2,594737E-3	3,830109E-3
20220325 14:01:57,763	c2_0_832_20220325_14_01_57,763.bmp	3,607713E+0	7,411753E-1	4,902598E-5	1,107786E-5
20220325 14:02:03,768	c2_0_833_20220325_14_02_03,768.bmp	3,466441E+0	7,564510E-1	4,902598E-5	1,284088E-3
20220325 14:02:09,777	c2_0_834_20220325_14_02_09,777.bmp	3,415532E+0	7,768186E-1	4,902598E-5	2,557098E-3
20220325 14:02:15,783	c2_0_835_20220325_14_02_15,783.bmp	3,379896E+0	7,997321E-1	-3,769540E-3	1,107786E-5
20220325 14:02:21,786	c2_0_836_20220325_14_02_21,786.bmp	3,300988E+0	8,175537E-1	1,321881E-3	2,557098E-3
20220325 14:02:27,787	c2_0_837_20220325_14_02_27,787.bmp	3,251352E+0	8,430131E-1	-3,769540E-3	1,107786E-5
20220325 14:02:33,795	c2_0_838_20220325_14_02_33,795.bmp	3,228443E+0	8,595618E-1	4,902598E-5	1,107786E-5
20220325 14:02:39,796	c2_0_839_20220325_14_02_39,796.bmp	3,223352E+0	8,773834E-1	2,594737E-3	1,284088E-3
20220325 14:02:45,797	c2_0_840_20220325_14_02_45,797.bmp	3,233534E+0	8,964780E-1	3,867592E-3	2,557098E-3
20220325 14:02:51,803	c2_0_841_20220325_14_02_51,803.bmp	3,242443E+0	9,206645E-1	2,594737E-3	1,107786E-5
20220325 14:02:57,806	c2_0_842_20220325_14_02_57,806.bmp	3,262806E+0	9,372131E-1	3,867592E-3	2,557098E-3
20220325 14:03:03,807	c2_0_843_20220325_14_03_03,807.bmp	3,288260E+0	9,588537E-1	4,902598E-5	1,107786E-5
20220325 14:03:09,811	c2_0_844_20220325_14_03_09,811.bmp	3,302260E+0	9,779482E-1	2,594737E-3	-1,261932E-3
20220325 14:03:15,815	c2_0_845_20220325_14_03_15,815.bmp	3,318806E+0	1,000862E+0	-1,223829E-3	-1,261932E-3
20220325 14:03:21,816	c2_0_846_20220325_14_03_21,816.bmp	3,323896E+0	1,018683E+0	4,902598E-5	1,284088E-3
20220325 14:03:27,823	c2_0_847_20220325_14_03_27,823.bmp	3,332806E+0	1,039051E+0	-1,223829E-3	-1,261932E-3
20220325 14:03:33,829	c2_0_848_20220325_14_03_33,829.bmp	3,332806E+0	1,063237E+0	4,902598E-5	1,107786E-5
20220325 14:03:39,832	c2_0_849_20220325_14_03_39,832.bmp	3,326442E+0	1,081059E+0	1,321881E-3	-1,261932E-3
20220325 14:03:45,836	c2_0_850_20220325_14_03_45,836.bmp	3,304806E+0	1,095062E+0	4,902598E-5	2,557098E-3
20220325 14:03:51,836	c2_0_851_20220325_14_03_51,836.bmp	3,300988E+0	1,119248E+0	1,321881E-3	1,107786E-5
20220325 14:03:57,838	c2_0_852_20220325_14_03_57,838.bmp	3,303533E+0	1,138343E+0	4,902598E-5	1,107786E-5
20220325 14:04:03,839	c2_0_853_20220325_14_04_03,839.bmp	3,320078E+0	1,158710E+0	-3,769540E-3	1,107786E-5
20220325 14:04:09,842	c2_0_854_20220325_14_04_09,842.bmp	3,327715E+0	1,180351E+0	3,867592E-3	1,107786E-5
20220325 14:04:15,847	c2_0_855_20220325_14_04_15,847.bmp	3,341715E+0	1,199445E+0	-5,042396E-3	1,107786E-5
20220325 14:04:21,848	c2_0_856_20220325_14_04_21,848.bmp	3,339169E+0	1,221086E+0	4,902598E-5	1,107786E-5
20220325 14:04:27,849	c2_0_857_20220325_14_04_27,849.bmp	3,314987E+0	1,237635E+0	2,594737E-3	1,284088E-3
20220325 14:04:33,850	c2_0_858_20220325_14_04_33,850.bmp	3,234806E+0	1,263094E+0	-3,769540E-3	-3,807953E-3
20220325 14:04:39,855	c2_0_859_20220325_14_04_39,855.bmp	3,017171E+0	1,279643E+0	2,594737E-3	3,830109E-3
20220325 14:04:45,859	c2_0_860_20220325_14_04_45,859.bmp	2,922990E+0	1,298737E+0	-1,223829E-3	1,107786E-5
20220325 14:04:51,864	c2_0_861_20220325_14_04_51,864.bmp	2,883536E+0	1,316559E+0	2,594737E-3	2,557098E-3
20220325 14:04:57,865	c2_0_862_20220325_14_04_57,865.bmp	2,766446E+0	1,339472E+0	4,902598E-5	1,284088E-3
20220325 14:05:03,872	c2_0_863_20220325_14_05_03,872.bmp	2,646811E+0	1,362386E+0	-3,769540E-3	-3,807953E-3
20220325 14:05:09,874	c2_0_864_20220325_14_05_09,874.bmp	2,590811E+0	1,385299E+0	4,902598E-5	-3,807953E-3
20220325 14:05:15,875	c2_0_865_20220325_14_05_15,875.bmp	2,583175E+0	1,400575E+0	4,902598E-5	1,107786E-5
20220325 14:05:21,877	c2_0_866_20220325_14_05_21,877.bmp	2,588266E+0	1,419670E+0	-3,769540E-3	-1,261932E-3
20220325 14:05:27,880	c2_0_867_20220325_14_05_27,880.bmp	2,594629E+0	1,440037E+0	-1,223829E-3	1,107786E-5
20220325 14:05:33,883	c2_0_868_20220325_14_05_33,883.bmp	2,593356E+0	1,461678E+0	4,902598E-5	2,557098E-3
20220325 14:05:39,884	c2_0_869_20220325_14_05_39,884.bmp	2,583175E+0	1,483318E+0	4,902598E-5	-1,261932E-3
20220325 14:05:45,889	c2_0_870_20220325_14_05_45,889.bmp	2,558993E+0	1,502413E+0	1,321881E-3	-3,807953E-3
20220325 14:05:51,890	c2_0_871_20220325_14_05_51,890.bmp	2,533539E+0	1,520235E+0	4,902598E-5	1,107786E-5
20220325 14:05:57,891	c2_0_872_20220325_14_05_57,891.bmp	2,501721E+0	1,539329E+0	4,902598E-5	1,107786E-5
20220325 14:06:03,896	c2_0_873_20220325_14_06_03,896.bmp	2,469903E+0	1,560970E+0	4,902598E-5	-1,261932E-3
20220325 14:06:09,900	c2_0_874_20220325_14_06_09,900.bmp	2,434267E+0	1,583883E+0	-1,223829E-3	-3,807953E-3
20220325 14:06:15,901	c2_0_875_20220325_14_06_15,901.bmp	2,396085E+0	1,599159E+0	4,902598E-5	1,107786E-5
20220325 14:06:21,903	c2_0_876_20220325_14_06_21,903.bmp	2,247177E+0	1,623345E+0	4,902598E-5	1,107786E-5
20220325 14:06:27,904	c2_0_877_20220325_14_06_27,904.bmp	2,178450E+0	1,644986E+0	-3,769540E-3	-3,807953E-3
20220325 14:06:33,905	c2_0_878_20220325_14_06_33,905.bmp	2,131360E+0	1,656443E+0	1,321881E-3	1,284088E-3
20220325 14:06:39,909	c2_0_879_20220325_14_06_39,909.bmp	2,079178E+0	1,679356E+0	-1,223829E-3	1,107786E-5
20220325 14:06:45,913	c2_0_880_20220325_14_06_45,913.bmp	1,981179E+0	1,704816E+0	4,902598E-5	-3,807953E-3
20220325 14:06:51,917	c2_0_881_20220325_14_06_51,917.bmp	1,928998E+0	1,722637E+0	-2,496685E-3	-2,534943E-3
20220325 14:06:57,920	c2_0_882_20220325_14_06_57,920.bmp	1,853907E+0	1,744278E+0	-3,769540E-3	-3,807953E-3
20220325 14:07:03,923	c2_0_883_20220325_14_07_03,923.bmp	1,764817E+0	1,760826E+0	-3,769540E-3	-3,807953E-3
20220325 14:07:09,930	c2_0_884_20220325_14_07_09,930.bmp	1,688454E+0	1,778648E+0	-3,769540E-3	1,107786E-5
20220325 14:07:15,935	c2_0_885_20220325_14_07_15,935.bmp	1,666818E+0	1,800289E+0	-1,223829E-3	-1,261932E-3
20220325 14:07:21,936	c2_0_886_20220325_14_07_21,936.bmp	1,671909E+0	1,820656E+0	-3,769540E-3	1,107786E-5
20220325 14:07:27,937	c2_0_887_20220325_14_07_27,937.bmp	1,674454E+0	1,844843E+0	-3,769540E-3	-3,807953E-3
20220325 14:07:33,939	c2_0_888_20220325_14_07_33,939.bmp	1,680818E+0	1,860118E+0	4,902598E-5	1,107786E-5
20220325 14:07:39,942	c2_0_889_20220325_14_07_39,942.bmp	1,687181E+0	1,877940E+0	4,902598E-5	2,557098E-3
20220325 14:07:45,946	c2_0_890_20220325_14_07_45,946.bmp	1,696090E+0	1,904672E+0	4,902598E-5	-3,807953E-3
20220325 14:07:51,949	c2_0_891_20220325_14_07_51,949.bmp	1,699908E+0	1,919948E+0	2,594737E-3	1,107786E-5
20220325 14:07:57,950	c2_0_892_20220325_14_07_57,950.bmp	1,703727E+0	1,937770E+0	-1,223829E-3	2,557098E-3
20220325 14:08:03,954	c2_0_893_20220325_14_08_03,954.bmp	1,703727E+0	1,960683E+0	-1,223829E-3	1,107786E-5
20220325 14:08:09,957	c2_0_894_20220325_14_08_09,957.bmp	1,696090E+0	1,984870E+0	-3,769540E-3	-3,807953E-3
20220325 14:08:15,961	c2_0_895_20220325_14_08_15,961.bmp	1,690999E+0	2,002691E+0	-2,496685E-3	-3,807953E-3
20220325 14:08:21,965	c2_0_896_20220325_14_08_21,965.bmp	1,687181E+0	2,016694E+0	4,902598E-5	2,557098E-3
20220325 14:08:27,968	c2_0_897_20220325_14_08_27,968.bmp	1,688454E+0	2,035788E+0	-1,223829E-3	1,284088E-3
20220325 14:08:33,971	c2_0_898_20220325_14_08_33,971.bmp	1,693545E+0	2,059975E+0	4,902598E-5	1,107786E-5
20220325 14:08:39,974	c2_0_899_20220325_14_08_39,974.bmp	1,690999E+0	2,076524E+0	4,902598E-5	2,557098E-3
20220325 14:08:45,978	c2_0_900_20220325_14_08_45,978.bmp	1,684636E+0	2,099437E+0	4,902598E-5	-1,261932E-3
20220325 14:08:51,980	c2_0_901_20220325_14_08_51,980.bmp	1,678272E+0	2,115986E+0	1,321881E-3	1,284088E-3
20220325 14:08:57,984	c2_0_902_20220325_14_08_57,984.bmp	1,679545E+0	2,140172E+0	4,902598E-5	1,107786E-5
20220325 14:09:03,989	c2_0_903_20220325_14_09_03,989.bmp	1,673181E+0	2,160540E+0	-2,496685E-3	1,107786E-5
20220325 14:09:09,992	c2_0_904_20220325_14_09_09,992.bmp	1,650272E+0	2,184726E+0	-3,769540E-3	-3,807953E-3
20220325 14:09:15,996	c2_0_905_20220325_14_09_15,996.bmp	1,624818E+0	2,196183E+0	2,594737E-3	2,557098E-3
20220325 14:09:21,998	c2_0_906_20220325_14_09_21,998.bmp	1,617182E+0	2,220369E+0	-2,496685E-3	1,107786E-5
20220325 14:09:28,001	c2_0_907_20220325_14_09_28,001.bmp	1,605727E+0	2,243283E+0	-3,769540E-3	1,107786E-5
20220325 14:09:34,004	c2_0_908_20220325_14_09_34,004.bmp	1,570091E+0	2,258559E+0	-3,769540E-3	1,107786E-5
20220325 14:09:40,007	c2_0_909_20220325_14_09_40,007.bmp	1,524273E+0	2,275107E+0	2,594737E-3	1,107786E-5
20220325 14:09:46,010	c2_0_910_20220325_14_09_46,010.bmp	1,482274E+0	2,295475E+0	2,594737E-3	2,557098E-3
20220325 14:09:52,014	c2_0_911_20220325_14_09_52,014.bmp	1,412274E+0	2,320934E+0	-3,769540E-3	1,107786E-5
20220325 14:09:58,015	c2_0_912_20220325_14_09_58,015.bmp	1,372820E+0	2,336210E+0	-1,223829E-3	2,557098E-3
20220325 14:10:04,019	c2_0_913_20220325_14_10_04,019.bmp	1,339729E+0	2,356578E+0	2,594737E-3	1,284088E-3
20220325 14:10:10,021	c2_0_914_20220325_14_10_10,021.bmp	1,309184E+0	2,379491E+0	2,594737E-3	1,107786E-5
20220325 14:10:16,027	c2_0_915_20220325_14_10_16,027.bmp	1,283730E+0	2,403678E+0	-3,769540E-3	-3,807953E-3
20220325 14:10:22,029	c2_0_916_20220325_14_10_22,029.bmp	1,237912E+0	2,418953E+0	2,594737E-3	1,107786E-5
20220325 14:10:28,030	c2_0_917_20220325_14_10_28,030.bmp	1,198458E+0	2,438048E+0	-3,769540E-3	-2,534943E-3
20220325 14:10:34,032	c2_0_918_20220325_14_10_34,032.bmp	1,122095E+0	2,459688E+0	4,902598E-5	1,107786E-5
20220325 14:10:40,037	c2_0_919_20220325_14_10_40,037.bmp	1,106822E+0	2,477510E+0	2,594737E-3	2,557098E-3
20220325 14:10:46,042	c2_0_920_20220325_14_10_46,042.bmp	1,104277E+0	2,499150E+0	-3,769540E-3	1,107786E-5
20220325 14:10:52,047	c2_0_921_20220325_14_10_52,047.bmp	1,104277E+0	2,520791E+0	-3,769540E-3	-3,807953E-3
20220325 14:10:58,048	c2_0_922_20220325_14_10_58,048.bmp	1,100458E+0	2,538613E+0	4,902598E-5	1,107786E-5
20220325 14:11:04,053	c2_0_923_20220325_14_11_04,053.bmp	1,103004E+0	2,558980E+0	4,902598E-5	1,107786E-5
20220325 14:11:10,058	c2_0_924_20220325_14_11_10,058.bmp	1,103004E+0	2,575529E+0	4,902598E-5	1,107786E-5
20220325 14:11:16,062	c2_0_925_20220325_14_11_16,062.bmp	1,111913E+0	2,599715E+0	-3,769540E-3	1,107786E-5
20220325 14:11:22,064	c2_0_926_20220325_14_11_22,064.bmp	1,110640E+0	2,614991E+0	-1,223829E-3	3,830109E-3
20220325 14:11:28,071	c2_0_927_20220325_14_11_28,071.bmp	1,113186E+0	2,639177E+0	4,902598E-5	-1,261932E-3
20220325 14:11:34,074	c2_0_928_20220325_14_11_34,074.bmp	1,115731E+0	2,655726E+0	2,594737E-3	1,107786E-5
20220325 14:11:40,076	c2_0_929_20220325_14_11_40,076.bmp	1,122095E+0	2,683732E+0	4,902598E-5	-3,807953E-3
20220325 14:11:46,078	c2_0_930_20220325_14_11_46,078.bmp	1,120822E+0	2,699007E+0	4,902598E-5	1,107786E-5
20220325 14:11:52,085	c2_0_931_20220325_14_11_52,085.bmp	1,122095E+0	2,719375E+0	4,902598E-5	1,107786E-5
20220325 14:11:58,091	c2_0_932_20220325_14_11_58,091.bmp	1,122095E+0	2,735923E+0	-1,223829E-3	2,557098E-3
20220325 14:12:04,094	c2_0_933_20220325_14_12_04,094.bmp	1,119549E+0	2,758837E+0	2,594737E-3	-1,261932E-3
20220325 14:12:10,100	c2_0_934_20220325_14_12_10,100.bmp	1,122095E+0	2,776659E+0	4,902598E-5	3,830109E-3
20220325 14:12:16,104	c2_0_935_20220325_14_12_16,104.bmp	1,123367E+0	2,803391E+0	-2,496685E-3	-3,807953E-3
20220325 14:12:22,108	c2_0_936_20220325_14_12_22,108.bmp	1,119549E+0	2,814848E+0	4,902598E-5	2,557098E-3
20220325 14:12:28,111	c2_0_937_20220325_14_12_28,111.bmp	1,122095E+0	2,842853E+0	4,902598E-5	-3,807953E-3
20220325 14:12:34,119	c2_0_938_20220325_14_12_34,119.bmp	1,119549E+0	2,859402E+0	4,902598E-5	1,107786E-5
20220325 14:12:40,126	c2_0_939_20220325_14_12_40,126.bmp	1,110640E+0	2,882315E+0	-1,223829E-3	-3,807953E-3
20220325 14:12:46,131	c2_0_940_20220325_14_12_46,131.bmp	1,091549E+0	2,898864E+0	4,902598E-5	1,107786E-5
20220325 14:12:52,136	c2_0_941_20220325_14_12_52,136.bmp	1,069913E+0	2,917958E+0	2,594737E-3	2,557098E-3
20220325 14:12:58,140	c2_0_942_20220325_14_12_58,140.bmp	1,058459E+0	2,938326E+0	-1,223829E-3	1,107786E-5
20220325 14:13:04,141	c2_0_943_20220325_14_13_04,141.bmp	1,048277E+0	2,958694E+0	1,321881E-3	-1,261932E-3
20220325 14:13:10,143	c2_0_944_20220325_14_13_10,143.bmp	1,043186E+0	2,979061E+0	4,902598E-5	1,107786E-5
20220325 14:13:16,145	c2_0_945_20220325_14_13_16,145.bmp	1,024095E+0	2,994337E+0	2,594737E-3	-1,261932E-3
20220325 14:13:22,147	c2_0_946_20220325_14_13_22,147.bmp	1,017732E+0	3,017250E+0	2,594737E-3	2,557098E-3
20220325 14:13:28,151	c2_0_947_20220325_14_13_28,151.bmp	1,008823E+0	3,035072E+0	2,594737E-3	1,284088E-3
20220325 14:13:34,155	c2_0_948_20220325_14_13_34,155.bmp	1,003732E+0	3,055440E+0	2,594737E-3	1,284088E-3
20220325 14:13:40,156	c2_0_949_20220325_14_13_40,156.bmp	9,999137E-1	3,079626E+0	1,321881E-3	1,107786E-5
20220325 14:13:46,161	c2_0_950_20220325_14_13_46,161.bmp	9,948228E-1	3,102540E+0	1,321881E-3	-3,807953E-3
20220325 14:13:52,162	c2_0_951_20220325_14_13_52,162.bmp	9,884592E-1	3,116542E+0	2,594737E-3	2,557098E-3
20220325 14:13:58,163	c2_0_952_20220325_14_13_58,163.bmp	9,897319E-1	3,139456E+0	-3,769540E-3	1,107786E-5
20220325 14:14:04,168	c2_0_953_20220325_14_14_04,168.bmp	9,859138E-1	3,159823E+0	4,902598E-5	-2,534943E-3
20220325 14:14:10,175	c2_0_954_20220325_14_14_10,175.bmp	9,884592E-1	3,181464E+0	-3,769540E-3	-3,807953E-3
20220325 14:14:16,179	c2_0_955_20220325_14_14_16,179.bmp	9,859138E-1	3,200558E+0	2,594737E-3	-1,261932E-3
20220325 14:14:22,182	c2_0_956_20220325_14_14_22,182.bmp	9,910046E-1	3,218380E+0	4,902598E-5	-1,261932E-3
20220325 14:14:28,185	c2_0_957_20220325_14_14_28,185.bmp	9,884592E-1	3,238748E+0	4,902598E-5	1,107786E-5
20220325 14:14:34,189	c2_0_958_20220325_14_14_34,189.bmp	9,960955E-1	3,262934E+0	-5,042396E-3	-3,807953E-3
20220325 14:14:40,194	c2_0_959_20220325_14_14_40,194.bmp	9,948228E-1	3,279483E+0	-1,223829E-3	1,107786E-5
20220325 14:14:46,198	c2_0_960_20220325_14_14_46,198.bmp	9,973682E-1	3,299850E+0	-1,223829E-3	-1,261932E-3
20220325 14:14:52,202	c2_0_961_20220325_14_14_52,202.bmp	9,999137E-1	3,320218E+0	4,902598E-5	3,830109E-3
20220325 14:14:58,206	c2_0_962_20220325_14_14_58,206.bmp	9,999137E-1	3,340585E+0	1,321881E-3	-1,261932E-3
20220325 14:15:04,208	c2_0_963_20220325_14_15_04,208.bmp	1,003732E+0	3,363499E+0	-3,769540E-3	-2,534943E-3
20220325 14:15:10,209	c2_0_964_20220325_14_15_10,209.bmp	1,001186E+0	3,382593E+0	4,902598E-5	-3,807953E-3
20220325 14:15:16,211	c2_0_965_20220325_14_15_16,211.bmp	1,005005E+0	3,402961E+0	-3,769540E-3	-3,807953E-3
20220325 14:15:22,216	c2_0_966_20220325_14_15_22,216.bmp	1,008823E+0	3,423329E+0	-3,769540E-3	-3,807953E-3
20220325 14:15:28,218	c2_0_967_20220325_14_15_28,218.bmp	1,010095E+0	3,442423E+0	-3,769540E-3	-3,807953E-3
20220325 14:15:34,222	c2_0_968_20220325_14_15_34,222.bmp	1,008823E+0	3,456426E+0	5,140448E-3	1,284088E-3
20220325 14:15:40,223	c2_0_969_20220325_14_15_40,223.bmp	1,013914E+0	3,483158E+0	-3,769540E-3	-3,807953E-3
20220325 14:15:46,227	c2_0_970_20220325_14_15_46,227.bmp	1,017732E+0	3,498434E+0	1,321881E-3	1,107786E-5
20220325 14:15:52,229	c2_0_971_20220325_14_15_52,229.bmp	1,020277E+0	3,521347E+0	-3,769540E-3	-3,807953E-3
20220325 14:15:58,234	c2_0_972_20220325_14_15_58,234.bmp	1,020277E+0	3,541715E+0	4,902598E-5	-1,261932E-3
20220325 14:16:04,239	c2_0_973_20220325_14_16_04,239.bmp	1,025368E+0	3,556991E+0	4,902598E-5	2,557098E-3
20220325 14:16:10,244	c2_0_974_20220325_14_16_10,244.bmp	1,029186E+0	3,579904E+0	1,321881E-3	-3,807953E-3
20220325 14:16:16,249	c2_0_975_20220325_14_16_16,249.bmp	1,030459E+0	3,598999E+0	3,867592E-3	-1,261932E-3
