20220325 13:58:09,663	c2_1_794_20220325_13_58_09,663.bmp	-1,715315E-3	2,851233E-3	1,321881E-3	1,284088E-3
20220325 13:58:15,675	c2_1_795_20220325_13_58_15,675.bmp	-4,260751E-3	1,578260E-3	2,594737E-3	2,557098E-3
20220325 13:58:21,686	c2_1_796_20220325_13_58_21,686.bmp	1,459200E-1	2,449177E-2	-3,769540E-3	-2,534943E-3
20220325 13:58:27,695	c2_1_797_20220325_13_58_27,695.bmp	3,419185E-1	3,976744E-2	-3,769540E-3	-3,807953E-3
20220325 13:58:33,701	c2_1_798_20220325_13_58_33,701.bmp	5,570078E-1	5,631608E-2	2,594737E-3	3,830109E-3
20220325 13:58:39,705	c2_1_799_20220325_13_58_39,705.bmp	7,822789E-1	7,795662E-2	1,321881E-3	3,830109E-3
20220325 13:58:45,717	c2_1_800_20220325_13_58_45,717.bmp	1,006277E+0	9,959715E-2	3,867592E-3	1,107786E-5
20220325 13:58:51,718	c2_1_801_20220325_13_58_51,718.bmp	1,232821E+0	1,212377E-1	-1,223829E-3	-1,261932E-3
20220325 13:58:57,721	c2_1_802_20220325_13_58_57,721.bmp	1,456819E+0	1,403323E-1	1,321881E-3	1,107786E-5
20220325 13:59:03,726	c2_1_803_20220325_13_59_03,726.bmp	1,682090E+0	1,632458E-1	-3,769540E-3	-3,807953E-3
20220325 13:59:09,731	c2_1_804_20220325_13_59_09,731.bmp	1,899725E+0	1,797944E-1	4,902598E-5	1,107786E-5
20220325 13:59:15,745	c2_1_805_20220325_13_59_15,745.bmp	2,122451E+0	2,027079E-1	-6,315251E-3	-3,807953E-3
20220325 13:59:21,753	c2_1_806_20220325_13_59_21,753.bmp	2,333722E+0	2,192566E-1	-1,223829E-3	1,107786E-5
20220325 13:59:27,754	c2_1_807_20220325_13_59_27,754.bmp	2,552629E+0	2,396241E-1	4,902598E-5	1,107786E-5
20220325 13:59:33,756	c2_1_808_20220325_13_59_33,756.bmp	2,767719E+0	2,599917E-1	-3,769540E-3	1,107786E-5
20220325 13:59:39,760	c2_1_809_20220325_13_59_39,760.bmp	2,975172E+0	2,829052E-1	-1,223829E-3	-3,807953E-3
20220325 13:59:45,765	c2_1_810_20220325_13_59_45,765.bmp	3,177534E+0	2,956349E-1	3,867592E-3	2,557098E-3
20220325 13:59:51,766	c2_1_811_20220325_13_59_51,766.bmp	3,376078E+0	3,172755E-1	3,867592E-3	1,284088E-3
20220325 13:59:57,771	c2_1_812_20220325_13_59_57,771.bmp	3,570804E+0	3,440079E-1	4,902598E-5	-3,807953E-3
20220325 14:00:03,779	c2_1_813_20220325_14_00_03,779.bmp	3,759166E+0	3,643755E-1	-5,042396E-3	-3,807953E-3
20220325 14:00:09,780	c2_1_814_20220325_14_00_09,780.bmp	3,925892E+0	3,771052E-1	2,594737E-3	2,557098E-3
20220325 14:00:15,783	c2_1_815_20220325_14_00_15,783.bmp	4,078618E+0	4,000187E-1	4,902598E-5	1,107786E-5
20220325 14:00:21,784	c2_1_816_20220325_14_00_21,784.bmp	4,199526E+0	4,178403E-1	4,902598E-5	1,284088E-3
20220325 14:00:27,786	c2_1_817_20220325_14_00_27,786.bmp	4,275889E+0	4,382079E-1	4,902598E-5	1,284088E-3
20220325 14:00:33,787	c2_1_818_20220325_14_00_33,787.bmp	4,278435E+0	4,611214E-1	4,902598E-5	-1,261932E-3
20220325 14:00:39,794	c2_1_819_20220325_14_00_39,794.bmp	4,288617E+0	4,814889E-1	-1,223829E-3	1,284088E-3
20220325 14:00:45,795	c2_1_820_20220325_14_00_45,795.bmp	4,260617E+0	5,031295E-1	-2,496685E-3	-3,807953E-3
20220325 14:00:51,799	c2_1_821_20220325_14_00_51,799.bmp	4,258071E+0	5,222241E-1	-3,769540E-3	-3,807953E-3
20220325 14:00:57,802	c2_1_822_20220325_14_00_57,802.bmp	4,300071E+0	5,425916E-1	-3,769540E-3	-3,807953E-3
20220325 14:01:03,803	c2_1_823_20220325_14_01_03,803.bmp	4,308980E+0	5,629592E-1	-3,769540E-3	-3,807953E-3
20220325 14:01:09,807	c2_1_824_20220325_14_01_09,807.bmp	4,308980E+0	5,756889E-1	4,902598E-5	2,557098E-3
20220325 14:01:15,809	c2_1_825_20220325_14_01_15,809.bmp	4,303889E+0	5,986024E-1	1,321881E-3	1,107786E-5
20220325 14:01:21,812	c2_1_826_20220325_14_01_21,812.bmp	4,258071E+0	6,227889E-1	-3,769540E-3	-3,807953E-3
20220325 14:01:27,813	c2_1_827_20220325_14_01_27,813.bmp	4,196981E+0	6,367916E-1	2,594737E-3	2,557098E-3
20220325 14:01:33,818	c2_1_828_20220325_14_01_33,818.bmp	4,119345E+0	6,571591E-1	1,321881E-3	2,557098E-3
20220325 14:01:39,826	c2_1_829_20220325_14_01_39,826.bmp	4,056982E+0	6,775267E-1	1,321881E-3	2,557098E-3
20220325 14:01:45,828	c2_1_830_20220325_14_01_45,828.bmp	3,976801E+0	7,004402E-1	4,902598E-5	1,107786E-5
20220325 14:01:51,832	c2_1_831_20220325_14_01_51,832.bmp	3,787166E+0	7,208078E-1	4,902598E-5	1,107786E-5
20220325 14:01:57,836	c2_1_832_20220325_14_01_57,836.bmp	3,608985E+0	7,437213E-1	-2,496685E-3	1,107786E-5
20220325 14:02:03,847	c2_1_833_20220325_14_02_03,847.bmp	3,465168E+0	7,640888E-1	-1,223829E-3	-3,807953E-3
20220325 14:02:09,849	c2_1_834_20220325_14_02_09,849.bmp	3,418078E+0	7,819105E-1	-3,769540E-3	-3,807953E-3
20220325 14:02:15,857	c2_1_835_20220325_14_02_15,857.bmp	3,377351E+0	8,035510E-1	-2,496685E-3	-3,807953E-3
20220325 14:02:21,861	c2_1_836_20220325_14_02_21,861.bmp	3,302260E+0	8,226456E-1	4,902598E-5	-3,807953E-3
20220325 14:02:27,865	c2_1_837_20220325_14_02_27,865.bmp	3,251352E+0	8,442861E-1	4,902598E-5	-3,807953E-3
20220325 14:02:33,880	c2_1_838_20220325_14_02_33,880.bmp	3,228443E+0	8,608348E-1	-1,223829E-3	-1,261932E-3
20220325 14:02:39,888	c2_1_839_20220325_14_02_39,888.bmp	3,223352E+0	8,799294E-1	-2,496685E-3	1,107786E-5
20220325 14:02:45,893	c2_1_840_20220325_14_02_45,893.bmp	3,237352E+0	8,990239E-1	4,902598E-5	1,107786E-5
20220325 14:02:51,896	c2_1_841_20220325_14_02_51,896.bmp	3,244988E+0	9,206645E-1	1,321881E-3	1,107786E-5
20220325 14:02:57,899	c2_1_842_20220325_14_02_57,899.bmp	3,265351E+0	9,397591E-1	-1,223829E-3	-1,261932E-3
20220325 14:03:03,903	c2_1_843_20220325_14_03_03,903.bmp	3,290806E+0	9,613996E-1	-3,769540E-3	-2,534943E-3
20220325 14:03:09,904	c2_1_844_20220325_14_03_09,904.bmp	3,307351E+0	9,792212E-1	-1,223829E-3	1,284088E-3
20220325 14:03:15,911	c2_1_845_20220325_14_03_15,911.bmp	3,320078E+0	1,003408E+0	4,902598E-5	-3,807953E-3
20220325 14:03:21,915	c2_1_846_20220325_14_03_21,915.bmp	3,326442E+0	1,021229E+0	-3,769540E-3	1,284088E-3
20220325 14:03:27,919	c2_1_847_20220325_14_03_27,919.bmp	3,331533E+0	1,040324E+0	4,902598E-5	-2,534943E-3
20220325 14:03:33,921	c2_1_848_20220325_14_03_33,921.bmp	3,330260E+0	1,059418E+0	4,902598E-5	1,107786E-5
20220325 14:03:39,924	c2_1_849_20220325_14_03_39,924.bmp	3,332806E+0	1,078513E+0	4,902598E-5	-1,261932E-3
20220325 14:03:45,933	c2_1_850_20220325_14_03_45,933.bmp	3,304806E+0	1,100154E+0	4,902598E-5	1,107786E-5
20220325 14:03:51,934	c2_1_851_20220325_14_03_51,934.bmp	3,299715E+0	1,124340E+0	-1,223829E-3	-3,807953E-3
20220325 14:03:57,939	c2_1_852_20220325_14_03_57,939.bmp	3,306078E+0	1,140889E+0	4,902598E-5	1,107786E-5
20220325 14:04:03,942	c2_1_853_20220325_14_04_03,942.bmp	3,316260E+0	1,161256E+0	-1,223829E-3	1,107786E-5
20220325 14:04:09,945	c2_1_854_20220325_14_04_09,945.bmp	3,328987E+0	1,176532E+0	1,321881E-3	1,284088E-3
20220325 14:04:15,950	c2_1_855_20220325_14_04_15,950.bmp	3,339169E+0	1,199445E+0	4,902598E-5	-3,807953E-3
20220325 14:04:21,959	c2_1_856_20220325_14_04_21,959.bmp	3,342987E+0	1,222359E+0	-2,496685E-3	-3,807953E-3
20220325 14:04:27,968	c2_1_857_20220325_14_04_27,968.bmp	3,317533E+0	1,240181E+0	4,902598E-5	3,830109E-3
20220325 14:04:33,973	c2_1_858_20220325_14_04_33,973.bmp	3,228443E+0	1,263094E+0	4,902598E-5	-2,534943E-3
20220325 14:04:39,973	c2_1_859_20220325_14_04_39,973.bmp	3,014626E+0	1,275824E+0	4,902598E-5	3,830109E-3
20220325 14:04:45,978	c2_1_860_20220325_14_04_45,978.bmp	2,921718E+0	1,303829E+0	4,902598E-5	-3,807953E-3
20220325 14:04:51,979	c2_1_861_20220325_14_04_51,979.bmp	2,884809E+0	1,320378E+0	4,902598E-5	-1,261932E-3
20220325 14:04:57,986	c2_1_862_20220325_14_04_57,986.bmp	2,765173E+0	1,343291E+0	-3,769540E-3	-3,807953E-3
20220325 14:05:03,994	c2_1_863_20220325_14_05_03,994.bmp	2,639174E+0	1,359840E+0	1,321881E-3	-1,261932E-3
20220325 14:05:09,996	c2_1_864_20220325_14_05_09,996.bmp	2,585720E+0	1,380208E+0	2,594737E-3	-1,261932E-3
20220325 14:05:16,001	c2_1_865_20220325_14_05_16,001.bmp	2,586993E+0	1,403121E+0	-3,769540E-3	-3,807953E-3
20220325 14:05:22,006	c2_1_866_20220325_14_05_22,006.bmp	2,588266E+0	1,422216E+0	-3,769540E-3	-3,807953E-3
20220325 14:05:28,013	c2_1_867_20220325_14_05_28,013.bmp	2,589538E+0	1,438764E+0	3,867592E-3	1,284088E-3
20220325 14:05:34,021	c2_1_868_20220325_14_05_34,021.bmp	2,589538E+0	1,461678E+0	1,321881E-3	2,557098E-3
20220325 14:05:40,023	c2_1_869_20220325_14_05_40,023.bmp	2,585720E+0	1,482045E+0	-3,769540E-3	-3,807953E-3
20220325 14:05:46,026	c2_1_870_20220325_14_05_46,026.bmp	2,560266E+0	1,497321E+0	-1,223829E-3	3,830109E-3
20220325 14:05:52,030	c2_1_871_20220325_14_05_52,030.bmp	2,537357E+0	1,522781E+0	-2,496685E-3	-3,807953E-3
20220325 14:05:58,034	c2_1_872_20220325_14_05_58,034.bmp	2,499175E+0	1,540602E+0	1,321881E-3	-1,261932E-3
20220325 14:06:04,035	c2_1_873_20220325_14_06_04,035.bmp	2,464812E+0	1,557151E+0	4,902598E-5	1,284088E-3
20220325 14:06:10,040	c2_1_874_20220325_14_06_10,040.bmp	2,434267E+0	1,577518E+0	-2,496685E-3	2,557098E-3
20220325 14:06:16,047	c2_1_875_20220325_14_06_16,047.bmp	2,396085E+0	1,601705E+0	1,321881E-3	-1,261932E-3
20220325 14:06:22,052	c2_1_876_20220325_14_06_22,052.bmp	2,242086E+0	1,616980E+0	2,594737E-3	2,557098E-3
20220325 14:06:28,057	c2_1_877_20220325_14_06_28,057.bmp	2,179723E+0	1,642440E+0	-3,769540E-3	-3,807953E-3
20220325 14:06:34,062	c2_1_878_20220325_14_06_34,062.bmp	2,137723E+0	1,660262E+0	4,902598E-5	1,107786E-5
20220325 14:06:40,070	c2_1_879_20220325_14_06_40,070.bmp	2,076633E+0	1,678083E+0	4,902598E-5	1,284088E-3
20220325 14:06:46,079	c2_1_880_20220325_14_06_46,079.bmp	1,979906E+0	1,699724E+0	1,321881E-3	1,107786E-5
20220325 14:06:52,084	c2_1_881_20220325_14_06_52,084.bmp	1,926452E+0	1,723910E+0	-3,769540E-3	-3,807953E-3
20220325 14:06:58,087	c2_1_882_20220325_14_06_58,087.bmp	1,847544E+0	1,736640E+0	4,902598E-5	2,557098E-3
20220325 14:07:04,091	c2_1_883_20220325_14_07_04,091.bmp	1,755908E+0	1,757007E+0	3,867592E-3	3,830109E-3
20220325 14:07:10,099	c2_1_884_20220325_14_07_10,099.bmp	1,689727E+0	1,785013E+0	-3,769540E-3	-3,807953E-3
20220325 14:07:16,100	c2_1_885_20220325_14_07_16,100.bmp	1,669363E+0	1,797743E+0	3,867592E-3	2,557098E-3
20220325 14:07:22,105	c2_1_886_20220325_14_07_22,105.bmp	1,665545E+0	1,820656E+0	2,594737E-3	1,107786E-5
20220325 14:07:28,108	c2_1_887_20220325_14_07_28,108.bmp	1,674454E+0	1,839751E+0	1,321881E-3	1,107786E-5
20220325 14:07:34,113	c2_1_888_20220325_14_07_34,113.bmp	1,682090E+0	1,856299E+0	-1,223829E-3	2,557098E-3
20220325 14:07:40,114	c2_1_889_20220325_14_07_40,114.bmp	1,692272E+0	1,883032E+0	-5,042396E-3	-2,534943E-3
20220325 14:07:46,118	c2_1_890_20220325_14_07_46,118.bmp	1,696090E+0	1,899580E+0	4,902598E-5	-1,261932E-3
20220325 14:07:52,126	c2_1_891_20220325_14_07_52,126.bmp	1,702454E+0	1,914856E+0	2,594737E-3	2,557098E-3
20220325 14:07:58,128	c2_1_892_20220325_14_07_58,128.bmp	1,707545E+0	1,940316E+0	-3,769540E-3	1,107786E-5
20220325 14:08:04,134	c2_1_893_20220325_14_08_04,134.bmp	1,706272E+0	1,958137E+0	-3,769540E-3	-1,261932E-3
20220325 14:08:10,139	c2_1_894_20220325_14_08_10,139.bmp	1,696090E+0	1,984870E+0	-3,769540E-3	-3,807953E-3
20220325 14:08:16,140	c2_1_895_20220325_14_08_16,140.bmp	1,687181E+0	2,001418E+0	-1,223829E-3	1,107786E-5
20220325 14:08:22,141	c2_1_896_20220325_14_08_22,141.bmp	1,689727E+0	2,019240E+0	-3,769540E-3	1,107786E-5
20220325 14:08:28,145	c2_1_897_20220325_14_08_28,145.bmp	1,689727E+0	2,040880E+0	-3,769540E-3	1,107786E-5
20220325 14:08:34,152	c2_1_898_20220325_14_08_34,152.bmp	1,690999E+0	2,061248E+0	4,902598E-5	-3,807953E-3
20220325 14:08:40,158	c2_1_899_20220325_14_08_40,158.bmp	1,690999E+0	2,076524E+0	4,902598E-5	2,557098E-3
20220325 14:08:46,163	c2_1_900_20220325_14_08_46,163.bmp	1,689727E+0	2,100710E+0	-3,769540E-3	1,107786E-5
20220325 14:08:52,165	c2_1_901_20220325_14_08_52,165.bmp	1,677000E+0	2,118532E+0	2,594737E-3	2,557098E-3
20220325 14:08:58,167	c2_1_902_20220325_14_08_58,167.bmp	1,675727E+0	2,141445E+0	2,594737E-3	1,107786E-5
20220325 14:09:04,170	c2_1_903_20220325_14_09_04,170.bmp	1,671909E+0	2,163086E+0	-2,496685E-3	-3,807953E-3
20220325 14:09:10,174	c2_1_904_20220325_14_09_10,174.bmp	1,649000E+0	2,179634E+0	-3,769540E-3	1,284088E-3
20220325 14:09:16,181	c2_1_905_20220325_14_09_16,181.bmp	1,622273E+0	2,201275E+0	-1,223829E-3	1,107786E-5
20220325 14:09:22,188	c2_1_906_20220325_14_09_22,188.bmp	1,609546E+0	2,216551E+0	2,594737E-3	1,284088E-3
20220325 14:09:28,192	c2_1_907_20220325_14_09_28,192.bmp	1,599364E+0	2,235645E+0	2,594737E-3	2,557098E-3
20220325 14:09:34,197	c2_1_908_20220325_14_09_34,197.bmp	1,563728E+0	2,256013E+0	4,902598E-5	1,107786E-5
20220325 14:09:40,198	c2_1_909_20220325_14_09_40,198.bmp	1,525546E+0	2,276380E+0	-1,223829E-3	2,557098E-3
20220325 14:09:46,207	c2_1_910_20220325_14_09_46,207.bmp	1,479728E+0	2,295475E+0	1,321881E-3	1,284088E-3
20220325 14:09:52,213	c2_1_911_20220325_14_09_52,213.bmp	1,409729E+0	2,323480E+0	-3,769540E-3	-3,807953E-3
20220325 14:09:58,218	c2_1_912_20220325_14_09_58,218.bmp	1,375365E+0	2,342575E+0	-1,223829E-3	-3,807953E-3
20220325 14:10:04,223	c2_1_913_20220325_14_10_04,223.bmp	1,347366E+0	2,357851E+0	1,321881E-3	2,557098E-3
20220325 14:10:10,226	c2_1_914_20220325_14_10_10,226.bmp	1,310457E+0	2,379491E+0	4,902598E-5	1,107786E-5
20220325 14:10:16,228	c2_1_915_20220325_14_10_16,228.bmp	1,278639E+0	2,399859E+0	4,902598E-5	1,107786E-5
20220325 14:10:22,230	c2_1_916_20220325_14_10_22,230.bmp	1,244275E+0	2,420226E+0	-2,496685E-3	1,107786E-5
20220325 14:10:28,237	c2_1_917_20220325_14_10_28,237.bmp	1,190821E+0	2,434229E+0	3,867592E-3	2,557098E-3
20220325 14:10:34,241	c2_1_918_20220325_14_10_34,241.bmp	1,125913E+0	2,464780E+0	-3,769540E-3	-3,807953E-3
20220325 14:10:40,245	c2_1_919_20220325_14_10_40,245.bmp	1,110640E+0	2,481329E+0	-3,769540E-3	-5,080963E-3
20220325 14:10:46,248	c2_1_920_20220325_14_10_46,248.bmp	1,105549E+0	2,499150E+0	4,902598E-5	-1,261932E-3
20220325 14:10:52,250	c2_1_921_20220325_14_10_52,250.bmp	1,096640E+0	2,515699E+0	2,594737E-3	3,830109E-3
20220325 14:10:58,253	c2_1_922_20220325_14_10_58,253.bmp	1,101731E+0	2,539886E+0	-1,223829E-3	1,107786E-5
20220325 14:11:04,261	c2_1_923_20220325_14_11_04,261.bmp	1,100458E+0	2,555161E+0	4,902598E-5	1,284088E-3
20220325 14:11:10,270	c2_1_924_20220325_14_11_10,270.bmp	1,099186E+0	2,575529E+0	2,594737E-3	1,284088E-3
20220325 14:11:16,273	c2_1_925_20220325_14_11_16,273.bmp	1,109367E+0	2,599715E+0	4,902598E-5	1,107786E-5
20220325 14:11:22,277	c2_1_926_20220325_14_11_22,277.bmp	1,111913E+0	2,620083E+0	4,902598E-5	1,107786E-5
20220325 14:11:28,281	c2_1_927_20220325_14_11_28,281.bmp	1,113186E+0	2,640450E+0	1,321881E-3	-1,261932E-3
20220325 14:11:34,283	c2_1_928_20220325_14_11_34,283.bmp	1,114458E+0	2,658272E+0	2,594737E-3	-1,261932E-3
20220325 14:11:40,285	c2_1_929_20220325_14_11_40,285.bmp	1,120822E+0	2,681186E+0	4,902598E-5	1,107786E-5
20220325 14:11:46,291	c2_1_930_20220325_14_11_46,291.bmp	1,118276E+0	2,697734E+0	3,867592E-3	2,557098E-3
20220325 14:11:52,297	c2_1_931_20220325_14_11_52,297.bmp	1,119549E+0	2,720648E+0	2,594737E-3	1,107786E-5
20220325 14:11:58,300	c2_1_932_20220325_14_11_58,300.bmp	1,122095E+0	2,738469E+0	4,902598E-5	2,557098E-3
20220325 14:12:04,302	c2_1_933_20220325_14_12_04,302.bmp	1,117004E+0	2,757564E+0	1,321881E-3	2,557098E-3
20220325 14:12:10,303	c2_1_934_20220325_14_12_10,303.bmp	1,115731E+0	2,780477E+0	4,902598E-5	1,107786E-5
20220325 14:12:16,308	c2_1_935_20220325_14_12_16,308.bmp	1,123367E+0	2,803391E+0	-3,769540E-3	-3,807953E-3
20220325 14:12:22,320	c2_1_936_20220325_14_12_22,320.bmp	1,119549E+0	2,823759E+0	4,902598E-5	1,107786E-5
20220325 14:12:28,329	c2_1_937_20220325_14_12_28,329.bmp	1,124640E+0	2,842853E+0	-3,769540E-3	-2,534943E-3
20220325 14:12:34,334	c2_1_938_20220325_14_12_34,334.bmp	1,115731E+0	2,860675E+0	1,321881E-3	1,107786E-5
20220325 14:12:40,336	c2_1_939_20220325_14_12_40,336.bmp	1,108095E+0	2,877223E+0	-1,223829E-3	1,284088E-3
20220325 14:12:46,339	c2_1_940_20220325_14_12_46,339.bmp	1,090277E+0	2,898864E+0	4,902598E-5	-3,807953E-3
20220325 14:12:52,346	c2_1_941_20220325_14_12_52,346.bmp	1,076277E+0	2,920504E+0	-3,769540E-3	-1,261932E-3
20220325 14:12:58,348	c2_1_942_20220325_14_12_58,348.bmp	1,061004E+0	2,939599E+0	-2,496685E-3	1,107786E-5
20220325 14:13:04,353	c2_1_943_20220325_14_13_04,353.bmp	1,049550E+0	2,961240E+0	1,321881E-3	1,107786E-5
20220325 14:13:10,358	c2_1_944_20220325_14_13_10,358.bmp	1,041913E+0	2,979061E+0	-3,769540E-3	1,107786E-5
20220325 14:13:16,361	c2_1_945_20220325_14_13_16,361.bmp	1,031732E+0	3,004521E+0	-2,496685E-3	-3,807953E-3
20220325 14:13:22,362	c2_1_946_20220325_14_13_22,362.bmp	1,017732E+0	3,017250E+0	1,321881E-3	1,284088E-3
20220325 14:13:28,363	c2_1_947_20220325_14_13_28,363.bmp	1,016459E+0	3,038891E+0	-3,769540E-3	-2,534943E-3
20220325 14:13:34,364	c2_1_948_20220325_14_13_34,364.bmp	1,003732E+0	3,059258E+0	1,321881E-3	1,107786E-5
20220325 14:13:40,376	c2_1_949_20220325_14_13_40,376.bmp	1,002459E+0	3,080899E+0	-3,769540E-3	1,107786E-5
20220325 14:13:46,383	c2_1_950_20220325_14_13_46,383.bmp	9,986409E-1	3,102540E+0	-3,769540E-3	-3,807953E-3
20220325 14:13:52,392	c2_1_951_20220325_14_13_52,392.bmp	9,935501E-1	3,122907E+0	-3,769540E-3	-3,807953E-3
20220325 14:13:58,396	c2_1_952_20220325_14_13_58,396.bmp	9,897319E-1	3,143275E+0	4,902598E-5	-3,807953E-3
20220325 14:14:04,402	c2_1_953_20220325_14_14_04,402.bmp	9,871865E-1	3,159823E+0	4,902598E-5	-1,261932E-3
20220325 14:14:10,408	c2_1_954_20220325_14_14_10,408.bmp	9,884592E-1	3,180191E+0	4,902598E-5	1,107786E-5
20220325 14:14:16,409	c2_1_955_20220325_14_14_16,409.bmp	9,846410E-1	3,201831E+0	2,594737E-3	2,557098E-3
20220325 14:14:22,414	c2_1_956_20220325_14_14_22,414.bmp	9,897319E-1	3,217107E+0	1,321881E-3	2,557098E-3
20220325 14:14:28,418	c2_1_957_20220325_14_14_28,418.bmp	9,871865E-1	3,236202E+0	1,321881E-3	2,557098E-3
20220325 14:14:34,420	c2_1_958_20220325_14_14_34,420.bmp	9,884592E-1	3,261661E+0	4,902598E-5	2,557098E-3
20220325 14:14:40,431	c2_1_959_20220325_14_14_40,431.bmp	9,948228E-1	3,275664E+0	4,902598E-5	2,557098E-3
20220325 14:14:46,436	c2_1_960_20220325_14_14_46,436.bmp	9,960955E-1	3,299850E+0	4,902598E-5	-3,807953E-3
20220325 14:14:52,443	c2_1_961_20220325_14_14_52,443.bmp	1,001186E+0	3,321491E+0	-3,769540E-3	-3,807953E-3
20220325 14:14:58,447	c2_1_962_20220325_14_14_58,447.bmp	9,986409E-1	3,336766E+0	2,594737E-3	2,557098E-3
20220325 14:15:04,452	c2_1_963_20220325_14_15_04,452.bmp	9,986409E-1	3,359680E+0	2,594737E-3	-1,261932E-3
20220325 14:15:10,460	c2_1_964_20220325_14_15_10,460.bmp	1,005005E+0	3,381321E+0	-3,769540E-3	1,107786E-5
20220325 14:15:16,470	c2_1_965_20220325_14_15_16,470.bmp	1,005005E+0	3,399142E+0	-3,769540E-3	-2,534943E-3
20220325 14:15:22,472	c2_1_966_20220325_14_15_22,472.bmp	1,001186E+0	3,415691E+0	5,140448E-3	2,557098E-3
20220325 14:15:28,474	c2_1_967_20220325_14_15_28,474.bmp	1,007550E+0	3,442423E+0	4,902598E-5	-3,807953E-3
20220325 14:15:34,476	c2_1_968_20220325_14_15_34,476.bmp	1,013914E+0	3,458972E+0	1,321881E-3	1,107786E-5
20220325 14:15:40,480	c2_1_969_20220325_14_15_40,480.bmp	1,011368E+0	3,479339E+0	4,902598E-5	1,107786E-5
20220325 14:15:46,487	c2_1_970_20220325_14_15_46,487.bmp	1,012641E+0	3,497161E+0	3,867592E-3	2,557098E-3
20220325 14:15:52,493	c2_1_971_20220325_14_15_52,493.bmp	1,021550E+0	3,518802E+0	4,902598E-5	-1,261932E-3
20220325 14:15:58,494	c2_1_972_20220325_14_15_58,494.bmp	1,017732E+0	3,537896E+0	1,321881E-3	2,557098E-3
20220325 14:16:04,497	c2_1_973_20220325_14_16_04,497.bmp	1,029186E+0	3,562083E+0	-3,769540E-3	-3,807953E-3
20220325 14:16:10,501	c2_1_974_20220325_14_16_10,501.bmp	1,033004E+0	3,579904E+0	-3,769540E-3	1,107786E-5
20220325 14:16:16,504	c2_1_975_20220325_14_16_16,504.bmp	1,030459E+0	3,600272E+0	3,867592E-3	-1,261932E-3
