20220917 10:55:27,855	c_1_2971_20220917_10_55_27,855.bmp	5,079053E-2	1,167002E-2	7,518835E-3	1,349272E-2	-6,786918E-3	-8,011703E-3	1,395599E+0	1,388463E+0
20220917 10:55:33,858	c_1_2972_20220917_10_55_33,858.bmp	1,029591E-1	3,586004E-2	6,245971E-3	1,094073E-2	-6,786918E-3	-3,624835E-4	1,387954E+0	1,388463E+0
20220917 10:55:39,859	c_1_2973_20220917_10_55_39,859.bmp	1,576724E-1	5,495743E-2	8,791700E-3	9,664739E-3	8,454256E-4	4,736996E-3	1,387954E+0	1,385905E+0
20220917 10:55:45,860	c_1_2974_20220917_10_55_45,860.bmp	2,149306E-1	7,150849E-2	1,006456E-2	1,349272E-2	-6,786918E-3	-8,011703E-3	1,398148E+0	1,396136E+0
20220917 10:55:51,861	c_1_2975_20220917_10_55_51,861.bmp	2,836404E-1	9,442535E-2	6,245971E-3	1,349272E-2	-1,187515E-2	-1,056144E-2	1,393051E+0	1,393578E+0
20220917 10:55:57,865	c_1_2976_20220917_10_55_57,865.bmp	3,548950E-1	1,173422E-1	3,700242E-3	1,094073E-2	-1,698689E-3	-8,011703E-3	1,387954E+0	1,388463E+0
20220917 10:56:03,869	c_1_2977_20220917_10_56_03,869.bmp	4,172427E-1	1,326201E-1	6,245971E-3	1,476871E-2	-1,696338E-2	-1,311118E-2	1,395599E+0	1,388463E+0
20220917 10:56:09,870	c_1_2978_20220917_10_56_09,870.bmp	4,795905E-1	1,542638E-1	8,791700E-3	1,349272E-2	-1,441926E-2	-3,605884E-2	1,398148E+0	1,396136E+0
20220917 10:56:15,871	c_1_2979_20220917_10_56_15,871.bmp	5,508451E-1	1,720880E-1	7,518835E-3	1,349272E-2	-6,786918E-3	-1,566092E-2	1,395599E+0	1,396136E+0
20220917 10:56:21,875	c_1_2980_20220917_10_56_21,875.bmp	6,131929E-1	1,924586E-1	8,791700E-3	1,349272E-2	-1,441926E-2	2,187256E-3	1,395599E+0	1,388463E+0
20220917 10:56:27,878	c_1_2981_20220917_10_56_27,878.bmp	6,819027E-1	2,153755E-1	7,518835E-3	1,094073E-2	-1,698689E-3	-1,056144E-2	1,387954E+0	1,396136E+0
20220917 10:56:33,879	c_1_2982_20220917_10_56_33,879.bmp	7,467952E-1	2,357460E-1	7,518835E-3	9,664739E-3	-9,331032E-3	-5,461963E-3	1,390502E+0	1,388463E+0
20220917 10:56:39,885	c_1_2983_20220917_10_56_39,885.bmp	8,104154E-1	2,561165E-1	6,245971E-3	1,094073E-2	-2,205160E-2	-5,461963E-3	1,387954E+0	1,388463E+0
20220917 10:56:45,888	c_1_2984_20220917_10_56_45,888.bmp	8,676736E-1	2,777602E-1	3,700242E-3	1,094073E-2	3,389540E-3	-5,461963E-3	1,385405E+0	1,388463E+0
20220917 10:56:51,890	c_1_2985_20220917_10_56_51,890.bmp	9,172973E-1	2,955845E-1	6,245971E-3	8,388745E-3	-6,786918E-3	4,736996E-3	1,387954E+0	1,383347E+0
20220917 10:56:57,893	c_1_2986_20220917_10_56_57,893.bmp	9,631038E-1	3,172282E-1	4,973106E-3	8,388745E-3	8,454256E-4	1,748570E-2	1,382857E+0	1,383347E+0
20220917 10:57:03,896	c_1_2987_20220917_10_57_03,896.bmp	9,974587E-1	3,350524E-1	1,006456E-2	1,094073E-2	-6,786918E-3	-8,011703E-3	1,390502E+0	1,385905E+0
20220917 10:57:09,900	c_1_2988_20220917_10_57_09,900.bmp	1,035631E+0	3,579693E-1	2,427377E-3	8,388745E-3	8,454256E-4	-5,461963E-3	1,385405E+0	1,383347E+0
20220917 10:57:15,903	c_1_2989_20220917_10_57_15,903.bmp	1,066169E+0	3,719740E-1	1,133743E-2	1,349272E-2	-6,786918E-3	-1,821066E-2	1,398148E+0	1,396136E+0
20220917 10:57:21,906	c_1_2990_20220917_10_57_21,906.bmp	1,097979E+0	3,936177E-1	6,245971E-3	1,349272E-2	-1,696338E-2	-1,821066E-2	1,395599E+0	1,388463E+0
20220917 10:57:27,906	c_1_2991_20220917_10_57_27,906.bmp	1,117065E+0	4,127151E-1	8,791700E-3	1,349272E-2	-1,441926E-2	-1,566092E-2	1,395599E+0	1,396136E+0
20220917 10:57:33,909	c_1_2992_20220917_10_57_33,909.bmp	1,131061E+0	4,394514E-1	7,518835E-3	8,388745E-3	-1,698689E-3	-3,624835E-4	1,385405E+0	1,383347E+0
20220917 10:57:39,912	c_1_2993_20220917_10_57_39,912.bmp	1,136151E+0	4,534562E-1	8,791700E-3	1,094073E-2	-2,459572E-2	-8,011703E-3	1,398148E+0	1,388463E+0
20220917 10:57:45,916	c_1_2994_20220917_10_57_45,916.bmp	1,141240E+0	4,750999E-1	6,245971E-3	1,094073E-2	-1,698689E-3	-5,461963E-3	1,390502E+0	1,388463E+0
20220917 10:57:51,919	c_1_2995_20220917_10_57_51,919.bmp	1,155237E+0	4,992899E-1	6,245971E-3	7,112750E-3	3,389540E-3	-2,912223E-3	1,385405E+0	1,383347E+0
20220917 10:57:57,923	c_1_2996_20220917_10_57_57,923.bmp	1,180685E+0	5,145678E-1	7,518835E-3	1,094073E-2	-9,331032E-3	-8,011703E-3	1,387954E+0	1,396136E+0
20220917 10:58:03,924	c_1_2997_20220917_10_58_03,924.bmp	1,209950E+0	5,336652E-1	8,791700E-3	1,094073E-2	-1,187515E-2	-2,912223E-3	1,395599E+0	1,388463E+0
20220917 10:58:09,927	c_1_2998_20220917_10_58_09,927.bmp	1,246850E+0	5,553089E-1	6,245971E-3	1,094073E-2	-4,242803E-3	-5,461963E-3	1,387954E+0	1,385905E+0
20220917 10:58:15,936	c_1_2999_20220917_10_58_15,936.bmp	1,271025E+0	5,782257E-1	7,518835E-3	8,388745E-3	1,102188E-2	2,187256E-3	1,382857E+0	1,388463E+0
20220917 10:58:21,940	c_1_3000_20220917_10_58_21,940.bmp	1,299018E+0	5,960500E-1	7,518835E-3	8,388745E-3	-6,786918E-3	7,286736E-3	1,387954E+0	1,383347E+0
20220917 10:58:27,942	c_1_3001_20220917_10_58_27,942.bmp	1,333373E+0	6,189668E-1	3,700242E-3	7,112750E-3	8,454256E-4	-2,912223E-3	1,385405E+0	1,383347E+0
20220917 10:58:33,943	c_1_3002_20220917_10_58_33,943.bmp	1,369001E+0	6,355179E-1	7,518835E-3	7,112750E-3	3,389540E-3	4,736996E-3	1,387954E+0	1,383347E+0
20220917 10:58:39,945	c_1_3003_20220917_10_58_39,945.bmp	1,405900E+0	6,533421E-1	1,006456E-2	1,349272E-2	-1,441926E-2	-8,011703E-3	1,395599E+0	1,396136E+0
20220917 10:58:45,950	c_1_3004_20220917_10_58_45,950.bmp	1,446617E+0	6,749858E-1	6,245971E-3	1,094073E-2	-6,786918E-3	-8,011703E-3	1,390502E+0	1,393578E+0
20220917 10:58:51,957	c_1_3005_20220917_10_58_51,957.bmp	1,487334E+0	6,979027E-1	3,700242E-3	7,112750E-3	1,102188E-2	-5,461963E-3	1,385405E+0	1,388463E+0
20220917 10:58:57,964	c_1_3006_20220917_10_58_57,964.bmp	1,528051E+0	7,144537E-1	6,245971E-3	1,349272E-2	-6,786918E-3	-8,011703E-3	1,390502E+0	1,393578E+0
20220917 10:59:03,966	c_1_3007_20220917_10_59_03,966.bmp	1,568768E+0	7,386438E-1	4,973106E-3	8,388745E-3	-6,786918E-3	-1,311118E-2	1,382857E+0	1,388463E+0
20220917 10:59:09,966	c_1_3008_20220917_10_59_09,966.bmp	1,605668E+0	7,539217E-1	6,245971E-3	1,094073E-2	3,389540E-3	-3,624835E-4	1,390502E+0	1,388463E+0
20220917 10:59:15,971	c_1_3009_20220917_10_59_15,971.bmp	1,646385E+0	7,755654E-1	6,245971E-3	1,094073E-2	-6,786918E-3	-2,912223E-3	1,390502E+0	1,388463E+0
20220917 10:59:21,972	c_1_3010_20220917_10_59_21,972.bmp	1,680739E+0	7,959359E-1	7,518835E-3	9,664739E-3	-1,696338E-2	-2,912223E-3	1,387954E+0	1,388463E+0
20220917 10:59:27,973	c_1_3011_20220917_10_59_27,973.bmp	1,721456E+0	8,175796E-1	6,245971E-3	8,388745E-3	-1,187515E-2	-2,912223E-3	1,382857E+0	1,383347E+0
20220917 10:59:33,979	c_1_3012_20220917_10_59_33,979.bmp	1,759628E+0	8,354038E-1	7,518835E-3	1,221673E-2	-1,950749E-2	-1,056144E-2	1,387954E+0	1,393578E+0
20220917 10:59:39,982	c_1_3013_20220917_10_59_39,982.bmp	1,796528E+0	8,557744E-1	1,006456E-2	1,094073E-2	-1,696338E-2	-5,461963E-3	1,395599E+0	1,388463E+0
20220917 10:59:45,983	c_1_3014_20220917_10_59_45,983.bmp	1,833428E+0	8,761449E-1	8,791700E-3	1,094073E-2	-1,441926E-2	-2,912223E-3	1,387954E+0	1,383347E+0
20220917 10:59:51,988	c_1_3015_20220917_10_59_51,988.bmp	1,874145E+0	8,914228E-1	7,518835E-3	1,349272E-2	-6,786918E-3	-8,011703E-3	1,390502E+0	1,396136E+0
20220917 10:59:57,988	c_1_3016_20220917_10_59_57,988.bmp	1,911044E+0	9,156129E-1	7,518835E-3	1,349272E-2	-9,331032E-3	-1,056144E-2	1,387954E+0	1,393578E+0
20220917 11:00:03,989	c_1_3017_20220917_11_00_03,989.bmp	1,950489E+0	9,359834E-1	4,973106E-3	9,664739E-3	-1,187515E-2	-5,461963E-3	1,387954E+0	1,396136E+0
20220917 11:00:09,998	c_1_3018_20220917_11_00_09,998.bmp	1,983571E+0	9,589003E-1	3,700242E-3	1,094073E-2	2,628657E-2	-8,011703E-3	1,385405E+0	1,388463E+0
20220917 11:00:16,002	c_1_3019_20220917_11_00_16,002.bmp	2,010292E+0	9,729050E-1	1,006456E-2	1,476871E-2	-9,331032E-3	-2,912223E-3	1,395599E+0	1,388463E+0
20220917 11:00:22,004	c_1_3020_20220917_11_00_22,004.bmp	2,045919E+0	9,945487E-1	7,518835E-3	1,094073E-2	-6,786918E-3	2,187256E-3	1,387954E+0	1,388463E+0
20220917 11:00:28,006	c_1_3021_20220917_11_00_28,006.bmp	2,077729E+0	1,017466E+0	7,518835E-3	1,349272E-2	8,454256E-4	-8,011703E-3	1,390502E+0	1,396136E+0
20220917 11:00:34,011	c_1_3022_20220917_11_00_34,011.bmp	2,108267E+0	1,035290E+0	6,245971E-3	1,094073E-2	-1,187515E-2	2,187256E-3	1,390502E+0	1,380789E+0
20220917 11:00:40,015	c_1_3023_20220917_11_00_40,015.bmp	2,138805E+0	1,053114E+0	1,006456E-2	1,476871E-2	-6,786918E-3	-1,821066E-2	1,398148E+0	1,396136E+0
20220917 11:00:46,019	c_1_3024_20220917_11_00_46,019.bmp	2,171887E+0	1,078577E+0	2,427377E-3	1,094073E-2	-1,698689E-3	-5,461963E-3	1,385405E+0	1,388463E+0
20220917 11:00:52,020	c_1_3025_20220917_11_00_52,020.bmp	2,197335E+0	1,096401E+0	7,518835E-3	1,094073E-2	8,454256E-4	-8,011703E-3	1,390502E+0	1,388463E+0
20220917 11:00:58,022	c_1_3026_20220917_11_00_58,022.bmp	2,217694E+0	1,119318E+0	2,427377E-3	1,094073E-2	-1,698689E-3	-8,011703E-3	1,382857E+0	1,388463E+0
20220917 11:01:04,025	c_1_3027_20220917_11_01_04,025.bmp	2,229145E+0	1,132050E+0	6,245971E-3	1,476871E-2	-1,696338E-2	-2,076040E-2	1,390502E+0	1,396136E+0
20220917 11:01:10,029	c_1_3028_20220917_11_01_10,029.bmp	2,221511E+0	1,157513E+0	7,518835E-3	8,388745E-3	5,933654E-3	2,187256E-3	1,385405E+0	1,383347E+0
20220917 11:01:16,031	c_1_3029_20220917_11_01_16,031.bmp	2,221511E+0	1,177884E+0	3,700242E-3	5,836756E-3	5,933654E-3	-5,461963E-3	1,385405E+0	1,383347E+0
20220917 11:01:22,036	c_1_3030_20220917_11_01_22,036.bmp	2,178249E+0	1,191888E+0	8,791700E-3	1,349272E-2	-1,696338E-2	-8,011703E-3	1,395599E+0	1,396136E+0
20220917 11:01:28,037	c_1_3031_20220917_11_01_28,037.bmp	1,661653E+0	1,217352E+0	7,518835E-3	7,112750E-3	-6,786918E-3	-5,461963E-3	1,385405E+0	1,388463E+0
20220917 11:01:34,040	c_1_3032_20220917_11_01_34,040.bmp	1,460614E+0	1,233903E+0	6,245971E-3	1,094073E-2	8,454256E-4	-5,461963E-3	1,387954E+0	1,388463E+0
20220917 11:01:40,045	c_1_3033_20220917_11_01_40,045.bmp	1,426259E+0	1,258093E+0	6,245971E-3	8,388745E-3	-4,242803E-3	-3,624835E-4	1,382857E+0	1,383347E+0
20220917 11:01:46,046	c_1_3034_20220917_11_01_46,046.bmp	1,424986E+0	1,275917E+0	2,427377E-3	1,094073E-2	2,119834E-2	-1,311118E-2	1,382857E+0	1,385905E+0
20220917 11:01:52,046	c_1_3035_20220917_11_01_52,046.bmp	1,414807E+0	1,292468E+0	8,791700E-3	1,094073E-2	-2,459572E-2	-1,056144E-2	1,398148E+0	1,388463E+0
20220917 11:01:58,051	c_1_3036_20220917_11_01_58,051.bmp	1,417352E+0	1,315385E+0	3,700242E-3	1,094073E-2	-6,786918E-3	-2,912223E-3	1,390502E+0	1,396136E+0
20220917 11:02:04,055	c_1_3037_20220917_11_02_04,055.bmp	1,405900E+0	1,339575E+0	2,427377E-3	1,094073E-2	-4,242803E-3	4,736996E-3	1,385405E+0	1,388463E+0
20220917 11:02:10,057	c_1_3038_20220917_11_02_10,057.bmp	1,405900E+0	1,353580E+0	7,518835E-3	1,476871E-2	-9,331032E-3	-1,311118E-2	1,395599E+0	1,393578E+0
20220917 11:02:16,057	c_1_3039_20220917_11_02_16,057.bmp	1,402083E+0	1,377770E+0	7,518835E-3	7,112750E-3	3,389540E-3	-5,461963E-3	1,385405E+0	1,383347E+0
20220917 11:02:22,061	c_1_3040_20220917_11_02_22,061.bmp	1,413535E+0	1,399413E+0	3,700242E-3	5,836756E-3	8,454256E-4	-8,011703E-3	1,385405E+0	1,383347E+0
20220917 11:02:28,066	c_1_3041_20220917_11_02_28,066.bmp	1,417352E+0	1,415964E+0	7,518835E-3	1,094073E-2	-1,187515E-2	-5,461963E-3	1,387954E+0	1,388463E+0
20220917 11:02:34,067	c_1_3042_20220917_11_02_34,067.bmp	1,423714E+0	1,435062E+0	1,006456E-2	9,664739E-3	-1,187515E-2	-2,912223E-3	1,387954E+0	1,385905E+0
20220917 11:02:40,070	c_1_3043_20220917_11_02_40,070.bmp	1,437710E+0	1,456705E+0	6,245971E-3	1,094073E-2	-4,242803E-3	-1,056144E-2	1,390502E+0	1,391021E+0
20220917 11:02:46,073	c_1_3044_20220917_11_02_46,073.bmp	1,447890E+0	1,478349E+0	7,518835E-3	8,388745E-3	-4,242803E-3	4,736996E-3	1,382857E+0	1,385905E+0
20220917 11:02:52,078	c_1_3045_20220917_11_02_52,078.bmp	1,458069E+0	1,497446E+0	7,518835E-3	1,094073E-2	-4,242803E-3	-8,011703E-3	1,390502E+0	1,388463E+0
20220917 11:02:58,081	c_1_3046_20220917_11_02_58,081.bmp	1,468248E+0	1,516544E+0	8,791700E-3	1,094073E-2	-6,786918E-3	-8,011703E-3	1,390502E+0	1,388463E+0
20220917 11:03:04,085	c_1_3047_20220917_11_03_04,085.bmp	1,480972E+0	1,533095E+0	7,518835E-3	1,221673E-2	-1,187515E-2	-3,624835E-4	1,398148E+0	1,385905E+0
20220917 11:03:10,089	c_1_3048_20220917_11_03_10,089.bmp	1,487334E+0	1,552192E+0	1,006456E-2	1,476871E-2	-6,786918E-3	-2,912223E-3	1,395599E+0	1,388463E+0
20220917 11:03:16,090	c_1_3049_20220917_11_03_16,090.bmp	1,497513E+0	1,572563E+0	8,791700E-3	1,094073E-2	-1,696338E-2	-3,624835E-4	1,398148E+0	1,388463E+0
20220917 11:03:22,094	c_1_3050_20220917_11_03_22,094.bmp	1,510237E+0	1,594207E+0	7,518835E-3	7,112750E-3	-1,441926E-2	2,187256E-3	1,390502E+0	1,383347E+0
20220917 11:03:28,094	c_1_3051_20220917_11_03_28,094.bmp	1,521689E+0	1,614577E+0	7,518835E-3	9,664739E-3	-1,187515E-2	-3,624835E-4	1,387954E+0	1,383347E+0
20220917 11:03:34,101	c_1_3052_20220917_11_03_34,101.bmp	1,529323E+0	1,633674E+0	6,245971E-3	1,349272E-2	-1,696338E-2	-1,566092E-2	1,398148E+0	1,388463E+0
20220917 11:03:40,104	c_1_3053_20220917_11_03_40,104.bmp	1,542047E+0	1,652772E+0	7,518835E-3	1,476871E-2	-4,242803E-3	-1,056144E-2	1,398148E+0	1,393578E+0
20220917 11:03:46,104	c_1_3054_20220917_11_03_46,104.bmp	1,545865E+0	1,671869E+0	8,791700E-3	1,349272E-2	-1,950749E-2	-3,624835E-4	1,398148E+0	1,388463E+0
20220917 11:03:52,112	c_1_3055_20220917_11_03_52,112.bmp	1,559861E+0	1,694786E+0	3,700242E-3	1,094073E-2	8,454256E-4	2,187256E-3	1,387954E+0	1,388463E+0
20220917 11:03:58,117	c_1_3056_20220917_11_03_58,117.bmp	1,556044E+0	1,715157E+0	8,791700E-3	1,094073E-2	-1,187515E-2	-5,461963E-3	1,390502E+0	1,388463E+0
20220917 11:04:04,120	c_1_3057_20220917_11_04_04,120.bmp	1,559861E+0	1,735527E+0	7,518835E-3	1,349272E-2	1,102188E-2	-8,011703E-3	1,390502E+0	1,396136E+0
20220917 11:04:10,123	c_1_3058_20220917_11_04_10,123.bmp	1,571313E+0	1,759717E+0	2,427377E-3	1,094073E-2	-4,242803E-3	-1,311118E-2	1,382857E+0	1,388463E+0
20220917 11:04:16,128	c_1_3059_20220917_11_04_16,128.bmp	1,576402E+0	1,773722E+0	4,973106E-3	1,349272E-2	-6,786918E-3	-1,056144E-2	1,398148E+0	1,396136E+0
20220917 11:04:22,130	c_1_3060_20220917_11_04_22,130.bmp	1,582764E+0	1,795366E+0	6,245971E-3	1,094073E-2	-6,786918E-3	-2,912223E-3	1,387954E+0	1,385905E+0
20220917 11:04:28,130	c_1_3061_20220917_11_04_28,130.bmp	1,592944E+0	1,815736E+0	7,518835E-3	1,349272E-2	2,374246E-2	-1,056144E-2	1,390502E+0	1,396136E+0
20220917 11:04:34,131	c_1_3062_20220917_11_04_34,131.bmp	1,599306E+0	1,832287E+0	8,791700E-3	1,221673E-2	-4,242803E-3	-1,821066E-2	1,387954E+0	1,396136E+0
20220917 11:04:40,134	c_1_3063_20220917_11_04_40,134.bmp	1,606940E+0	1,851385E+0	1,006456E-2	1,094073E-2	-1,696338E-2	-1,056144E-2	1,395599E+0	1,388463E+0
20220917 11:04:46,137	c_1_3064_20220917_11_04_46,137.bmp	1,619664E+0	1,873028E+0	8,791700E-3	1,476871E-2	-1,441926E-2	-5,461963E-3	1,398148E+0	1,393578E+0
20220917 11:04:52,142	c_1_3065_20220917_11_04_52,142.bmp	1,627298E+0	1,895945E+0	1,006456E-2	1,094073E-2	-6,786918E-3	-1,311118E-2	1,398148E+0	1,388463E+0
20220917 11:04:58,144	c_1_3066_20220917_11_04_58,144.bmp	1,634933E+0	1,917589E+0	7,518835E-3	8,388745E-3	3,389540E-3	1,238622E-2	1,382857E+0	1,388463E+0
20220917 11:05:04,145	c_1_3067_20220917_11_05_04,145.bmp	1,628571E+0	1,931594E+0	1,006456E-2	1,094073E-2	-1,696338E-2	-3,624835E-4	1,398148E+0	1,385905E+0
20220917 11:05:10,148	c_1_3068_20220917_11_05_10,148.bmp	1,624754E+0	1,951964E+0	1,006456E-2	1,094073E-2	-1,441926E-2	9,836476E-3	1,398148E+0	1,388463E+0
20220917 11:05:16,148	c_1_3069_20220917_11_05_16,148.bmp	1,624754E+0	1,977427E+0	3,700242E-3	8,388745E-3	-6,786918E-3	-8,011703E-3	1,385405E+0	1,380789E+0
20220917 11:05:22,151	c_1_3070_20220917_11_05_22,151.bmp	1,604395E+0	1,995252E+0	7,518835E-3	1,349272E-2	-6,786918E-3	-8,011703E-3	1,387954E+0	1,393578E+0
20220917 11:05:28,152	c_1_3071_20220917_11_05_28,152.bmp	1,376635E+0	2,016895E+0	3,700242E-3	1,094073E-2	5,933654E-3	7,286736E-3	1,385405E+0	1,388463E+0
20220917 11:05:34,159	c_1_3072_20220917_11_05_34,159.bmp	1,352459E+0	2,037266E+0	3,700242E-3	1,094073E-2	-4,242803E-3	-8,011703E-3	1,382857E+0	1,388463E+0
20220917 11:05:40,162	c_1_3073_20220917_11_05_40,162.bmp	1,346097E+0	2,049997E+0	8,791700E-3	1,349272E-2	-1,187515E-2	-1,566092E-2	1,398148E+0	1,396136E+0
20220917 11:05:46,165	c_1_3074_20220917_11_05_46,165.bmp	1,351187E+0	2,076734E+0	7,518835E-3	1,094073E-2	-9,331032E-3	2,187256E-3	1,387954E+0	1,388463E+0
20220917 11:05:52,165	c_1_3075_20220917_11_05_52,165.bmp	1,353732E+0	2,094558E+0	8,791700E-3	1,094073E-2	-1,187515E-2	-5,461963E-3	1,390502E+0	1,388463E+0
20220917 11:05:58,167	c_1_3076_20220917_11_05_58,167.bmp	1,356277E+0	2,113655E+0	8,791700E-3	1,349272E-2	-1,187515E-2	-2,912223E-3	1,398148E+0	1,388463E+0
20220917 11:06:04,170	c_1_3077_20220917_11_06_04,170.bmp	1,372818E+0	2,139119E+0	2,427377E-3	1,094073E-2	8,454256E-4	-5,461963E-3	1,382857E+0	1,388463E+0
20220917 11:06:10,170	c_1_3078_20220917_11_06_10,170.bmp	1,374090E+0	2,151850E+0	8,791700E-3	1,349272E-2	-1,187515E-2	-1,311118E-2	1,398148E+0	1,388463E+0
20220917 11:06:16,175	c_1_3079_20220917_11_06_16,175.bmp	1,384269E+0	2,179860E+0	7,518835E-3	7,112750E-3	2,119834E-2	-3,624835E-4	1,385405E+0	1,385905E+0
20220917 11:06:22,176	c_1_3080_20220917_11_06_22,176.bmp	1,393176E+0	2,191318E+0	7,518835E-3	1,349272E-2	-9,331032E-3	-1,056144E-2	1,398148E+0	1,393578E+0
20220917 11:06:28,179	c_1_3081_20220917_11_06_28,179.bmp	1,405900E+0	2,218054E+0	7,518835E-3	5,836756E-3	-6,786918E-3	-2,912223E-3	1,382857E+0	1,383347E+0
20220917 11:06:34,183	c_1_3082_20220917_11_06_34,183.bmp	1,399538E+0	2,234606E+0	7,518835E-3	1,094073E-2	-6,786918E-3	-8,011703E-3	1,387954E+0	1,388463E+0
20220917 11:06:40,186	c_1_3083_20220917_11_06_40,186.bmp	1,395721E+0	2,254976E+0	7,518835E-3	8,388745E-3	-6,786918E-3	2,187256E-3	1,390502E+0	1,383347E+0
20220917 11:06:46,188	c_1_3084_20220917_11_06_46,188.bmp	1,379180E+0	2,271527E+0	8,791700E-3	1,349272E-2	-6,786918E-3	-1,566092E-2	1,395599E+0	1,396136E+0
20220917 11:06:52,189	c_1_3085_20220917_11_06_52,189.bmp	1,371545E+0	2,295717E+0	3,700242E-3	1,094073E-2	3,389540E-3	-8,011703E-3	1,390502E+0	1,391021E+0
20220917 11:06:58,189	c_1_3086_20220917_11_06_58,189.bmp	1,356277E+0	2,314815E+0	1,006456E-2	1,094073E-2	-1,187515E-2	2,187256E-3	1,398148E+0	1,388463E+0
20220917 11:07:04,190	c_1_3087_20220917_11_07_04,190.bmp	1,352459E+0	2,335185E+0	6,245971E-3	8,388745E-3	-4,242803E-3	4,736996E-3	1,387954E+0	1,383347E+0
20220917 11:07:10,195	c_1_3088_20220917_11_07_10,195.bmp	1,344825E+0	2,351736E+0	8,791700E-3	1,094073E-2	-6,786918E-3	7,286736E-3	1,395599E+0	1,388463E+0
20220917 11:07:16,198	c_1_3089_20220917_11_07_16,198.bmp	1,344825E+0	2,374653E+0	7,518835E-3	1,094073E-2	8,477769E-3	-1,566092E-2	1,387954E+0	1,388463E+0
20220917 11:07:22,199	c_1_3090_20220917_11_07_22,199.bmp	1,342280E+0	2,393750E+0	1,006456E-2	1,094073E-2	-1,441926E-2	-3,624835E-4	1,398148E+0	1,388463E+0
20220917 11:07:28,202	c_1_3091_20220917_11_07_28,202.bmp	1,349914E+0	2,410301E+0	8,791700E-3	1,349272E-2	-1,441926E-2	-8,011703E-3	1,398148E+0	1,393578E+0
20220917 11:07:34,202	c_1_3092_20220917_11_07_34,202.bmp	1,339735E+0	2,429399E+0	1,006456E-2	1,094073E-2	-1,696338E-2	-5,461963E-3	1,398148E+0	1,388463E+0
20220917 11:07:40,206	c_1_3093_20220917_11_07_40,206.bmp	1,296474E+0	2,454862E+0	1,006456E-2	1,094073E-2	8,477769E-3	-8,011703E-3	1,387954E+0	1,385905E+0
20220917 11:07:46,210	c_1_3094_20220917_11_07_46,210.bmp	1,239215E+0	2,475233E+0	7,518835E-3	9,664739E-3	-1,187515E-2	2,187256E-3	1,390502E+0	1,383347E+0
20220917 11:07:52,213	c_1_3095_20220917_11_07_52,213.bmp	1,183230E+0	2,494330E+0	2,427377E-3	1,094073E-2	-9,331032E-3	-8,011703E-3	1,382857E+0	1,388463E+0
20220917 11:07:58,215	c_1_3096_20220917_11_07_58,215.bmp	1,165416E+0	2,515974E+0	6,245971E-3	7,112750E-3	-1,187515E-2	-5,461963E-3	1,387954E+0	1,383347E+0
20220917 11:08:04,220	c_1_3097_20220917_11_08_04,220.bmp	1,132333E+0	2,537617E+0	3,700242E-3	1,094073E-2	-1,698689E-3	-3,624835E-4	1,385405E+0	1,388463E+0
20220917 11:08:10,221	c_1_3098_20220917_11_08_10,221.bmp	1,109430E+0	2,550349E+0	7,518835E-3	1,349272E-2	-1,950749E-2	4,736996E-3	1,398148E+0	1,388463E+0
20220917 11:08:16,221	c_1_3099_20220917_11_08_16,221.bmp	1,103068E+0	2,573266E+0	7,518835E-3	1,476871E-2	3,389540E-3	-8,011703E-3	1,387954E+0	1,396136E+0
20220917 11:08:22,224	c_1_3100_20220917_11_08_22,224.bmp	1,100523E+0	2,598729E+0	2,427377E-3	7,112750E-3	-1,698689E-3	4,736996E-3	1,385405E+0	1,380789E+0
20220917 11:08:28,225	c_1_3101_20220917_11_08_28,225.bmp	1,095434E+0	2,615280E+0	2,427377E-3	1,094073E-2	-6,786918E-3	-8,011703E-3	1,390502E+0	1,388463E+0
20220917 11:08:34,229	c_1_3102_20220917_11_08_34,229.bmp	1,077620E+0	2,638197E+0	6,245971E-3	7,112750E-3	-1,950749E-2	-2,912223E-3	1,382857E+0	1,383347E+0
20220917 11:08:40,237	c_1_3103_20220917_11_08_40,237.bmp	1,045810E+0	2,654748E+0	1,006456E-2	1,094073E-2	-6,786918E-3	-5,461963E-3	1,387954E+0	1,391021E+0
20220917 11:08:46,239	c_1_3104_20220917_11_08_46,239.bmp	1,034358E+0	2,672572E+0	8,791700E-3	1,476871E-2	8,454256E-4	-1,056144E-2	1,395599E+0	1,393578E+0
20220917 11:08:52,240	c_1_3105_20220917_11_08_52,240.bmp	1,033086E+0	2,695489E+0	6,245971E-3	1,094073E-2	-4,242803E-3	2,187256E-3	1,387954E+0	1,388463E+0
20220917 11:08:58,242	c_1_3106_20220917_11_08_58,242.bmp	1,024179E+0	2,710767E+0	1,006456E-2	1,349272E-2	-1,950749E-2	-1,566092E-2	1,395599E+0	1,385905E+0
20220917 11:09:04,244	c_1_3107_20220917_11_09_04,244.bmp	1,017817E+0	2,734957E+0	4,973106E-3	1,094073E-2	-6,786918E-3	-5,461963E-3	1,387954E+0	1,388463E+0
20220917 11:09:10,249	c_1_3108_20220917_11_09_10,249.bmp	1,015272E+0	2,754054E+0	7,518835E-3	1,094073E-2	-6,786918E-3	-8,011703E-3	1,390502E+0	1,393578E+0
20220917 11:09:16,253	c_1_3109_20220917_11_09_16,253.bmp	1,003821E+0	2,771879E+0	8,791700E-3	1,094073E-2	-1,187515E-2	-8,011703E-3	1,395599E+0	1,388463E+0
20220917 11:09:22,254	c_1_3110_20220917_11_09_22,254.bmp	1,002548E+0	2,792249E+0	1,006456E-2	9,664739E-3	-1,187515E-2	-3,624835E-4	1,398148E+0	1,388463E+0
20220917 11:09:28,258	c_1_3111_20220917_11_09_28,258.bmp	1,002548E+0	2,811346E+0	1,006456E-2	1,094073E-2	-2,968395E-2	-1,056144E-2	1,398148E+0	1,388463E+0
20220917 11:09:34,258	c_1_3112_20220917_11_09_34,258.bmp	1,003821E+0	2,838083E+0	4,973106E-3	8,388745E-3	-1,698689E-3	2,187256E-3	1,382857E+0	1,380789E+0
20220917 11:09:40,259	c_1_3113_20220917_11_09_40,259.bmp	1,005093E+0	2,850814E+0	1,006456E-2	1,349272E-2	-1,187515E-2	-1,311118E-2	1,395599E+0	1,388463E+0
20220917 11:09:46,262	c_1_3114_20220917_11_09_46,262.bmp	1,008910E+0	2,872458E+0	6,245971E-3	1,349272E-2	-9,331032E-3	-8,011703E-3	1,395599E+0	1,396136E+0
20220917 11:09:52,264	c_1_3115_20220917_11_09_52,264.bmp	1,010183E+0	2,896648E+0	7,518835E-3	1,094073E-2	1,102188E-2	-3,624835E-4	1,390502E+0	1,388463E+0
20220917 11:09:58,268	c_1_3116_20220917_11_09_58,268.bmp	1,014000E+0	2,915746E+0	1,006456E-2	9,664739E-3	-1,696338E-2	-1,311118E-2	1,398148E+0	1,385905E+0
20220917 11:10:04,271	c_1_3117_20220917_11_10_04,271.bmp	1,025452E+0	2,934843E+0	3,700242E-3	1,094073E-2	-6,786918E-3	-8,011703E-3	1,382857E+0	1,388463E+0
20220917 11:10:10,271	c_1_3118_20220917_11_10_10,271.bmp	1,027996E+0	2,952667E+0	8,791700E-3	1,094073E-2	-1,696338E-2	-8,011703E-3	1,395599E+0	1,396136E+0
20220917 11:10:16,274	c_1_3119_20220917_11_10_16,274.bmp	1,034358E+0	2,976857E+0	2,427377E-3	7,112750E-3	8,454256E-4	-1,056144E-2	1,385405E+0	1,383347E+0
20220917 11:10:22,279	c_1_3120_20220917_11_10_22,279.bmp	1,041993E+0	2,998501E+0	3,700242E-3	1,094073E-2	-6,786918E-3	-8,011703E-3	1,382857E+0	1,388463E+0
20220917 11:10:28,280	c_1_3121_20220917_11_10_28,280.bmp	1,044538E+0	3,015052E+0	7,518835E-3	1,094073E-2	8,454256E-4	-5,461963E-3	1,387954E+0	1,388463E+0
20220917 11:10:34,282	c_1_3122_20220917_11_10_34,282.bmp	1,048355E+0	3,032876E+0	1,006456E-2	9,664739E-3	-1,187515E-2	-2,912223E-3	1,395599E+0	1,388463E+0
20220917 11:10:40,284	c_1_3123_20220917_11_10_40,284.bmp	1,053444E+0	3,050700E+0	8,791700E-3	1,094073E-2	-4,242803E-3	-5,461963E-3	1,398148E+0	1,388463E+0
20220917 11:10:46,287	c_1_3124_20220917_11_10_46,287.bmp	1,067441E+0	3,076164E+0	2,427377E-3	7,112750E-3	-4,242803E-3	4,736996E-3	1,382857E+0	1,380789E+0
20220917 11:10:52,290	c_1_3125_20220917_11_10_52,290.bmp	1,068713E+0	3,091441E+0	7,518835E-3	1,349272E-2	-1,696338E-2	-1,311118E-2	1,395599E+0	1,396136E+0
20220917 11:10:58,292	c_1_3126_20220917_11_10_58,292.bmp	1,076348E+0	3,116905E+0	4,973106E-3	8,388745E-3	-6,786918E-3	4,736996E-3	1,382857E+0	1,383347E+0
20220917 11:11:04,293	c_1_3127_20220917_11_11_04,293.bmp	1,078893E+0	3,134729E+0	8,791700E-3	1,094073E-2	8,454256E-4	-8,011703E-3	1,387954E+0	1,388463E+0
20220917 11:11:10,296	c_1_3128_20220917_11_11_10,296.bmp	1,090344E+0	3,151280E+0	7,518835E-3	1,476871E-2	-9,331032E-3	-1,311118E-2	1,398148E+0	1,393578E+0
20220917 11:11:16,297	c_1_3129_20220917_11_11_16,297.bmp	1,090344E+0	3,174197E+0	1,006456E-2	1,094073E-2	-1,950749E-2	-1,056144E-2	1,387954E+0	1,388463E+0
20220917 11:11:22,298	c_1_3130_20220917_11_11_22,298.bmp	1,099251E+0	3,194567E+0	6,245971E-3	1,349272E-2	-4,242803E-3	-1,056144E-2	1,387954E+0	1,396136E+0
20220917 11:11:28,302	c_1_3131_20220917_11_11_28,302.bmp	1,105613E+0	3,214938E+0	7,518835E-3	1,094073E-2	-2,713983E-2	-8,011703E-3	1,390502E+0	1,388463E+0
20220917 11:11:34,306	c_1_3132_20220917_11_11_34,306.bmp	1,105613E+0	3,235308E+0	6,245971E-3	1,094073E-2	-4,242803E-3	-1,056144E-2	1,387954E+0	1,388463E+0
20220917 11:11:40,308	c_1_3133_20220917_11_11_40,308.bmp	1,106885E+0	3,256952E+0	6,245971E-3	8,388745E-3	8,454256E-4	7,286736E-3	1,387954E+0	1,380789E+0
20220917 11:11:46,312	c_1_3134_20220917_11_11_46,312.bmp	1,113247E+0	3,274776E+0	2,427377E-3	1,094073E-2	1,356600E-2	-2,912223E-3	1,390502E+0	1,388463E+0
20220917 11:11:52,317	c_1_3135_20220917_11_11_52,317.bmp	1,113247E+0	3,293874E+0	8,791700E-3	9,664739E-3	-1,698689E-3	-1,056144E-2	1,390502E+0	1,383347E+0
20220917 11:11:58,319	c_1_3136_20220917_11_11_58,319.bmp	1,115792E+0	3,311698E+0	1,006456E-2	9,664739E-3	-1,696338E-2	-3,624835E-4	1,398148E+0	1,388463E+0
20220917 11:12:04,322	c_1_3137_20220917_11_12_04,322.bmp	1,124699E+0	3,334615E+0	6,245971E-3	1,094073E-2	-1,696338E-2	-8,011703E-3	1,387954E+0	1,388463E+0
20220917 11:12:10,324	c_1_3138_20220917_11_12_10,324.bmp	1,124699E+0	3,351166E+0	1,006456E-2	1,476871E-2	-9,331032E-3	-8,011703E-3	1,398148E+0	1,396136E+0
20220917 11:12:16,327	c_1_3139_20220917_11_12_16,327.bmp	1,133606E+0	3,374083E+0	6,245971E-3	1,094073E-2	-1,696338E-2	-1,056144E-2	1,390502E+0	1,388463E+0
20220917 11:12:22,328	c_1_3140_20220917_11_12_22,328.bmp	1,139968E+0	3,394453E+0	6,245971E-3	9,664739E-3	-1,698689E-3	1,238622E-2	1,390502E+0	1,388463E+0
20220917 11:12:28,336	c_1_3141_20220917_11_12_28,336.bmp	1,143785E+0	3,414824E+0	6,245971E-3	1,094073E-2	8,454256E-4	2,003543E-2	1,390502E+0	1,388463E+0
20220917 11:12:34,337	c_1_3142_20220917_11_12_34,337.bmp	1,147602E+0	3,433921E+0	7,518835E-3	1,094073E-2	-6,786918E-3	-5,461963E-3	1,387954E+0	1,388463E+0
20220917 11:12:40,340	c_1_3143_20220917_11_12_40,340.bmp	1,152692E+0	3,450472E+0	7,518835E-3	1,221673E-2	-6,786918E-3	-1,311118E-2	1,398148E+0	1,393578E+0
20220917 11:12:46,343	c_1_3144_20220917_11_12_46,343.bmp	1,152692E+0	3,470843E+0	8,791700E-3	1,349272E-2	-1,950749E-2	-8,011703E-3	1,395599E+0	1,393578E+0
20220917 11:12:52,346	c_1_3145_20220917_11_12_52,346.bmp	1,155237E+0	3,492487E+0	7,518835E-3	1,349272E-2	-9,331032E-3	-1,056144E-2	1,395599E+0	1,396136E+0
20220917 11:12:58,350	c_1_3146_20220917_11_12_58,350.bmp	1,160326E+0	3,517950E+0	4,973106E-3	5,836756E-3	8,454256E-4	-3,624835E-4	1,382857E+0	1,383347E+0
20220917 11:13:04,352	c_1_3147_20220917_11_13_04,352.bmp	1,160326E+0	3,534501E+0	6,245971E-3	1,094073E-2	-6,786918E-3	-8,011703E-3	1,390502E+0	1,388463E+0
20220917 11:13:10,352	c_1_3148_20220917_11_13_10,352.bmp	1,155237E+0	3,553598E+0	1,006456E-2	1,094073E-2	-1,950749E-2	-1,056144E-2	1,387954E+0	1,388463E+0
20220917 11:13:16,353	c_1_3149_20220917_11_13_16,353.bmp	1,160326E+0	3,576515E+0	4,973106E-3	8,388745E-3	-4,242803E-3	-3,624835E-4	1,382857E+0	1,380789E+0
20220917 11:13:22,355	c_1_3150_20220917_11_13_22,355.bmp	1,161599E+0	3,594339E+0	6,245971E-3	7,112750E-3	-4,242803E-3	4,736996E-3	1,387954E+0	1,383347E+0
20220917 11:13:28,357	c_1_3151_20220917_11_13_28,357.bmp	1,161599E+0	3,609617E+0	1,006456E-2	1,349272E-2	-1,696338E-2	-3,624835E-4	1,395599E+0	1,396136E+0
20220917 11:13:34,361	c_1_3152_20220917_11_13_34,361.bmp	1,170506E+0	3,637627E+0	2,427377E-3	7,112750E-3	-6,786918E-3	-2,912223E-3	1,382857E+0	1,388463E+0
20220917 11:13:40,365	c_1_3153_20220917_11_13_40,365.bmp	1,175595E+0	3,657997E+0	2,427377E-3	5,836756E-3	3,389540E-3	-8,011703E-3	1,382857E+0	1,388463E+0
20220917 11:13:46,367	c_1_3154_20220917_11_13_46,367.bmp	1,175595E+0	3,673275E+0	6,245971E-3	1,094073E-2	-4,242803E-3	-8,011703E-3	1,387954E+0	1,388463E+0
20220917 11:13:52,374	c_1_3155_20220917_11_13_52,374.bmp	1,180685E+0	3,697465E+0	7,518835E-3	5,836756E-3	-6,786918E-3	4,736996E-3	1,385405E+0	1,383347E+0
20220917 11:13:58,377	c_1_3156_20220917_11_13_58,377.bmp	1,175595E+0	3,714016E+0	8,791700E-3	1,094073E-2	-1,696338E-2	-3,624835E-4	1,387954E+0	1,391021E+0
20220917 11:14:04,380	c_1_3157_20220917_11_14_04,380.bmp	1,178140E+0	3,734387E+0	7,518835E-3	1,094073E-2	-6,786918E-3	-1,056144E-2	1,390502E+0	1,396136E+0
20220917 11:14:10,382	c_1_3158_20220917_11_14_10,382.bmp	1,179412E+0	3,754757E+0	7,518835E-3	8,388745E-3	-4,242803E-3	-2,912223E-3	1,387954E+0	1,383347E+0
20220917 11:14:16,383	c_1_3159_20220917_11_14_16,383.bmp	1,179412E+0	3,770035E+0	8,791700E-3	1,349272E-2	-1,950749E-2	-8,011703E-3	1,398148E+0	1,385905E+0
20220917 11:14:22,387	c_1_3160_20220917_11_14_22,387.bmp	1,183230E+0	3,794225E+0	7,518835E-3	1,094073E-2	-4,242803E-3	-1,056144E-2	1,387954E+0	1,388463E+0
20220917 11:14:28,392	c_1_3161_20220917_11_14_28,392.bmp	1,183230E+0	3,814596E+0	8,791700E-3	1,094073E-2	-1,187515E-2	-2,912223E-3	1,390502E+0	1,388463E+0
20220917 11:14:34,395	c_1_3162_20220917_11_14_34,395.bmp	1,189592E+0	3,837513E+0	3,700242E-3	8,388745E-3	-1,698689E-3	7,286736E-3	1,385405E+0	1,383347E+0
20220917 11:14:40,399	c_1_3163_20220917_11_14_40,399.bmp	1,190864E+0	3,857883E+0	3,700242E-3	8,388745E-3	-1,950749E-2	2,187256E-3	1,382857E+0	1,380789E+0
20220917 11:14:46,402	c_1_3164_20220917_11_14_46,402.bmp	1,185774E+0	3,875707E+0	1,006456E-2	1,094073E-2	-1,187515E-2	-5,461963E-3	1,398148E+0	1,385905E+0
20220917 11:14:52,404	c_1_3165_20220917_11_14_52,404.bmp	1,183230E+0	3,893532E+0	1,006456E-2	1,094073E-2	8,454256E-4	2,187256E-3	1,387954E+0	1,388463E+0
20220917 11:14:58,407	c_1_3166_20220917_11_14_58,407.bmp	1,175595E+0	3,912629E+0	7,518835E-3	9,664739E-3	-4,242803E-3	-5,461963E-3	1,390502E+0	1,388463E+0
20220917 11:15:04,408	c_1_3167_20220917_11_15_04,408.bmp	1,166688E+0	3,931726E+0	8,791700E-3	1,349272E-2	-1,950749E-2	-8,011703E-3	1,395599E+0	1,396136E+0
20220917 11:15:10,412	c_1_3168_20220917_11_15_10,412.bmp	8,180498E-1	3,952097E+0	1,006456E-2	1,349272E-2	-1,187515E-2	-2,076040E-2	1,395599E+0	1,385905E+0
20220917 11:15:16,414	c_1_3169_20220917_11_15_16,414.bmp	7,798777E-1	3,973741E+0	6,245971E-3	1,094073E-2	-9,331032E-3	-1,056144E-2	1,390502E+0	1,388463E+0
20220917 11:15:22,419	c_1_3170_20220917_11_15_22,419.bmp	7,798777E-1	3,994111E+0	6,245971E-3	1,094073E-2	-6,786918E-3	-2,076040E-2	1,387954E+0	1,393578E+0
20220917 11:15:28,419	c_1_3171_20220917_11_15_28,419.bmp	7,862397E-1	4,011935E+0	6,245971E-3	1,349272E-2	-1,187515E-2	-8,011703E-3	1,395599E+0	1,396136E+0
20220917 11:15:34,421	c_1_3172_20220917_11_15_34,421.bmp	7,900570E-1	4,033579E+0	4,973106E-3	1,094073E-2	-6,786918E-3	-3,624835E-4	1,387954E+0	1,383347E+0
20220917 11:15:40,425	c_1_3173_20220917_11_15_40,425.bmp	7,989638E-1	4,053950E+0	7,518835E-3	1,094073E-2	-1,187515E-2	-2,912223E-3	1,387954E+0	1,388463E+0
20220917 11:15:46,429	c_1_3174_20220917_11_15_46,429.bmp	7,964190E-1	4,071774E+0	1,006456E-2	1,349272E-2	-9,331032E-3	-8,011703E-3	1,398148E+0	1,393578E+0
20220917 11:15:52,431	c_1_3175_20220917_11_15_52,431.bmp	8,065982E-1	4,095964E+0	3,700242E-3	7,112750E-3	8,454256E-4	-5,461963E-3	1,385405E+0	1,383347E+0
20220917 11:15:58,433	c_1_3176_20220917_11_15_58,433.bmp	8,091430E-1	4,115061E+0	6,245971E-3	9,664739E-3	-9,331032E-3	2,187256E-3	1,387954E+0	1,383347E+0
20220917 11:16:04,437	c_1_3177_20220917_11_16_04,437.bmp	8,142326E-1	4,137978E+0	7,518835E-3	8,388745E-3	3,389540E-3	-8,011703E-3	1,382857E+0	1,380789E+0
20220917 11:16:10,440	c_1_3178_20220917_11_16_10,440.bmp	8,205946E-1	4,157075E+0	3,700242E-3	8,388745E-3	-1,187515E-2	4,736996E-3	1,385405E+0	1,383347E+0
20220917 11:16:16,440	c_1_3179_20220917_11_16_16,440.bmp	8,244119E-1	4,172353E+0	7,518835E-3	1,349272E-2	-1,187515E-2	-8,011703E-3	1,395599E+0	1,396136E+0
20220917 11:16:22,440	c_1_3180_20220917_11_16_22,440.bmp	8,295015E-1	4,192724E+0	7,518835E-3	7,112750E-3	-1,698689E-3	2,187256E-3	1,387954E+0	1,383347E+0
20220917 11:16:28,445	c_1_3181_20220917_11_16_28,445.bmp	8,295015E-1	4,211821E+0	8,791700E-3	9,664739E-3	-1,441926E-2	-3,624835E-4	1,395599E+0	1,385905E+0
20220917 11:16:34,446	c_1_3182_20220917_11_16_34,446.bmp	8,409531E-1	4,238558E+0	3,700242E-3	9,664739E-3	8,454256E-4	2,187256E-3	1,382857E+0	1,388463E+0
20220917 11:16:40,446	c_1_3183_20220917_11_16_40,446.bmp	8,422255E-1	4,255109E+0	7,518835E-3	8,388745E-3	-6,786918E-3	2,187256E-3	1,387954E+0	1,383347E+0
20220917 11:16:46,448	c_1_3184_20220917_11_16_46,448.bmp	8,447703E-1	4,271660E+0	1,006456E-2	1,349272E-2	-2,459572E-2	-8,011703E-3	1,398148E+0	1,396136E+0
20220917 11:16:52,448	c_1_3185_20220917_11_16_52,448.bmp	8,498599E-1	4,295850E+0	8,791700E-3	1,094073E-2	-9,331032E-3	2,187256E-3	1,387954E+0	1,388463E+0
20220917 11:16:58,452	c_1_3186_20220917_11_16_58,452.bmp	8,574943E-1	4,311128E+0	7,518835E-3	1,349272E-2	-1,187515E-2	-1,566092E-2	1,398148E+0	1,388463E+0
20220917 11:17:04,456	c_1_3187_20220917_11_17_04,456.bmp	8,651288E-1	4,335318E+0	2,427377E-3	1,094073E-2	-1,696338E-2	-5,461963E-3	1,387954E+0	1,388463E+0
20220917 11:17:10,459	c_1_3188_20220917_11_17_10,459.bmp	8,638564E-1	4,355688E+0	7,518835E-3	1,094073E-2	-9,331032E-3	-5,461963E-3	1,387954E+0	1,388463E+0
20220917 11:17:16,465	c_1_3189_20220917_11_17_16,465.bmp	8,753080E-1	4,376059E+0	4,973106E-3	9,664739E-3	8,454256E-4	-5,461963E-3	1,387954E+0	1,388463E+0
20220917 11:17:22,468	c_1_3190_20220917_11_17_22,468.bmp	8,753080E-1	4,391337E+0	7,518835E-3	1,349272E-2	1,102188E-2	-1,311118E-2	1,395599E+0	1,388463E+0
20220917 11:17:28,471	c_1_3191_20220917_11_17_28,471.bmp	8,854872E-1	4,416800E+0	1,154512E-3	8,388745E-3	-6,786918E-3	-8,011703E-3	1,385405E+0	1,383347E+0
20220917 11:17:34,478	c_1_3192_20220917_11_17_34,478.bmp	8,816700E-1	4,434624E+0	1,006456E-2	9,664739E-3	-1,950749E-2	-8,011703E-3	1,387954E+0	1,388463E+0
20220917 11:17:40,481	c_1_3193_20220917_11_17_40,481.bmp	8,905768E-1	4,454995E+0	6,245971E-3	1,349272E-2	-1,698689E-3	-1,566092E-2	1,390502E+0	1,393578E+0
20220917 11:17:46,483	c_1_3194_20220917_11_17_46,483.bmp	8,956664E-1	4,475365E+0	6,245971E-3	1,094073E-2	-6,786918E-3	-5,461963E-3	1,390502E+0	1,388463E+0
20220917 11:17:52,486	c_1_3195_20220917_11_17_52,486.bmp	9,020285E-1	4,498282E+0	3,700242E-3	1,094073E-2	3,389540E-3	2,187256E-3	1,385405E+0	1,385905E+0
20220917 11:17:58,490	c_1_3196_20220917_11_17_58,490.bmp	9,045733E-1	4,517379E+0	7,518835E-3	7,112750E-3	-1,187515E-2	-3,624835E-4	1,385405E+0	1,383347E+0
20220917 11:18:04,492	c_1_3197_20220917_11_18_04,492.bmp	9,071181E-1	4,531384E+0	1,006456E-2	1,476871E-2	-1,696338E-2	-1,311118E-2	1,395599E+0	1,393578E+0
20220917 11:18:10,495	c_1_3198_20220917_11_18_10,495.bmp	9,122077E-1	4,554301E+0	7,518835E-3	1,094073E-2	-1,950749E-2	-2,912223E-3	1,390502E+0	1,383347E+0
20220917 11:18:16,496	c_1_3199_20220917_11_18_16,496.bmp	9,122077E-1	4,572125E+0	8,791700E-3	1,349272E-2	-9,331032E-3	-1,311118E-2	1,395599E+0	1,396136E+0
20220917 11:18:22,499	c_1_3200_20220917_11_18_22,499.bmp	9,223869E-1	4,593769E+0	7,518835E-3	1,094073E-2	1,102188E-2	-2,912223E-3	1,387954E+0	1,385905E+0
20220917 11:18:28,500	c_1_3201_20220917_11_18_28,500.bmp	9,223869E-1	4,614140E+0	7,518835E-3	7,112750E-3	-4,242803E-3	2,187256E-3	1,390502E+0	1,383347E+0
20220917 11:18:34,501	c_1_3202_20220917_11_18_34,501.bmp	9,236593E-1	4,633237E+0	4,973106E-3	1,094073E-2	-6,786918E-3	7,286736E-3	1,390502E+0	1,388463E+0
20220917 11:18:40,501	c_1_3203_20220917_11_18_40,501.bmp	8,625840E-1	4,656154E+0	3,700242E-3	1,094073E-2	-1,698689E-3	-1,056144E-2	1,390502E+0	1,388463E+0
20220917 11:18:46,504	c_1_3204_20220917_11_18_46,504.bmp	7,531573E-1	4,673978E+0	3,700242E-3	9,664739E-3	-1,187515E-2	-1,311118E-2	1,387954E+0	1,396136E+0
20220917 11:18:52,506	c_1_3205_20220917_11_18_52,506.bmp	7,366160E-1	4,695622E+0	3,700242E-3	1,094073E-2	8,454256E-4	-5,461963E-3	1,390502E+0	1,388463E+0
20220917 11:18:58,512	c_1_3206_20220917_11_18_58,512.bmp	7,289816E-1	4,714719E+0	6,245971E-3	1,094073E-2	-2,713983E-2	2,187256E-3	1,387954E+0	1,388463E+0
20220917 11:19:04,517	c_1_3207_20220917_11_19_04,517.bmp	7,302540E-1	4,735090E+0	4,973106E-3	9,664739E-3	-1,441926E-2	4,736996E-3	1,390502E+0	1,385905E+0
20220917 11:19:10,520	c_1_3208_20220917_11_19_10,520.bmp	7,315264E-1	4,752914E+0	3,700242E-3	1,094073E-2	1,102188E-2	-8,011703E-3	1,385405E+0	1,388463E+0
20220917 11:19:16,520	c_1_3209_20220917_11_19_16,520.bmp	7,277092E-1	4,772011E+0	1,006456E-2	1,476871E-2	-6,786918E-3	2,187256E-3	1,398148E+0	1,396136E+0
20220917 11:19:22,525	c_1_3210_20220917_11_19_22,525.bmp	7,315264E-1	4,791109E+0	8,791700E-3	1,476871E-2	-1,187515E-2	-1,311118E-2	1,390502E+0	1,393578E+0
20220917 11:19:28,526	c_1_3211_20220917_11_19_28,526.bmp	7,315264E-1	4,814025E+0	7,518835E-3	1,094073E-2	-4,242803E-3	-8,011703E-3	1,390502E+0	1,388463E+0
20220917 11:19:34,526	c_1_3212_20220917_11_19_34,526.bmp	7,302540E-1	4,834396E+0	7,518835E-3	1,094073E-2	-9,331032E-3	-3,624835E-4	1,390502E+0	1,388463E+0
20220917 11:19:40,531	c_1_3213_20220917_11_19_40,531.bmp	7,302540E-1	4,854767E+0	6,245971E-3	8,388745E-3	-1,187515E-2	9,836476E-3	1,390502E+0	1,383347E+0
20220917 11:19:46,533	c_1_3214_20220917_11_19_46,533.bmp	7,327988E-1	4,877683E+0	3,700242E-3	1,094073E-2	-9,331032E-3	-8,011703E-3	1,385405E+0	1,388463E+0
20220917 11:19:52,536	c_1_3215_20220917_11_19_52,536.bmp	7,289816E-1	4,894234E+0	6,245971E-3	1,094073E-2	-1,696338E-2	2,187256E-3	1,390502E+0	1,380789E+0
20220917 11:19:58,537	c_1_3216_20220917_11_19_58,537.bmp	7,391608E-1	4,913332E+0	6,245971E-3	1,221673E-2	-1,187515E-2	-5,461963E-3	1,390502E+0	1,396136E+0
20220917 11:20:04,537	c_1_3217_20220917_11_20_04,537.bmp	7,391608E-1	4,934976E+0	7,518835E-3	1,094073E-2	-9,331032E-3	-1,311118E-2	1,390502E+0	1,388463E+0
20220917 11:20:10,540	c_1_3218_20220917_11_20_10,540.bmp	7,429780E-1	4,957892E+0	6,245971E-3	7,112750E-3	-4,242803E-3	-5,461963E-3	1,382857E+0	1,383347E+0
20220917 11:20:16,541	c_1_3219_20220917_11_20_16,541.bmp	7,429780E-1	4,974444E+0	6,245971E-3	1,094073E-2	3,389540E-3	-2,076040E-2	1,387954E+0	1,380789E+0
20220917 11:20:22,541	c_1_3220_20220917_11_20_22,541.bmp	7,518849E-1	4,994814E+0	6,245971E-3	1,349272E-2	-1,441926E-2	-1,056144E-2	1,387954E+0	1,393578E+0
20220917 11:20:28,543	c_1_3221_20220917_11_20_28,543.bmp	7,620641E-1	5,015185E+0	3,700242E-3	1,094073E-2	8,454256E-4	2,258517E-2	1,385405E+0	1,385905E+0
20220917 11:20:34,546	c_1_3222_20220917_11_20_34,546.bmp	7,633365E-1	5,033009E+0	7,518835E-3	1,094073E-2	-9,331032E-3	9,836476E-3	1,387954E+0	1,388463E+0
20220917 11:20:40,546	c_1_3223_20220917_11_20_40,546.bmp	7,671537E-1	5,049560E+0	1,006456E-2	1,476871E-2	-9,331032E-3	-1,056144E-2	1,395599E+0	1,393578E+0
20220917 11:20:46,548	c_1_3224_20220917_11_20_46,548.bmp	7,747881E-1	5,076296E+0	2,427377E-3	8,388745E-3	8,454256E-4	-5,461963E-3	1,382857E+0	1,383347E+0
20220917 11:20:52,552	c_1_3225_20220917_11_20_52,552.bmp	7,735157E-1	5,089028E+0	8,791700E-3	1,476871E-2	-2,459572E-2	-1,056144E-2	1,395599E+0	1,388463E+0
20220917 11:20:58,553	c_1_3226_20220917_11_20_58,553.bmp	7,786053E-1	5,113218E+0	7,518835E-3	9,664739E-3	-2,459572E-2	-1,056144E-2	1,390502E+0	1,391021E+0
20220917 11:21:04,559	c_1_3227_20220917_11_21_04,559.bmp	7,862397E-1	5,132315E+0	6,245971E-3	1,349272E-2	-1,696338E-2	-8,011703E-3	1,398148E+0	1,388463E+0
20220917 11:21:10,563	c_1_3228_20220917_11_21_10,563.bmp	7,938742E-1	5,156505E+0	3,700242E-3	1,094073E-2	-4,242803E-3	-5,461963E-3	1,380308E+0	1,388463E+0
20220917 11:21:16,565	c_1_3229_20220917_11_21_16,565.bmp	8,002362E-1	5,176876E+0	3,700242E-3	8,388745E-3	8,454256E-4	9,836476E-3	1,385405E+0	1,385905E+0
20220917 11:21:22,567	c_1_3230_20220917_11_21_22,567.bmp	8,002362E-1	5,189607E+0	6,245971E-3	1,349272E-2	-9,331032E-3	9,836476E-3	1,390502E+0	1,393578E+0
20220917 11:21:28,571	c_1_3231_20220917_11_21_28,571.bmp	8,015086E-1	5,215071E+0	1,006456E-2	1,094073E-2	-9,331032E-3	-8,011703E-3	1,387954E+0	1,388463E+0
20220917 11:21:34,574	c_1_3232_20220917_11_21_34,574.bmp	8,129602E-1	5,236714E+0	3,700242E-3	1,094073E-2	5,933654E-3	-8,011703E-3	1,385405E+0	1,388463E+0
20220917 11:21:40,578	c_1_3233_20220917_11_21_40,578.bmp	8,142326E-1	5,254538E+0	6,245971E-3	1,094073E-2	-4,242803E-3	-8,011703E-3	1,390502E+0	1,388463E+0
20220917 11:21:46,583	c_1_3234_20220917_11_21_46,583.bmp	8,167774E-1	5,268543E+0	8,791700E-3	1,349272E-2	-9,331032E-3	-2,076040E-2	1,398148E+0	1,396136E+0
20220917 11:21:52,587	c_1_3235_20220917_11_21_52,587.bmp	8,256843E-1	5,294006E+0	6,245971E-3	9,664739E-3	-1,950749E-2	-3,624835E-4	1,390502E+0	1,388463E+0
20220917 11:21:58,587	c_1_3236_20220917_11_21_58,587.bmp	8,295015E-1	5,310557E+0	6,245971E-3	1,349272E-2	-6,786918E-3	4,736996E-3	1,395599E+0	1,396136E+0
20220917 11:22:04,596	c_1_3237_20220917_11_22_04,596.bmp	8,307739E-1	5,329655E+0	1,006456E-2	1,094073E-2	-1,441926E-2	-1,056144E-2	1,398148E+0	1,388463E+0
20220917 11:22:10,600	c_1_3238_20220917_11_22_10,600.bmp	8,422255E-1	5,357664E+0	3,700242E-3	5,836756E-3	-1,698689E-3	1,238622E-2	1,385405E+0	1,383347E+0
20220917 11:22:16,603	c_1_3239_20220917_11_22_16,603.bmp	8,460427E-1	5,376762E+0	3,700242E-3	8,388745E-3	3,389540E-3	-3,624835E-4	1,382857E+0	1,383347E+0
20220917 11:22:22,610	c_1_3240_20220917_11_22_22,610.bmp	8,498599E-1	5,393313E+0	7,518835E-3	9,664739E-3	-6,786918E-3	-1,056144E-2	1,390502E+0	1,388463E+0
20220917 11:22:28,612	c_1_3241_20220917_11_22_28,612.bmp	8,524047E-1	5,409864E+0	8,791700E-3	1,476871E-2	8,477769E-3	-1,311118E-2	1,398148E+0	1,388463E+0
20220917 11:22:34,617	c_1_3242_20220917_11_22_34,617.bmp	8,638564E-1	5,432781E+0	4,973106E-3	9,664739E-3	-9,331032E-3	-2,912223E-3	1,387954E+0	1,385905E+0
20220917 11:22:40,623	c_1_3243_20220917_11_22_40,623.bmp	8,651288E-1	5,453151E+0	6,245971E-3	1,094073E-2	-9,331032E-3	-1,311118E-2	1,387954E+0	1,388463E+0
20220917 11:22:46,624	c_1_3244_20220917_11_22_46,624.bmp	8,778528E-1	5,476068E+0	6,245971E-3	8,388745E-3	-4,242803E-3	-5,461963E-3	1,382857E+0	1,385905E+0
20220917 11:22:52,628	c_1_3245_20220917_11_22_52,628.bmp	8,854872E-1	5,492619E+0	8,791700E-3	1,094073E-2	-1,441926E-2	4,736996E-3	1,387954E+0	1,388463E+0
20220917 11:22:58,632	c_1_3246_20220917_11_22_58,632.bmp	8,994837E-1	5,516809E+0	7,518835E-3	8,388745E-3	-6,786918E-3	4,736996E-3	1,387954E+0	1,385905E+0
20220917 11:23:04,634	c_1_3247_20220917_11_23_04,634.bmp	9,109353E-1	5,537180E+0	3,700242E-3	8,388745E-3	-4,242803E-3	-5,461963E-3	1,382857E+0	1,388463E+0
20220917 11:23:10,639	c_1_3248_20220917_11_23_10,639.bmp	9,172973E-1	5,548638E+0	1,006456E-2	9,664739E-3	-1,187515E-2	-8,011703E-3	1,398148E+0	1,388463E+0
20220917 11:23:16,643	c_1_3249_20220917_11_23_16,643.bmp	9,338386E-1	5,576648E+0	3,700242E-3	5,836756E-3	8,477769E-3	-3,624835E-4	1,382857E+0	1,388463E+0
20220917 11:23:22,643	c_1_3250_20220917_11_23_22,643.bmp	9,389282E-1	5,591926E+0	7,518835E-3	5,836756E-3	-6,786918E-3	-1,056144E-2	1,387954E+0	1,383347E+0
20220917 11:23:28,646	c_1_3251_20220917_11_23_28,646.bmp	9,503798E-1	5,617389E+0	4,973106E-3	8,388745E-3	-4,242803E-3	-8,011703E-3	1,385405E+0	1,388463E+0
20220917 11:23:34,650	c_1_3252_20220917_11_23_34,650.bmp	9,605590E-1	5,631394E+0	8,791700E-3	1,476871E-2	-6,786918E-3	-1,056144E-2	1,395599E+0	1,393578E+0
20220917 11:23:40,653	c_1_3253_20220917_11_23_40,653.bmp	9,669210E-1	5,653037E+0	4,973106E-3	1,094073E-2	-4,242803E-3	2,187256E-3	1,387954E+0	1,391021E+0
20220917 11:23:46,657	c_1_3254_20220917_11_23_46,657.bmp	9,796451E-1	5,677227E+0	6,245971E-3	7,112750E-3	3,389540E-3	-8,011703E-3	1,382857E+0	1,383347E+0
20220917 11:23:52,658	c_1_3255_20220917_11_23_52,658.bmp	9,910967E-1	5,692505E+0	7,518835E-3	1,094073E-2	-9,331032E-3	-5,461963E-3	1,390502E+0	1,380789E+0
20220917 11:23:58,659	c_1_3256_20220917_11_23_58,659.bmp	9,961863E-1	5,712876E+0	8,791700E-3	9,664739E-3	-6,786918E-3	-2,912223E-3	1,390502E+0	1,388463E+0
20220917 11:24:04,663	c_1_3257_20220917_11_24_04,663.bmp	1,012728E+0	5,735793E+0	4,973106E-3	1,094073E-2	-4,242803E-3	-2,912223E-3	1,385405E+0	1,388463E+0
20220917 11:24:10,667	c_1_3258_20220917_11_24_10,667.bmp	1,014000E+0	5,752344E+0	1,006456E-2	1,221673E-2	-1,187515E-2	-2,912223E-3	1,387954E+0	1,385905E+0
20220917 11:24:16,669	c_1_3259_20220917_11_24_16,669.bmp	1,022907E+0	5,768895E+0	8,791700E-3	1,094073E-2	-1,696338E-2	-3,624835E-4	1,398148E+0	1,385905E+0
20220917 11:24:22,671	c_1_3260_20220917_11_24_22,671.bmp	1,039448E+0	5,793085E+0	3,700242E-3	1,094073E-2	-4,242803E-3	-8,011703E-3	1,387954E+0	1,388463E+0
20220917 11:24:28,673	c_1_3261_20220917_11_24_28,673.bmp	1,045810E+0	5,817275E+0	6,245971E-3	7,112750E-3	-4,242803E-3	2,187256E-3	1,382857E+0	1,383347E+0
20220917 11:24:34,674	c_1_3262_20220917_11_24_34,674.bmp	1,057262E+0	5,832553E+0	7,518835E-3	1,094073E-2	-6,786918E-3	-8,011703E-3	1,390502E+0	1,385905E+0
20220917 11:24:40,675	c_1_3263_20220917_11_24_40,675.bmp	1,067441E+0	5,855469E+0	4,973106E-3	8,388745E-3	-4,242803E-3	4,736996E-3	1,382857E+0	1,388463E+0
20220917 11:24:46,680	c_1_3264_20220917_11_24_46,680.bmp	1,077620E+0	5,869474E+0	6,245971E-3	1,349272E-2	-9,331032E-3	-8,011703E-3	1,398148E+0	1,385905E+0
20220917 11:24:52,684	c_1_3265_20220917_11_24_52,684.bmp	1,090344E+0	5,896211E+0	3,700242E-3	7,112750E-3	-4,242803E-3	-2,912223E-3	1,385405E+0	1,383347E+0
20220917 11:24:58,685	c_1_3266_20220917_11_24_58,685.bmp	1,097979E+0	5,908942E+0	8,791700E-3	1,094073E-2	8,477769E-3	-8,011703E-3	1,395599E+0	1,385905E+0
20220917 11:25:04,687	c_1_3267_20220917_11_25_04,687.bmp	1,110703E+0	5,936952E+0	3,700242E-3	7,112750E-3	-1,698689E-3	-2,912223E-3	1,385405E+0	1,383347E+0
20220917 11:25:10,689	c_1_3268_20220917_11_25_10,689.bmp	1,120882E+0	5,952230E+0	3,700242E-3	1,094073E-2	8,454256E-4	-1,311118E-2	1,387954E+0	1,388463E+0
20220917 11:25:16,694	c_1_3269_20220917_11_25_16,694.bmp	1,120882E+0	5,973873E+0	1,006456E-2	1,094073E-2	8,454256E-4	-8,011703E-3	1,387954E+0	1,383347E+0
20220917 11:25:22,695	c_1_3270_20220917_11_25_22,695.bmp	1,137423E+0	5,995517E+0	2,427377E-3	7,112750E-3	-1,698689E-3	-3,624835E-4	1,382857E+0	1,380789E+0
20220917 11:25:28,697	c_1_3271_20220917_11_25_28,697.bmp	1,136151E+0	6,010795E+0	6,245971E-3	1,094073E-2	-9,331032E-3	-5,461963E-3	1,390502E+0	1,391021E+0
20220917 11:25:34,698	c_1_3272_20220917_11_25_34,698.bmp	1,136151E+0	6,034985E+0	3,700242E-3	1,094073E-2	-6,786918E-3	-5,461963E-3	1,385405E+0	1,391021E+0
20220917 11:25:40,701	c_1_3273_20220917_11_25_40,701.bmp	1,115792E+0	6,052809E+0	6,245971E-3	1,094073E-2	-9,331032E-3	-1,311118E-2	1,387954E+0	1,385905E+0
20220917 11:25:46,704	c_1_3274_20220917_11_25_46,704.bmp	1,110703E+0	6,069360E+0	6,245971E-3	1,349272E-2	-1,441926E-2	2,187256E-3	1,398148E+0	1,396136E+0
20220917 11:25:52,708	c_1_3275_20220917_11_25_52,708.bmp	1,090344E+0	6,089731E+0	7,518835E-3	1,349272E-2	-1,187515E-2	-1,311118E-2	1,398148E+0	1,396136E+0
20220917 11:25:58,708	c_1_3276_20220917_11_25_58,708.bmp	8,180498E-1	6,113921E+0	6,245971E-3	1,094073E-2	-6,786918E-3	-1,056144E-2	1,387954E+0	1,388463E+0
20220917 11:26:04,713	c_1_3277_20220917_11_26_04,713.bmp	7,188024E-1	6,133018E+0	6,245971E-3	1,094073E-2	-1,187515E-2	-3,624835E-4	1,387954E+0	1,388463E+0
20220917 11:26:10,716	c_1_3278_20220917_11_26_10,716.bmp	7,188024E-1	6,152116E+0	7,518835E-3	8,388745E-3	-9,331032E-3	-3,624835E-4	1,387954E+0	1,383347E+0
20220917 11:26:16,716	c_1_3279_20220917_11_26_16,716.bmp	7,264368E-1	6,176306E+0	6,245971E-3	7,112750E-3	8,454256E-4	2,187256E-3	1,382857E+0	1,391021E+0
20220917 11:26:22,719	c_1_3280_20220917_11_26_22,719.bmp	7,315264E-1	6,196676E+0	7,518835E-3	8,388745E-3	3,389540E-3	9,836476E-3	1,382857E+0	1,383347E+0
20220917 11:26:28,723	c_1_3281_20220917_11_26_28,723.bmp	7,391608E-1	6,214500E+0	6,245971E-3	7,112750E-3	-1,696338E-2	2,187256E-3	1,385405E+0	1,383347E+0
20220917 11:26:34,724	c_1_3282_20220917_11_26_34,724.bmp	7,493400E-1	6,234871E+0	4,973106E-3	5,836756E-3	8,454256E-4	7,286736E-3	1,385405E+0	1,380789E+0
20220917 11:26:40,729	c_1_3283_20220917_11_26_40,729.bmp	7,531573E-1	6,252695E+0	8,791700E-3	1,094073E-2	-6,786918E-3	-5,461963E-3	1,387954E+0	1,383347E+0
20220917 11:26:46,733	c_1_3284_20220917_11_26_46,733.bmp	7,620641E-1	6,271792E+0	6,245971E-3	1,476871E-2	-1,441926E-2	-1,566092E-2	1,390502E+0	1,396136E+0
20220917 11:26:52,734	c_1_3285_20220917_11_26_52,734.bmp	7,696985E-1	6,292163E+0	6,245971E-3	7,112750E-3	-1,187515E-2	-8,011703E-3	1,390502E+0	1,383347E+0
20220917 11:26:58,736	c_1_3286_20220917_11_26_58,736.bmp	7,773329E-1	6,309987E+0	1,006456E-2	1,349272E-2	-6,786918E-3	-1,056144E-2	1,398148E+0	1,396136E+0
20220917 11:27:04,738	c_1_3287_20220917_11_27_04,738.bmp	7,849673E-1	6,330358E+0	8,791700E-3	1,349272E-2	-1,187515E-2	-1,311118E-2	1,398148E+0	1,393578E+0
20220917 11:27:10,740	c_1_3288_20220917_11_27_10,740.bmp	7,900570E-1	6,349455E+0	6,245971E-3	1,349272E-2	-1,187515E-2	-8,011703E-3	1,387954E+0	1,393578E+0
20220917 11:27:16,745	c_1_3289_20220917_11_27_16,745.bmp	8,040534E-1	6,372372E+0	3,700242E-3	9,664739E-3	5,933654E-3	1,238622E-2	1,387954E+0	1,388463E+0
20220917 11:27:22,745	c_1_3290_20220917_11_27_22,745.bmp	8,104154E-1	6,397835E+0	6,245971E-3	7,112750E-3	-6,786918E-3	2,187256E-3	1,382857E+0	1,380789E+0
20220917 11:27:28,747	c_1_3291_20220917_11_27_28,747.bmp	8,129602E-1	6,408020E+0	1,006456E-2	1,349272E-2	-9,331032E-3	-2,912223E-3	1,395599E+0	1,396136E+0
20220917 11:27:34,755	c_1_3292_20220917_11_27_34,755.bmp	8,218670E-1	6,433484E+0	1,006456E-2	1,094073E-2	-2,459572E-2	-8,011703E-3	1,395599E+0	1,385905E+0
20220917 11:27:40,759	c_1_3293_20220917_11_27_40,759.bmp	8,358635E-1	6,450035E+0	7,518835E-3	1,349272E-2	-6,786918E-3	-8,011703E-3	1,387954E+0	1,396136E+0
20220917 11:27:46,762	c_1_3294_20220917_11_27_46,762.bmp	8,422255E-1	6,472952E+0	6,245971E-3	8,388745E-3	-1,441926E-2	2,187256E-3	1,390502E+0	1,380789E+0
20220917 11:27:52,767	c_1_3295_20220917_11_27_52,767.bmp	8,549495E-1	6,492049E+0	2,427377E-3	1,094073E-2	-6,786918E-3	-5,461963E-3	1,382857E+0	1,385905E+0
20220917 11:27:58,771	c_1_3296_20220917_11_27_58,771.bmp	8,625840E-1	6,512419E+0	4,973106E-3	1,094073E-2	-1,698689E-3	-8,011703E-3	1,387954E+0	1,388463E+0
20220917 11:28:04,772	c_1_3297_20220917_11_28_04,772.bmp	8,702184E-1	6,535336E+0	3,700242E-3	8,388745E-3	8,454256E-4	4,736996E-3	1,382857E+0	1,383347E+0
20220917 11:28:10,776	c_1_3298_20220917_11_28_10,776.bmp	8,765804E-1	6,553161E+0	6,245971E-3	1,094073E-2	-4,242803E-3	-5,461963E-3	1,390502E+0	1,388463E+0
20220917 11:28:16,780	c_1_3299_20220917_11_28_16,780.bmp	8,867596E-1	6,570985E+0	6,245971E-3	1,349272E-2	-1,696338E-2	-1,821066E-2	1,387954E+0	1,396136E+0
20220917 11:28:22,784	c_1_3300_20220917_11_28_22,784.bmp	8,956664E-1	6,592628E+0	7,518835E-3	1,476871E-2	-1,698689E-3	-1,056144E-2	1,387954E+0	1,396136E+0
20220917 11:28:28,789	c_1_3301_20220917_11_28_28,789.bmp	8,994837E-1	6,611726E+0	1,006456E-2	1,094073E-2	-4,242803E-3	-8,011703E-3	1,398148E+0	1,388463E+0
20220917 11:28:34,790	c_1_3302_20220917_11_28_34,790.bmp	9,134801E-1	6,629550E+0	7,518835E-3	1,349272E-2	-1,187515E-2	-8,011703E-3	1,398148E+0	1,396136E+0
20220917 11:28:40,793	c_1_3303_20220917_11_28_40,793.bmp	9,262041E-1	6,652467E+0	6,245971E-3	7,112750E-3	-1,187515E-2	2,187256E-3	1,390502E+0	1,383347E+0
20220917 11:28:46,798	c_1_3304_20220917_11_28_46,798.bmp	9,376558E-1	6,672838E+0	7,518835E-3	1,094073E-2	-6,786918E-3	2,187256E-3	1,387954E+0	1,396136E+0
20220917 11:28:52,798	c_1_3305_20220917_11_28_52,798.bmp	9,402006E-1	6,694481E+0	6,245971E-3	1,094073E-2	-2,205160E-2	-8,011703E-3	1,387954E+0	1,388463E+0
20220917 11:28:58,799	c_1_3306_20220917_11_28_58,799.bmp	9,503798E-1	6,713579E+0	7,518835E-3	1,349272E-2	-6,786918E-3	7,286736E-3	1,390502E+0	1,393578E+0
20220917 11:29:04,799	c_1_3307_20220917_11_29_04,799.bmp	9,592866E-1	6,733949E+0	6,245971E-3	1,094073E-2	-6,786918E-3	1,238622E-2	1,387954E+0	1,388463E+0
20220917 11:29:10,800	c_1_3308_20220917_11_29_10,800.bmp	9,732831E-1	6,755593E+0	3,700242E-3	9,664739E-3	3,389540E-3	-2,912223E-3	1,385405E+0	1,385905E+0
20220917 11:29:16,808	c_1_3309_20220917_11_29_16,808.bmp	9,771003E-1	6,772144E+0	7,518835E-3	5,836756E-3	-1,187515E-2	7,286736E-3	1,387954E+0	1,383347E+0
20220917 11:29:22,814	c_1_3310_20220917_11_29_22,814.bmp	9,898243E-1	6,796334E+0	2,427377E-3	7,112750E-3	3,389540E-3	-3,624835E-4	1,385405E+0	1,385905E+0
20220917 11:29:28,815	c_1_3311_20220917_11_29_28,815.bmp	1,000004E+0	6,814158E+0	6,245971E-3	1,094073E-2	-4,242803E-3	-5,461963E-3	1,390502E+0	1,388463E+0
20220917 11:29:34,818	c_1_3312_20220917_11_29_34,818.bmp	1,007638E+0	6,837075E+0	3,700242E-3	8,388745E-3	-4,242803E-3	-1,056144E-2	1,382857E+0	1,388463E+0
20220917 11:29:40,819	c_1_3313_20220917_11_29_40,819.bmp	1,016545E+0	6,853626E+0	3,700242E-3	1,094073E-2	8,477769E-3	-1,311118E-2	1,390502E+0	1,385905E+0
20220917 11:29:46,820	c_1_3314_20220917_11_29_46,820.bmp	1,024179E+0	6,876543E+0	2,427377E-3	1,094073E-2	-4,242803E-3	-8,011703E-3	1,382857E+0	1,388463E+0
20220917 11:29:52,825	c_1_3315_20220917_11_29_52,825.bmp	1,029269E+0	6,893094E+0	8,791700E-3	1,094073E-2	-6,021332E-2	-2,912223E-3	1,395599E+0	1,388463E+0
20220917 11:29:58,828	c_1_3316_20220917_11_29_58,828.bmp	1,044538E+0	6,916011E+0	3,700242E-3	8,388745E-3	-1,698689E-3	-3,624835E-4	1,385405E+0	1,383347E+0
20220917 11:30:04,832	c_1_3317_20220917_11_30_04,832.bmp	1,048355E+0	6,930016E+0	7,518835E-3	1,349272E-2	-4,242803E-3	-2,912223E-3	1,387954E+0	1,396136E+0
20220917 11:30:10,836	c_1_3318_20220917_11_30_10,836.bmp	1,062351E+0	6,955479E+0	3,700242E-3	1,094073E-2	-4,242803E-3	-2,076040E-2	1,382857E+0	1,385905E+0
20220917 11:30:16,836	c_1_3319_20220917_11_30_16,836.bmp	1,069986E+0	6,973303E+0	7,518835E-3	1,349272E-2	5,933654E-3	-1,311118E-2	1,393051E+0	1,393578E+0
20220917 11:30:22,837	c_1_3320_20220917_11_30_22,837.bmp	1,082710E+0	6,996220E+0	3,700242E-3	7,112750E-3	3,389540E-3	-5,461963E-3	1,382857E+0	1,383347E+0
20220917 11:30:28,842	c_1_3321_20220917_11_30_28,842.bmp	1,086527E+0	7,014044E+0	7,518835E-3	1,094073E-2	-6,786918E-3	-1,311118E-2	1,390502E+0	1,396136E+0
20220917 11:30:34,844	c_1_3322_20220917_11_30_34,844.bmp	1,100523E+0	7,035688E+0	1,154512E-3	5,836756E-3	8,454256E-4	4,736996E-3	1,385405E+0	1,383347E+0
20220917 11:30:40,848	c_1_3323_20220917_11_30_40,848.bmp	1,105613E+0	7,049693E+0	7,518835E-3	1,349272E-2	-1,696338E-2	-1,056144E-2	1,398148E+0	1,388463E+0
20220917 11:30:46,850	c_1_3324_20220917_11_30_46,850.bmp	1,113247E+0	7,072609E+0	7,518835E-3	1,094073E-2	-4,242803E-3	-2,912223E-3	1,387954E+0	1,388463E+0
20220917 11:30:52,850	c_1_3325_20220917_11_30_52,850.bmp	1,122154E+0	7,092980E+0	6,245971E-3	1,476871E-2	-1,187515E-2	-1,566092E-2	1,390502E+0	1,396136E+0
20220917 11:30:58,850	c_1_3326_20220917_11_30_58,850.bmp	1,125971E+0	7,109531E+0	1,006456E-2	1,349272E-2	-1,696338E-2	-1,311118E-2	1,395599E+0	1,396136E+0
20220917 11:31:04,858	c_1_3327_20220917_11_31_04,858.bmp	1,138696E+0	7,136267E+0	7,518835E-3	8,388745E-3	-1,950749E-2	2,187256E-3	1,382857E+0	1,383347E+0
20220917 11:31:10,862	c_1_3328_20220917_11_31_10,862.bmp	1,147602E+0	7,151545E+0	3,700242E-3	1,094073E-2	-4,242803E-3	-8,011703E-3	1,387954E+0	1,388463E+0
20220917 11:31:16,862	c_1_3329_20220917_11_31_16,862.bmp	1,151420E+0	7,171916E+0	1,006456E-2	1,349272E-2	-1,441926E-2	-1,056144E-2	1,398148E+0	1,393578E+0
20220917 11:31:22,867	c_1_3330_20220917_11_31_22,867.bmp	1,162871E+0	7,189740E+0	8,791700E-3	1,349272E-2	-2,459572E-2	-1,056144E-2	1,395599E+0	1,396136E+0
20220917 11:31:28,869	c_1_3331_20220917_11_31_28,869.bmp	1,171778E+0	7,212657E+0	3,700242E-3	1,094073E-2	8,454256E-4	2,187256E-3	1,390502E+0	1,388463E+0
20220917 11:31:34,872	c_1_3332_20220917_11_31_34,872.bmp	1,178140E+0	7,233027E+0	4,973106E-3	1,094073E-2	-1,698689E-3	-8,011703E-3	1,387954E+0	1,385905E+0
20220917 11:31:40,875	c_1_3333_20220917_11_31_40,875.bmp	1,185774E+0	7,253398E+0	7,518835E-3	8,388745E-3	-9,331032E-3	-3,624835E-4	1,387954E+0	1,383347E+0
20220917 11:31:46,882	c_1_3334_20220917_11_31_46,882.bmp	1,187047E+0	7,276315E+0	7,518835E-3	8,388745E-3	8,454256E-4	2,187256E-3	1,385405E+0	1,383347E+0
20220917 11:31:52,883	c_1_3335_20220917_11_31_52,883.bmp	1,183230E+0	7,292866E+0	3,700242E-3	1,094073E-2	-4,242803E-3	-8,011703E-3	1,387954E+0	1,393578E+0
20220917 11:31:58,886	c_1_3336_20220917_11_31_58,886.bmp	1,142513E+0	7,315783E+0	6,245971E-3	7,112750E-3	-6,786918E-3	2,187256E-3	1,390502E+0	1,380789E+0
20220917 11:32:04,887	c_1_3337_20220917_11_32_04,887.bmp	1,120882E+0	7,329788E+0	8,791700E-3	1,094073E-2	-1,696338E-2	-8,011703E-3	1,395599E+0	1,388463E+0
20220917 11:32:10,891	c_1_3338_20220917_11_32_10,891.bmp	1,114520E+0	7,356524E+0	7,518835E-3	8,388745E-3	-6,786918E-3	-3,624835E-4	1,382857E+0	1,385905E+0
20220917 11:32:16,895	c_1_3339_20220917_11_32_16,895.bmp	1,114520E+0	7,373075E+0	6,245971E-3	1,094073E-2	-6,786918E-3	-2,585988E-2	1,387954E+0	1,396136E+0
20220917 11:32:22,895	c_1_3340_20220917_11_32_22,895.bmp	1,111975E+0	7,392172E+0	1,006456E-2	1,094073E-2	-2,459572E-2	-3,624835E-4	1,395599E+0	1,388463E+0
20220917 11:32:28,901	c_1_3341_20220917_11_32_28,901.bmp	1,099251E+0	7,412543E+0	8,791700E-3	1,221673E-2	-1,187515E-2	9,836476E-3	1,398148E+0	1,388463E+0
20220917 11:32:34,905	c_1_3342_20220917_11_32_34,905.bmp	1,092889E+0	7,434187E+0	3,700242E-3	1,094073E-2	8,454256E-4	-3,624835E-4	1,387954E+0	1,385905E+0
20220917 11:32:40,906	c_1_3343_20220917_11_32_40,906.bmp	1,090344E+0	7,452011E+0	4,973106E-3	8,388745E-3	-4,242803E-3	2,187256E-3	1,387954E+0	1,383347E+0
20220917 11:32:46,913	c_1_3344_20220917_11_32_46,913.bmp	1,095434E+0	7,472381E+0	6,245971E-3	1,094073E-2	-1,696338E-2	2,187256E-3	1,387954E+0	1,388463E+0
20220917 11:32:52,917	c_1_3345_20220917_11_32_52,917.bmp	1,096706E+0	7,487659E+0	7,518835E-3	1,349272E-2	-1,187515E-2	-2,076040E-2	1,398148E+0	1,396136E+0
20220917 11:32:58,918	c_1_3346_20220917_11_32_58,918.bmp	1,101796E+0	7,515669E+0	7,518835E-3	8,388745E-3	-9,331032E-3	-2,912223E-3	1,390502E+0	1,383347E+0
20220917 11:33:04,919	c_1_3347_20220917_11_33_04,919.bmp	1,111975E+0	7,536039E+0	3,700242E-3	1,094073E-2	-4,242803E-3	-2,912223E-3	1,382857E+0	1,388463E+0
20220917 11:33:10,924	c_1_3348_20220917_11_33_10,924.bmp	1,115792E+0	7,555137E+0	3,700242E-3	8,388745E-3	8,454256E-4	2,187256E-3	1,385405E+0	1,380789E+0
20220917 11:33:16,924	c_1_3349_20220917_11_33_16,924.bmp	1,119609E+0	7,572961E+0	6,245971E-3	7,112750E-3	-6,786918E-3	-2,912223E-3	1,387954E+0	1,380789E+0
20220917 11:33:22,925	c_1_3350_20220917_11_33_22,925.bmp	1,129789E+0	7,593331E+0	6,245971E-3	8,388745E-3	-1,187515E-2	2,187256E-3	1,387954E+0	1,383347E+0
20220917 11:33:28,925	c_1_3351_20220917_11_33_28,925.bmp	1,129789E+0	7,608609E+0	1,133743E-2	1,094073E-2	-1,696338E-2	-8,011703E-3	1,395599E+0	1,385905E+0
20220917 11:33:34,929	c_1_3352_20220917_11_33_34,929.bmp	1,141240E+0	7,627707E+0	7,518835E-3	1,349272E-2	-6,786918E-3	-1,056144E-2	1,387954E+0	1,393578E+0
20220917 11:33:40,930	c_1_3353_20220917_11_33_40,930.bmp	1,150147E+0	7,651897E+0	7,518835E-3	9,664739E-3	-4,242803E-3	-5,461963E-3	1,390502E+0	1,388463E+0
20220917 11:33:46,934	c_1_3354_20220917_11_33_46,934.bmp	1,153964E+0	7,676087E+0	2,427377E-3	7,112750E-3	-4,242803E-3	1,238622E-2	1,385405E+0	1,383347E+0
20220917 11:33:52,935	c_1_3355_20220917_11_33_52,935.bmp	1,159054E+0	7,687545E+0	6,245971E-3	1,476871E-2	-1,187515E-2	-1,821066E-2	1,395599E+0	1,396136E+0
20220917 11:33:58,939	c_1_3356_20220917_11_33_58,939.bmp	1,162871E+0	7,711735E+0	6,245971E-3	1,349272E-2	-4,242803E-3	-1,056144E-2	1,390502E+0	1,393578E+0
20220917 11:34:04,942	c_1_3357_20220917_11_34_04,942.bmp	1,170506E+0	7,728286E+0	6,245971E-3	1,349272E-2	-1,696338E-2	-1,821066E-2	1,395599E+0	1,396136E+0
20220917 11:34:10,942	c_1_3358_20220917_11_34_10,942.bmp	1,175595E+0	7,752476E+0	6,245971E-3	1,094073E-2	-6,786918E-3	2,513491E-2	1,387954E+0	1,388463E+0
20220917 11:34:16,944	c_1_3359_20220917_11_34_16,944.bmp	1,183230E+0	7,775393E+0	3,700242E-3	1,094073E-2	8,454256E-4	2,187256E-3	1,382857E+0	1,388463E+0
20220917 11:34:22,948	c_1_3360_20220917_11_34_22,948.bmp	1,187047E+0	7,791944E+0	6,245971E-3	1,094073E-2	-4,242803E-3	-5,461963E-3	1,387954E+0	1,385905E+0
20220917 11:34:28,952	c_1_3361_20220917_11_34_28,952.bmp	1,187047E+0	7,812315E+0	7,518835E-3	1,349272E-2	-1,698689E-3	-8,011703E-3	1,390502E+0	1,396136E+0
20220917 11:34:34,953	c_1_3362_20220917_11_34_34,953.bmp	1,188319E+0	7,835232E+0	3,700242E-3	5,836756E-3	8,454256E-4	-8,011703E-3	1,382857E+0	1,385905E+0
20220917 11:34:40,953	c_1_3363_20220917_11_34_40,953.bmp	1,181957E+0	7,850510E+0	1,006456E-2	1,604471E-2	-9,331032E-3	-2,912223E-3	1,398148E+0	1,388463E+0
20220917 11:34:46,954	c_1_3364_20220917_11_34_46,954.bmp	1,187047E+0	7,875973E+0	3,700242E-3	9,664739E-3	3,389540E-3	-3,624835E-4	1,382857E+0	1,388463E+0
20220917 11:34:52,959	c_1_3365_20220917_11_34_52,959.bmp	1,181957E+0	7,892524E+0	6,245971E-3	1,094073E-2	-9,331032E-3	-2,912223E-3	1,390502E+0	1,388463E+0
20220917 11:34:58,961	c_1_3366_20220917_11_34_58,961.bmp	1,180685E+0	7,912894E+0	1,006456E-2	1,094073E-2	-4,242803E-3	-8,011703E-3	1,387954E+0	1,380789E+0
20220917 11:35:04,965	c_1_3367_20220917_11_35_04,965.bmp	1,188319E+0	7,935811E+0	3,700242E-3	7,112750E-3	5,933654E-3	-3,624835E-4	1,385405E+0	1,383347E+0
20220917 11:35:10,969	c_1_3368_20220917_11_35_10,969.bmp	1,188319E+0	7,953635E+0	7,518835E-3	8,388745E-3	-6,786918E-3	2,187256E-3	1,387954E+0	1,380789E+0
20220917 11:35:16,969	c_1_3369_20220917_11_35_16,969.bmp	1,190864E+0	7,976552E+0	6,245971E-3	7,112750E-3	-4,242803E-3	1,238622E-2	1,385405E+0	1,383347E+0
20220917 11:35:22,970	c_1_3370_20220917_11_35_22,970.bmp	1,197226E+0	7,995650E+0	4,973106E-3	1,094073E-2	-1,698689E-3	-8,011703E-3	1,390502E+0	1,388463E+0
20220917 11:35:28,973	c_1_3371_20220917_11_35_28,973.bmp	1,199771E+0	8,012201E+0	4,973106E-3	1,094073E-2	-6,786918E-3	-1,566092E-2	1,390502E+0	1,396136E+0
20220917 11:35:34,975	c_1_3372_20220917_11_35_34,975.bmp	1,199771E+0	8,033844E+0	1,006456E-2	1,094073E-2	-6,786918E-3	-8,011703E-3	1,387954E+0	1,388463E+0
20220917 11:35:40,978	c_1_3373_20220917_11_35_40,978.bmp	1,207405E+0	8,056761E+0	4,973106E-3	8,388745E-3	-6,786918E-3	-5,461963E-3	1,390502E+0	1,380789E+0
20220917 11:35:46,978	c_1_3374_20220917_11_35_46,978.bmp	1,211223E+0	8,069493E+0	8,791700E-3	1,349272E-2	-9,331032E-3	-2,331014E-2	1,398148E+0	1,393578E+0
20220917 11:35:52,979	c_1_3375_20220917_11_35_52,979.bmp	1,220129E+0	8,092410E+0	7,518835E-3	1,094073E-2	-9,331032E-3	-8,011703E-3	1,390502E+0	1,396136E+0
20220917 11:35:58,984	c_1_3376_20220917_11_35_58,984.bmp	1,215040E+0	8,108961E+0	1,006456E-2	1,349272E-2	-1,441926E-2	-5,461963E-3	1,398148E+0	1,388463E+0
20220917 11:36:04,986	c_1_3377_20220917_11_36_04,986.bmp	1,030541E+0	8,133151E+0	7,518835E-3	1,349272E-2	-1,696338E-2	-8,011703E-3	1,387954E+0	1,396136E+0
20220917 11:36:10,988	c_1_3378_20220917_11_36_10,988.bmp	9,223869E-1	8,149702E+0	8,791700E-3	1,349272E-2	-6,786918E-3	-8,011703E-3	1,398148E+0	1,396136E+0
20220917 11:36:16,992	c_1_3379_20220917_11_36_16,992.bmp	8,574943E-1	8,173892E+0	3,700242E-3	1,094073E-2	-1,698689E-3	4,736996E-3	1,390502E+0	1,388463E+0
20220917 11:36:22,994	c_1_3380_20220917_11_36_22,994.bmp	8,307739E-1	8,195536E+0	3,700242E-3	8,388745E-3	8,454256E-4	-3,624835E-4	1,382857E+0	1,388463E+0
20220917 11:36:28,999	c_1_3381_20220917_11_36_28,999.bmp	8,104154E-1	8,212087E+0	6,245971E-3	8,388745E-3	-6,786918E-3	2,187256E-3	1,387954E+0	1,383347E+0
20220917 11:36:35,004	c_1_3382_20220917_11_36_35,004.bmp	6,589994E-1	8,233730E+0	7,518835E-3	1,094073E-2	1,102188E-2	2,187256E-3	1,390502E+0	1,383347E+0
20220917 11:36:41,007	c_1_3383_20220917_11_36_41,007.bmp	6,577270E-1	8,252828E+0	7,518835E-3	1,476871E-2	8,454256E-4	-1,056144E-2	1,387954E+0	1,396136E+0
20220917 11:36:47,007	c_1_3384_20220917_11_36_47,007.bmp	6,615442E-1	8,270652E+0	6,245971E-3	1,476871E-2	-1,696338E-2	-1,056144E-2	1,395599E+0	1,388463E+0
20220917 11:36:53,009	c_1_3385_20220917_11_36_53,009.bmp	6,628166E-1	8,289749E+0	1,006456E-2	1,476871E-2	-2,205160E-2	-1,566092E-2	1,398148E+0	1,393578E+0
20220917 11:36:59,012	c_1_3386_20220917_11_36_59,012.bmp	6,679062E-1	8,310120E+0	7,518835E-3	1,349272E-2	-2,968395E-2	-8,011703E-3	1,390502E+0	1,396136E+0
