0.000000000000000000e+00 -1.842105263157894478e-03
1.000000000000000000e+00 -1.749999999999999820e-03
2.000000000000000000e+00 -1.749999999999999820e-03
3.000000000000000000e+00 -1.657894736842105161e-03
4.000000000000000000e+00 -1.565789473684210285e-03
5.000000000000000000e+00 -1.565789473684210285e-03
6.000000000000000000e+00 -1.473684210526315626e-03
7.000000000000000000e+00 -1.381578947368420967e-03
8.000000000000000000e+00 -1.289473684210526092e-03
9.000000000000000000e+00 -1.289473684210526092e-03
1.000000000000000000e+01 -1.197368421052631433e-03
1.100000000000000000e+01 -1.105263157894736774e-03
1.200000000000000000e+01 -1.105263157894736774e-03
1.300000000000000000e+01 -1.013157894736841898e-03
1.400000000000000000e+01 -9.210526315789472392e-04
1.500000000000000000e+01 -9.210526315789472392e-04
1.600000000000000000e+01 -8.289473684210525804e-04
1.700000000000000000e+01 -7.368421052631578131e-04
1.800000000000000000e+01 -6.447368421052630458e-04
1.900000000000000000e+01 -6.447368421052630458e-04
2.000000000000000000e+01 -5.526315789473683869e-04
2.100000000000000000e+01 -4.605263157894736196e-04
2.200000000000000000e+01 -4.605263157894736196e-04
2.300000000000000000e+01 -3.684210526315789065e-04
2.400000000000000000e+01 -2.763157894736841935e-04
2.500000000000000000e+01 -2.763157894736841935e-04
2.600000000000000000e+01 -1.842105263157894533e-04
2.700000000000000000e+01 -9.210526315789472663e-05
2.800000000000000000e+01 0.000000000000000000e+00
2.900000000000000000e+01 0.000000000000000000e+00
3.000000000000000000e+01 2.486842105263157524e-03
3.100000000000000000e+01 2.486842105263157524e-03
3.200000000000000000e+01 2.486842105263157524e-03
3.300000000000000000e+01 2.578947368421052183e-03
3.400000000000000000e+01 2.671052631578947276e-03
3.500000000000000000e+01 2.671052631578947276e-03
3.600000000000000000e+01 2.763157894736841935e-03
3.700000000000000000e+01 4.881578947368420823e-03
3.800000000000000000e+01 5.894736842105262505e-03
3.900000000000000000e+01 6.355263157894736233e-03
4.000000000000000000e+01 6.907894736842104186e-03
4.100000000000000000e+01 7.644736842105262324e-03
4.200000000000000000e+01 8.197368421052630277e-03
4.300000000000000000e+01 8.749999999999999098e-03
4.400000000000000000e+01 9.578947368421051461e-03
4.500000000000000000e+01 1.003947368421052519e-02
4.600000000000000000e+01 1.068421052631578910e-02
4.700000000000000000e+01 1.105263157894736774e-02
4.800000000000000000e+01 1.169736842105262992e-02
4.900000000000000000e+01 1.252631578947368228e-02
5.000000000000000000e+01 1.344736842105262974e-02
5.100000000000000000e+01 1.409210526315789365e-02
5.200000000000000000e+01 1.482894736842105092e-02
5.300000000000000000e+01 1.547368421052631483e-02
5.400000000000000000e+01 1.593421052631578683e-02
5.500000000000000000e+01 1.639473684210526055e-02
5.600000000000000000e+01 1.694736842105263111e-02
5.700000000000000000e+01 1.740789473684210484e-02
5.800000000000000000e+01 1.768421052631578838e-02
5.900000000000000000e+01 1.823684210526315547e-02
6.000000000000000000e+01 1.860526315789473584e-02
6.100000000000000000e+01 1.888157894736841938e-02
6.200000000000000000e+01 1.915789473684210292e-02
6.300000000000000000e+01 1.971052631578947001e-02
6.400000000000000000e+01 1.989473684210526019e-02
6.500000000000000000e+01 2.017105263157894374e-02
6.600000000000000000e+01 2.081578947368420765e-02
6.700000000000000000e+01 2.136842105263157821e-02
6.800000000000000000e+01 2.192105263157894529e-02
6.900000000000000000e+01 2.228947368421052219e-02
7.000000000000000000e+01 2.330263157894736648e-02
7.100000000000000000e+01 2.394736842105263039e-02
7.200000000000000000e+01 2.459210526315789083e-02
7.300000000000000000e+01 2.624999999999999556e-02
7.400000000000000000e+01 2.846052631578947084e-02
7.500000000000000000e+01 3.002631578947368221e-02
7.600000000000000000e+01 3.011842105263157557e-02
7.700000000000000000e+01 2.938157894736841830e-02
7.800000000000000000e+01 2.993421052631578538e-02
7.900000000000000000e+01 3.030263157894736575e-02
8.000000000000000000e+01 3.076315789473683948e-02
8.100000000000000000e+01 3.113157894736841638e-02
8.200000000000000000e+01 3.177631578947368030e-02
8.300000000000000000e+01 3.223684210526315402e-02
8.400000000000000000e+01 3.260526315789473439e-02
8.500000000000000000e+01 3.334210526315788820e-02
8.600000000000000000e+01 3.426315789473683565e-02
8.700000000000000000e+01 3.490789473684210303e-02
8.800000000000000000e+01 3.546052631578947012e-02
8.900000000000000000e+01 3.592105263157894385e-02
9.000000000000000000e+01 3.739473684210525839e-02
9.100000000000000000e+01 3.656578947368420429e-02
9.200000000000000000e+01 3.711842105263157138e-02
9.300000000000000000e+01 3.711842105263157138e-02
9.400000000000000000e+01 3.748684210526315175e-02
9.500000000000000000e+01 3.757894736842104511e-02
9.600000000000000000e+01 3.803947368421051883e-02
9.700000000000000000e+01 3.849999999999999256e-02
9.800000000000000000e+01 3.886842105263157293e-02
9.900000000000000000e+01 3.914473684210525994e-02
1.000000000000000000e+02 3.969736842105262703e-02
1.010000000000000000e+02 4.015789473684210076e-02
1.020000000000000000e+02 4.061842105263157449e-02
1.030000000000000000e+02 4.117105263157894157e-02
1.040000000000000000e+02 4.163157894736841530e-02
1.050000000000000000e+02 4.199999999999999567e-02
1.060000000000000000e+02 4.246052631578946940e-02
1.070000000000000000e+02 4.319736842105263014e-02
1.080000000000000000e+02 4.411842105263157066e-02
1.090000000000000000e+02 4.467105263157894468e-02
1.100000000000000000e+02 4.531578947368420512e-02
1.110000000000000000e+02 4.568421052631578549e-02
1.120000000000000000e+02 4.632894736842104594e-02
1.130000000000000000e+02 4.678947368421051967e-02
1.140000000000000000e+02 4.715789473684210004e-02
1.150000000000000000e+02 4.752631578947368041e-02
1.160000000000000000e+02 4.780263157894736048e-02
1.170000000000000000e+02 4.817105263157894085e-02
1.180000000000000000e+02 4.872368421052630794e-02
1.190000000000000000e+02 4.927631578947368196e-02
1.200000000000000000e+02 4.955263157894736203e-02
1.210000000000000000e+02 4.946052631578946868e-02
1.220000000000000000e+02 5.010526315789472912e-02
1.230000000000000000e+02 5.074999999999999650e-02
1.240000000000000000e+02 5.130263157894736359e-02
1.250000000000000000e+02 5.176315789473683732e-02
1.260000000000000000e+02 5.222368421052631104e-02
1.270000000000000000e+02 5.277631578947367813e-02
1.280000000000000000e+02 5.314473684210525850e-02
1.290000000000000000e+02 5.351315789473683887e-02
1.300000000000000000e+02 5.397368421052631260e-02
1.310000000000000000e+02 5.424999999999999267e-02
1.320000000000000000e+02 5.471052631578946640e-02
1.330000000000000000e+02 5.517105263157894013e-02
1.340000000000000000e+02 5.553947368421052050e-02
1.350000000000000000e+02 5.590789473684210087e-02
1.360000000000000000e+02 5.627631578947368124e-02
1.370000000000000000e+02 5.664473684210525467e-02
1.380000000000000000e+02 5.682894736842104833e-02
1.390000000000000000e+02 5.701315789473683504e-02
1.400000000000000000e+02 5.728947368421052205e-02
1.410000000000000000e+02 6.097368421052631188e-02
1.420000000000000000e+02 6.097368421052631188e-02
1.430000000000000000e+02 6.106578947368420524e-02
1.440000000000000000e+02 6.106578947368420524e-02
1.450000000000000000e+02 6.115789473684209859e-02
1.460000000000000000e+02 6.124999999999999195e-02
1.470000000000000000e+02 6.134210526315788531e-02
1.480000000000000000e+02 6.134210526315788531e-02
1.490000000000000000e+02 6.023684210526315114e-02
1.500000000000000000e+02 6.060526315789473151e-02
1.510000000000000000e+02 6.097368421052631188e-02
1.520000000000000000e+02 6.134210526315788531e-02
1.530000000000000000e+02 6.189473684210525933e-02
1.540000000000000000e+02 6.235526315789473306e-02
1.550000000000000000e+02 6.299999999999998657e-02
1.560000000000000000e+02 6.364473684210525395e-02
1.570000000000000000e+02 6.428947368421052133e-02
1.580000000000000000e+02 6.465789473684209476e-02
1.590000000000000000e+02 6.511842105263157543e-02
1.600000000000000000e+02 6.557894736842104222e-02
1.610000000000000000e+02 6.576315789473682893e-02
1.620000000000000000e+02 6.613157894736841624e-02
1.630000000000000000e+02 6.649999999999998967e-02
1.640000000000000000e+02 6.686842105263157698e-02
1.650000000000000000e+02 6.714473684210525706e-02
1.660000000000000000e+02 6.742105263157893713e-02
1.670000000000000000e+02 6.769736842105261720e-02
1.680000000000000000e+02 6.788157894736841780e-02
1.690000000000000000e+02 6.824999999999999123e-02
1.700000000000000000e+02 6.852631578947367130e-02
1.710000000000000000e+02 6.871052631578947190e-02
1.720000000000000000e+02 6.917105263157893869e-02
1.730000000000000000e+02 6.963157894736841935e-02
1.740000000000000000e+02 6.990789473684209943e-02
1.750000000000000000e+02 7.027631578947367286e-02
1.760000000000000000e+02 7.055263157894736681e-02
1.770000000000000000e+02 7.101315789473683360e-02
1.780000000000000000e+02 7.138157894736840703e-02
1.790000000000000000e+02 7.174999999999999434e-02
1.800000000000000000e+02 7.202631578947367441e-02
1.810000000000000000e+02 7.239473684210526172e-02
