-1.619172801368778350e-04
3.775915563220332272e-06
2.601562666859307763e-03
1.147732305676595066e-02
2.896123602054589963e-02
4.725340516055042545e-02
7.535448472944833442e-02
1.146928427271005912e-01
1.568895761355412199e-01
2.048305470946253648e-01
2.553556408221988594e-01
3.173744520051416385e-01
3.919813230318763275e-01
4.567204221075031878e-01
5.442299130030426868e-01
6.381770311844980892e-01
7.204275418002883402e-01
8.176385596915084486e-01
9.302965549451650551e-01
1.044729908117013384e+00
1.160796549933582833e+00
1.288981097269457754e+00
1.404820384908002540e+00
1.533179239140980643e+00
1.687553229828551826e+00
1.809477854212617309e+00
1.950652446161470710e+00
2.026331566947484841e+00
2.062763945837878143e+00
2.065229159061723330e+00
1.954047781960907004e+00
1.954917365609354363e+00
1.953735278935988973e+00
2.011459918693154325e+00
2.034303007574314925e+00
2.088981710331508701e+00
2.142126062719217128e+00
2.089845990093078143e+00
2.098698263642552853e+00
2.137118546818289389e+00
2.154488101276755163e+00
2.153019415245584156e+00
2.164154754467889852e+00
2.181843457036399592e+00
2.175016909946038357e+00
2.188513857597645274e+00
2.192548248923866350e+00
2.181524921401412964e+00
2.162291241015751542e+00
2.139710328456833732e+00
2.093562898170755915e+00
2.106985316139619702e+00
2.108970745059020935e+00
2.119822170809162021e+00
2.129735215842953444e+00
2.148380018746854692e+00
2.148573803662915171e+00
2.156828308816659767e+00
2.193220744706397163e+00
2.206903545019498925e+00
2.231231961464454461e+00
2.270630364955567693e+00
2.290751093277374029e+00
2.301043281752901404e+00
2.320492953430280281e+00
2.302675684374767773e+00
2.255408276733580131e+00
2.205288952199113250e+00
2.155909673235322010e+00
2.153404358447799094e+00
2.125530837042275856e+00
2.102194739632160747e+00
2.049063708571521758e+00
1.925024723302510621e+00
1.851311759071007312e+00
1.807506258168663615e+00
1.803838055551272301e+00
1.829277781324794905e+00
1.827199475520711269e+00
1.825411478485403194e+00
1.835487728298443644e+00
1.847789834454691027e+00
1.842416993776437417e+00
1.841683795497655707e+00
1.841247404779632779e+00
1.824053461985636782e+00
1.818135218864217695e+00
1.825329124642191436e+00
1.820998155026231746e+00
1.835819827294967954e+00
1.818683144586034972e+00
1.863518298823526376e+00
1.873309871234515978e+00
1.891478805585030010e+00
1.894407669925167959e+00
1.914317070046021918e+00
1.927023833837724354e+00
1.932729020796495556e+00
1.937861756707626171e+00
1.947677243495121946e+00
1.951008262010170080e+00
1.958651848455676747e+00
1.948030818954165744e+00
1.944217313471466424e+00
1.952266671828655653e+00
1.947963316785948029e+00
1.938867104024351473e+00
1.916749675962405419e+00
1.893935667801459832e+00
1.868322301379586881e+00
1.853349165181062741e+00
1.843578060082164516e+00
1.846276874691435976e+00
1.849222202513770119e+00
1.855745638556946853e+00
1.859342343012090781e+00
1.874999466282219140e+00
1.880042898616190783e+00
1.867601444462306581e+00
1.859610897099210902e+00
1.854388023643218197e+00
1.868858289991324639e+00
1.858316789038729544e+00
1.861595660032378863e+00
1.847321096094916681e+00
1.844396408244675989e+00
1.841976819658530884e+00
1.832378276094436265e+00
1.826219235855206957e+00
1.828616896044586992e+00
1.834394900253126570e+00
1.830348101439483344e+00
1.836763654023668924e+00
1.839872807755579043e+00
1.838637599799849198e+00
1.828750910220666048e+00
1.828492081016841686e+00
1.831607211102380450e+00
1.840357463631200341e+00
1.837464125116868408e+00
1.856061946378396277e+00
1.800715104723981774e+00
1.807333452134040286e+00
1.824549837394099594e+00
1.827779018253679721e+00
1.837552842366313888e+00
1.857231517192156733e+00
1.860325547562090343e+00
1.863994415229405899e+00
1.886171918851175633e+00
1.879891572269176470e+00
1.875963505683831078e+00
1.884568211441491226e+00
1.874890052867940415e+00
1.871324446934814034e+00
1.871791730184262592e+00
1.848908265286915542e+00
1.839455807111062713e+00
1.836538621526109916e+00
1.849225266388544231e+00
1.834394893895915146e+00
1.836036247777582009e+00
1.843684795157960243e+00
1.852776982206269407e+00
1.854752554749025339e+00
1.866431147741176133e+00
1.862988440993632588e+00
1.885729322186280088e+00
1.893469660487240303e+00
1.891237800008305880e+00
1.901324636780280519e+00
1.902068028704933633e+00
1.886513621401298302e+00
1.895214074646548452e+00
1.887633735439085969e+00
1.898009430159279143e+00
1.889556406507039377e+00
1.883583525673769188e+00
1.895619450161271535e+00
1.896794847537258910e+00
1.890077334481515381e+00
1.886716327482200306e+00
