20220411 10:11:21,804	c_0_153_20220411_10_11_21,804.bmp	1,483002E-2	-9,878493E-3	4,902598E-5	1,107786E-5
20220411 10:11:27,806	c_0_154_20220411_10_11_27,806.bmp	8,301209E-4	4,124205E-3	-1,223829E-3	-2,534943E-3
20220411 10:11:33,808	c_0_155_20220411_10_11_33,808.bmp	1,141020E-1	2,067285E-2	-1,223829E-3	1,107786E-5
20220411 10:11:39,810	c_0_156_20220411_10_11_39,810.bmp	2,541010E-1	4,104041E-2	4,902598E-5	1,107786E-5
20220411 10:11:45,812	c_0_157_20220411_10_11_45,812.bmp	4,042817E-1	6,522689E-2	4,902598E-5	-3,807953E-3
20220411 10:11:51,813	c_0_158_20220411_10_11_51,813.bmp	5,519170E-1	7,795662E-2	1,321881E-3	2,557098E-3
20220411 10:11:57,816	c_0_159_20220411_10_11_57,816.bmp	7,084613E-1	9,705120E-2	-1,223829E-3	2,557098E-3
20220411 10:12:03,818	c_0_160_20220411_10_12_03,818.bmp	8,650056E-1	1,212377E-1	-1,223829E-3	1,107786E-5
20220411 10:12:09,823	c_0_161_20220411_10_12_09,823.bmp	1,015186E+0	1,416052E-1	4,902598E-5	2,557098E-3
20220411 10:12:15,828	c_0_162_20220411_10_12_15,828.bmp	1,167912E+0	1,606998E-1	4,902598E-5	1,107786E-5
20220411 10:12:21,830	c_0_163_20220411_10_12_21,830.bmp	1,304093E+0	1,797944E-1	4,902598E-5	1,107786E-5
20220411 10:12:27,840	c_0_164_20220411_10_12_27,840.bmp	1,468274E+0	1,988890E-1	4,902598E-5	1,284088E-3
20220411 10:12:33,842	c_0_165_20220411_10_12_33,842.bmp	1,626091E+0	2,218025E-1	1,321881E-3	1,107786E-5
20220411 10:12:39,843	c_0_166_20220411_10_12_39,843.bmp	1,776272E+0	2,370782E-1	3,867592E-3	2,557098E-3
20220411 10:12:45,847	c_0_167_20220411_10_12_45,847.bmp	1,934089E+0	2,599917E-1	1,321881E-3	1,107786E-5
20220411 10:12:51,850	c_0_168_20220411_10_12_51,850.bmp	2,084269E+0	2,829052E-1	-5,042396E-3	-3,807953E-3
20220411 10:12:57,853	c_0_169_20220411_10_12_57,853.bmp	2,236995E+0	2,981809E-1	-1,223829E-3	-1,261932E-3
20220411 10:13:03,854	c_0_170_20220411_10_13_03,854.bmp	2,390994E+0	3,172755E-1	1,321881E-3	2,557098E-3
20220411 10:13:09,855	c_0_171_20220411_10_13_09,855.bmp	2,542448E+0	3,401890E-1	-1,223829E-3	1,107786E-5
20220411 10:13:15,858	c_0_172_20220411_10_13_15,858.bmp	2,693901E+0	3,605565E-1	-2,496685E-3	1,107786E-5
20220411 10:13:21,859	c_0_173_20220411_10_13_21,859.bmp	2,838991E+0	3,809241E-1	4,902598E-5	1,107786E-5
20220411 10:13:27,864	c_0_174_20220411_10_13_27,864.bmp	2,989172E+0	4,025646E-1	-1,223829E-3	1,284088E-3
20220411 10:13:33,865	c_0_175_20220411_10_13_33,865.bmp	3,129171E+0	4,191133E-1	3,867592E-3	1,107786E-5
20220411 10:13:39,866	c_0_176_20220411_10_13_39,866.bmp	3,272988E+0	4,382079E-1	2,594737E-3	1,107786E-5
20220411 10:13:45,869	c_0_177_20220411_10_13_45,869.bmp	3,411714E+0	4,636673E-1	-3,769540E-3	-3,807953E-3
20220411 10:13:51,874	c_0_178_20220411_10_13_51,874.bmp	3,541531E+0	4,789430E-1	-2,496685E-3	1,284088E-3
20220411 10:13:57,879	c_0_179_20220411_10_13_57,879.bmp	3,650985E+0	5,018565E-1	-3,769540E-3	-3,807953E-3
20220411 10:14:03,881	c_0_180_20220411_10_14_03,881.bmp	3,634440E+0	5,247700E-1	4,902598E-5	-3,807953E-3
20220411 10:14:09,889	c_0_181_20220411_10_14_09,889.bmp	3,577167E+0	5,438646E-1	-3,769540E-3	-3,807953E-3
20220411 10:14:15,893	c_0_182_20220411_10_14_15,893.bmp	3,499532E+0	5,565943E-1	-2,496685E-3	2,557098E-3
20220411 10:14:21,898	c_0_183_20220411_10_14_21,898.bmp	3,369714E+0	5,769619E-1	4,902598E-5	2,557098E-3
20220411 10:14:27,902	c_0_184_20220411_10_14_27,902.bmp	3,242443E+0	5,998754E-1	-3,769540E-3	1,107786E-5
20220411 10:14:33,907	c_0_185_20220411_10_14_33,907.bmp	3,146989E+0	6,176970E-1	-1,223829E-3	1,284088E-3
20220411 10:14:39,908	c_0_186_20220411_10_14_39,908.bmp	3,117716E+0	6,431564E-1	-5,042396E-3	-5,080963E-3
20220411 10:14:45,911	c_0_187_20220411_10_14_45,911.bmp	3,085898E+0	6,584321E-1	3,867592E-3	2,557098E-3
20220411 10:14:51,912	c_0_188_20220411_10_14_51,912.bmp	3,079535E+0	6,775267E-1	-1,223829E-3	1,107786E-5
20220411 10:14:57,915	c_0_189_20220411_10_14_57,915.bmp	3,060444E+0	7,004402E-1	-2,496685E-3	-1,261932E-3
20220411 10:15:03,917	c_0_190_20220411_10_15_03,917.bmp	3,040080E+0	7,182618E-1	3,867592E-3	3,830109E-3
20220411 10:15:09,921	c_0_191_20220411_10_15_09,921.bmp	3,023535E+0	7,399024E-1	4,902598E-5	1,107786E-5
20220411 10:15:15,925	c_0_192_20220411_10_15_15,925.bmp	3,008262E+0	7,640888E-1	-3,769540E-3	-3,807953E-3
20220411 10:15:21,931	c_0_193_20220411_10_15_21,931.bmp	2,990444E+0	7,831834E-1	1,321881E-3	-3,807953E-3
20220411 10:15:27,937	c_0_194_20220411_10_15_27,937.bmp	2,972626E+0	7,984591E-1	-1,223829E-3	3,830109E-3
20220411 10:15:33,943	c_0_195_20220411_10_15_33,943.bmp	2,939536E+0	8,200996E-1	2,594737E-3	2,557098E-3
20220411 10:15:39,944	c_0_196_20220411_10_15_39,944.bmp	2,912809E+0	8,430131E-1	-1,223829E-3	-1,261932E-3
20220411 10:15:45,947	c_0_197_20220411_10_15_45,947.bmp	2,900081E+0	8,570158E-1	1,321881E-3	-1,261932E-3
20220411 10:15:51,952	c_0_198_20220411_10_15_51,952.bmp	2,878445E+0	8,761104E-1	3,867592E-3	1,107786E-5
20220411 10:15:57,953	c_0_199_20220411_10_15_57,953.bmp	2,838991E+0	9,002969E-1	-1,223829E-3	-1,261932E-3
20220411 10:16:03,954	c_0_200_20220411_10_16_03,954.bmp	2,784264E+0	9,193915E-1	-1,223829E-3	-1,261932E-3
20220411 10:16:09,958	c_0_201_20220411_10_16_09,958.bmp	2,730810E+0	9,397591E-1	-1,223829E-3	-3,807953E-3
20220411 10:16:15,962	c_0_202_20220411_10_16_15,962.bmp	2,679901E+0	9,613996E-1	1,321881E-3	1,107786E-5
20220411 10:16:21,965	c_0_203_20220411_10_16_21,965.bmp	2,618811E+0	9,779482E-1	4,902598E-5	2,557098E-3
20220411 10:16:27,967	c_0_204_20220411_10_16_27,967.bmp	2,603538E+0	1,000862E+0	-3,769540E-3	1,284088E-3
20220411 10:16:33,972	c_0_205_20220411_10_16_33,972.bmp	2,585720E+0	1,021229E+0	-3,769540E-3	1,107786E-5
20220411 10:16:39,977	c_0_206_20220411_10_16_39,977.bmp	2,575538E+0	1,041597E+0	-3,769540E-3	-3,807953E-3
20220411 10:16:45,978	c_0_207_20220411_10_16_45,978.bmp	2,560266E+0	1,060691E+0	4,902598E-5	1,107786E-5
20220411 10:16:51,988	c_0_208_20220411_10_16_51,988.bmp	2,550084E+0	1,082332E+0	-3,769540E-3	-1,261932E-3
20220411 10:16:57,992	c_0_209_20220411_10_16_57,992.bmp	2,537357E+0	1,097608E+0	4,902598E-5	1,284088E-3
20220411 10:17:03,996	c_0_210_20220411_10_17_03,996.bmp	2,522084E+0	1,116702E+0	1,321881E-3	2,557098E-3
20220411 10:17:09,998	c_0_211_20220411_10_17_09,998.bmp	2,515721E+0	1,143435E+0	-3,769540E-3	-3,807953E-3
20220411 10:17:16,006	c_0_212_20220411_10_17_16,006.bmp	2,514448E+0	1,161256E+0	1,321881E-3	1,107786E-5
20220411 10:17:22,007	c_0_213_20220411_10_17_22,007.bmp	2,518266E+0	1,179078E+0	1,321881E-3	1,107786E-5
20220411 10:17:28,008	c_0_214_20220411_10_17_28,008.bmp	2,522084E+0	1,203264E+0	4,902598E-5	-2,534943E-3
20220411 10:17:34,011	c_0_215_20220411_10_17_34,011.bmp	2,523357E+0	1,218540E+0	4,902598E-5	1,107786E-5
20220411 10:17:40,012	c_0_216_20220411_10_17_40,012.bmp	2,516993E+0	1,237635E+0	4,902598E-5	2,557098E-3
20220411 10:17:46,014	c_0_217_20220411_10_17_46,014.bmp	2,501721E+0	1,259275E+0	1,321881E-3	1,107786E-5
20220411 10:17:52,019	c_0_218_20220411_10_17_52,019.bmp	2,453357E+0	1,279643E+0	-1,223829E-3	-1,261932E-3
20220411 10:17:58,020	c_0_219_20220411_10_17_58,020.bmp	2,390994E+0	1,298737E+0	4,902598E-5	1,107786E-5
20220411 10:18:04,022	c_0_220_20220411_10_18_04,022.bmp	2,312086E+0	1,324197E+0	-3,769540E-3	-3,807953E-3
20220411 10:18:10,026	c_0_221_20220411_10_18_10,026.bmp	2,257359E+0	1,336927E+0	4,902598E-5	3,830109E-3
20220411 10:18:16,034	c_0_222_20220411_10_18_16,034.bmp	2,226814E+0	1,361113E+0	-1,223829E-3	1,107786E-5
20220411 10:18:22,036	c_0_223_20220411_10_18_22,036.bmp	2,200087E+0	1,380208E+0	4,902598E-5	1,107786E-5
20220411 10:18:28,041	c_0_224_20220411_10_18_28,041.bmp	2,164451E+0	1,400575E+0	-3,769540E-3	-1,261932E-3
20220411 10:18:34,046	c_0_225_20220411_10_18_34,046.bmp	2,096996E+0	1,422216E+0	4,902598E-5	-2,534943E-3
20220411 10:18:40,052	c_0_226_20220411_10_18_40,052.bmp	1,990088E+0	1,441310E+0	-2,496685E-3	1,107786E-5
20220411 10:18:46,055	c_0_227_20220411_10_18_46,055.bmp	1,945543E+0	1,461678E+0	-2,496685E-3	-3,807953E-3
20220411 10:18:52,060	c_0_228_20220411_10_18_52,060.bmp	1,909907E+0	1,484591E+0	-3,769540E-3	-3,807953E-3
20220411 10:18:58,062	c_0_229_20220411_10_18_58,062.bmp	1,885725E+0	1,502413E+0	4,902598E-5	1,107786E-5
20220411 10:19:04,067	c_0_230_20220411_10_19_04,067.bmp	1,872998E+0	1,518962E+0	3,867592E-3	2,557098E-3
20220411 10:19:10,072	c_0_231_20220411_10_19_10,072.bmp	1,855180E+0	1,543148E+0	-2,496685E-3	-3,807953E-3
20220411 10:19:16,073	c_0_232_20220411_10_19_16,073.bmp	1,841180E+0	1,560970E+0	4,902598E-5	-1,261932E-3
20220411 10:19:22,078	c_0_233_20220411_10_19_22,078.bmp	1,838635E+0	1,581337E+0	4,902598E-5	-1,261932E-3
20220411 10:19:28,085	c_0_234_20220411_10_19_28,085.bmp	1,834817E+0	1,602978E+0	-1,223829E-3	-1,261932E-3
20220411 10:19:34,089	c_0_235_20220411_10_19_34,089.bmp	1,824635E+0	1,620799E+0	-5,042396E-3	-2,534943E-3
20220411 10:19:40,091	c_0_236_20220411_10_19_40,091.bmp	1,810635E+0	1,642440E+0	4,902598E-5	1,107786E-5
20220411 10:19:46,095	c_0_237_20220411_10_19_46,095.bmp	1,797908E+0	1,661535E+0	-5,042396E-3	1,107786E-5
20220411 10:19:52,097	c_0_238_20220411_10_19_52,097.bmp	1,777544E+0	1,680629E+0	3,867592E-3	1,107786E-5
20220411 10:19:58,099	c_0_239_20220411_10_19_58,099.bmp	1,773726E+0	1,698451E+0	1,321881E-3	1,107786E-5
20220411 10:20:04,103	c_0_240_20220411_10_20_04,103.bmp	1,767363E+0	1,725183E+0	1,321881E-3	-3,807953E-3
20220411 10:20:10,107	c_0_241_20220411_10_20_10,107.bmp	1,758454E+0	1,741732E+0	4,902598E-5	1,284088E-3
20220411 10:20:16,109	c_0_242_20220411_10_20_16,109.bmp	1,762272E+0	1,762099E+0	4,902598E-5	1,107786E-5
20220411 10:20:22,111	c_0_243_20220411_10_20_22,111.bmp	1,758454E+0	1,781194E+0	1,321881E-3	1,107786E-5
20220411 10:20:28,114	c_0_244_20220411_10_20_28,114.bmp	1,764817E+0	1,800289E+0	1,321881E-3	-1,261932E-3
20220411 10:20:34,117	c_0_245_20220411_10_20_34,117.bmp	1,766090E+0	1,820656E+0	4,902598E-5	1,107786E-5
20220411 10:20:40,121	c_0_246_20220411_10_20_40,121.bmp	1,762272E+0	1,842297E+0	1,321881E-3	1,107786E-5
20220411 10:20:46,125	c_0_247_20220411_10_20_46,125.bmp	1,755908E+0	1,860118E+0	4,902598E-5	1,107786E-5
20220411 10:20:52,133	c_0_248_20220411_10_20_52,133.bmp	1,755908E+0	1,881759E+0	1,321881E-3	-1,261932E-3
20220411 10:20:58,136	c_0_249_20220411_10_20_58,136.bmp	1,757181E+0	1,903399E+0	-1,223829E-3	1,107786E-5
20220411 10:21:04,141	c_0_250_20220411_10_21_04,141.bmp	1,753363E+0	1,923767E+0	-3,769540E-3	-3,807953E-3
20220411 10:21:10,146	c_0_251_20220411_10_21_10,146.bmp	1,749544E+0	1,941588E+0	4,902598E-5	-3,807953E-3
20220411 10:21:16,150	c_0_252_20220411_10_21_16,150.bmp	1,746999E+0	1,960683E+0	4,902598E-5	1,107786E-5
20220411 10:21:22,151	c_0_253_20220411_10_21_22,151.bmp	1,744454E+0	1,979778E+0	-3,769540E-3	1,107786E-5
20220411 10:21:28,152	c_0_254_20220411_10_21_28,152.bmp	1,740635E+0	2,002691E+0	-1,223829E-3	-3,807953E-3
20220411 10:21:34,154	c_0_255_20220411_10_21_34,154.bmp	1,724090E+0	2,021786E+0	-1,223829E-3	-1,261932E-3
20220411 10:21:40,156	c_0_256_20220411_10_21_40,156.bmp	1,717727E+0	2,038334E+0	3,867592E-3	2,557098E-3
20220411 10:21:46,159	c_0_257_20220411_10_21_46,159.bmp	1,712636E+0	2,063794E+0	-5,042396E-3	1,107786E-5
20220411 10:21:52,161	c_0_258_20220411_10_21_52,161.bmp	1,702454E+0	2,080343E+0	-3,769540E-3	1,107786E-5
20220411 10:21:58,162	c_0_259_20220411_10_21_58,162.bmp	1,685909E+0	2,101983E+0	4,902598E-5	1,107786E-5
20220411 10:22:04,164	c_0_260_20220411_10_22_04,164.bmp	1,665545E+0	2,121078E+0	3,867592E-3	1,284088E-3
20220411 10:22:10,165	c_0_261_20220411_10_22_10,165.bmp	1,649000E+0	2,138899E+0	-1,223829E-3	1,107786E-5
20220411 10:22:16,166	c_0_262_20220411_10_22_16,166.bmp	1,622273E+0	2,157994E+0	3,867592E-3	2,557098E-3
20220411 10:22:22,168	c_0_263_20220411_10_22_22,168.bmp	1,601909E+0	2,183453E+0	-2,496685E-3	-3,807953E-3
20220411 10:22:28,171	c_0_264_20220411_10_22_28,171.bmp	1,587909E+0	2,200002E+0	-1,223829E-3	1,107786E-5
20220411 10:22:34,175	c_0_265_20220411_10_22_34,175.bmp	1,584091E+0	2,224188E+0	-3,769540E-3	-3,807953E-3
20220411 10:22:40,175	c_0_266_20220411_10_22_40,175.bmp	1,582818E+0	2,240737E+0	-3,769540E-3	1,107786E-5
20220411 10:22:46,176	c_0_267_20220411_10_22_46,176.bmp	1,577728E+0	2,264924E+0	4,902598E-5	-3,807953E-3
20220411 10:22:52,182	c_0_268_20220411_10_22_52,182.bmp	1,576455E+0	2,280199E+0	-1,223829E-3	1,107786E-5
20220411 10:22:58,185	c_0_269_20220411_10_22_58,185.bmp	1,577728E+0	2,304386E+0	-3,769540E-3	-3,807953E-3
20220411 10:23:04,191	c_0_270_20220411_10_23_04,191.bmp	1,575182E+0	2,323480E+0	-3,769540E-3	-3,807953E-3
20220411 10:23:10,194	c_0_271_20220411_10_23_10,194.bmp	1,561182E+0	2,342575E+0	-1,223829E-3	-3,807953E-3
20220411 10:23:16,196	c_0_272_20220411_10_23_16,196.bmp	1,551000E+0	2,361669E+0	-1,223829E-3	1,107786E-5
20220411 10:23:22,200	c_0_273_20220411_10_23_22,200.bmp	1,539546E+0	2,379491E+0	4,902598E-5	1,107786E-5
20220411 10:23:28,203	c_0_274_20220411_10_23_28,203.bmp	1,534455E+0	2,403678E+0	-3,769540E-3	-2,534943E-3
20220411 10:23:34,208	c_0_275_20220411_10_23_34,208.bmp	1,528092E+0	2,416407E+0	4,902598E-5	1,107786E-5
20220411 10:23:40,210	c_0_276_20220411_10_23_40,210.bmp	1,524273E+0	2,443140E+0	-5,042396E-3	1,107786E-5
20220411 10:23:46,211	c_0_277_20220411_10_23_46,211.bmp	1,510274E+0	2,460961E+0	4,902598E-5	-1,261932E-3
20220411 10:23:52,213	c_0_278_20220411_10_23_52,213.bmp	1,502637E+0	2,481329E+0	1,321881E-3	1,107786E-5
20220411 10:23:58,217	c_0_279_20220411_10_23_58,217.bmp	1,496274E+0	2,500423E+0	1,321881E-3	-1,261932E-3
20220411 10:24:04,222	c_0_280_20220411_10_24_04,222.bmp	1,484819E+0	2,520791E+0	2,594737E-3	2,557098E-3
20220411 10:24:10,223	c_0_281_20220411_10_24_10,223.bmp	1,477183E+0	2,534794E+0	2,594737E-3	2,557098E-3
20220411 10:24:16,229	c_0_282_20220411_10_24_16,229.bmp	1,472092E+0	2,556434E+0	2,594737E-3	3,830109E-3
20220411 10:24:22,230	c_0_283_20220411_10_24_22,230.bmp	1,468274E+0	2,583167E+0	4,902598E-5	-1,261932E-3
20220411 10:24:28,235	c_0_284_20220411_10_24_28,235.bmp	1,461910E+0	2,595896E+0	1,321881E-3	2,557098E-3
20220411 10:24:34,240	c_0_285_20220411_10_24_34,240.bmp	1,458092E+0	2,623902E+0	-3,769540E-3	-3,807953E-3
20220411 10:24:40,243	c_0_286_20220411_10_24_40,243.bmp	1,458092E+0	2,640450E+0	-1,223829E-3	1,107786E-5
20220411 10:24:46,248	c_0_287_20220411_10_24_46,248.bmp	1,449183E+0	2,664637E+0	-3,769540E-3	-3,807953E-3
20220411 10:24:52,251	c_0_288_20220411_10_24_52,251.bmp	1,437729E+0	2,681186E+0	1,321881E-3	-1,261932E-3
20220411 10:24:58,254	c_0_289_20220411_10_24_58,254.bmp	1,433910E+0	2,697734E+0	2,594737E-3	1,284088E-3
20220411 10:25:04,258	c_0_290_20220411_10_25_04,258.bmp	1,430092E+0	2,719375E+0	-1,223829E-3	1,107786E-5
20220411 10:25:10,259	c_0_291_20220411_10_25_10,259.bmp	1,428820E+0	2,739742E+0	4,902598E-5	1,107786E-5
20220411 10:25:16,260	c_0_292_20220411_10_25_16,260.bmp	1,419911E+0	2,757564E+0	2,594737E-3	1,284088E-3
20220411 10:25:22,264	c_0_293_20220411_10_25_22,264.bmp	1,425001E+0	2,783023E+0	4,902598E-5	-2,534943E-3
20220411 10:25:28,269	c_0_294_20220411_10_25_28,269.bmp	1,425001E+0	2,797026E+0	5,140448E-3	2,557098E-3
20220411 10:25:34,272	c_0_295_20220411_10_25_34,272.bmp	1,421183E+0	2,814848E+0	2,594737E-3	3,830109E-3
20220411 10:25:40,279	c_0_296_20220411_10_25_40,279.bmp	1,422456E+0	2,841580E+0	4,902598E-5	-1,261932E-3
20220411 10:25:46,285	c_0_297_20220411_10_25_46,285.bmp	1,416092E+0	2,859402E+0	-1,223829E-3	-3,807953E-3
20220411 10:25:52,289	c_0_298_20220411_10_25_52,289.bmp	1,414820E+0	2,879769E+0	1,321881E-3	1,107786E-5
20220411 10:25:58,292	c_0_299_20220411_10_25_58,292.bmp	1,419911E+0	2,902683E+0	-6,315251E-3	-3,807953E-3
20220411 10:26:04,295	c_0_300_20220411_10_26_04,295.bmp	1,414820E+0	2,920504E+0	-1,223829E-3	1,107786E-5
20220411 10:26:10,296	c_0_301_20220411_10_26_10,296.bmp	1,407183E+0	2,942145E+0	-5,042396E-3	-2,534943E-3
20220411 10:26:16,297	c_0_302_20220411_10_26_16,297.bmp	1,398274E+0	2,965058E+0	4,902598E-5	-2,534943E-3
20220411 10:26:22,301	c_0_303_20220411_10_26_22,301.bmp	1,391911E+0	2,979061E+0	1,321881E-3	1,107786E-5
20220411 10:26:28,306	c_0_304_20220411_10_26_28,306.bmp	1,385547E+0	2,996883E+0	3,867592E-3	2,557098E-3
20220411 10:26:34,309	c_0_305_20220411_10_26_34,309.bmp	1,385547E+0	3,021069E+0	1,321881E-3	1,107786E-5
20220411 10:26:40,314	c_0_306_20220411_10_26_40,314.bmp	1,379184E+0	3,035072E+0	1,321881E-3	3,830109E-3
20220411 10:26:46,320	c_0_307_20220411_10_26_46,320.bmp	1,371547E+0	3,059258E+0	3,867592E-3	1,107786E-5
20220411 10:26:52,322	c_0_308_20220411_10_26_52,322.bmp	1,371547E+0	3,078353E+0	4,902598E-5	1,284088E-3
20220411 10:26:58,329	c_0_309_20220411_10_26_58,329.bmp	1,355002E+0	3,096175E+0	1,321881E-3	1,284088E-3
20220411 10:27:04,336	c_0_310_20220411_10_27_04,336.bmp	1,346093E+0	3,119088E+0	1,321881E-3	1,107786E-5
20220411 10:27:10,341	c_0_311_20220411_10_27_10,341.bmp	1,339729E+0	3,139456E+0	2,594737E-3	1,107786E-5
20220411 10:27:16,342	c_0_312_20220411_10_27_16,342.bmp	1,344820E+0	3,162369E+0	-3,769540E-3	-3,807953E-3
20220411 10:27:22,347	c_0_313_20220411_10_27_22,347.bmp	1,332093E+0	3,180191E+0	-2,496685E-3	1,284088E-3
20220411 10:27:28,351	c_0_314_20220411_10_27_28,351.bmp	1,327002E+0	3,200558E+0	2,594737E-3	1,107786E-5
20220411 10:27:34,352	c_0_315_20220411_10_27_34,352.bmp	1,329548E+0	3,218380E+0	4,902598E-5	1,107786E-5
20220411 10:27:40,357	c_0_316_20220411_10_27_40,357.bmp	1,332093E+0	3,238748E+0	4,902598E-5	-5,080963E-3
20220411 10:27:46,358	c_0_317_20220411_10_27_46,358.bmp	1,329548E+0	3,259115E+0	1,321881E-3	1,107786E-5
20220411 10:27:52,362	c_0_318_20220411_10_27_52,362.bmp	1,330820E+0	3,284575E+0	1,321881E-3	-3,807953E-3
20220411 10:27:58,366	c_0_319_20220411_10_27_58,366.bmp	1,327002E+0	3,296031E+0	2,594737E-3	3,830109E-3
20220411 10:28:04,367	c_0_320_20220411_10_28_04,367.bmp	1,334638E+0	3,325310E+0	-3,769540E-3	-3,807953E-3
20220411 10:28:10,369	c_0_321_20220411_10_28_10,369.bmp	1,334638E+0	3,344404E+0	4,902598E-5	-3,807953E-3
20220411 10:28:16,378	c_0_322_20220411_10_28_16,378.bmp	1,330820E+0	3,360953E+0	-1,223829E-3	1,107786E-5
20220411 10:28:22,383	c_0_323_20220411_10_28_22,383.bmp	1,332093E+0	3,383866E+0	-3,769540E-3	-3,807953E-3
20220411 10:28:28,388	c_0_324_20220411_10_28_28,388.bmp	1,328275E+0	3,400415E+0	-3,769540E-3	1,107786E-5
20220411 10:28:34,389	c_0_325_20220411_10_28_34,389.bmp	1,316820E+0	3,415691E+0	2,594737E-3	2,557098E-3
20220411 10:28:40,390	c_0_326_20220411_10_28_40,390.bmp	1,319366E+0	3,438604E+0	-5,042396E-3	1,107786E-5
20220411 10:28:46,391	c_0_327_20220411_10_28_46,391.bmp	1,310457E+0	3,456426E+0	2,594737E-3	2,557098E-3
20220411 10:28:52,394	c_0_328_20220411_10_28_52,394.bmp	1,311730E+0	3,483158E+0	-3,769540E-3	-3,807953E-3
20220411 10:28:58,397	c_0_329_20220411_10_28_58,397.bmp	1,302821E+0	3,499707E+0	-1,223829E-3	1,107786E-5
20220411 10:29:04,400	c_0_330_20220411_10_29_04,400.bmp	1,297730E+0	3,516256E+0	3,867592E-3	1,284088E-3
20220411 10:29:10,404	c_0_331_20220411_10_29_10,404.bmp	1,300275E+0	3,542988E+0	-3,769540E-3	-3,807953E-3
20220411 10:29:16,408	c_0_332_20220411_10_29_16,408.bmp	1,297730E+0	3,563356E+0	-3,769540E-3	-3,807953E-3
20220411 10:29:22,413	c_0_333_20220411_10_29_22,413.bmp	1,288821E+0	3,583723E+0	1,321881E-3	-3,807953E-3
20220411 10:29:28,416	c_0_334_20220411_10_29_28,416.bmp	1,283730E+0	3,602818E+0	-1,223829E-3	-3,807953E-3
