20220411 10:11:21,826	c_1_153_20220411_10_11_21,826.bmp	1,355730E-2	-7,332548E-3	-1,223829E-3	-3,807953E-3
20220411 10:11:27,833	c_1_154_20220411_10_11_27,833.bmp	8,301209E-4	3,052874E-4	1,321881E-3	1,107786E-5
20220411 10:11:33,843	c_1_155_20220411_10_11_33,843.bmp	1,115566E-1	1,939988E-2	3,867592E-3	2,557098E-3
20220411 10:11:39,850	c_1_156_20220411_10_11_39,850.bmp	2,553737E-1	4,358636E-2	4,902598E-5	-3,807953E-3
20220411 10:11:45,851	c_1_157_20220411_10_11_45,851.bmp	4,093726E-1	6,522689E-2	-5,042396E-3	-5,080963E-3
20220411 10:11:51,856	c_1_158_20220411_10_11_51,856.bmp	5,582806E-1	7,922959E-2	1,321881E-3	1,107786E-5
20220411 10:11:57,857	c_1_159_20220411_10_11_57,857.bmp	7,097340E-1	1,034161E-1	1,321881E-3	-3,807953E-3
20220411 10:12:03,874	c_1_160_20220411_10_12_03,874.bmp	8,675510E-1	1,237836E-1	-3,769540E-3	-3,807953E-3
20220411 10:12:09,881	c_1_161_20220411_10_12_09,881.bmp	1,019004E+0	1,403323E-1	-2,496685E-3	-3,807953E-3
20220411 10:12:15,886	c_1_162_20220411_10_12_15,886.bmp	1,169185E+0	1,632458E-1	-2,496685E-3	-3,807953E-3
20220411 10:12:21,889	c_1_163_20220411_10_12_21,889.bmp	1,309184E+0	1,785215E-1	2,594737E-3	2,557098E-3
20220411 10:12:27,904	c_1_164_20220411_10_12_27,904.bmp	1,469547E+0	2,014350E-1	1,321881E-3	1,107786E-5
20220411 10:12:33,909	c_1_165_20220411_10_12_33,909.bmp	1,623545E+0	2,256214E-1	-2,496685E-3	-5,080963E-3
20220411 10:12:39,915	c_1_166_20220411_10_12_39,915.bmp	1,781362E+0	2,408971E-1	3,867592E-3	-1,261932E-3
20220411 10:12:45,922	c_1_167_20220411_10_12_45,922.bmp	1,935361E+0	2,650836E-1	4,902598E-5	-1,261932E-3
20220411 10:12:51,924	c_1_168_20220411_10_12_51,924.bmp	2,090633E+0	2,803593E-1	-1,223829E-3	1,107786E-5
20220411 10:12:57,927	c_1_169_20220411_10_12_57,927.bmp	2,240814E+0	3,007268E-1	4,902598E-5	1,284088E-3
20220411 10:13:03,936	c_1_170_20220411_10_13_03,936.bmp	2,394812E+0	3,223674E-1	-3,769540E-3	-3,807953E-3
20220411 10:13:09,947	c_1_171_20220411_10_13_09,947.bmp	2,542448E+0	3,465538E-1	4,902598E-5	-2,534943E-3
20220411 10:13:15,953	c_1_172_20220411_10_13_15,953.bmp	2,691356E+0	3,567376E-1	2,594737E-3	3,830109E-3
20220411 10:13:21,955	c_1_173_20220411_10_13_21,955.bmp	2,838991E+0	3,771052E-1	2,594737E-3	1,284088E-3
20220411 10:13:27,961	c_1_174_20220411_10_13_27,961.bmp	2,992990E+0	4,012917E-1	-2,496685E-3	1,107786E-5
20220411 10:13:33,964	c_1_175_20220411_10_13_33,964.bmp	3,138080E+0	4,216592E-1	-3,769540E-3	-1,261932E-3
20220411 10:13:39,968	c_1_176_20220411_10_13_39,968.bmp	3,279351E+0	4,420268E-1	4,902598E-5	1,107786E-5
20220411 10:13:45,973	c_1_177_20220411_10_13_45,973.bmp	3,414259E+0	4,573024E-1	1,321881E-3	2,557098E-3
20220411 10:13:51,985	c_1_178_20220411_10_13_51,985.bmp	3,545349E+0	4,840349E-1	4,902598E-5	-3,807953E-3
20220411 10:13:57,996	c_1_179_20220411_10_13_57,996.bmp	3,647167E+0	5,005835E-1	-2,496685E-3	1,107786E-5
20220411 10:14:03,998	c_1_180_20220411_10_14_03,998.bmp	3,635712E+0	5,222241E-1	-2,496685E-3	1,107786E-5
20220411 10:14:10,000	c_1_181_20220411_10_14_10,000.bmp	3,568258E+0	5,425916E-1	3,867592E-3	1,107786E-5
20220411 10:14:16,008	c_1_182_20220411_10_14_16,008.bmp	3,498259E+0	5,578673E-1	1,321881E-3	1,284088E-3
20220411 10:14:22,010	c_1_183_20220411_10_14_22,010.bmp	3,367169E+0	5,820538E-1	-1,223829E-3	-1,261932E-3
20220411 10:14:28,014	c_1_184_20220411_10_14_28,014.bmp	3,237352E+0	6,036943E-1	4,902598E-5	-3,807953E-3
20220411 10:14:34,019	c_1_185_20220411_10_14_34,019.bmp	3,145716E+0	6,202429E-1	1,321881E-3	1,107786E-5
20220411 10:14:40,024	c_1_186_20220411_10_14_40,024.bmp	3,116443E+0	6,393375E-1	4,902598E-5	1,107786E-5
20220411 10:14:46,028	c_1_187_20220411_10_14_46,028.bmp	3,089716E+0	6,609781E-1	-1,223829E-3	1,107786E-5
20220411 10:14:52,040	c_1_188_20220411_10_14_52,040.bmp	3,078262E+0	6,800727E-1	-1,223829E-3	-2,534943E-3
20220411 10:14:58,045	c_1_189_20220411_10_14_58,045.bmp	3,059171E+0	7,029862E-1	-2,496685E-3	-3,807953E-3
20220411 10:15:04,046	c_1_190_20220411_10_15_04,046.bmp	3,041353E+0	7,195348E-1	-1,223829E-3	-1,261932E-3
20220411 10:15:10,051	c_1_191_20220411_10_15_10,051.bmp	3,029899E+0	7,437213E-1	-3,769540E-3	-3,807953E-3
20220411 10:15:16,056	c_1_192_20220411_10_15_16,056.bmp	3,004444E+0	7,628159E-1	4,902598E-5	1,107786E-5
20220411 10:15:22,058	c_1_193_20220411_10_15_22,058.bmp	2,989172E+0	7,806375E-1	4,902598E-5	1,107786E-5
20220411 10:15:28,061	c_1_194_20220411_10_15_28,061.bmp	2,972626E+0	8,022780E-1	4,902598E-5	-1,261932E-3
20220411 10:15:34,065	c_1_195_20220411_10_15_34,065.bmp	2,940808E+0	8,213726E-1	4,902598E-5	3,830109E-3
20220411 10:15:40,072	c_1_196_20220411_10_15_40,072.bmp	2,906445E+0	8,417402E-1	-1,223829E-3	-1,261932E-3
20220411 10:15:46,073	c_1_197_20220411_10_15_46,073.bmp	2,898809E+0	8,608348E-1	4,902598E-5	1,107786E-5
20220411 10:15:52,078	c_1_198_20220411_10_15_52,078.bmp	2,882263E+0	8,773834E-1	1,321881E-3	2,557098E-3
20220411 10:15:58,081	c_1_199_20220411_10_15_58,081.bmp	2,841536E+0	9,015699E-1	-3,769540E-3	-3,807953E-3
20220411 10:16:04,085	c_1_200_20220411_10_16_04,085.bmp	2,786810E+0	9,168456E-1	4,902598E-5	2,557098E-3
20220411 10:16:10,093	c_1_201_20220411_10_16_10,093.bmp	2,735901E+0	9,435780E-1	-3,769540E-3	-3,807953E-3
20220411 10:16:16,095	c_1_202_20220411_10_16_16,095.bmp	2,677356E+0	9,613996E-1	-1,223829E-3	-1,261932E-3
20220411 10:16:22,102	c_1_203_20220411_10_16_22,102.bmp	2,618811E+0	9,804942E-1	4,902598E-5	-1,261932E-3
20220411 10:16:28,104	c_1_204_20220411_10_16_28,104.bmp	2,598447E+0	1,004681E+0	4,902598E-5	1,284088E-3
20220411 10:16:34,107	c_1_205_20220411_10_16_34,107.bmp	2,580629E+0	1,021229E+0	-2,496685E-3	2,557098E-3
20220411 10:16:40,110	c_1_206_20220411_10_16_40,110.bmp	2,571720E+0	1,039051E+0	4,902598E-5	3,830109E-3
20220411 10:16:46,112	c_1_207_20220411_10_16_46,112.bmp	2,564084E+0	1,061964E+0	-3,769540E-3	-3,807953E-3
20220411 10:16:52,118	c_1_208_20220411_10_16_52,118.bmp	2,546266E+0	1,079786E+0	2,594737E-3	-1,261932E-3
20220411 10:16:58,120	c_1_209_20220411_10_16_58,120.bmp	2,538630E+0	1,102700E+0	-1,223829E-3	1,107786E-5
20220411 10:17:04,121	c_1_210_20220411_10_17_04,121.bmp	2,522084E+0	1,116702E+0	1,321881E-3	2,557098E-3
20220411 10:17:10,123	c_1_211_20220411_10_17_10,123.bmp	2,518266E+0	1,140889E+0	-3,769540E-3	1,107786E-5
20220411 10:17:16,127	c_1_212_20220411_10_17_16,127.bmp	2,515721E+0	1,161256E+0	4,902598E-5	-1,261932E-3
20220411 10:17:22,130	c_1_213_20220411_10_17_22,130.bmp	2,518266E+0	1,180351E+0	-1,223829E-3	-1,261932E-3
20220411 10:17:28,131	c_1_214_20220411_10_17_28,131.bmp	2,519539E+0	1,201991E+0	-3,769540E-3	-1,261932E-3
20220411 10:17:34,136	c_1_215_20220411_10_17_34,136.bmp	2,522084E+0	1,224905E+0	-2,496685E-3	-3,807953E-3
20220411 10:17:40,138	c_1_216_20220411_10_17_40,138.bmp	2,515721E+0	1,245272E+0	-1,223829E-3	-3,807953E-3
20220411 10:17:46,145	c_1_217_20220411_10_17_46,145.bmp	2,506812E+0	1,263094E+0	-3,769540E-3	-3,807953E-3
20220411 10:17:52,149	c_1_218_20220411_10_17_52,149.bmp	2,449539E+0	1,282189E+0	-1,223829E-3	-3,807953E-3
20220411 10:17:58,150	c_1_219_20220411_10_17_58,150.bmp	2,382085E+0	1,297464E+0	2,594737E-3	2,557098E-3
20220411 10:18:04,151	c_1_220_20220411_10_18_04,151.bmp	2,310813E+0	1,324197E+0	-2,496685E-3	-3,807953E-3
20220411 10:18:10,155	c_1_221_20220411_10_18_10,155.bmp	2,256086E+0	1,336927E+0	4,902598E-5	3,830109E-3
20220411 10:18:16,155	c_1_222_20220411_10_18_16,155.bmp	2,228086E+0	1,364932E+0	-3,769540E-3	-3,807953E-3
20220411 10:18:22,157	c_1_223_20220411_10_18_22,157.bmp	2,197541E+0	1,380208E+0	-5,042396E-3	1,107786E-5
20220411 10:18:28,158	c_1_224_20220411_10_18_28,158.bmp	2,160632E+0	1,401848E+0	-2,496685E-3	1,107786E-5
20220411 10:18:34,161	c_1_225_20220411_10_18_34,161.bmp	2,094451E+0	1,420943E+0	1,321881E-3	1,107786E-5
20220411 10:18:40,174	c_1_226_20220411_10_18_40,174.bmp	1,992634E+0	1,442583E+0	-3,769540E-3	1,107786E-5
20220411 10:18:46,175	c_1_227_20220411_10_18_46,175.bmp	1,941725E+0	1,459132E+0	5,140448E-3	1,107786E-5
20220411 10:18:52,178	c_1_228_20220411_10_18_52,178.bmp	1,906089E+0	1,483318E+0	-2,496685E-3	-3,807953E-3
20220411 10:18:58,185	c_1_229_20220411_10_18_58,185.bmp	1,885725E+0	1,497321E+0	2,594737E-3	2,557098E-3
20220411 10:19:04,187	c_1_230_20220411_10_19_04,187.bmp	1,881907E+0	1,521508E+0	-3,769540E-3	1,107786E-5
20220411 10:19:10,198	c_1_231_20220411_10_19_10,198.bmp	1,852635E+0	1,538056E+0	2,594737E-3	2,557098E-3
20220411 10:19:16,205	c_1_232_20220411_10_19_16,205.bmp	1,839907E+0	1,560970E+0	-2,496685E-3	1,107786E-5
20220411 10:19:22,206	c_1_233_20220411_10_19_22,206.bmp	1,839907E+0	1,578791E+0	-5,042396E-3	-3,807953E-3
20220411 10:19:28,208	c_1_234_20220411_10_19_28,208.bmp	1,830998E+0	1,597886E+0	4,902598E-5	3,830109E-3
20220411 10:19:34,214	c_1_235_20220411_10_19_34,214.bmp	1,827180E+0	1,622072E+0	-3,769540E-3	1,284088E-3
20220411 10:19:40,216	c_1_236_20220411_10_19_40,216.bmp	1,805544E+0	1,638621E+0	-1,223829E-3	2,557098E-3
20220411 10:19:46,217	c_1_237_20220411_10_19_46,217.bmp	1,794090E+0	1,658989E+0	4,902598E-5	2,557098E-3
20220411 10:19:52,225	c_1_238_20220411_10_19_52,225.bmp	1,780090E+0	1,680629E+0	4,902598E-5	1,107786E-5
20220411 10:19:58,233	c_1_239_20220411_10_19_58,233.bmp	1,764817E+0	1,698451E+0	2,594737E-3	2,557098E-3
20220411 10:20:04,238	c_1_240_20220411_10_20_04,238.bmp	1,766090E+0	1,717545E+0	1,321881E-3	2,557098E-3
20220411 10:20:10,239	c_1_241_20220411_10_20_10,239.bmp	1,760999E+0	1,740459E+0	1,321881E-3	-1,261932E-3
20220411 10:20:16,243	c_1_242_20220411_10_20_16,243.bmp	1,763544E+0	1,762099E+0	-1,223829E-3	-3,807953E-3
20220411 10:20:22,247	c_1_243_20220411_10_20_22,247.bmp	1,757181E+0	1,778648E+0	1,321881E-3	3,830109E-3
20220411 10:20:28,248	c_1_244_20220411_10_20_28,248.bmp	1,764817E+0	1,800289E+0	4,902598E-5	1,107786E-5
20220411 10:20:34,252	c_1_245_20220411_10_20_34,252.bmp	1,755908E+0	1,818110E+0	2,594737E-3	3,830109E-3
20220411 10:20:40,253	c_1_246_20220411_10_20_40,253.bmp	1,766090E+0	1,841024E+0	-3,769540E-3	1,107786E-5
20220411 10:20:46,260	c_1_247_20220411_10_20_46,260.bmp	1,755908E+0	1,856299E+0	2,594737E-3	2,557098E-3
20220411 10:20:52,261	c_1_248_20220411_10_20_52,261.bmp	1,753363E+0	1,877940E+0	3,867592E-3	2,557098E-3
20220411 10:20:58,264	c_1_249_20220411_10_20_58,264.bmp	1,758454E+0	1,902126E+0	-2,496685E-3	-1,261932E-3
20220411 10:21:04,266	c_1_250_20220411_10_21_04,266.bmp	1,752090E+0	1,919948E+0	4,902598E-5	-1,261932E-3
20220411 10:21:10,268	c_1_251_20220411_10_21_10,268.bmp	1,752090E+0	1,940316E+0	-2,496685E-3	1,107786E-5
20220411 10:21:16,269	c_1_252_20220411_10_21_16,269.bmp	1,741908E+0	1,956864E+0	2,594737E-3	3,830109E-3
20220411 10:21:22,272	c_1_253_20220411_10_21_22,272.bmp	1,740635E+0	1,984870E+0	1,321881E-3	-3,807953E-3
20220411 10:21:28,278	c_1_254_20220411_10_21_28,278.bmp	1,735545E+0	2,001418E+0	4,902598E-5	-2,534943E-3
20220411 10:21:34,286	c_1_255_20220411_10_21_34,286.bmp	1,726636E+0	2,021786E+0	2,594737E-3	2,557098E-3
20220411 10:21:40,287	c_1_256_20220411_10_21_40,287.bmp	1,722817E+0	2,040880E+0	-3,769540E-3	1,107786E-5
20220411 10:21:46,289	c_1_257_20220411_10_21_46,289.bmp	1,707545E+0	2,062521E+0	3,867592E-3	1,107786E-5
20220411 10:21:52,291	c_1_258_20220411_10_21_52,291.bmp	1,698636E+0	2,076524E+0	-1,223829E-3	2,557098E-3
20220411 10:21:58,295	c_1_259_20220411_10_21_58,295.bmp	1,680818E+0	2,096891E+0	6,413303E-3	2,557098E-3
20220411 10:22:04,304	c_1_260_20220411_10_22_04,304.bmp	1,671909E+0	2,123624E+0	4,902598E-5	1,107786E-5
20220411 10:22:10,306	c_1_261_20220411_10_22_10,306.bmp	1,649000E+0	2,141445E+0	-3,769540E-3	1,107786E-5
20220411 10:22:16,310	c_1_262_20220411_10_22_16,310.bmp	1,627364E+0	2,163086E+0	-3,769540E-3	-3,807953E-3
20220411 10:22:22,314	c_1_263_20220411_10_22_22,314.bmp	1,600636E+0	2,180907E+0	1,321881E-3	-1,261932E-3
20220411 10:22:28,319	c_1_264_20220411_10_22_28,319.bmp	1,590455E+0	2,205094E+0	-1,223829E-3	-3,807953E-3
20220411 10:22:34,323	c_1_265_20220411_10_22_34,323.bmp	1,585364E+0	2,224188E+0	-2,496685E-3	-3,807953E-3
20220411 10:22:40,326	c_1_266_20220411_10_22_40,326.bmp	1,582818E+0	2,240737E+0	-3,769540E-3	-1,261932E-3
20220411 10:22:46,337	c_1_267_20220411_10_22_46,337.bmp	1,580273E+0	2,259832E+0	-3,769540E-3	1,107786E-5
20220411 10:22:52,342	c_1_268_20220411_10_22_52,342.bmp	1,570091E+0	2,276380E+0	3,867592E-3	2,557098E-3
20220411 10:22:58,346	c_1_269_20220411_10_22_58,346.bmp	1,575182E+0	2,305659E+0	-3,769540E-3	-2,534943E-3
20220411 10:23:04,349	c_1_270_20220411_10_23_04,349.bmp	1,568819E+0	2,322207E+0	4,902598E-5	-3,807953E-3
20220411 10:23:10,350	c_1_271_20220411_10_23_10,350.bmp	1,561182E+0	2,342575E+0	4,902598E-5	-3,807953E-3
20220411 10:23:16,354	c_1_272_20220411_10_23_16,354.bmp	1,557364E+0	2,362942E+0	-3,769540E-3	-2,534943E-3
20220411 10:23:22,356	c_1_273_20220411_10_23_22,356.bmp	1,543364E+0	2,379491E+0	4,902598E-5	-1,261932E-3
20220411 10:23:28,360	c_1_274_20220411_10_23_28,360.bmp	1,538273E+0	2,401132E+0	-2,496685E-3	-1,261932E-3
20220411 10:23:34,368	c_1_275_20220411_10_23_34,368.bmp	1,525546E+0	2,420226E+0	-1,223829E-3	1,107786E-5
20220411 10:23:40,373	c_1_276_20220411_10_23_40,373.bmp	1,521728E+0	2,439321E+0	-1,223829E-3	1,107786E-5
20220411 10:23:46,378	c_1_277_20220411_10_23_46,378.bmp	1,510274E+0	2,464780E+0	-1,223829E-3	-3,807953E-3
20220411 10:23:52,378	c_1_278_20220411_10_23_52,378.bmp	1,506455E+0	2,485148E+0	-3,769540E-3	-3,807953E-3
20220411 10:23:58,389	c_1_279_20220411_10_23_58,389.bmp	1,497546E+0	2,502969E+0	-3,769540E-3	1,107786E-5
20220411 10:24:04,391	c_1_280_20220411_10_24_04,391.bmp	1,493728E+0	2,520791E+0	-2,496685E-3	-3,807953E-3
20220411 10:24:10,398	c_1_281_20220411_10_24_10,398.bmp	1,484819E+0	2,539886E+0	-3,769540E-3	-1,261932E-3
20220411 10:24:16,401	c_1_282_20220411_10_24_16,401.bmp	1,479728E+0	2,562799E+0	-1,223829E-3	-3,807953E-3
20220411 10:24:22,406	c_1_283_20220411_10_24_22,406.bmp	1,474637E+0	2,580621E+0	-3,769540E-3	1,107786E-5
20220411 10:24:28,411	c_1_284_20220411_10_24_28,411.bmp	1,463183E+0	2,595896E+0	1,321881E-3	2,557098E-3
20220411 10:24:34,416	c_1_285_20220411_10_24_34,416.bmp	1,454274E+0	2,622629E+0	1,321881E-3	-1,261932E-3
20220411 10:24:40,421	c_1_286_20220411_10_24_40,421.bmp	1,451729E+0	2,642996E+0	-3,769540E-3	-3,807953E-3
20220411 10:24:46,423	c_1_287_20220411_10_24_46,423.bmp	1,447910E+0	2,663364E+0	-3,769540E-3	-2,534943E-3
20220411 10:24:52,426	c_1_288_20220411_10_24_52,426.bmp	1,436456E+0	2,681186E+0	2,594737E-3	-1,261932E-3
20220411 10:24:58,430	c_1_289_20220411_10_24_58,430.bmp	1,431365E+0	2,697734E+0	5,140448E-3	1,284088E-3
20220411 10:25:04,435	c_1_290_20220411_10_25_04,435.bmp	1,426274E+0	2,718102E+0	1,321881E-3	2,557098E-3
20220411 10:25:10,444	c_1_291_20220411_10_25_10,444.bmp	1,427547E+0	2,742288E+0	-1,223829E-3	1,284088E-3
20220411 10:25:16,451	c_1_292_20220411_10_25_16,451.bmp	1,426274E+0	2,762656E+0	-2,496685E-3	-3,807953E-3
20220411 10:25:22,454	c_1_293_20220411_10_25_22,454.bmp	1,422456E+0	2,781750E+0	2,594737E-3	1,107786E-5
20220411 10:25:28,457	c_1_294_20220411_10_25_28,457.bmp	1,423729E+0	2,799572E+0	-1,223829E-3	1,107786E-5
20220411 10:25:34,461	c_1_295_20220411_10_25_34,461.bmp	1,426274E+0	2,819940E+0	-5,042396E-3	1,107786E-5
20220411 10:25:40,462	c_1_296_20220411_10_25_40,462.bmp	1,419911E+0	2,840307E+0	4,902598E-5	1,107786E-5
20220411 10:25:46,463	c_1_297_20220411_10_25_46,463.bmp	1,421183E+0	2,860675E+0	4,902598E-5	-1,261932E-3
20220411 10:25:52,469	c_1_298_20220411_10_25_52,469.bmp	1,419911E+0	2,881042E+0	4,902598E-5	-3,807953E-3
20220411 10:25:58,470	c_1_299_20220411_10_25_58,470.bmp	1,419911E+0	2,901410E+0	-3,769540E-3	1,107786E-5
20220411 10:26:04,471	c_1_300_20220411_10_26_04,471.bmp	1,408456E+0	2,921777E+0	-1,223829E-3	1,107786E-5
20220411 10:26:10,480	c_1_301_20220411_10_26_10,480.bmp	1,407183E+0	2,944691E+0	4,902598E-5	-3,807953E-3
20220411 10:26:16,481	c_1_302_20220411_10_26_16,481.bmp	1,395729E+0	2,957421E+0	3,867592E-3	2,557098E-3
20220411 10:26:22,484	c_1_303_20220411_10_26_22,484.bmp	1,388093E+0	2,981607E+0	2,594737E-3	3,830109E-3
20220411 10:26:28,490	c_1_304_20220411_10_26_28,490.bmp	1,386820E+0	3,000702E+0	4,902598E-5	1,107786E-5
20220411 10:26:34,500	c_1_305_20220411_10_26_34,500.bmp	1,384274E+0	3,019796E+0	-1,223829E-3	-1,261932E-3
20220411 10:26:40,510	c_1_306_20220411_10_26_40,510.bmp	1,385547E+0	3,037618E+0	4,902598E-5	2,557098E-3
20220411 10:26:46,512	c_1_307_20220411_10_26_46,512.bmp	1,376638E+0	3,056712E+0	-1,223829E-3	1,284088E-3
20220411 10:26:52,517	c_1_308_20220411_10_26_52,517.bmp	1,372820E+0	3,080899E+0	1,321881E-3	-3,807953E-3
20220411 10:26:58,520	c_1_309_20220411_10_26_58,520.bmp	1,355002E+0	3,097448E+0	1,321881E-3	3,830109E-3
20220411 10:27:04,528	c_1_310_20220411_10_27_04,528.bmp	1,349911E+0	3,117815E+0	5,140448E-3	2,557098E-3
20220411 10:27:10,536	c_1_311_20220411_10_27_10,536.bmp	1,347366E+0	3,139456E+0	-3,769540E-3	1,107786E-5
20220411 10:27:16,539	c_1_312_20220411_10_27_16,539.bmp	1,338457E+0	3,162369E+0	4,902598E-5	1,107786E-5
20220411 10:27:22,543	c_1_313_20220411_10_27_22,543.bmp	1,330820E+0	3,178918E+0	2,594737E-3	1,284088E-3
20220411 10:27:28,546	c_1_314_20220411_10_27_28,546.bmp	1,324457E+0	3,200558E+0	-1,223829E-3	1,107786E-5
20220411 10:27:34,548	c_1_315_20220411_10_27_34,548.bmp	1,330820E+0	3,220926E+0	4,902598E-5	1,107786E-5
20220411 10:27:40,549	c_1_316_20220411_10_27_40,549.bmp	1,334638E+0	3,243839E+0	-3,769540E-3	-3,807953E-3
20220411 10:27:46,559	c_1_317_20220411_10_27_46,559.bmp	1,332093E+0	3,262934E+0	-3,769540E-3	-3,807953E-3
20220411 10:27:52,567	c_1_318_20220411_10_27_52,567.bmp	1,330820E+0	3,282029E+0	1,321881E-3	-1,261932E-3
20220411 10:27:58,568	c_1_319_20220411_10_27_58,568.bmp	1,330820E+0	3,299850E+0	4,902598E-5	1,107786E-5
20220411 10:28:04,572	c_1_320_20220411_10_28_04,572.bmp	1,337184E+0	3,324037E+0	4,902598E-5	-3,807953E-3
20220411 10:28:10,576	c_1_321_20220411_10_28_10,576.bmp	1,330820E+0	3,340585E+0	-1,223829E-3	1,107786E-5
20220411 10:28:16,584	c_1_322_20220411_10_28_16,584.bmp	1,332093E+0	3,360953E+0	-2,496685E-3	-1,261932E-3
20220411 10:28:22,591	c_1_323_20220411_10_28_22,591.bmp	1,324457E+0	3,378775E+0	2,594737E-3	2,557098E-3
20220411 10:28:28,593	c_1_324_20220411_10_28_28,593.bmp	1,328275E+0	3,400415E+0	-2,496685E-3	1,107786E-5
20220411 10:28:34,596	c_1_325_20220411_10_28_34,596.bmp	1,319366E+0	3,419510E+0	4,902598E-5	1,107786E-5
20220411 10:28:40,599	c_1_326_20220411_10_28_40,599.bmp	1,311730E+0	3,441150E+0	1,321881E-3	-1,261932E-3
20220411 10:28:46,600	c_1_327_20220411_10_28_46,600.bmp	1,313002E+0	3,461518E+0	-3,769540E-3	-3,807953E-3
20220411 10:28:52,602	c_1_328_20220411_10_28_52,602.bmp	1,309184E+0	3,481885E+0	4,902598E-5	1,107786E-5
20220411 10:28:58,610	c_1_329_20220411_10_28_58,610.bmp	1,305366E+0	3,499707E+0	4,902598E-5	-3,807953E-3
20220411 10:29:04,618	c_1_330_20220411_10_29_04,618.bmp	1,304093E+0	3,521347E+0	4,902598E-5	1,107786E-5
20220411 10:29:10,621	c_1_331_20220411_10_29_10,621.bmp	1,291366E+0	3,537896E+0	3,867592E-3	2,557098E-3
20220411 10:29:16,623	c_1_332_20220411_10_29_16,623.bmp	1,288821E+0	3,556991E+0	2,594737E-3	2,557098E-3
20220411 10:29:22,628	c_1_333_20220411_10_29_22,628.bmp	1,288821E+0	3,577358E+0	-2,496685E-3	2,557098E-3
20220411 10:29:28,632	c_1_334_20220411_10_29_28,632.bmp	1,286275E+0	3,605364E+0	-3,769540E-3	1,107786E-5
