0.000000000000000000e+00 2.761341222879684166e-04
1.000000000000000000e+00 3.681788297172912221e-04
2.000000000000000000e+00 3.681788297172912221e-04
3.000000000000000000e+00 4.602235371466140276e-04
4.000000000000000000e+00 4.602235371466140276e-04
5.000000000000000000e+00 5.522682445759368331e-04
6.000000000000000000e+00 5.522682445759368331e-04
7.000000000000000000e+00 6.443129520052596386e-04
8.000000000000000000e+00 6.443129520052596386e-04
9.000000000000000000e+00 7.363576594345824441e-04
1.000000000000000000e+01 7.363576594345824441e-04
1.100000000000000000e+01 8.284023668639052497e-04
1.200000000000000000e+01 8.284023668639052497e-04
1.300000000000000000e+01 9.204470742932280552e-04
1.400000000000000000e+01 9.204470742932280552e-04
1.500000000000000000e+01 1.012491781722550752e-03
1.600000000000000000e+01 1.012491781722550752e-03
1.700000000000000000e+01 1.104536489151873666e-03
1.800000000000000000e+01 1.104536489151873666e-03
1.900000000000000000e+01 1.196581196581196580e-03
2.000000000000000000e+01 1.196581196581196580e-03
2.100000000000000000e+01 4.602235371466140276e-04
2.200000000000000000e+01 7.363576594345824441e-04
2.300000000000000000e+01 8.284023668639052497e-04
2.400000000000000000e+01 1.012491781722550752e-03
2.500000000000000000e+01 2.577251808021038555e-03
2.600000000000000000e+01 4.786324786324786321e-03
2.700000000000000000e+01 5.430637738330045851e-03
2.800000000000000000e+01 6.627218934911241997e-03
2.900000000000000000e+01 7.547666009204470269e-03
3.000000000000000000e+01 8.468113083497697674e-03
3.100000000000000000e+01 9.848783694937539648e-03
3.200000000000000000e+01 1.067718606180144587e-02
3.300000000000000000e+01 1.214990138067061076e-02
3.400000000000000000e+01 1.288625904010519234e-02
3.500000000000000000e+01 1.362261669953977565e-02
3.600000000000000000e+01 1.445101906640368014e-02
3.700000000000000000e+01 1.527942143326758637e-02
3.800000000000000000e+01 1.656804733727810369e-02
3.900000000000000000e+01 1.721236028928336409e-02
4.000000000000000000e+01 1.822485207100591614e-02
4.100000000000000000e+01 1.896120973044049945e-02
4.200000000000000000e+01 2.006574621959237095e-02
4.300000000000000000e+01 2.052596975673898552e-02
4.400000000000000000e+01 2.181459566074950632e-02
4.500000000000000000e+01 2.291913214990137782e-02
4.600000000000000000e+01 2.402366863905325278e-02
4.700000000000000000e+01 2.485207100591715901e-02
4.800000000000000000e+01 2.595660749506903051e-02
4.900000000000000000e+01 2.650887573964496799e-02
5.000000000000000000e+01 2.807363576594345406e-02
5.100000000000000000e+01 2.862590401051939154e-02
5.200000000000000000e+01 2.908612754766600611e-02
5.300000000000000000e+01 2.927021696252465194e-02
5.400000000000000000e+01 3.000657462195923525e-02
5.500000000000000000e+01 3.028270874424720399e-02
5.600000000000000000e+01 3.212360289283366227e-02
5.700000000000000000e+01 3.276791584483891573e-02
5.800000000000000000e+01 3.442472057856672818e-02
5.900000000000000000e+01 3.608152531229454063e-02
6.000000000000000000e+01 3.819855358316896765e-02
6.100000000000000000e+01 3.911900065746218985e-02
6.200000000000000000e+01 4.022353714661406482e-02
6.300000000000000000e+01 4.142011834319526270e-02
6.400000000000000000e+01 4.234056541748849184e-02
6.500000000000000000e+01 4.335305719921104389e-02
6.600000000000000000e+01 4.344510190664036681e-02
6.700000000000000000e+01 4.436554898093358901e-02
6.800000000000000000e+01 4.528599605522681815e-02
6.900000000000000000e+01 4.629848783694937020e-02
7.000000000000000000e+01 4.731097961867192225e-02
7.100000000000000000e+01 4.850756081525312013e-02
7.200000000000000000e+01 5.025641025641024856e-02
7.300000000000000000e+01 5.126890203813280061e-02
7.400000000000000000e+01 5.228139381985535267e-02
7.500000000000000000e+01 5.375410913872451929e-02
7.600000000000000000e+01 5.412228796844181095e-02
7.700000000000000000e+01 5.504273504273504009e-02
7.800000000000000000e+01 5.522682445759368591e-02
7.900000000000000000e+01 5.614727153188690811e-02
8.000000000000000000e+01 5.688362919132149143e-02
8.100000000000000000e+01 5.761998685075607474e-02
8.200000000000000000e+01 5.826429980276133513e-02
8.300000000000000000e+01 5.890861275476659553e-02
8.400000000000000000e+01 5.946088099934253302e-02
8.500000000000000000e+01 6.019723865877711633e-02
8.600000000000000000e+01 6.038132807363576215e-02
8.700000000000000000e+01 6.047337278106508507e-02
8.800000000000000000e+01 6.231426692965153641e-02
8.900000000000000000e+01 6.268244575936883500e-02
9.000000000000000000e+01 6.332675871137409540e-02
9.100000000000000000e+01 6.332675871137409540e-02
9.200000000000000000e+01 6.424720578566732454e-02
9.300000000000000000e+01 6.470742932281393911e-02
9.400000000000000000e+01 6.535174227481918563e-02
9.500000000000000000e+01 6.599605522682444603e-02
9.600000000000000000e+01 6.700854700854699808e-02
9.700000000000000000e+01 6.737672583826428974e-02
9.800000000000000000e+01 6.848126232741616470e-02
9.900000000000000000e+01 6.884944115713345636e-02
1.000000000000000000e+02 6.894148586456277927e-02
1.010000000000000000e+02 6.930966469428007093e-02
1.020000000000000000e+02 6.986193293885600841e-02
1.030000000000000000e+02 6.995397764628533133e-02
1.040000000000000000e+02 6.995397764628533133e-02
1.050000000000000000e+02 7.013806706114397715e-02
1.060000000000000000e+02 7.023011176857330007e-02
1.070000000000000000e+02 7.050624589086126881e-02
1.080000000000000000e+02 7.069033530571991464e-02
1.090000000000000000e+02 7.124260355029585212e-02
1.100000000000000000e+02 7.133464825772517504e-02
1.110000000000000000e+02 7.207100591715975835e-02
1.120000000000000000e+02 7.280736357659434166e-02
1.130000000000000000e+02 7.289940828402366457e-02
1.140000000000000000e+02 7.289940828402366457e-02
1.150000000000000000e+02 7.391190006574621663e-02
1.160000000000000000e+02 7.391190006574621663e-02
1.170000000000000000e+02 7.483234714003944577e-02
1.180000000000000000e+02 7.483234714003944577e-02
1.190000000000000000e+02 7.529257067718606034e-02
1.200000000000000000e+02 7.602892833662064365e-02
1.210000000000000000e+02 7.694937541091385891e-02
1.220000000000000000e+02 7.694937541091385891e-02
1.230000000000000000e+02 7.786982248520708805e-02
1.240000000000000000e+02 7.786982248520708805e-02
1.250000000000000000e+02 7.796186719263641096e-02
1.260000000000000000e+02 7.823800131492437970e-02
1.270000000000000000e+02 7.888231426692964010e-02
1.280000000000000000e+02 7.888231426692964010e-02
1.290000000000000000e+02 7.934253780407625467e-02
1.300000000000000000e+02 7.989480604865219215e-02
1.310000000000000000e+02 8.063116370808677547e-02
1.320000000000000000e+02 8.081525312294542129e-02
1.330000000000000000e+02 8.081525312294542129e-02
1.340000000000000000e+02 8.099934253780406712e-02
1.350000000000000000e+02 8.099934253780406712e-02
1.360000000000000000e+02 8.109138724523339004e-02
1.370000000000000000e+02 8.173570019723865043e-02
1.380000000000000000e+02 8.191978961209729626e-02
1.390000000000000000e+02 8.284023668639052540e-02
1.400000000000000000e+02 8.339250493096646288e-02
1.410000000000000000e+02 8.366863905325443163e-02
1.420000000000000000e+02 8.366863905325443163e-02
1.430000000000000000e+02 8.385272846811307745e-02
1.440000000000000000e+02 8.394477317554240037e-02
1.450000000000000000e+02 8.468113083497698368e-02
1.460000000000000000e+02 8.477317554240630659e-02
1.470000000000000000e+02 8.468113083497698368e-02
1.480000000000000000e+02 8.569362261669953573e-02
1.490000000000000000e+02 8.587771203155818156e-02
1.500000000000000000e+02 8.670611439842208779e-02
1.510000000000000000e+02 8.762656147271531692e-02
1.520000000000000000e+02 8.854700854700853219e-02
1.530000000000000000e+02 8.854700854700853219e-02
