-1.090933040960826404e-03
-1.045513643418993516e-03
1.414877598154245630e-04
3.051989413272191819e-03
1.262949920263671880e-02
3.028740942674758296e-02
5.594641480668027106e-02
8.484593322189781794e-02
1.299193777050713927e-01
1.785466827875662743e-01
2.270193558420985080e-01
3.042317991307822433e-01
3.639363246178253242e-01
4.429629946787985162e-01
5.337402996918484410e-01
6.190678720695903525e-01
7.047851665022502043e-01
8.105731629227416191e-01
9.190656398178497222e-01
1.015211220555005900e+00
1.089549824822433566e+00
1.187886668551520364e+00
1.212081741708676885e+00
1.278632156090587335e+00
1.327858178220725272e+00
1.355626606079941121e+00
1.353410484082509413e+00
1.389782078950188904e+00
1.396831335374190575e+00
1.406798389439984032e+00
1.385671486918925943e+00
1.350029608739815812e+00
1.332644008690529569e+00
1.313556102994677843e+00
1.311929069254547775e+00
1.312223381260370081e+00
1.320831361714704721e+00
1.319100220379860078e+00
1.326453001257886788e+00
1.327328412396582724e+00
1.330055217746253682e+00
1.338682956946142477e+00
1.331445244996495969e+00
1.336810248946151081e+00
1.305634342814680160e+00
1.303559460647439217e+00
1.290614406719775342e+00
1.276325497553677746e+00
1.282670821144008766e+00
1.288816084474254442e+00
1.270301260753072814e+00
1.281423090679313148e+00
1.294518756314265051e+00
1.303608384764525674e+00
1.302254533852689855e+00
1.288412761633434434e+00
1.256244332618932313e+00
1.229411242401901694e+00
1.188299759877024853e+00
1.155720359296244615e+00
1.125726110584111206e+00
1.117753782341875057e+00
1.101450786717380170e+00
1.092847000118896128e+00
1.087817434728439059e+00
1.077371770977322285e+00
1.084174398040262721e+00
1.088492959183959163e+00
1.085896689850379460e+00
1.075936172229235543e+00
1.068427884156830210e+00
1.038710339993382137e+00
9.894818878722065891e-01
9.674031754094102320e-01
9.461574877946489215e-01
9.420346993158865700e-01
9.476889201737868085e-01
9.398311256292656291e-01
9.479439455500641154e-01
9.432053020397969112e-01
9.392875778976291778e-01
9.342619183540595840e-01
9.320657054751011472e-01
9.287954781230802759e-01
9.344210231879167550e-01
9.343712010008111690e-01
9.371860925008106413e-01
9.439584249139620908e-01
9.273573834914932146e-01
9.316756304884701301e-01
9.304798472331072823e-01
9.313571089794444591e-01
9.261223960417314105e-01
9.271810670779050412e-01
9.272225374704015088e-01
9.261860881996641925e-01
9.160515865179789108e-01
9.165844878578975896e-01
9.070486963361350519e-01
9.052173172404930357e-01
9.184742102962605292e-01
9.226970327990602350e-01
9.174038288441579425e-01
9.237116251085422114e-01
9.225724195041855591e-01
9.302818086310374879e-01
9.325020452729650966e-01
9.280379948632975218e-01
9.332229010703211314e-01
9.263232434534545146e-01
9.383004463002265760e-01
9.283853712753725729e-01
9.304823372668484804e-01
9.257871391716898657e-01
9.315662584841599703e-01
9.139876621026316039e-01
9.173006283147033812e-01
9.106361005070748860e-01
9.042861835383478875e-01
8.973371379220717037e-01
8.956913305360936217e-01
8.841871827212874901e-01
8.854592041641212719e-01
8.921973990173582836e-01
8.941276082402318526e-01
9.030731541782521798e-01
9.042672477412040388e-01
9.070147401663324338e-01
9.121992545213575276e-01
9.131221381508731749e-01
9.243881318176423445e-01
9.210179444061513676e-01
9.257030411842218642e-01
9.324824452662212604e-01
9.408601848236211040e-01
9.485640009700577746e-01
9.493935015221761642e-01
9.600764380941797516e-01
9.565447255307641949e-01
9.553571625866189576e-01
9.640278093967998840e-01
9.690298535356847154e-01
9.850877918522695786e-01
9.768344707558639373e-01
9.885863441648039540e-01
9.918327188277668016e-01
9.954340965783379236e-01
1.009548374561610062e+00
1.007777181464132310e+00
1.017521938342659915e+00
1.017520837351497454e+00
1.023837177862745751e+00
1.017205094193459614e+00
1.016037100687643191e+00
