20220411 09:15:16,978	c_0_000_20220411_09_15_16,978.bmp	-3,226054E-2	3,340257E-2	4,902598E-5	1,107786E-5
20220411 09:15:22,982	c_0_001_20220411_09_15_22,982.bmp	-3,353326E-2	3,340257E-2	1,321881E-3	1,107786E-5
20220411 09:15:28,990	c_0_002_20220411_09_15_28,990.bmp	2,373904E-2	3,052874E-4	2,594737E-3	1,284088E-3
20220411 09:15:34,992	c_0_003_20220411_09_15_34,992.bmp	1,242838E-1	2,321879E-2	-1,223829E-3	1,107786E-5
20220411 09:15:40,996	c_0_004_20220411_09_15_40,996.bmp	2,668282E-1	4,104041E-2	3,867592E-3	1,284088E-3
20220411 09:15:46,999	c_0_005_20220411_09_15_46,999.bmp	4,259179E-1	6,522689E-2	4,902598E-5	-1,261932E-3
20220411 09:15:53,012	c_0_006_20220411_09_15_53,012.bmp	5,951894E-1	8,432148E-2	4,902598E-5	2,557098E-3
20220411 09:15:59,021	c_0_007_20220411_09_15_59,021.bmp	7,695517E-1	1,059620E-1	-2,496685E-3	-1,261932E-3
20220411 09:16:05,026	c_0_008_20220411_09_16_05,026.bmp	9,540958E-1	1,276025E-1	-1,223829E-3	1,107786E-5
20220411 09:16:11,028	c_0_009_20220411_09_16_11,028.bmp	1,138640E+0	1,466971E-1	-3,769540E-3	-2,534943E-3
20220411 09:16:17,029	c_0_010_20220411_09_16_17,029.bmp	1,311730E+0	1,657917E-1	-1,223829E-3	1,284088E-3
20220411 09:16:23,043	c_0_011_20220411_09_16_23,043.bmp	1,487365E+0	1,836133E-1	1,321881E-3	1,107786E-5
20220411 09:16:29,045	c_0_012_20220411_09_16_29,045.bmp	1,660454E+0	2,027079E-1	4,902598E-5	2,557098E-3
20220411 09:16:35,052	c_0_013_20220411_09_16_35,052.bmp	1,833544E+0	2,268944E-1	4,902598E-5	1,107786E-5
20220411 09:16:41,053	c_0_014_20220411_09_16_41,053.bmp	2,000270E+0	2,472620E-1	-3,769540E-3	-3,807953E-3
20220411 09:16:47,056	c_0_015_20220411_09_16_47,056.bmp	2,161905E+0	2,638106E-1	-2,496685E-3	1,107786E-5
20220411 09:16:53,058	c_0_016_20220411_09_16_53,058.bmp	2,327358E+0	2,879971E-1	4,902598E-5	-5,080963E-3
20220411 09:16:59,064	c_0_017_20220411_09_16_59,064.bmp	2,477539E+0	3,045457E-1	-3,769540E-3	1,107786E-5
20220411 09:17:05,065	c_0_018_20220411_09_17_05,065.bmp	2,622629E+0	3,236403E-1	-5,042396E-3	-1,261932E-3
20220411 09:17:11,070	c_0_019_20220411_09_17_11,070.bmp	2,748628E+0	3,414619E-1	-2,496685E-3	3,830109E-3
20220411 09:17:17,073	c_0_020_20220411_09_17_17,073.bmp	2,803355E+0	3,643755E-1	-1,223829E-3	-1,261932E-3
20220411 09:17:23,078	c_0_021_20220411_09_17_23,078.bmp	2,810991E+0	3,834700E-1	2,594737E-3	1,107786E-5
20220411 09:17:29,081	c_0_022_20220411_09_17_29,081.bmp	2,790628E+0	4,000187E-1	-1,223829E-3	3,830109E-3
20220411 09:17:35,092	c_0_023_20220411_09_17_35,092.bmp	2,784264E+0	4,203862E-1	2,594737E-3	2,557098E-3
20220411 09:17:41,097	c_0_024_20220411_09_17_41,097.bmp	2,802082E+0	4,483916E-1	-3,769540E-3	1,107786E-5
20220411 09:17:47,102	c_0_025_20220411_09_17_47,102.bmp	2,809718E+0	4,662133E-1	2,594737E-3	1,107786E-5
20220411 09:17:53,103	c_0_026_20220411_09_17_53,103.bmp	2,812264E+0	4,878538E-1	-2,496685E-3	-3,807953E-3
20220411 09:17:59,108	c_0_027_20220411_09_17_59,108.bmp	2,781719E+0	5,044024E-1	-1,223829E-3	1,107786E-5
20220411 09:18:05,111	c_0_028_20220411_09_18_05,111.bmp	2,763901E+0	5,247700E-1	2,594737E-3	1,107786E-5
20220411 09:18:11,118	c_0_029_20220411_09_18_11,118.bmp	2,730810E+0	5,464105E-1	-1,223829E-3	-1,261932E-3
20220411 09:18:17,126	c_0_030_20220411_09_18_17,126.bmp	2,653174E+0	5,655051E-1	1,321881E-3	1,107786E-5
20220411 09:18:23,131	c_0_031_20220411_09_18_23,131.bmp	2,581902E+0	5,871457E-1	-3,769540E-3	-3,807953E-3
20220411 09:18:29,136	c_0_032_20220411_09_18_29,136.bmp	2,491539E+0	6,049673E-1	-1,223829E-3	1,107786E-5
20220411 09:18:35,146	c_0_033_20220411_09_18_35,146.bmp	2,434267E+0	6,278808E-1	-1,223829E-3	1,107786E-5
20220411 09:18:41,152	c_0_034_20220411_09_18_41,152.bmp	2,376994E+0	6,418835E-1	1,321881E-3	2,557098E-3
20220411 09:18:47,154	c_0_035_20220411_09_18_47,154.bmp	2,343904E+0	6,609781E-1	2,594737E-3	1,284088E-3
20220411 09:18:53,160	c_0_036_20220411_09_18_53,160.bmp	2,324813E+0	6,877105E-1	4,902598E-5	-3,807953E-3
20220411 09:18:59,164	c_0_037_20220411_09_18_59,164.bmp	2,301904E+0	7,042591E-1	-2,496685E-3	3,830109E-3
20220411 09:19:05,169	c_0_038_20220411_09_19_05,169.bmp	2,287904E+0	7,284456E-1	-1,223829E-3	-1,261932E-3
20220411 09:19:11,179	c_0_039_20220411_09_19_11,179.bmp	2,267541E+0	7,488132E-1	-2,496685E-3	-2,534943E-3
20220411 09:19:17,184	c_0_040_20220411_09_19_17,184.bmp	2,242086E+0	7,628159E-1	4,902598E-5	-1,261932E-3
20220411 09:19:23,190	c_0_041_20220411_09_19_23,190.bmp	2,221723E+0	7,844564E-1	1,321881E-3	2,557098E-3
20220411 09:19:29,192	c_0_042_20220411_09_19_29,192.bmp	2,200087E+0	8,022780E-1	3,867592E-3	2,557098E-3
20220411 09:19:35,195	c_0_043_20220411_09_19_35,195.bmp	2,164451E+0	8,251915E-1	-2,496685E-3	1,107786E-5
20220411 09:19:41,196	c_0_044_20220411_09_19_41,196.bmp	2,113542E+0	8,404672E-1	4,902598E-5	1,284088E-3
20220411 09:19:47,201	c_0_045_20220411_09_19_47,201.bmp	2,071542E+0	8,621077E-1	-1,223829E-3	2,557098E-3
20220411 09:19:53,207	c_0_046_20220411_09_19_53,207.bmp	2,042270E+0	8,850212E-1	-2,496685E-3	1,107786E-5
20220411 09:19:59,212	c_0_047_20220411_09_19_59,212.bmp	2,025724E+0	9,066618E-1	-2,496685E-3	-2,534943E-3
20220411 09:20:05,214	c_0_048_20220411_09_20_05,214.bmp	1,992634E+0	9,257564E-1	2,594737E-3	1,107786E-5
20220411 09:20:11,217	c_0_049_20220411_09_20_11,217.bmp	1,982452E+0	9,473969E-1	-3,769540E-3	-3,807953E-3
20220411 09:20:17,222	c_0_050_20220411_09_20_17,222.bmp	1,970997E+0	9,677645E-1	-7,588107E-3	-5,080963E-3
20220411 09:20:23,235	c_0_051_20220411_09_20_23,235.bmp	1,956997E+0	9,855861E-1	-1,223829E-3	1,107786E-5
20220411 09:20:29,243	c_0_052_20220411_09_20_29,243.bmp	1,944270E+0	1,004681E+0	-5,042396E-3	-1,261932E-3
20220411 09:20:35,244	c_0_053_20220411_09_20_35,244.bmp	1,920089E+0	1,025048E+0	4,902598E-5	1,107786E-5
20220411 09:20:41,246	c_0_054_20220411_09_20_41,246.bmp	1,900998E+0	1,044143E+0	-2,496685E-3	1,107786E-5
20220411 09:20:47,248	c_0_055_20220411_09_20_47,248.bmp	1,862816E+0	1,065783E+0	1,321881E-3	-3,807953E-3
20220411 09:20:53,252	c_0_056_20220411_09_20_53,252.bmp	1,815726E+0	1,084878E+0	4,902598E-5	-1,261932E-3
20220411 09:20:59,259	c_0_057_20220411_09_20_59,259.bmp	1,763544E+0	1,105246E+0	2,594737E-3	1,107786E-5
20220411 09:21:05,260	c_0_058_20220411_09_21_05,260.bmp	1,716454E+0	1,125613E+0	2,594737E-3	-1,261932E-3
20220411 09:21:11,263	c_0_059_20220411_09_21_11,263.bmp	1,678272E+0	1,145981E+0	6,413303E-3	1,107786E-5
20220411 09:21:17,272	c_0_060_20220411_09_21_17,272.bmp	1,647727E+0	1,168894E+0	-3,769540E-3	-2,534943E-3
20220411 09:21:23,275	c_0_061_20220411_09_21_23,275.bmp	1,622273E+0	1,184170E+0	-1,223829E-3	-1,261932E-3
20220411 09:21:29,276	c_0_062_20220411_09_21_29,276.bmp	1,598091E+0	1,205810E+0	-1,223829E-3	-1,261932E-3
20220411 09:21:35,278	c_0_063_20220411_09_21_35,278.bmp	1,579000E+0	1,226178E+0	4,902598E-5	-2,534943E-3
20220411 09:21:41,279	c_0_064_20220411_09_21_41,279.bmp	1,553546E+0	1,244000E+0	-1,223829E-3	1,107786E-5
20220411 09:21:47,286	c_0_065_20220411_09_21_47,286.bmp	1,543364E+0	1,269459E+0	-1,223829E-3	-3,807953E-3
20220411 09:21:53,287	c_0_066_20220411_09_21_53,287.bmp	1,529364E+0	1,288554E+0	-2,496685E-3	-3,807953E-3
20220411 09:21:59,288	c_0_067_20220411_09_21_59,288.bmp	1,514092E+0	1,300010E+0	1,321881E-3	1,284088E-3
20220411 09:22:05,294	c_0_068_20220411_09_22_05,294.bmp	1,511546E+0	1,326743E+0	2,594737E-3	-1,261932E-3
20220411 09:22:11,301	c_0_069_20220411_09_22_11,301.bmp	1,497546E+0	1,345837E+0	1,321881E-3	1,107786E-5
20220411 09:22:17,302	c_0_070_20220411_09_22_17,302.bmp	1,474637E+0	1,364932E+0	4,902598E-5	1,107786E-5
20220411 09:22:23,304	c_0_071_20220411_09_22_23,304.bmp	1,435183E+0	1,381481E+0	2,594737E-3	2,557098E-3
20220411 09:22:29,313	c_0_072_20220411_09_22_29,313.bmp	1,381729E+0	1,405667E+0	-3,769540E-3	-1,261932E-3
20220411 09:22:35,315	c_0_073_20220411_09_22_35,315.bmp	1,342275E+0	1,424762E+0	4,902598E-5	-1,261932E-3
20220411 09:22:41,323	c_0_074_20220411_09_22_41,323.bmp	1,315548E+0	1,441310E+0	4,902598E-5	2,557098E-3
20220411 09:22:47,325	c_0_075_20220411_09_22_47,325.bmp	1,305366E+0	1,468043E+0	-1,223829E-3	-3,807953E-3
20220411 09:22:53,327	c_0_076_20220411_09_22_53,327.bmp	1,295184E+0	1,488410E+0	-2,496685E-3	-3,807953E-3
20220411 09:22:59,333	c_0_077_20220411_09_22_59,333.bmp	1,285002E+0	1,510051E+0	-1,223829E-3	1,107786E-5
20220411 09:23:05,340	c_0_078_20220411_09_23_05,340.bmp	1,273548E+0	1,526599E+0	-1,223829E-3	1,107786E-5
20220411 09:23:11,341	c_0_079_20220411_09_23_11,341.bmp	1,259548E+0	1,545694E+0	4,902598E-5	-1,261932E-3
20220411 09:23:17,346	c_0_080_20220411_09_23_17,346.bmp	1,257003E+0	1,562243E+0	-2,496685E-3	2,557098E-3
20220411 09:23:23,354	c_0_081_20220411_09_23_23,354.bmp	1,248094E+0	1,586429E+0	-2,496685E-3	1,107786E-5
20220411 09:23:29,356	c_0_082_20220411_09_23_29,356.bmp	1,237912E+0	1,602978E+0	1,321881E-3	1,107786E-5
20220411 09:23:35,357	c_0_083_20220411_09_23_35,357.bmp	1,227730E+0	1,625891E+0	4,902598E-5	-1,261932E-3
20220411 09:23:41,358	c_0_084_20220411_09_23_41,358.bmp	1,223912E+0	1,644986E+0	-3,769540E-3	-1,261932E-3
20220411 09:23:47,367	c_0_085_20220411_09_23_47,367.bmp	1,206094E+0	1,662807E+0	3,867592E-3	2,557098E-3
20220411 09:23:53,373	c_0_086_20220411_09_23_53,373.bmp	1,199730E+0	1,681902E+0	1,321881E-3	-1,261932E-3
20220411 09:23:59,379	c_0_087_20220411_09_23_59,379.bmp	1,190821E+0	1,703543E+0	1,321881E-3	1,284088E-3
20220411 09:24:05,382	c_0_088_20220411_09_24_05,382.bmp	1,183185E+0	1,721364E+0	5,140448E-3	2,557098E-3
20220411 09:24:11,385	c_0_089_20220411_09_24_11,385.bmp	1,176821E+0	1,746824E+0	4,902598E-5	-1,261932E-3
20220411 09:24:17,390	c_0_090_20220411_09_24_17,390.bmp	1,174276E+0	1,765918E+0	-3,769540E-3	1,107786E-5
20220411 09:24:23,397	c_0_091_20220411_09_24_23,397.bmp	1,157731E+0	1,781194E+0	2,594737E-3	2,557098E-3
20220411 09:24:29,406	c_0_092_20220411_09_24_29,406.bmp	1,148822E+0	1,802834E+0	2,594737E-3	2,557098E-3
20220411 09:24:35,410	c_0_093_20220411_09_24_35,410.bmp	1,148822E+0	1,828294E+0	-3,769540E-3	-3,807953E-3
20220411 09:24:41,415	c_0_094_20220411_09_24_41,415.bmp	1,142458E+0	1,849934E+0	-3,769540E-3	-3,807953E-3
20220411 09:24:47,426	c_0_095_20220411_09_24_47,426.bmp	1,133549E+0	1,862664E+0	4,902598E-5	2,557098E-3
20220411 09:24:53,433	c_0_096_20220411_09_24_53,433.bmp	1,122095E+0	1,886851E+0	-1,223829E-3	1,107786E-5
20220411 09:24:59,440	c_0_097_20220411_09_24_59,440.bmp	1,106822E+0	1,900853E+0	3,867592E-3	-1,261932E-3
20220411 09:25:05,443	c_0_098_20220411_09_25_05,443.bmp	1,105549E+0	1,925040E+0	-1,223829E-3	-1,261932E-3
20220411 09:25:11,452	c_0_099_20220411_09_25_11,452.bmp	1,094095E+0	1,945407E+0	-5,042396E-3	1,107786E-5
20220411 09:25:17,454	c_0_100_20220411_09_25_17,454.bmp	1,090277E+0	1,960683E+0	-1,223829E-3	1,284088E-3
20220411 09:25:23,460	c_0_101_20220411_09_25_23,460.bmp	1,086458E+0	1,984870E+0	-5,042396E-3	1,107786E-5
20220411 09:25:29,464	c_0_102_20220411_09_25_29,464.bmp	1,077549E+0	2,005237E+0	3,867592E-3	1,107786E-5
20220411 09:25:35,466	c_0_103_20220411_09_25_35,466.bmp	1,081368E+0	2,028151E+0	-3,769540E-3	-3,807953E-3
20220411 09:25:41,470	c_0_104_20220411_09_25_41,470.bmp	1,071186E+0	2,047245E+0	-1,223829E-3	-3,807953E-3
20220411 09:25:47,472	c_0_105_20220411_09_25_47,472.bmp	1,067368E+0	2,063794E+0	4,902598E-5	-3,807953E-3
20220411 09:25:53,474	c_0_106_20220411_09_25_53,474.bmp	1,062277E+0	2,089253E+0	-5,042396E-3	-2,534943E-3
20220411 09:25:59,484	c_0_107_20220411_09_25_59,484.bmp	1,054641E+0	2,104529E+0	4,902598E-5	1,107786E-5
20220411 09:26:05,492	c_0_108_20220411_09_26_05,492.bmp	1,045731E+0	2,122351E+0	4,902598E-5	2,557098E-3
20220411 09:26:11,495	c_0_109_20220411_09_26_11,495.bmp	1,034277E+0	2,142718E+0	3,867592E-3	2,557098E-3
20220411 09:26:17,497	c_0_110_20220411_09_26_17,497.bmp	1,026641E+0	2,163086E+0	1,321881E-3	2,557098E-3
20220411 09:26:23,501	c_0_111_20220411_09_26_23,501.bmp	1,024095E+0	2,183453E+0	4,902598E-5	3,830109E-3
20220411 09:26:29,508	c_0_112_20220411_09_26_29,508.bmp	1,016459E+0	2,201275E+0	2,594737E-3	1,107786E-5
20220411 09:26:35,513	c_0_113_20220411_09_26_35,513.bmp	1,010095E+0	2,220369E+0	3,867592E-3	-1,261932E-3
20220411 09:26:41,517	c_0_114_20220411_09_26_41,517.bmp	1,003732E+0	2,245829E+0	-1,223829E-3	1,284088E-3
20220411 09:26:47,518	c_0_115_20220411_09_26_47,518.bmp	9,897319E-1	2,263651E+0	2,594737E-3	1,284088E-3
20220411 09:26:53,519	c_0_116_20220411_09_26_53,519.bmp	9,846410E-1	2,285291E+0	-1,223829E-3	1,107786E-5
20220411 09:26:59,522	c_0_117_20220411_09_26_59,522.bmp	9,680957E-1	2,308205E+0	-2,496685E-3	-3,807953E-3
20220411 09:27:05,526	c_0_118_20220411_09_27_05,526.bmp	9,579140E-1	2,322207E+0	1,321881E-3	2,557098E-3
20220411 09:27:11,536	c_0_119_20220411_09_27_11,536.bmp	9,426413E-1	2,343848E+0	1,321881E-3	-1,261932E-3
20220411 09:27:17,539	c_0_120_20220411_09_27_17,539.bmp	9,337323E-1	2,361669E+0	2,594737E-3	2,557098E-3
20220411 09:27:23,540	c_0_121_20220411_09_27_23,540.bmp	9,299142E-1	2,382037E+0	2,594737E-3	2,557098E-3
20220411 09:27:29,546	c_0_122_20220411_09_27_29,546.bmp	9,311869E-1	2,402405E+0	1,321881E-3	3,830109E-3
20220411 09:27:35,548	c_0_123_20220411_09_27_35,548.bmp	9,311869E-1	2,427864E+0	1,321881E-3	-3,807953E-3
20220411 09:27:41,552	c_0_124_20220411_09_27_41,552.bmp	9,286415E-1	2,446959E+0	-1,223829E-3	1,284088E-3
20220411 09:27:47,562	c_0_125_20220411_09_27_47,562.bmp	9,260960E-1	2,462234E+0	2,594737E-3	2,557098E-3
20220411 09:27:53,569	c_0_126_20220411_09_27_53,569.bmp	9,235506E-1	2,480056E+0	2,594737E-3	3,830109E-3
20220411 09:27:59,572	c_0_127_20220411_09_27_59,572.bmp	9,273687E-1	2,502969E+0	-1,223829E-3	1,107786E-5
20220411 09:28:05,575	c_0_128_20220411_09_28_05,575.bmp	9,197324E-1	2,524610E+0	-1,223829E-3	-3,807953E-3
20220411 09:28:11,581	c_0_129_20220411_09_28_11,581.bmp	9,197324E-1	2,541159E+0	1,321881E-3	2,557098E-3
20220411 09:28:17,581	c_0_130_20220411_09_28_17,581.bmp	9,171870E-1	2,561526E+0	3,867592E-3	1,284088E-3
20220411 09:28:23,592	c_0_131_20220411_09_28_23,592.bmp	9,184597E-1	2,583167E+0	4,902598E-5	1,107786E-5
20220411 09:28:29,599	c_0_132_20220411_09_28_29,599.bmp	9,133688E-1	2,600988E+0	2,594737E-3	2,557098E-3
20220411 09:28:35,601	c_0_133_20220411_09_28_35,601.bmp	9,197324E-1	2,628994E+0	4,902598E-5	-3,807953E-3
20220411 09:28:41,606	c_0_134_20220411_09_28_41,606.bmp	9,197324E-1	2,641723E+0	4,902598E-5	-1,261932E-3
20220411 09:28:47,610	c_0_135_20220411_09_28_47,610.bmp	9,197324E-1	2,660818E+0	4,902598E-5	1,284088E-3
20220411 09:28:53,622	c_0_136_20220411_09_28_53,622.bmp	9,273687E-1	2,688823E+0	-3,769540E-3	-2,534943E-3
20220411 09:28:59,631	c_0_137_20220411_09_28_59,631.bmp	9,222779E-1	2,709191E+0	1,321881E-3	-3,807953E-3
20220411 09:29:05,633	c_0_138_20220411_09_29_05,633.bmp	9,273687E-1	2,725740E+0	-2,496685E-3	-1,261932E-3
20220411 09:29:11,638	c_0_139_20220411_09_29_11,638.bmp	9,184597E-1	2,747380E+0	3,867592E-3	1,107786E-5
20220411 09:29:17,640	c_0_140_20220411_09_29_17,640.bmp	9,210051E-1	2,761383E+0	2,594737E-3	2,557098E-3
20220411 09:29:23,642	c_0_141_20220411_09_29_23,642.bmp	9,235506E-1	2,785569E+0	4,902598E-5	1,107786E-5
20220411 09:29:29,646	c_0_142_20220411_09_29_29,646.bmp	9,197324E-1	2,809756E+0	-2,496685E-3	-3,807953E-3
20220411 09:29:35,652	c_0_143_20220411_09_29_35,652.bmp	9,222779E-1	2,825031E+0	-2,496685E-3	1,107786E-5
20220411 09:29:41,659	c_0_144_20220411_09_29_41,659.bmp	9,248233E-1	2,844126E+0	4,902598E-5	-5,080963E-3
20220411 09:29:47,664	c_0_145_20220411_09_29_47,664.bmp	9,235506E-1	2,864494E+0	4,902598E-5	3,830109E-3
20220411 09:29:53,667	c_0_146_20220411_09_29_53,667.bmp	9,235506E-1	2,886134E+0	4,902598E-5	1,107786E-5
20220411 09:29:59,668	c_0_147_20220411_09_29_59,668.bmp	9,273687E-1	2,909048E+0	-3,769540E-3	-3,807953E-3
20220411 09:30:05,679	c_0_148_20220411_09_30_05,679.bmp	9,222779E-1	2,923050E+0	6,413303E-3	2,557098E-3
20220411 09:30:11,687	c_0_149_20220411_09_30_11,687.bmp	9,235506E-1	2,944691E+0	4,902598E-5	1,107786E-5
20220411 09:30:17,692	c_0_150_20220411_09_30_17,692.bmp	9,286415E-1	2,961240E+0	-1,223829E-3	1,107786E-5
20220411 09:30:23,695	c_0_151_20220411_09_30_23,695.bmp	9,299142E-1	2,982880E+0	-2,496685E-3	1,107786E-5
20220411 09:30:29,705	c_0_152_20220411_09_30_29,705.bmp	9,362778E-1	3,008340E+0	-3,769540E-3	-3,807953E-3
20220411 09:30:35,710	c_0_153_20220411_09_30_35,710.bmp	9,235506E-1	3,017250E+0	4,902598E-5	-3,807953E-3
