20220411 09:15:16,951	c_1_000_20220411_09_15_16,951.bmp	-3,098783E-2	3,212960E-2	-3,769540E-3	1,107786E-5
20220411 09:15:22,955	c_1_001_20220411_09_15_22,955.bmp	-3,098783E-2	3,085663E-2	4,902598E-5	1,284088E-3
20220411 09:15:28,956	c_1_002_20220411_09_15_28,956.bmp	3,137535E-2	4,124205E-3	-2,496685E-3	1,107786E-5
20220411 09:15:34,960	c_1_003_20220411_09_15_34,960.bmp	1,204656E-1	2,321879E-2	2,594737E-3	3,830109E-3
20220411 09:15:40,965	c_1_004_20220411_09_15_40,965.bmp	2,655554E-1	4,358636E-2	2,594737E-3	2,557098E-3
20220411 09:15:46,966	c_1_005_20220411_09_15_46,966.bmp	4,182816E-1	6,649986E-2	4,902598E-5	-1,261932E-3
20220411 09:15:52,969	c_1_006_20220411_09_15_52,969.bmp	6,002802E-1	8,559445E-2	-3,769540E-3	1,107786E-5
20220411 09:15:58,974	c_1_007_20220411_09_15_58,974.bmp	7,644608E-1	1,021431E-1	1,321881E-3	2,557098E-3
20220411 09:16:04,980	c_1_008_20220411_09_16_04,980.bmp	9,464595E-1	1,263296E-1	2,594737E-3	1,107786E-5
20220411 09:16:10,985	c_1_009_20220411_09_16_10,985.bmp	1,132276E+0	1,454242E-1	-3,769540E-3	1,107786E-5
20220411 09:16:16,990	c_1_010_20220411_09_16_16,990.bmp	1,302821E+0	1,606998E-1	2,594737E-3	2,557098E-3
20220411 09:16:22,995	c_1_011_20220411_09_16_22,995.bmp	1,489910E+0	1,887052E-1	-2,496685E-3	-3,807953E-3
20220411 09:16:28,997	c_1_012_20220411_09_16_28,997.bmp	1,659182E+0	2,027079E-1	1,321881E-3	2,557098E-3
20220411 09:16:34,999	c_1_013_20220411_09_16_34,999.bmp	1,828453E+0	2,243485E-1	-1,223829E-3	-3,807953E-3
20220411 09:16:41,000	c_1_014_20220411_09_16_41,000.bmp	1,998997E+0	2,472620E-1	-3,769540E-3	-3,807953E-3
20220411 09:16:47,003	c_1_015_20220411_09_16_47,003.bmp	2,156814E+0	2,663566E-1	3,867592E-3	1,107786E-5
20220411 09:16:53,004	c_1_016_20220411_09_16_53,004.bmp	2,322268E+0	2,816322E-1	5,140448E-3	3,830109E-3
20220411 09:16:59,009	c_1_017_20220411_09_16_59,009.bmp	2,474994E+0	3,045457E-1	4,902598E-5	1,107786E-5
20220411 09:17:05,010	c_1_018_20220411_09_17_05,010.bmp	2,620084E+0	3,261863E-1	-1,223829E-3	-3,807953E-3
20220411 09:17:11,011	c_1_019_20220411_09_17_11,011.bmp	2,749901E+0	3,440079E-1	-1,223829E-3	1,107786E-5
20220411 09:17:17,015	c_1_020_20220411_09_17_17,015.bmp	2,805900E+0	3,618295E-1	4,902598E-5	2,557098E-3
20220411 09:17:23,017	c_1_021_20220411_09_17_23,017.bmp	2,810991E+0	3,872890E-1	3,867592E-3	1,107786E-5
20220411 09:17:29,018	c_1_022_20220411_09_17_29,018.bmp	2,785537E+0	4,012917E-1	3,867592E-3	2,557098E-3
20220411 09:17:35,019	c_1_023_20220411_09_17_35,019.bmp	2,785537E+0	4,242052E-1	4,902598E-5	1,107786E-5
20220411 09:17:41,030	c_1_024_20220411_09_17_41,030.bmp	2,795719E+0	4,407538E-1	-1,223829E-3	2,557098E-3
20220411 09:17:47,035	c_1_025_20220411_09_17_47,035.bmp	2,808446E+0	4,636673E-1	4,902598E-5	-1,261932E-3
20220411 09:17:53,036	c_1_026_20220411_09_17_53,036.bmp	2,807173E+0	4,853078E-1	4,902598E-5	1,107786E-5
20220411 09:17:59,041	c_1_027_20220411_09_17_59,041.bmp	2,789355E+0	5,082214E-1	-6,315251E-3	-3,807953E-3
20220411 09:18:05,042	c_1_028_20220411_09_18_05,042.bmp	2,761355E+0	5,285889E-1	-2,496685E-3	-5,080963E-3
20220411 09:18:11,043	c_1_029_20220411_09_18_11,043.bmp	2,733355E+0	5,476835E-1	-3,769540E-3	-5,080963E-3
20220411 09:18:17,045	c_1_030_20220411_09_18_17,045.bmp	2,654447E+0	5,655051E-1	4,902598E-5	2,557098E-3
20220411 09:18:23,048	c_1_031_20220411_09_18_23,048.bmp	2,579357E+0	5,820538E-1	3,867592E-3	2,557098E-3
20220411 09:18:29,049	c_1_032_20220411_09_18_29,049.bmp	2,487721E+0	6,049673E-1	1,321881E-3	-1,261932E-3
20220411 09:18:35,055	c_1_033_20220411_09_18_35,055.bmp	2,431721E+0	6,266078E-1	-1,223829E-3	-1,261932E-3
20220411 09:18:41,060	c_1_034_20220411_09_18_41,060.bmp	2,383358E+0	6,469754E-1	-5,042396E-3	1,107786E-5
20220411 09:18:47,060	c_1_035_20220411_09_18_47,060.bmp	2,350267E+0	6,647970E-1	1,321881E-3	1,107786E-5
20220411 09:18:53,062	c_1_036_20220411_09_18_53,062.bmp	2,328631E+0	6,851645E-1	1,321881E-3	-1,261932E-3
20220411 09:18:59,067	c_1_037_20220411_09_18_59,067.bmp	2,303177E+0	7,017132E-1	-1,223829E-3	2,557098E-3
20220411 09:19:05,068	c_1_038_20220411_09_19_05,068.bmp	2,287904E+0	7,258997E-1	1,321881E-3	1,107786E-5
20220411 09:19:11,072	c_1_039_20220411_09_19_11,072.bmp	2,266268E+0	7,411753E-1	1,321881E-3	1,284088E-3
20220411 09:19:17,073	c_1_040_20220411_09_19_17,073.bmp	2,239541E+0	7,640888E-1	-1,223829E-3	1,107786E-5
20220411 09:19:23,079	c_1_041_20220411_09_19_23,079.bmp	2,221723E+0	7,844564E-1	-1,223829E-3	1,107786E-5
20220411 09:19:29,085	c_1_042_20220411_09_19_29,085.bmp	2,198814E+0	8,022780E-1	2,594737E-3	2,557098E-3
20220411 09:19:35,091	c_1_043_20220411_09_19_35,091.bmp	2,161905E+0	8,251915E-1	4,902598E-5	1,107786E-5
20220411 09:19:41,094	c_1_044_20220411_09_19_41,094.bmp	2,114815E+0	8,404672E-1	2,594737E-3	1,284088E-3
20220411 09:19:47,099	c_1_045_20220411_09_19_47,099.bmp	2,077906E+0	8,684726E-1	-3,769540E-3	1,107786E-5
20220411 09:19:53,101	c_1_046_20220411_09_19_53,101.bmp	2,043542E+0	8,888402E-1	4,902598E-5	-3,807953E-3
20220411 09:19:59,103	c_1_047_20220411_09_19_59,103.bmp	2,016815E+0	9,015699E-1	1,321881E-3	3,830109E-3
20220411 09:20:05,108	c_1_048_20220411_09_20_05,108.bmp	2,000270E+0	9,283023E-1	-3,769540E-3	-2,534943E-3
20220411 09:20:11,113	c_1_049_20220411_09_20_11,113.bmp	1,984997E+0	9,473969E-1	-2,496685E-3	-3,807953E-3
20220411 09:20:17,117	c_1_050_20220411_09_20_17,117.bmp	1,968452E+0	9,626726E-1	-5,042396E-3	1,107786E-5
20220411 09:20:23,119	c_1_051_20220411_09_20_23,119.bmp	1,959543E+0	9,830401E-1	-3,769540E-3	1,107786E-5
20220411 09:20:29,128	c_1_052_20220411_09_20_29,128.bmp	1,946816E+0	1,005954E+0	-2,496685E-3	-1,261932E-3
20220411 09:20:35,134	c_1_053_20220411_09_20_35,134.bmp	1,926452E+0	1,026321E+0	4,902598E-5	1,284088E-3
20220411 09:20:41,139	c_1_054_20220411_09_20_41,139.bmp	1,906089E+0	1,046689E+0	-1,223829E-3	-3,807953E-3
20220411 09:20:47,144	c_1_055_20220411_09_20_47,144.bmp	1,858998E+0	1,065783E+0	-1,223829E-3	1,107786E-5
20220411 09:20:53,145	c_1_056_20220411_09_20_53,145.bmp	1,820817E+0	1,087424E+0	-2,496685E-3	-2,534943E-3
20220411 09:20:59,148	c_1_057_20220411_09_20_59,148.bmp	1,766090E+0	1,106518E+0	-3,769540E-3	-3,807953E-3
20220411 09:21:05,152	c_1_058_20220411_09_21_05,152.bmp	1,716454E+0	1,124340E+0	-1,223829E-3	-1,261932E-3
20220411 09:21:11,153	c_1_059_20220411_09_21_11,153.bmp	1,678272E+0	1,142162E+0	3,867592E-3	1,284088E-3
20220411 09:21:17,158	c_1_060_20220411_09_21_17,158.bmp	1,645182E+0	1,165075E+0	4,902598E-5	1,107786E-5
20220411 09:21:23,160	c_1_061_20220411_09_21_23,160.bmp	1,623545E+0	1,185443E+0	-1,223829E-3	-1,261932E-3
20220411 09:21:29,160	c_1_062_20220411_09_21_29,160.bmp	1,595546E+0	1,204537E+0	3,867592E-3	2,557098E-3
20220411 09:21:35,163	c_1_063_20220411_09_21_35,163.bmp	1,579000E+0	1,224905E+0	4,902598E-5	1,284088E-3
20220411 09:21:41,164	c_1_064_20220411_09_21_41,164.bmp	1,561182E+0	1,246545E+0	-3,769540E-3	-3,807953E-3
20220411 09:21:47,169	c_1_065_20220411_09_21_47,169.bmp	1,540819E+0	1,265640E+0	-3,769540E-3	-2,534943E-3
20220411 09:21:53,175	c_1_066_20220411_09_21_53,175.bmp	1,530637E+0	1,283462E+0	4,902598E-5	1,107786E-5
20220411 09:21:59,176	c_1_067_20220411_09_21_59,176.bmp	1,524273E+0	1,307648E+0	-2,496685E-3	-3,807953E-3
20220411 09:22:05,182	c_1_068_20220411_09_22_05,182.bmp	1,511546E+0	1,329289E+0	-5,042396E-3	-3,807953E-3
20220411 09:22:11,184	c_1_069_20220411_09_22_11,184.bmp	1,497546E+0	1,344564E+0	-1,223829E-3	-1,261932E-3
20220411 09:22:17,189	c_1_070_20220411_09_22_17,189.bmp	1,475910E+0	1,370024E+0	-1,223829E-3	-3,807953E-3
20220411 09:22:23,193	c_1_071_20220411_09_22_23,193.bmp	1,437729E+0	1,385299E+0	-1,223829E-3	-1,261932E-3
20220411 09:22:29,195	c_1_072_20220411_09_22_29,195.bmp	1,376638E+0	1,404394E+0	1,321881E-3	1,284088E-3
20220411 09:22:35,200	c_1_073_20220411_09_22_35,200.bmp	1,341002E+0	1,424762E+0	4,902598E-5	1,107786E-5
20220411 09:22:41,204	c_1_074_20220411_09_22_41,204.bmp	1,309184E+0	1,442583E+0	2,594737E-3	1,284088E-3
20220411 09:22:47,209	c_1_075_20220411_09_22_47,209.bmp	1,302821E+0	1,465497E+0	4,902598E-5	-1,261932E-3
20220411 09:22:53,214	c_1_076_20220411_09_22_53,214.bmp	1,296457E+0	1,487137E+0	-2,496685E-3	-3,807953E-3
20220411 09:22:59,220	c_1_077_20220411_09_22_59,220.bmp	1,282457E+0	1,504959E+0	-1,223829E-3	-1,261932E-3
20220411 09:23:05,225	c_1_078_20220411_09_23_05,225.bmp	1,278639E+0	1,525326E+0	-3,769540E-3	1,107786E-5
20220411 09:23:11,229	c_1_079_20220411_09_23_11,229.bmp	1,267184E+0	1,545694E+0	-5,042396E-3	1,107786E-5
20220411 09:23:17,232	c_1_080_20220411_09_23_17,232.bmp	1,255730E+0	1,564789E+0	-1,223829E-3	1,107786E-5
20220411 09:23:23,234	c_1_081_20220411_09_23_23,234.bmp	1,243003E+0	1,583883E+0	3,867592E-3	-1,261932E-3
20220411 09:23:29,235	c_1_082_20220411_09_23_29,235.bmp	1,234094E+0	1,601705E+0	-2,496685E-3	2,557098E-3
20220411 09:23:35,239	c_1_083_20220411_09_23_35,239.bmp	1,220094E+0	1,624618E+0	1,321881E-3	-1,261932E-3
20220411 09:23:41,244	c_1_084_20220411_09_23_41,244.bmp	1,218821E+0	1,644986E+0	-1,223829E-3	2,557098E-3
20220411 09:23:47,246	c_1_085_20220411_09_23_47,246.bmp	1,212458E+0	1,665353E+0	-3,769540E-3	-1,261932E-3
20220411 09:23:53,248	c_1_086_20220411_09_23_53,248.bmp	1,203549E+0	1,685721E+0	-2,496685E-3	-1,261932E-3
20220411 09:23:59,252	c_1_087_20220411_09_23_59,252.bmp	1,199730E+0	1,704816E+0	4,902598E-5	1,107786E-5
20220411 09:24:05,257	c_1_088_20220411_09_24_05,257.bmp	1,184458E+0	1,726456E+0	4,902598E-5	-3,807953E-3
20220411 09:24:11,257	c_1_089_20220411_09_24_11,257.bmp	1,181912E+0	1,744278E+0	4,902598E-5	-1,261932E-3
20220411 09:24:17,258	c_1_090_20220411_09_24_17,258.bmp	1,173003E+0	1,765918E+0	-2,496685E-3	-1,261932E-3
20220411 09:24:23,261	c_1_091_20220411_09_24_23,261.bmp	1,161549E+0	1,785013E+0	3,867592E-3	-1,261932E-3
20220411 09:24:29,262	c_1_092_20220411_09_24_29,262.bmp	1,152640E+0	1,804107E+0	-1,223829E-3	1,107786E-5
20220411 09:24:35,267	c_1_093_20220411_09_24_35,267.bmp	1,147549E+0	1,821929E+0	4,902598E-5	2,557098E-3
20220411 09:24:41,273	c_1_094_20220411_09_24_41,273.bmp	1,142458E+0	1,841024E+0	4,902598E-5	2,557098E-3
20220411 09:24:47,276	c_1_095_20220411_09_24_47,276.bmp	1,132276E+0	1,866483E+0	1,321881E-3	1,107786E-5
20220411 09:24:53,278	c_1_096_20220411_09_24_53,278.bmp	1,119549E+0	1,884305E+0	-3,769540E-3	1,107786E-5
20220411 09:24:59,279	c_1_097_20220411_09_24_59,279.bmp	1,111913E+0	1,904672E+0	-1,223829E-3	1,107786E-5
20220411 09:25:05,282	c_1_098_20220411_09_25_05,282.bmp	1,101731E+0	1,921221E+0	2,594737E-3	2,557098E-3
20220411 09:25:11,287	c_1_099_20220411_09_25_11,287.bmp	1,091549E+0	1,941588E+0	2,594737E-3	2,557098E-3
20220411 09:25:17,291	c_1_100_20220411_09_25_17,291.bmp	1,094095E+0	1,967048E+0	-3,769540E-3	-3,807953E-3
20220411 09:25:23,296	c_1_101_20220411_09_25_23,296.bmp	1,092822E+0	1,984870E+0	-5,042396E-3	1,284088E-3
20220411 09:25:29,297	c_1_102_20220411_09_25_29,297.bmp	1,080095E+0	2,006510E+0	4,902598E-5	1,107786E-5
20220411 09:25:35,302	c_1_103_20220411_09_25_35,302.bmp	1,078822E+0	2,024332E+0	4,902598E-5	2,557098E-3
20220411 09:25:41,304	c_1_104_20220411_09_25_41,304.bmp	1,066095E+0	2,045972E+0	4,902598E-5	-1,261932E-3
20220411 09:25:47,305	c_1_105_20220411_09_25_47,305.bmp	1,064822E+0	2,068886E+0	4,902598E-5	-3,807953E-3
20220411 09:25:53,308	c_1_106_20220411_09_25_53,308.bmp	1,058459E+0	2,087980E+0	-1,223829E-3	-3,807953E-3
20220411 09:25:59,313	c_1_107_20220411_09_25_59,313.bmp	1,049550E+0	2,100710E+0	1,321881E-3	1,284088E-3
20220411 09:26:05,317	c_1_108_20220411_09_26_05,317.bmp	1,044459E+0	2,126170E+0	2,594737E-3	1,107786E-5
20220411 09:26:11,324	c_1_109_20220411_09_26_11,324.bmp	1,035550E+0	2,138899E+0	4,902598E-5	3,830109E-3
20220411 09:26:17,328	c_1_110_20220411_09_26_17,328.bmp	1,036822E+0	2,165632E+0	-3,769540E-3	-3,807953E-3
20220411 09:26:23,333	c_1_111_20220411_09_26_23,333.bmp	1,022823E+0	2,185999E+0	-1,223829E-3	-3,807953E-3
20220411 09:26:29,337	c_1_112_20220411_09_26_29,337.bmp	1,021550E+0	2,207640E+0	4,902598E-5	-3,807953E-3
20220411 09:26:35,341	c_1_113_20220411_09_26_35,341.bmp	1,011368E+0	2,220369E+0	4,902598E-5	3,830109E-3
20220411 09:26:41,345	c_1_114_20220411_09_26_41,345.bmp	1,005005E+0	2,248375E+0	-3,769540E-3	-3,807953E-3
20220411 09:26:47,347	c_1_115_20220411_09_26_47,347.bmp	9,884592E-1	2,262378E+0	1,321881E-3	2,557098E-3
20220411 09:26:53,348	c_1_116_20220411_09_26_53,348.bmp	9,820956E-1	2,285291E+0	-2,496685E-3	-1,261932E-3
20220411 09:26:59,349	c_1_117_20220411_09_26_59,349.bmp	9,744593E-1	2,304386E+0	4,902598E-5	-1,261932E-3
20220411 09:27:05,354	c_1_118_20220411_09_27_05,354.bmp	9,591867E-1	2,324753E+0	4,902598E-5	-1,261932E-3
20220411 09:27:11,355	c_1_119_20220411_09_27_11,355.bmp	9,477322E-1	2,343848E+0	4,902598E-5	2,557098E-3
20220411 09:27:17,357	c_1_120_20220411_09_27_17,357.bmp	9,426413E-1	2,366761E+0	-5,042396E-3	-3,807953E-3
20220411 09:27:23,360	c_1_121_20220411_09_27_23,360.bmp	9,311869E-1	2,383310E+0	3,867592E-3	-1,261932E-3
20220411 09:27:29,364	c_1_122_20220411_09_27_29,364.bmp	9,260960E-1	2,399859E+0	2,594737E-3	1,284088E-3
20220411 09:27:35,367	c_1_123_20220411_09_27_35,367.bmp	9,299142E-1	2,426591E+0	4,902598E-5	1,107786E-5
20220411 09:27:41,373	c_1_124_20220411_09_27_41,373.bmp	9,260960E-1	2,441867E+0	3,867592E-3	3,830109E-3
20220411 09:27:47,375	c_1_125_20220411_09_27_47,375.bmp	9,273687E-1	2,464780E+0	4,902598E-5	-1,261932E-3
20220411 09:27:53,379	c_1_126_20220411_09_27_53,379.bmp	9,235506E-1	2,483875E+0	1,321881E-3	1,107786E-5
20220411 09:27:59,384	c_1_127_20220411_09_27_59,384.bmp	9,222779E-1	2,508061E+0	1,321881E-3	-3,807953E-3
20220411 09:28:05,385	c_1_128_20220411_09_28_05,385.bmp	9,210051E-1	2,525883E+0	1,321881E-3	-3,807953E-3
20220411 09:28:11,387	c_1_129_20220411_09_28_11,387.bmp	9,184597E-1	2,544978E+0	3,867592E-3	-1,261932E-3
20220411 09:28:17,390	c_1_130_20220411_09_28_17,390.bmp	9,260960E-1	2,566618E+0	-3,769540E-3	-3,807953E-3
20220411 09:28:23,392	c_1_131_20220411_09_28_23,392.bmp	9,222779E-1	2,583167E+0	1,321881E-3	1,107786E-5
20220411 09:28:29,396	c_1_132_20220411_09_28_29,396.bmp	9,197324E-1	2,607353E+0	-3,769540E-3	-3,807953E-3
20220411 09:28:35,401	c_1_133_20220411_09_28_35,401.bmp	9,197324E-1	2,626448E+0	4,902598E-5	1,107786E-5
20220411 09:28:41,406	c_1_134_20220411_09_28_41,406.bmp	9,235506E-1	2,642996E+0	-5,042396E-3	1,107786E-5
20220411 09:28:47,408	c_1_135_20220411_09_28_47,408.bmp	9,235506E-1	2,664637E+0	-3,769540E-3	-1,261932E-3
20220411 09:28:53,411	c_1_136_20220411_09_28_53,411.bmp	9,184597E-1	2,683732E+0	1,321881E-3	-1,261932E-3
20220411 09:28:59,416	c_1_137_20220411_09_28_59,416.bmp	9,248233E-1	2,709191E+0	-2,496685E-3	-3,807953E-3
20220411 09:29:05,422	c_1_138_20220411_09_29_05,422.bmp	9,184597E-1	2,721921E+0	3,867592E-3	3,830109E-3
20220411 09:29:11,429	c_1_139_20220411_09_29_11,429.bmp	9,171870E-1	2,742288E+0	-1,223829E-3	2,557098E-3
20220411 09:29:17,434	c_1_140_20220411_09_29_17,434.bmp	9,210051E-1	2,767748E+0	-1,223829E-3	-3,807953E-3
20220411 09:29:23,439	c_1_141_20220411_09_29_23,439.bmp	9,235506E-1	2,780477E+0	2,594737E-3	2,557098E-3
20220411 09:29:29,443	c_1_142_20220411_09_29_29,443.bmp	9,299142E-1	2,807210E+0	-3,769540E-3	-3,807953E-3
20220411 09:29:35,448	c_1_143_20220411_09_29_35,448.bmp	9,184597E-1	2,822486E+0	2,594737E-3	1,284088E-3
20220411 09:29:41,450	c_1_144_20220411_09_29_41,450.bmp	9,222779E-1	2,846672E+0	-2,496685E-3	-3,807953E-3
20220411 09:29:47,454	c_1_145_20220411_09_29_47,454.bmp	9,260960E-1	2,860675E+0	4,902598E-5	2,557098E-3
20220411 09:29:53,457	c_1_146_20220411_09_29_53,457.bmp	9,235506E-1	2,881042E+0	2,594737E-3	2,557098E-3
20220411 09:29:59,459	c_1_147_20220411_09_29_59,459.bmp	9,273687E-1	2,907775E+0	-2,496685E-3	-3,807953E-3
20220411 09:30:05,462	c_1_148_20220411_09_30_05,462.bmp	9,273687E-1	2,925596E+0	-1,223829E-3	-1,261932E-3
20220411 09:30:11,471	c_1_149_20220411_09_30_11,471.bmp	9,311869E-1	2,945964E+0	-3,769540E-3	-1,261932E-3
20220411 09:30:17,472	c_1_150_20220411_09_30_17,472.bmp	9,299142E-1	2,968877E+0	-5,042396E-3	-3,807953E-3
20220411 09:30:23,477	c_1_151_20220411_09_30_23,477.bmp	9,362778E-1	2,987972E+0	-2,496685E-3	-3,807953E-3
20220411 09:30:29,478	c_1_152_20220411_09_30_29,478.bmp	9,311869E-1	3,005794E+0	1,321881E-3	1,107786E-5
20220411 09:30:35,482	c_1_153_20220411_09_30_35,482.bmp	9,273687E-1	3,014704E+0	4,902598E-5	-2,534943E-3
