1.444661708556809225e-03
2.888934081003135136e-06
1.890942097875333112e-03
8.358313981802523857e-03
1.698374274239930135e-02
3.828293350387610566e-02
6.398984126647094817e-02
9.620647116719710512e-02
1.432066326194192663e-01
1.892766250121321325e-01
2.553627503351194594e-01
3.161777874857036319e-01
3.864340130770044790e-01
4.760806714827644504e-01
5.566973355934770051e-01
6.337218118904686115e-01
7.263582009229606617e-01
8.367440701472165232e-01
9.467393601157173544e-01
1.030822273992541893e+00
1.122133328418354115e+00
1.166531936965741423e+00
1.245258453638959484e+00
1.261120809460146708e+00
1.295033175878158138e+00
1.272873926073755602e+00
1.260231197453588692e+00
1.193605428209798092e+00
1.172119799344669477e+00
1.167425852673333653e+00
1.173003819467400843e+00
1.153182852608827913e+00
1.147126691761576334e+00
1.154512085773818697e+00
1.149221073611569555e+00
1.138902825541772579e+00
1.138574851184690928e+00
1.126867063663221646e+00
1.077239922855935061e+00
9.828310652673465375e-01
9.300615761193038455e-01
9.394355964640010992e-01
9.244309527266145743e-01
9.211655570111467739e-01
9.046193249914432633e-01
9.081866419938887658e-01
9.048331933692117524e-01
8.979408294497611687e-01
8.873792464344510966e-01
8.809450851051202624e-01
8.759193012165312764e-01
8.793279046041639901e-01
8.836957097538056249e-01
8.806808505480085980e-01
8.894480632412502530e-01
9.013802866259168489e-01
9.041353588816869458e-01
9.004248104704752897e-01
9.034941105384549642e-01
9.063996696878391379e-01
8.897060873889682808e-01
8.887317297790672255e-01
8.934276720022733542e-01
8.932611398153703641e-01
9.066467909857673924e-01
9.093047327183771955e-01
9.205438865095479928e-01
9.269283316989679333e-01
9.279729687977504859e-01
9.425859741452269347e-01
9.458817293564489859e-01
9.492142808323640324e-01
9.574778970062952643e-01
9.569537544449153721e-01
9.665748385608159410e-01
9.711526643003748349e-01
9.746370457315676195e-01
9.761594257783877682e-01
9.681594426564072986e-01
9.587840732768322383e-01
9.068547452276758403e-01
8.918593540018122656e-01
8.844588635170558266e-01
8.809980369846585058e-01
8.731943296707378455e-01
8.613668205384723553e-01
8.648804680617301344e-01
8.760759672983470248e-01
8.781596823495397830e-01
8.829795756077998270e-01
8.774820899084797565e-01
8.791162512971643084e-01
8.696172530543497814e-01
8.590163208667175310e-01
8.578622312255710369e-01
8.535832415889632596e-01
8.515571595624550350e-01
8.524238507230391670e-01
8.562716549872562144e-01
8.554815076488350156e-01
8.622861086113565721e-01
8.723771409678454658e-01
8.794116065552667338e-01
8.858831841420001796e-01
8.895426334734910512e-01
8.971872971476475556e-01
9.039696622939465964e-01
9.114856135502339418e-01
9.174662140382161546e-01
9.277717064746827669e-01
9.360550968262362215e-01
9.433950189403215170e-01
9.495056512566770746e-01
9.459491799761795550e-01
9.534471481674786641e-01
9.488315014508433842e-01
9.350560863308871040e-01
9.341811092099289171e-01
9.260682526206340803e-01
9.293441628071384963e-01
9.244388573041283363e-01
9.181397324896487522e-01
9.245473381966187176e-01
9.212062804882651390e-01
9.178084726976351027e-01
9.084368191346859911e-01
9.031471338188823417e-01
9.029054788278970678e-01
9.037002199258972190e-01
9.065090567715115011e-01
9.125793371618285965e-01
9.108668889032598415e-01
9.184612462837522529e-01
9.166327611101237061e-01
9.201690668401899531e-01
9.193607352488960549e-01
9.109732546059625680e-01
9.115506550330556568e-01
9.280659296110683742e-01
9.208188296204991019e-01
9.275448100120837758e-01
9.368772863812311336e-01
9.372661590853725855e-01
9.506153683177420710e-01
9.437235467973548175e-01
9.389355298321017118e-01
9.438953942911877393e-01
9.424955153034360045e-01
9.454564866672590107e-01
