3.060000000000000000e+02
3.060000000000000000e+02
3.140000000000000000e+02
3.140000000000000000e+02
3.140000000000000000e+02
3.170000000000000000e+02
3.170000000000000000e+02
3.190000000000000000e+02
3.190000000000000000e+02
3.190000000000000000e+02
3.220000000000000000e+02
3.220000000000000000e+02
3.240000000000000000e+02
3.240000000000000000e+02
3.260000000000000000e+02
3.260000000000000000e+02
3.260000000000000000e+02
3.290000000000000000e+02
3.260000000000000000e+02
3.330000000000000000e+02
4.180000000000000000e+02
4.460000000000000000e+02
4.500000000000000000e+02
