20220325 11:10:14,059	b1_1_306_20220325_11_10_14,059.bmp	-1,404416E-1	-8,605521E-3	-3,769540E-3	-3,807953E-3
20220325 11:10:20,066	b1_1_307_20220325_11_10_20,066.bmp	-4,260751E-3	-1,115147E-2	3,867592E-3	-1,261932E-3
20220325 11:10:26,069	b1_1_308_20220325_11_10_26,069.bmp	1,484654E-1	1,812690E-2	4,902598E-5	1,107786E-5
20220325 11:10:32,074	b1_1_309_20220325_11_10_32,074.bmp	2,477374E-1	3,849447E-2	-3,769540E-3	-3,807953E-3
20220325 11:10:38,077	b1_1_310_20220325_11_10_38,077.bmp	3,686456E-1	5,377014E-2	4,902598E-5	-1,261932E-3
20220325 11:10:44,082	b1_1_311_20220325_11_10_44,082.bmp	5,506442E-1	7,413770E-2	1,321881E-3	1,107786E-5
20220325 11:10:50,092	b1_1_312_20220325_11_10_50,092.bmp	7,670063E-1	9,832418E-2	-2,496685E-3	-3,807953E-3
20220325 11:10:56,095	b1_1_313_20220325_11_10_56,095.bmp	9,719139E-1	1,161458E-1	-1,223829E-3	-3,807953E-3
20220325 11:11:02,097	b1_1_314_20220325_11_11_02,097.bmp	1,188276E+0	1,352404E-1	4,902598E-5	2,557098E-3
20220325 11:11:08,101	b1_1_315_20220325_11_11_08,101.bmp	1,400820E+0	1,543350E-1	4,902598E-5	1,107786E-5
20220325 11:11:14,104	b1_1_316_20220325_11_11_14,104.bmp	1,609546E+0	1,734296E-1	3,867592E-3	-1,261932E-3
20220325 11:11:20,105	b1_1_317_20220325_11_11_20,105.bmp	1,825908E+0	1,976160E-1	-2,496685E-3	-3,807953E-3
20220325 11:11:26,107	b1_1_318_20220325_11_11_26,107.bmp	2,028270E+0	2,141647E-1	4,902598E-5	1,107786E-5
20220325 11:11:32,112	b1_1_319_20220325_11_11_32,112.bmp	2,228086E+0	2,345322E-1	4,902598E-5	-1,261932E-3
20220325 11:11:38,117	b1_1_320_20220325_11_11_38,117.bmp	2,430449E+0	2,523539E-1	4,902598E-5	2,557098E-3
20220325 11:11:44,119	b1_1_321_20220325_11_11_44,119.bmp	2,623902E+0	2,778133E-1	4,902598E-5	-3,807953E-3
20220325 11:11:50,121	b1_1_322_20220325_11_11_50,121.bmp	2,808446E+0	2,905430E-1	2,594737E-3	1,284088E-3
20220325 11:11:56,122	b1_1_323_20220325_11_11_56,122.bmp	2,985354E+0	3,134565E-1	4,902598E-5	1,107786E-5
20220325 11:12:02,126	b1_1_324_20220325_11_12_02,126.bmp	3,131716E+0	3,300052E-1	3,867592E-3	3,830109E-3
20220325 11:12:08,131	b1_1_325_20220325_11_12_08,131.bmp	3,252624E+0	3,503728E-1	1,321881E-3	1,107786E-5
20220325 11:12:14,142	b1_1_326_20220325_11_12_14,142.bmp	3,335351E+0	3,745592E-1	-2,496685E-3	1,107786E-5
20220325 11:12:20,143	b1_1_327_20220325_11_12_20,143.bmp	3,350624E+0	3,949268E-1	3,867592E-3	1,107786E-5
20220325 11:12:26,150	b1_1_328_20220325_11_12_26,150.bmp	3,368442E+0	4,114754E-1	4,902598E-5	1,107786E-5
20220325 11:12:32,156	b1_1_329_20220325_11_12_32,156.bmp	3,283170E+0	4,331160E-1	1,321881E-3	1,107786E-5
20220325 11:12:38,159	b1_1_330_20220325_11_12_38,159.bmp	3,202988E+0	4,496646E-1	2,594737E-3	2,557098E-3
20220325 11:12:44,163	b1_1_331_20220325_11_12_44,163.bmp	3,141898E+0	4,713051E-1	4,902598E-5	2,557098E-3
20220325 11:12:50,169	b1_1_332_20220325_11_12_50,169.bmp	3,056626E+0	4,942187E-1	4,902598E-5	1,107786E-5
20220325 11:12:56,176	b1_1_333_20220325_11_12_56,176.bmp	2,948445E+0	5,133132E-1	4,902598E-5	1,284088E-3
20220325 11:13:02,178	b1_1_334_20220325_11_13_02,178.bmp	2,813537E+0	5,311349E-1	1,321881E-3	2,557098E-3
20220325 11:13:08,183	b1_1_335_20220325_11_13_08,183.bmp	2,705356E+0	5,553213E-1	4,902598E-5	1,107786E-5
20220325 11:13:14,184	b1_1_336_20220325_11_13_14,184.bmp	2,654447E+0	5,756889E-1	2,594737E-3	2,557098E-3
20220325 11:13:20,187	b1_1_337_20220325_11_13_20,187.bmp	2,612447E+0	5,973294E-1	-1,223829E-3	-3,807953E-3
20220325 11:13:26,196	b1_1_338_20220325_11_13_26,196.bmp	2,548811E+0	6,126051E-1	4,902598E-5	1,107786E-5
20220325 11:13:32,205	b1_1_339_20220325_11_13_32,205.bmp	2,488994E+0	6,380646E-1	-3,769540E-3	1,107786E-5
20220325 11:13:38,208	b1_1_340_20220325_11_13_38,208.bmp	2,446994E+0	6,571591E-1	-3,769540E-3	-3,807953E-3
20220325 11:13:44,213	b1_1_341_20220325_11_13_44,213.bmp	2,399903E+0	6,737078E-1	4,902598E-5	1,107786E-5
20220325 11:13:50,216	b1_1_342_20220325_11_13_50,216.bmp	2,362995E+0	6,940754E-1	4,902598E-5	1,107786E-5
20220325 11:13:56,225	b1_1_343_20220325_11_13_56,225.bmp	2,329904E+0	7,131699E-1	4,902598E-5	1,284088E-3
20220325 11:14:02,232	b1_1_344_20220325_11_14_02,232.bmp	2,277722E+0	7,373564E-1	-3,769540E-3	-3,807953E-3
20220325 11:14:08,236	b1_1_345_20220325_11_14_08,236.bmp	2,186087E+0	7,577240E-1	-2,496685E-3	-3,807953E-3
20220325 11:14:14,241	b1_1_346_20220325_11_14_14,241.bmp	2,011724E+0	7,717267E-1	4,902598E-5	2,557098E-3
20220325 11:14:20,244	b1_1_347_20220325_11_14_20,244.bmp	1,922634E+0	7,933672E-1	2,594737E-3	1,107786E-5
20220325 11:14:26,253	b1_1_348_20220325_11_14_26,253.bmp	1,903543E+0	8,162807E-1	-3,769540E-3	-3,807953E-3
20220325 11:14:32,258	b1_1_349_20220325_11_14_32,258.bmp	1,879362E+0	8,353753E-1	-1,223829E-3	1,107786E-5
20220325 11:14:38,261	b1_1_350_20220325_11_14_38,261.bmp	1,834817E+0	8,544699E-1	3,867592E-3	1,107786E-5
20220325 11:14:44,266	b1_1_351_20220325_11_14_44,266.bmp	1,794090E+0	8,761104E-1	-3,769540E-3	-3,807953E-3
20220325 11:14:50,271	b1_1_352_20220325_11_14_50,271.bmp	1,777544E+0	8,939321E-1	-3,769540E-3	1,107786E-5
20220325 11:14:56,276	b1_1_353_20220325_11_14_56,276.bmp	1,755908E+0	9,193915E-1	4,902598E-5	-3,807953E-3
20220325 11:15:02,282	b1_1_354_20220325_11_15_02,282.bmp	1,717727E+0	9,333942E-1	4,902598E-5	1,284088E-3
20220325 11:15:08,290	b1_1_355_20220325_11_15_08,290.bmp	1,685909E+0	9,499428E-1	2,594737E-3	2,557098E-3
20220325 11:15:14,294	b1_1_356_20220325_11_15_14,294.bmp	1,671909E+0	9,766753E-1	-2,496685E-3	-3,807953E-3
20220325 11:15:20,298	b1_1_357_20220325_11_15_20,298.bmp	1,654091E+0	9,970428E-1	-3,769540E-3	-5,080963E-3
20220325 11:15:26,303	b1_1_358_20220325_11_15_26,303.bmp	1,633727E+0	1,011046E+0	-1,223829E-3	1,284088E-3
20220325 11:15:32,313	b1_1_359_20220325_11_15_32,313.bmp	1,622273E+0	1,036505E+0	-3,769540E-3	-3,807953E-3
20220325 11:15:38,318	b1_1_360_20220325_11_15_38,318.bmp	1,614636E+0	1,054327E+0	-3,769540E-3	1,107786E-5
20220325 11:15:44,320	b1_1_361_20220325_11_15_44,320.bmp	1,603182E+0	1,073421E+0	-1,223829E-3	-1,261932E-3
20220325 11:15:50,325	b1_1_362_20220325_11_15_50,325.bmp	1,601909E+0	1,093789E+0	-3,769540E-3	1,107786E-5
20220325 11:15:56,327	b1_1_363_20220325_11_15_56,327.bmp	1,590455E+0	1,117975E+0	4,902598E-5	-3,807953E-3
20220325 11:16:02,332	b1_1_364_20220325_11_16_02,332.bmp	1,580273E+0	1,135797E+0	4,902598E-5	-1,261932E-3
20220325 11:16:08,341	b1_1_365_20220325_11_16_08,341.bmp	1,571364E+0	1,153618E+0	-3,769540E-3	1,107786E-5
20220325 11:16:14,347	b1_1_366_20220325_11_16_14,347.bmp	1,549728E+0	1,173986E+0	1,321881E-3	-1,261932E-3
20220325 11:16:20,348	b1_1_367_20220325_11_16_20,348.bmp	1,531910E+0	1,193081E+0	-3,769540E-3	1,107786E-5
20220325 11:16:26,352	b1_1_368_20220325_11_16_26,352.bmp	1,497546E+0	1,214721E+0	-1,223829E-3	1,107786E-5
20220325 11:16:32,357	b1_1_369_20220325_11_16_32,357.bmp	1,491183E+0	1,235089E+0	4,902598E-5	1,107786E-5
20220325 11:16:38,362	b1_1_370_20220325_11_16_38,362.bmp	1,487365E+0	1,254183E+0	1,321881E-3	-1,261932E-3
20220325 11:16:44,365	b1_1_371_20220325_11_16_44,365.bmp	1,487365E+0	1,274551E+0	4,902598E-5	1,107786E-5
20220325 11:16:50,366	b1_1_372_20220325_11_16_50,366.bmp	1,484819E+0	1,293645E+0	-1,223829E-3	1,107786E-5
20220325 11:16:56,372	b1_1_373_20220325_11_16_56,372.bmp	1,486092E+0	1,319105E+0	4,902598E-5	-3,807953E-3
20220325 11:17:02,375	b1_1_374_20220325_11_17_02,375.bmp	1,483546E+0	1,333108E+0	4,902598E-5	-1,261932E-3
20220325 11:17:08,378	b1_1_375_20220325_11_17_08,378.bmp	1,481001E+0	1,356021E+0	-1,223829E-3	1,107786E-5
20220325 11:17:14,382	b1_1_376_20220325_11_17_14,382.bmp	1,483546E+0	1,373843E+0	-5,042396E-3	1,107786E-5
20220325 11:17:20,384	b1_1_377_20220325_11_17_20,384.bmp	1,475910E+0	1,395483E+0	4,902598E-5	1,284088E-3
20220325 11:17:26,392	b1_1_378_20220325_11_17_26,392.bmp	1,470819E+0	1,412032E+0	4,902598E-5	2,557098E-3
20220325 11:17:32,399	b1_1_379_20220325_11_17_32,399.bmp	1,465728E+0	1,431126E+0	4,902598E-5	1,107786E-5
20220325 11:17:38,400	b1_1_380_20220325_11_17_38,400.bmp	1,461910E+0	1,457859E+0	1,321881E-3	-3,807953E-3
20220325 11:17:44,404	b1_1_381_20220325_11_17_44,404.bmp	1,455547E+0	1,471862E+0	2,594737E-3	2,557098E-3
20220325 11:17:50,408	b1_1_382_20220325_11_17_50,408.bmp	1,456819E+0	1,490956E+0	2,594737E-3	3,830109E-3
20220325 11:17:56,413	b1_1_383_20220325_11_17_56,413.bmp	1,456819E+0	1,513870E+0	-1,223829E-3	1,107786E-5
20220325 11:18:02,419	b1_1_384_20220325_11_18_02,419.bmp	1,447910E+0	1,538056E+0	-3,769540E-3	-3,807953E-3
20220325 11:18:08,425	b1_1_385_20220325_11_18_08,425.bmp	1,427547E+0	1,553332E+0	4,902598E-5	1,107786E-5
20220325 11:18:14,430	b1_1_386_20220325_11_18_14,430.bmp	1,400820E+0	1,573699E+0	4,902598E-5	1,107786E-5
20220325 11:18:20,431	b1_1_387_20220325_11_18_20,431.bmp	1,329548E+0	1,591521E+0	2,594737E-3	1,284088E-3
20220325 11:18:26,436	b1_1_388_20220325_11_18_26,436.bmp	1,301548E+0	1,618253E+0	-2,496685E-3	-3,807953E-3
20220325 11:18:32,439	b1_1_389_20220325_11_18_32,439.bmp	1,290093E+0	1,630983E+0	4,902598E-5	3,830109E-3
20220325 11:18:38,443	b1_1_390_20220325_11_18_38,443.bmp	1,283730E+0	1,657716E+0	-3,769540E-3	-3,807953E-3
20220325 11:18:44,449	b1_1_391_20220325_11_18_44,449.bmp	1,255730E+0	1,670445E+0	2,594737E-3	1,284088E-3
20220325 11:18:50,454	b1_1_392_20220325_11_18_50,454.bmp	1,243003E+0	1,690813E+0	3,867592E-3	2,557098E-3
20220325 11:18:56,459	b1_1_393_20220325_11_18_56,459.bmp	1,237912E+0	1,714999E+0	2,594737E-3	2,557098E-3
20220325 11:19:02,463	b1_1_394_20220325_11_19_02,463.bmp	1,241730E+0	1,735367E+0	3,867592E-3	1,107786E-5
20220325 11:19:08,467	b1_1_395_20220325_11_19_08,467.bmp	1,243003E+0	1,757007E+0	-3,769540E-3	-3,807953E-3
20220325 11:19:14,470	b1_1_396_20220325_11_19_14,470.bmp	1,240457E+0	1,778648E+0	-3,769540E-3	-3,807953E-3
20220325 11:19:20,476	b1_1_397_20220325_11_19_20,476.bmp	1,229003E+0	1,790105E+0	3,867592E-3	2,557098E-3
20220325 11:19:26,485	b1_1_398_20220325_11_19_26,485.bmp	1,221367E+0	1,815564E+0	4,902598E-5	1,107786E-5
20220325 11:19:32,490	b1_1_399_20220325_11_19_32,490.bmp	1,201003E+0	1,834659E+0	1,321881E-3	1,284088E-3
20220325 11:19:38,494	b1_1_400_20220325_11_19_38,494.bmp	1,188276E+0	1,857572E+0	-3,769540E-3	-3,807953E-3
20220325 11:19:44,496	b1_1_401_20220325_11_19_44,496.bmp	1,178094E+0	1,876667E+0	-3,769540E-3	-3,807953E-3
20220325 11:19:50,497	b1_1_402_20220325_11_19_50,497.bmp	1,161549E+0	1,894489E+0	2,594737E-3	3,830109E-3
20220325 11:19:56,505	b1_1_403_20220325_11_19_56,505.bmp	1,166640E+0	1,913583E+0	4,902598E-5	1,107786E-5
20220325 11:20:02,509	b1_1_404_20220325_11_20_02,509.bmp	1,153913E+0	1,933951E+0	4,902598E-5	1,107786E-5
20220325 11:20:08,514	b1_1_405_20220325_11_20_08,514.bmp	1,150094E+0	1,954318E+0	4,902598E-5	1,107786E-5
20220325 11:20:14,516	b1_1_406_20220325_11_20_14,516.bmp	1,152640E+0	1,978505E+0	-6,315251E-3	-3,807953E-3
20220325 11:20:20,518	b1_1_407_20220325_11_20_20,518.bmp	1,151367E+0	1,996326E+0	-1,223829E-3	1,107786E-5
20220325 11:20:26,522	b1_1_408_20220325_11_20_26,522.bmp	1,146276E+0	2,015421E+0	1,321881E-3	-1,261932E-3
20220325 11:20:32,525	b1_1_409_20220325_11_20_32,525.bmp	1,156458E+0	2,033243E+0	-2,496685E-3	1,107786E-5
20220325 11:20:38,534	b1_1_410_20220325_11_20_38,534.bmp	1,159003E+0	2,057429E+0	-3,769540E-3	-1,261932E-3
20220325 11:20:44,541	b1_1_411_20220325_11_20_44,541.bmp	1,153913E+0	2,072705E+0	3,867592E-3	2,557098E-3
20220325 11:20:50,543	b1_1_412_20220325_11_20_50,543.bmp	1,157731E+0	2,093072E+0	4,902598E-5	1,284088E-3
20220325 11:20:56,547	b1_1_413_20220325_11_20_56,547.bmp	1,156458E+0	2,110894E+0	2,594737E-3	3,830109E-3
20220325 11:21:02,551	b1_1_414_20220325_11_21_02,551.bmp	1,161549E+0	2,131261E+0	4,902598E-5	1,107786E-5
20220325 11:21:08,558	b1_1_415_20220325_11_21_08,558.bmp	1,156458E+0	2,154175E+0	4,902598E-5	1,107786E-5
20220325 11:21:14,565	b1_1_416_20220325_11_21_14,565.bmp	1,165367E+0	2,174542E+0	-3,769540E-3	1,107786E-5
20220325 11:21:20,571	b1_1_417_20220325_11_21_20,571.bmp	1,160276E+0	2,191091E+0	2,594737E-3	2,557098E-3
20220325 11:21:26,575	b1_1_418_20220325_11_21_26,575.bmp	1,161549E+0	2,215278E+0	-1,223829E-3	-1,261932E-3
20220325 11:21:32,578	b1_1_419_20220325_11_21_32,578.bmp	1,155185E+0	2,235645E+0	4,902598E-5	-1,261932E-3
20220325 11:21:38,583	b1_1_420_20220325_11_21_38,583.bmp	1,160276E+0	2,250921E+0	4,902598E-5	2,557098E-3
20220325 11:21:44,589	b1_1_421_20220325_11_21_44,589.bmp	1,155185E+0	2,271288E+0	4,902598E-5	1,107786E-5
20220325 11:21:50,595	b1_1_422_20220325_11_21_50,595.bmp	1,155185E+0	2,294202E+0	-5,042396E-3	1,107786E-5
20220325 11:21:56,600	b1_1_423_20220325_11_21_56,600.bmp	1,146276E+0	2,317115E+0	-3,769540E-3	-3,807953E-3
20220325 11:22:02,603	b1_1_424_20220325_11_22_02,603.bmp	1,136094E+0	2,334937E+0	4,902598E-5	-1,261932E-3
20220325 11:22:08,606	b1_1_425_20220325_11_22_08,606.bmp	1,124640E+0	2,355305E+0	2,594737E-3	1,107786E-5
20220325 11:22:14,610	b1_1_426_20220325_11_22_14,610.bmp	1,120822E+0	2,374399E+0	1,321881E-3	-1,261932E-3
20220325 11:22:20,615	b1_1_427_20220325_11_22_20,615.bmp	1,119549E+0	2,396040E+0	-3,769540E-3	-3,807953E-3
20220325 11:22:26,620	b1_1_428_20220325_11_22_26,620.bmp	1,114458E+0	2,415134E+0	-3,769540E-3	-1,261932E-3
20220325 11:22:32,626	b1_1_429_20220325_11_22_32,626.bmp	1,104277E+0	2,434229E+0	3,867592E-3	1,107786E-5
20220325 11:22:38,630	b1_1_430_20220325_11_22_38,630.bmp	1,105549E+0	2,453323E+0	4,902598E-5	1,284088E-3
20220325 11:22:44,634	b1_1_431_20220325_11_22_44,634.bmp	1,095367E+0	2,471145E+0	2,594737E-3	2,557098E-3
20220325 11:22:50,638	b1_1_432_20220325_11_22_50,638.bmp	1,087731E+0	2,490240E+0	1,321881E-3	1,284088E-3
20220325 11:22:56,645	b1_1_433_20220325_11_22_56,645.bmp	1,075004E+0	2,513153E+0	4,902598E-5	2,557098E-3
20220325 11:23:02,650	b1_1_434_20220325_11_23_02,650.bmp	1,059731E+0	2,533521E+0	-1,223829E-3	1,284088E-3
20220325 11:23:08,654	b1_1_435_20220325_11_23_08,654.bmp	1,054641E+0	2,551342E+0	2,594737E-3	2,557098E-3
20220325 11:23:14,659	b1_1_436_20220325_11_23_14,659.bmp	1,054641E+0	2,570437E+0	2,594737E-3	2,557098E-3
20220325 11:23:20,662	b1_1_437_20220325_11_23_20,662.bmp	1,057186E+0	2,595896E+0	-3,769540E-3	-5,080963E-3
20220325 11:23:26,671	b1_1_438_20220325_11_23_26,671.bmp	1,054641E+0	2,611172E+0	4,902598E-5	3,830109E-3
20220325 11:23:32,681	b1_1_439_20220325_11_23_32,681.bmp	1,050822E+0	2,631540E+0	2,594737E-3	3,830109E-3
20220325 11:23:38,683	b1_1_440_20220325_11_23_38,683.bmp	1,050822E+0	2,654453E+0	2,594737E-3	-1,261932E-3
20220325 11:23:44,686	b1_1_441_20220325_11_23_44,686.bmp	1,052095E+0	2,676094E+0	-3,769540E-3	-1,261932E-3
20220325 11:23:50,687	b1_1_442_20220325_11_23_50,687.bmp	1,043186E+0	2,690096E+0	3,867592E-3	3,830109E-3
20220325 11:23:56,688	b1_1_443_20220325_11_23_56,688.bmp	1,044459E+0	2,718102E+0	-2,496685E-3	-3,807953E-3
20220325 11:24:02,690	b1_1_444_20220325_11_24_02,690.bmp	1,036822E+0	2,737196E+0	4,902598E-5	-3,807953E-3
20220325 11:24:08,691	b1_1_445_20220325_11_24_08,691.bmp	1,029186E+0	2,751199E+0	2,594737E-3	3,830109E-3
20220325 11:24:14,698	b1_1_446_20220325_11_24_14,698.bmp	1,034277E+0	2,774113E+0	-2,496685E-3	-3,807953E-3
20220325 11:24:20,705	b1_1_447_20220325_11_24_20,705.bmp	1,026641E+0	2,790661E+0	2,594737E-3	2,557098E-3
20220325 11:24:26,710	b1_1_448_20220325_11_24_26,710.bmp	1,026641E+0	2,811029E+0	1,321881E-3	2,557098E-3
20220325 11:24:32,714	b1_1_449_20220325_11_24_32,714.bmp	1,027913E+0	2,831396E+0	2,594737E-3	2,557098E-3
20220325 11:24:38,717	b1_1_450_20220325_11_24_38,717.bmp	1,030459E+0	2,856856E+0	4,902598E-5	-3,807953E-3
20220325 11:24:44,718	b1_1_451_20220325_11_24_44,718.bmp	1,031732E+0	2,875950E+0	-2,496685E-3	1,107786E-5
20220325 11:24:50,728	b1_1_452_20220325_11_24_50,728.bmp	1,025368E+0	2,892499E+0	2,594737E-3	2,557098E-3
20220325 11:24:56,735	b1_1_453_20220325_11_24_56,735.bmp	1,024095E+0	2,914140E+0	2,594737E-3	1,107786E-5
20220325 11:25:02,736	b1_1_454_20220325_11_25_02,736.bmp	1,029186E+0	2,938326E+0	-2,496685E-3	-3,807953E-3
20220325 11:25:08,742	b1_1_455_20220325_11_25_08,742.bmp	1,026641E+0	2,954875E+0	-3,769540E-3	-3,807953E-3
20220325 11:25:14,745	b1_1_456_20220325_11_25_14,745.bmp	1,016459E+0	2,971423E+0	4,902598E-5	3,830109E-3
20220325 11:25:20,748	b1_1_457_20220325_11_25_20,748.bmp	1,016459E+0	2,996883E+0	-3,769540E-3	-3,807953E-3
20220325 11:25:26,754	b1_1_458_20220325_11_25_26,754.bmp	1,011368E+0	2,998156E+0	-1,223829E-3	1,107786E-5
