20220325 10:40:29,724	a2_0_154_20220325_10_40_29,724.bmp	8,301209E-4	1,430799E-2	-1,223829E-3	1,107786E-5
20220325 10:40:35,729	a2_0_155_20220325_10_40_35,729.bmp	5,920992E-3	-3,513630E-3	4,902598E-5	1,284088E-3
20220325 10:40:41,730	a2_0_156_20220325_10_40_41,730.bmp	8,228407E-2	2,321879E-2	-2,496685E-3	1,107786E-5
20220325 10:40:47,735	a2_0_157_20220325_10_40_47,735.bmp	2,311921E-1	4,231338E-2	2,594737E-3	1,107786E-5
20220325 10:40:53,739	a2_0_158_20220325_10_40_53,739.bmp	4,144634E-1	6,649986E-2	4,902598E-5	-3,807953E-3
20220325 10:40:59,743	a2_0_159_20220325_10_40_59,743.bmp	5,926439E-1	7,795662E-2	2,594737E-3	3,830109E-3
20220325 10:41:05,746	a2_0_160_20220325_10_41_05,746.bmp	7,822789E-1	1,021431E-1	4,902598E-5	-1,261932E-3
20220325 10:41:11,747	a2_0_161_20220325_10_41_11,747.bmp	9,757320E-1	1,225107E-1	-5,042396E-3	1,107786E-5
20220325 10:41:17,753	a2_0_162_20220325_10_41_17,753.bmp	1,156458E+0	1,454242E-1	4,902598E-5	-3,807953E-3
20220325 10:41:23,758	a2_0_163_20220325_10_41_23,758.bmp	1,349911E+0	1,581539E-1	4,902598E-5	1,284088E-3
20220325 10:41:29,759	a2_0_164_20220325_10_41_29,759.bmp	1,529364E+0	1,836133E-1	2,594737E-3	-1,261932E-3
20220325 10:41:35,764	a2_0_165_20220325_10_41_35,764.bmp	1,721545E+0	2,052539E-1	-3,769540E-3	-2,534943E-3
20220325 10:41:41,769	a2_0_166_20220325_10_41_41,769.bmp	1,894634E+0	2,179836E-1	3,867592E-3	3,830109E-3
20220325 10:41:47,774	a2_0_167_20220325_10_41_47,774.bmp	2,071542E+0	2,396241E-1	3,867592E-3	2,557098E-3
20220325 10:41:53,775	a2_0_168_20220325_10_41_53,775.bmp	2,239541E+0	2,638106E-1	4,902598E-5	1,107786E-5
20220325 10:41:59,781	a2_0_169_20220325_10_41_59,781.bmp	2,384631E+0	2,790863E-1	4,902598E-5	1,284088E-3
20220325 10:42:05,784	a2_0_170_20220325_10_42_05,784.bmp	2,518266E+0	3,019998E-1	3,867592E-3	1,107786E-5
20220325 10:42:11,789	a2_0_171_20220325_10_42_11,789.bmp	2,646811E+0	3,223674E-1	-3,769540E-3	-3,807953E-3
20220325 10:42:17,793	a2_0_172_20220325_10_42_17,793.bmp	2,752446E+0	3,414619E-1	-3,769540E-3	1,107786E-5
20220325 10:42:23,800	a2_0_173_20220325_10_42_23,800.bmp	2,810991E+0	3,618295E-1	3,867592E-3	1,107786E-5
20220325 10:42:29,802	a2_0_174_20220325_10_42_29,802.bmp	2,775355E+0	3,796511E-1	2,594737E-3	-1,261932E-3
20220325 10:42:35,807	a2_0_175_20220325_10_42_35,807.bmp	2,681174E+0	3,987457E-1	-1,223829E-3	1,284088E-3
20220325 10:42:41,809	a2_0_176_20220325_10_42_41,809.bmp	2,604811E+0	4,178403E-1	2,594737E-3	2,557098E-3
20220325 10:42:47,810	a2_0_177_20220325_10_42_47,810.bmp	2,486448E+0	4,420268E-1	-1,223829E-3	1,107786E-5
20220325 10:42:53,814	a2_0_178_20220325_10_42_53,814.bmp	2,360449E+0	4,611214E-1	2,594737E-3	-1,261932E-3
20220325 10:42:59,819	a2_0_179_20220325_10_42_59,819.bmp	2,189905E+0	4,853078E-1	-3,769540E-3	-3,807953E-3
20220325 10:43:05,824	a2_0_180_20220325_10_43_05,824.bmp	2,035906E+0	5,018565E-1	-1,223829E-3	-1,261932E-3
20220325 10:43:11,828	a2_0_181_20220325_10_43_11,828.bmp	2,004088E+0	5,247700E-1	2,594737E-3	1,107786E-5
20220325 10:43:17,831	a2_0_182_20220325_10_43_17,831.bmp	1,991361E+0	5,387727E-1	2,594737E-3	1,284088E-3
20220325 10:43:23,836	a2_0_183_20220325_10_43_23,836.bmp	1,942998E+0	5,655051E-1	4,902598E-5	-3,807953E-3
20220325 10:43:29,838	a2_0_184_20220325_10_43_29,838.bmp	1,907362E+0	5,820538E-1	-1,223829E-3	3,830109E-3
20220325 10:43:35,842	a2_0_185_20220325_10_43_35,842.bmp	1,869180E+0	6,011484E-1	4,902598E-5	-1,261932E-3
20220325 10:43:41,846	a2_0_186_20220325_10_43_41,846.bmp	1,852635E+0	6,215159E-1	4,902598E-5	-1,261932E-3
20220325 10:43:47,852	a2_0_187_20220325_10_43_47,852.bmp	1,819544E+0	6,444294E-1	-1,223829E-3	-3,807953E-3
20220325 10:43:53,853	a2_0_188_20220325_10_43_53,853.bmp	1,736817E+0	6,584321E-1	2,594737E-3	2,557098E-3
20220325 10:43:59,858	a2_0_189_20220325_10_43_59,858.bmp	1,473365E+0	6,775267E-1	2,594737E-3	2,557098E-3
20220325 10:44:05,863	a2_0_190_20220325_10_44_05,863.bmp	1,439001E+0	6,978943E-1	5,140448E-3	3,830109E-3
20220325 10:44:11,867	a2_0_191_20220325_10_44_11,867.bmp	1,418638E+0	7,195348E-1	4,902598E-5	2,557098E-3
20220325 10:44:17,870	a2_0_192_20220325_10_44_17,870.bmp	1,391911E+0	7,437213E-1	4,902598E-5	1,107786E-5
20220325 10:44:23,874	a2_0_193_20220325_10_44_23,874.bmp	1,360093E+0	7,602699E-1	3,867592E-3	-1,261932E-3
20220325 10:44:29,875	a2_0_194_20220325_10_44_29,875.bmp	1,329548E+0	7,831834E-1	-3,769540E-3	-1,261932E-3
20220325 10:44:35,879	a2_0_195_20220325_10_44_35,879.bmp	1,302821E+0	7,997321E-1	2,594737E-3	1,107786E-5
20220325 10:44:41,882	a2_0_196_20220325_10_44_41,882.bmp	1,300275E+0	8,226456E-1	4,902598E-5	1,107786E-5
20220325 10:44:47,887	a2_0_197_20220325_10_44_47,887.bmp	1,290093E+0	8,391942E-1	-1,223829E-3	1,284088E-3
20220325 10:44:53,888	a2_0_198_20220325_10_44_53,888.bmp	1,271003E+0	8,659267E-1	-3,769540E-3	-3,807953E-3
20220325 10:44:59,893	a2_0_199_20220325_10_44_59,893.bmp	1,241730E+0	8,812023E-1	-1,223829E-3	-1,261932E-3
20220325 10:45:05,896	a2_0_200_20220325_10_45_05,896.bmp	1,243003E+0	9,028429E-1	-5,042396E-3	-1,261932E-3
20220325 10:45:11,901	a2_0_201_20220325_10_45_11,901.bmp	1,225185E+0	9,232104E-1	4,902598E-5	1,107786E-5
20220325 10:45:17,904	a2_0_202_20220325_10_45_17,904.bmp	1,211185E+0	9,410320E-1	-1,223829E-3	1,107786E-5
20220325 10:45:23,912	a2_0_203_20220325_10_45_23,912.bmp	1,192094E+0	9,626726E-1	4,902598E-5	-1,261932E-3
20220325 10:45:29,915	a2_0_204_20220325_10_45_29,915.bmp	1,166640E+0	9,792212E-1	6,413303E-3	-1,261932E-3
20220325 10:45:35,920	a2_0_205_20220325_10_45_35,920.bmp	1,123367E+0	9,983158E-1	4,902598E-5	1,284088E-3
20220325 10:45:41,923	a2_0_206_20220325_10_45_41,923.bmp	1,100458E+0	1,017410E+0	1,321881E-3	2,557098E-3
20220325 10:45:47,928	a2_0_207_20220325_10_45_47,928.bmp	1,087731E+0	1,042870E+0	-3,769540E-3	1,107786E-5
20220325 10:45:53,931	a2_0_208_20220325_10_45_53,931.bmp	1,068640E+0	1,058146E+0	2,594737E-3	2,557098E-3
20220325 10:45:59,932	a2_0_209_20220325_10_45_59,932.bmp	1,050822E+0	1,081059E+0	3,867592E-3	-1,261932E-3
20220325 10:46:05,936	a2_0_210_20220325_10_46_05,936.bmp	1,034277E+0	1,102700E+0	1,321881E-3	1,107786E-5
20220325 10:46:11,940	a2_0_211_20220325_10_46_11,940.bmp	1,017732E+0	1,125613E+0	-3,769540E-3	-5,080963E-3
20220325 10:46:17,941	a2_0_212_20220325_10_46_17,941.bmp	9,846410E-1	1,138343E+0	1,321881E-3	1,107786E-5
20220325 10:46:23,944	a2_0_213_20220325_10_46_23,944.bmp	9,617321E-1	1,159983E+0	4,902598E-5	1,284088E-3
20220325 10:46:29,951	a2_0_214_20220325_10_46_29,951.bmp	9,362778E-1	1,184170E+0	-3,769540E-3	1,107786E-5
20220325 10:46:35,955	a2_0_215_20220325_10_46_35,955.bmp	9,273687E-1	1,201991E+0	4,902598E-5	1,107786E-5
20220325 10:46:41,961	a2_0_216_20220325_10_46_41,961.bmp	9,311869E-1	1,219813E+0	4,902598E-5	2,557098E-3
20220325 10:46:47,966	a2_0_217_20220325_10_46_47,966.bmp	9,311869E-1	1,242727E+0	2,594737E-3	1,107786E-5
20220325 10:46:53,967	a2_0_218_20220325_10_46_53,967.bmp	9,324596E-1	1,261821E+0	2,594737E-3	1,107786E-5
20220325 10:46:59,970	a2_0_219_20220325_10_46_59,970.bmp	9,375505E-1	1,283462E+0	1,321881E-3	-1,261932E-3
20220325 10:47:05,975	a2_0_220_20220325_10_47_05,975.bmp	9,477322E-1	1,303829E+0	-3,769540E-3	-3,807953E-3
20220325 10:47:11,976	a2_0_221_20220325_10_47_11,976.bmp	9,451868E-1	1,322924E+0	2,594737E-3	1,107786E-5
20220325 10:47:17,979	a2_0_222_20220325_10_47_17,979.bmp	9,540958E-1	1,343291E+0	4,902598E-5	-1,261932E-3
20220325 10:47:23,985	a2_0_223_20220325_10_47_23,985.bmp	9,591867E-1	1,358567E+0	4,902598E-5	2,557098E-3
20220325 10:47:29,986	a2_0_224_20220325_10_47_29,986.bmp	9,591867E-1	1,385299E+0	-1,223829E-3	-3,807953E-3
20220325 10:47:35,989	a2_0_225_20220325_10_47_35,989.bmp	9,540958E-1	1,405667E+0	-2,496685E-3	-2,534943E-3
20220325 10:47:41,992	a2_0_226_20220325_10_47_41,992.bmp	9,477322E-1	1,423489E+0	-2,496685E-3	-1,261932E-3
20220325 10:47:48,000	a2_0_227_20220325_10_47_48,000.bmp	9,324596E-1	1,443856E+0	1,321881E-3	1,107786E-5
20220325 10:47:54,006	a2_0_228_20220325_10_47_54,006.bmp	9,222779E-1	1,460405E+0	4,902598E-5	3,830109E-3
20220325 10:48:00,008	a2_0_229_20220325_10_48_00,008.bmp	9,146416E-1	1,482045E+0	-5,042396E-3	1,107786E-5
20220325 10:48:06,011	a2_0_230_20220325_10_48_06,011.bmp	9,108234E-1	1,506232E+0	-2,496685E-3	-3,807953E-3
20220325 10:48:12,012	a2_0_231_20220325_10_48_12,012.bmp	9,031871E-1	1,520235E+0	4,902598E-5	2,557098E-3
20220325 10:48:18,016	a2_0_232_20220325_10_48_18,016.bmp	9,006417E-1	1,543148E+0	-1,223829E-3	-1,261932E-3
20220325 10:48:24,019	a2_0_233_20220325_10_48_24,019.bmp	8,891872E-1	1,562243E+0	4,902598E-5	-3,807953E-3
20220325 10:48:30,023	a2_0_234_20220325_10_48_30,023.bmp	8,815509E-1	1,581337E+0	4,902598E-5	1,107786E-5
20220325 10:48:36,024	a2_0_235_20220325_10_48_36,024.bmp	8,764600E-1	1,602978E+0	-3,769540E-3	1,284088E-3
20220325 10:48:42,029	a2_0_236_20220325_10_48_42,029.bmp	8,739146E-1	1,620799E+0	4,902598E-5	-1,261932E-3
20220325 10:48:48,034	a2_0_237_20220325_10_48_48,034.bmp	8,700964E-1	1,637348E+0	2,594737E-3	1,107786E-5
20220325 10:48:54,039	a2_0_238_20220325_10_48_54,039.bmp	8,726419E-1	1,662807E+0	4,902598E-5	-1,261932E-3
20220325 10:49:00,040	a2_0_239_20220325_10_49_00,040.bmp	8,675510E-1	1,685721E+0	4,902598E-5	-3,807953E-3
20220325 10:49:06,042	a2_0_240_20220325_10_49_06,042.bmp	8,650056E-1	1,706089E+0	4,902598E-5	-3,807953E-3
20220325 10:49:12,050	a2_0_241_20220325_10_49_12,050.bmp	8,637328E-1	1,722637E+0	1,321881E-3	1,107786E-5
20220325 10:49:18,054	a2_0_242_20220325_10_49_18,054.bmp	8,586420E-1	1,739186E+0	2,594737E-3	2,557098E-3
20220325 10:49:24,059	a2_0_243_20220325_10_49_24,059.bmp	8,662783E-1	1,765918E+0	-1,223829E-3	-3,807953E-3
20220325 10:49:30,063	a2_0_244_20220325_10_49_30,063.bmp	8,675510E-1	1,782467E+0	4,902598E-5	1,107786E-5
20220325 10:49:36,065	a2_0_245_20220325_10_49_36,065.bmp	8,611874E-1	1,802834E+0	1,321881E-3	1,107786E-5
20220325 10:49:42,069	a2_0_246_20220325_10_49_42,069.bmp	8,510057E-1	1,821929E+0	1,321881E-3	-1,261932E-3
20220325 10:49:48,070	a2_0_247_20220325_10_49_48,070.bmp	8,357330E-1	1,841024E+0	-1,223829E-3	-1,261932E-3
20220325 10:49:54,072	a2_0_248_20220325_10_49_54,072.bmp	8,217332E-1	1,861391E+0	4,902598E-5	1,107786E-5
20220325 10:50:00,076	a2_0_249_20220325_10_50_00,076.bmp	8,102787E-1	1,881759E+0	2,594737E-3	2,557098E-3
20220325 10:50:06,081	a2_0_250_20220325_10_50_06,081.bmp	8,026424E-1	1,904672E+0	-1,223829E-3	-3,807953E-3
20220325 10:50:12,083	a2_0_251_20220325_10_50_12,083.bmp	7,860971E-1	1,921221E+0	3,867592E-3	-1,261932E-3
20220325 10:50:18,084	a2_0_252_20220325_10_50_18,084.bmp	7,899152E-1	1,944134E+0	-3,769540E-3	-3,807953E-3
20220325 10:50:24,088	a2_0_253_20220325_10_50_24,088.bmp	7,771880E-1	1,961956E+0	4,902598E-5	1,107786E-5
20220325 10:50:30,089	a2_0_254_20220325_10_50_30,089.bmp	7,720972E-1	1,978505E+0	2,594737E-3	1,107786E-5
20220325 10:50:36,096	a2_0_255_20220325_10_50_36,096.bmp	7,759153E-1	2,005237E+0	-1,223829E-3	-3,807953E-3
20220325 10:50:42,098	a2_0_256_20220325_10_50_42,098.bmp	7,797335E-1	2,021786E+0	-2,496685E-3	-1,261932E-3
20220325 10:50:48,100	a2_0_257_20220325_10_50_48,100.bmp	7,810062E-1	2,040880E+0	4,902598E-5	1,107786E-5
20220325 10:50:54,104	a2_0_258_20220325_10_50_54,104.bmp	7,860971E-1	2,065067E+0	-3,769540E-3	-3,807953E-3
20220325 10:51:00,109	a2_0_259_20220325_10_51_00,109.bmp	7,860971E-1	2,081615E+0	-2,496685E-3	-1,261932E-3
20220325 10:51:06,114	a2_0_260_20220325_10_51_06,114.bmp	7,860971E-1	2,103256E+0	-1,223829E-3	1,107786E-5
20220325 10:51:12,118	a2_0_261_20220325_10_51_12,118.bmp	7,911879E-1	2,121078E+0	-3,769540E-3	1,107786E-5
20220325 10:51:18,122	a2_0_262_20220325_10_51_18,122.bmp	7,886425E-1	2,141445E+0	4,902598E-5	1,107786E-5
20220325 10:51:24,123	a2_0_263_20220325_10_51_24,123.bmp	7,950061E-1	2,159267E+0	4,902598E-5	2,557098E-3
20220325 10:51:30,128	a2_0_264_20220325_10_51_30,128.bmp	8,013697E-1	2,182180E+0	-5,042396E-3	1,107786E-5
20220325 10:51:36,133	a2_0_265_20220325_10_51_36,133.bmp	8,039151E-1	2,203821E+0	-2,496685E-3	-3,807953E-3
20220325 10:51:42,134	a2_0_266_20220325_10_51_42,134.bmp	8,064605E-1	2,222915E+0	-3,769540E-3	1,284088E-3
20220325 10:51:48,135	a2_0_267_20220325_10_51_48,135.bmp	8,051878E-1	2,242010E+0	4,902598E-5	1,107786E-5
20220325 10:51:54,138	a2_0_268_20220325_10_51_54,138.bmp	8,064605E-1	2,263651E+0	4,902598E-5	-1,261932E-3
20220325 10:52:00,144	a2_0_269_20220325_10_52_00,144.bmp	8,115514E-1	2,277653E+0	3,867592E-3	1,107786E-5
20220325 10:52:06,149	a2_0_270_20220325_10_52_06,149.bmp	8,204604E-1	2,303113E+0	4,902598E-5	-1,261932E-3
20220325 10:52:12,150	a2_0_271_20220325_10_52_12,150.bmp	8,268240E-1	2,324753E+0	-3,769540E-3	-3,807953E-3
20220325 10:52:18,155	a2_0_272_20220325_10_52_18,155.bmp	8,293695E-1	2,342575E+0	-7,588107E-3	-1,261932E-3
20220325 10:52:24,159	a2_0_273_20220325_10_52_24,159.bmp	8,255513E-1	2,357851E+0	2,594737E-3	1,107786E-5
20220325 10:52:30,162	a2_0_274_20220325_10_52_30,162.bmp	8,268240E-1	2,382037E+0	1,321881E-3	1,107786E-5
20220325 10:52:36,163	a2_0_275_20220325_10_52_36,163.bmp	8,344603E-1	2,403678E+0	-1,223829E-3	-3,807953E-3
20220325 10:52:42,168	a2_0_276_20220325_10_52_42,168.bmp	8,280967E-1	2,418953E+0	2,594737E-3	2,557098E-3
20220325 10:52:48,172	a2_0_277_20220325_10_52_48,172.bmp	8,395512E-1	2,440594E+0	-3,769540E-3	-1,261932E-3
20220325 10:52:54,175	a2_0_278_20220325_10_52_54,175.bmp	8,395512E-1	2,463507E+0	-1,223829E-3	-3,807953E-3
20220325 10:53:00,177	a2_0_279_20220325_10_53_00,177.bmp	8,420966E-1	2,478783E+0	3,867592E-3	2,557098E-3
20220325 10:53:06,181	a2_0_280_20220325_10_53_06,181.bmp	8,459148E-1	2,499150E+0	1,321881E-3	2,557098E-3
20220325 10:53:12,183	a2_0_281_20220325_10_53_12,183.bmp	8,484602E-1	2,518245E+0	3,867592E-3	1,284088E-3
20220325 10:53:18,185	a2_0_282_20220325_10_53_18,185.bmp	8,344603E-1	2,538613E+0	1,321881E-3	3,830109E-3
20220325 10:53:24,187	a2_0_283_20220325_10_53_24,187.bmp	7,873698E-1	2,564072E+0	-3,769540E-3	-3,807953E-3
20220325 10:53:30,196	a2_0_284_20220325_10_53_30,196.bmp	7,644608E-1	2,576802E+0	2,594737E-3	-1,261932E-3
20220325 10:53:36,200	a2_0_285_20220325_10_53_36,200.bmp	7,568245E-1	2,604807E+0	4,902598E-5	-3,807953E-3
20220325 10:53:42,203	a2_0_286_20220325_10_53_42,203.bmp	7,606427E-1	2,621356E+0	4,902598E-5	1,107786E-5
20220325 10:53:48,207	a2_0_287_20220325_10_53_48,207.bmp	7,593700E-1	2,642996E+0	4,902598E-5	-1,261932E-3
20220325 10:53:54,207	a2_0_288_20220325_10_53_54,207.bmp	7,580973E-1	2,662091E+0	-2,496685E-3	1,107786E-5
20220325 10:54:00,212	a2_0_289_20220325_10_54_00,212.bmp	7,568245E-1	2,681186E+0	2,594737E-3	-1,261932E-3
20220325 10:54:06,215	a2_0_290_20220325_10_54_06,215.bmp	7,631881E-1	2,701553E+0	-3,769540E-3	-1,261932E-3
20220325 10:54:12,219	a2_0_291_20220325_10_54_12,219.bmp	7,593700E-1	2,721921E+0	4,902598E-5	-1,261932E-3
20220325 10:54:18,222	a2_0_292_20220325_10_54_18,222.bmp	7,606427E-1	2,741015E+0	1,321881E-3	-1,261932E-3
20220325 10:54:24,228	a2_0_293_20220325_10_54_24,228.bmp	7,606427E-1	2,762656E+0	-1,223829E-3	1,107786E-5
20220325 10:54:30,233	a2_0_294_20220325_10_54_30,233.bmp	7,631881E-1	2,783023E+0	1,321881E-3	-1,261932E-3
20220325 10:54:36,236	a2_0_295_20220325_10_54_36,236.bmp	7,542791E-1	2,798299E+0	2,594737E-3	1,284088E-3
20220325 10:54:42,238	a2_0_296_20220325_10_54_42,238.bmp	7,542791E-1	2,821213E+0	-1,223829E-3	1,107786E-5
20220325 10:54:48,245	a2_0_297_20220325_10_54_48,245.bmp	7,517337E-1	2,845399E+0	-3,769540E-3	-3,807953E-3
20220325 10:54:54,248	a2_0_298_20220325_10_54_54,248.bmp	7,402792E-1	2,860675E+0	1,321881E-3	1,107786E-5
20220325 10:55:00,249	a2_0_299_20220325_10_55_00,249.bmp	7,351883E-1	2,877223E+0	1,321881E-3	2,557098E-3
20220325 10:55:06,253	a2_0_300_20220325_10_55_06,253.bmp	7,339156E-1	2,905229E+0	-1,223829E-3	-3,807953E-3
20220325 10:55:12,254	a2_0_301_20220325_10_55_12,254.bmp	7,300975E-1	2,921777E+0	4,902598E-5	-1,261932E-3
20220325 10:55:18,259	a2_0_302_20220325_10_55_18,259.bmp	7,300975E-1	2,938326E+0	3,867592E-3	3,830109E-3
20220325 10:55:24,264	a2_0_303_20220325_10_55_24,264.bmp	7,339156E-1	2,963785E+0	-3,769540E-3	-3,807953E-3
20220325 10:55:30,267	a2_0_304_20220325_10_55_30,267.bmp	7,250066E-1	2,977788E+0	2,594737E-3	2,557098E-3
20220325 10:55:36,268	a2_0_305_20220325_10_55_36,268.bmp	7,300975E-1	3,001975E+0	-3,769540E-3	1,107786E-5
