20220408 12:24:51,382	c_1_1061_20220408_12_24_51,382.bmp	-4,425969E-4	-6,059576E-3	4,902598E-5	1,107786E-5
20220408 12:24:57,390	c_1_1062_20220408_12_24_57,390.bmp	2,102839E-3	-3,513630E-3	-3,769540E-3	-3,807953E-3
20220408 12:25:03,399	c_1_1063_20220408_12_25_03,399.bmp	1,141020E-1	2,194582E-2	-5,042396E-3	-3,807953E-3
20220408 12:25:09,402	c_1_1064_20220408_12_25_09,402.bmp	2,910098E-1	4,104041E-2	2,594737E-3	-1,261932E-3
20220408 12:25:15,403	c_1_1065_20220408_12_25_15,403.bmp	4,895538E-1	5,631608E-2	5,140448E-3	3,830109E-3
20220408 12:25:21,408	c_1_1066_20220408_12_25_21,408.bmp	6,880978E-1	8,304851E-2	-1,223829E-3	-3,807953E-3
20220408 12:25:27,420	c_1_1067_20220408_12_25_27,420.bmp	8,879145E-1	1,021431E-1	-1,223829E-3	-3,807953E-3
20220408 12:25:33,423	c_1_1068_20220408_12_25_33,423.bmp	1,080095E+0	1,212377E-1	5,140448E-3	-1,261932E-3
20220408 12:25:39,428	c_1_1069_20220408_12_25_39,428.bmp	1,283730E+0	1,403323E-1	4,902598E-5	1,107786E-5
20220408 12:25:45,429	c_1_1070_20220408_12_25_45,429.bmp	1,488637E+0	1,594269E-1	-3,769540E-3	1,107786E-5
20220408 12:25:51,434	c_1_1071_20220408_12_25_51,434.bmp	1,680818E+0	1,785215E-1	4,902598E-5	2,557098E-3
20220408 12:25:57,437	c_1_1072_20220408_12_25_57,437.bmp	1,880634E+0	1,976160E-1	-1,223829E-3	2,557098E-3
20220408 12:26:03,450	c_1_1073_20220408_12_26_03,450.bmp	2,076633E+0	2,192566E-1	-1,223829E-3	1,107786E-5
20220408 12:26:09,456	c_1_1074_20220408_12_26_09,456.bmp	2,271359E+0	2,396241E-1	4,902598E-5	1,107786E-5
20220408 12:26:15,459	c_1_1075_20220408_12_26_15,459.bmp	2,463539E+0	2,599917E-1	-2,496685E-3	1,107786E-5
20220408 12:26:21,459	c_1_1076_20220408_12_26_21,459.bmp	2,646811E+0	2,803593E-1	4,902598E-5	1,107786E-5
20220408 12:26:27,461	c_1_1077_20220408_12_26_27,461.bmp	2,812264E+0	3,007268E-1	4,902598E-5	1,107786E-5
20220408 12:26:33,471	c_1_1078_20220408_12_26_33,471.bmp	2,903900E+0	3,198214E-1	-1,223829E-3	1,107786E-5
20220408 12:26:39,474	c_1_1079_20220408_12_26_39,474.bmp	2,875900E+0	3,427349E-1	4,902598E-5	-3,807953E-3
20220408 12:26:45,485	c_1_1080_20220408_12_26_45,485.bmp	2,646811E+0	3,592836E-1	4,902598E-5	-1,261932E-3
20220408 12:26:51,488	c_1_1081_20220408_12_26_51,488.bmp	2,198814E+0	3,796511E-1	-3,769540E-3	1,107786E-5
20220408 12:26:57,490	c_1_1082_20220408_12_26_57,490.bmp	1,867907E+0	4,025646E-1	-1,223829E-3	-1,261932E-3
20220408 12:27:03,493	c_1_1083_20220408_12_27_03,493.bmp	1,640091E+0	4,191133E-1	3,867592E-3	1,107786E-5
20220408 12:27:09,500	c_1_1084_20220408_12_27_09,500.bmp	1,437729E+0	4,369349E-1	1,321881E-3	1,284088E-3
20220408 12:27:15,504	c_1_1085_20220408_12_27_15,504.bmp	1,416092E+0	4,560295E-1	3,867592E-3	3,830109E-3
20220408 12:27:21,512	c_1_1086_20220408_12_27_21,512.bmp	1,409729E+0	4,776700E-1	4,902598E-5	2,557098E-3
20220408 12:27:27,517	c_1_1087_20220408_12_27_27,517.bmp	1,405911E+0	4,954916E-1	2,594737E-3	1,284088E-3
20220408 12:27:33,518	c_1_1088_20220408_12_27_33,518.bmp	1,389365E+0	5,209511E-1	-3,769540E-3	-3,807953E-3
20220408 12:27:39,519	c_1_1089_20220408_12_27_39,519.bmp	1,366456E+0	5,387727E-1	-2,496685E-3	1,107786E-5
20220408 12:27:45,528	c_1_1090_20220408_12_27_45,528.bmp	1,290093E+0	5,565943E-1	3,867592E-3	2,557098E-3
20220408 12:27:51,529	c_1_1091_20220408_12_27_51,529.bmp	1,240457E+0	5,820538E-1	4,902598E-5	-3,807953E-3
20220408 12:27:57,533	c_1_1092_20220408_12_27_57,533.bmp	1,216276E+0	5,998754E-1	1,321881E-3	1,107786E-5
20220408 12:28:03,538	c_1_1093_20220408_12_28_03,538.bmp	1,229003E+0	6,215159E-1	4,902598E-5	-3,807953E-3
20220408 12:28:09,544	c_1_1094_20220408_12_28_09,544.bmp	1,260821E+0	6,444294E-1	-2,496685E-3	-3,807953E-3
20220408 12:28:15,546	c_1_1095_20220408_12_28_15,546.bmp	1,278639E+0	6,558862E-1	2,594737E-3	2,557098E-3
20220408 12:28:21,557	c_1_1096_20220408_12_28_21,557.bmp	1,313002E+0	6,838916E-1	-5,042396E-3	-3,807953E-3
20220408 12:28:27,563	c_1_1097_20220408_12_28_27,563.bmp	1,346093E+0	7,029862E-1	-3,769540E-3	-3,807953E-3
20220408 12:28:33,567	c_1_1098_20220408_12_28_33,567.bmp	1,371547E+0	7,169889E-1	-1,223829E-3	2,557098E-3
20220408 12:28:39,569	c_1_1099_20220408_12_28_39,569.bmp	1,394456E+0	7,360834E-1	2,594737E-3	3,830109E-3
20220408 12:28:45,570	c_1_1100_20220408_12_28_45,570.bmp	1,427547E+0	7,615429E-1	1,321881E-3	-3,807953E-3
20220408 12:28:51,574	c_1_1101_20220408_12_28_51,574.bmp	1,454274E+0	7,793645E-1	-1,223829E-3	1,107786E-5
20220408 12:28:57,583	c_1_1102_20220408_12_28_57,583.bmp	1,475910E+0	8,022780E-1	-2,496685E-3	-3,807953E-3
20220408 12:29:03,588	c_1_1103_20220408_12_29_03,588.bmp	1,487365E+0	8,175537E-1	3,867592E-3	2,557098E-3
20220408 12:29:09,590	c_1_1104_20220408_12_29_09,590.bmp	1,501364E+0	8,353753E-1	3,867592E-3	2,557098E-3
20220408 12:29:15,595	c_1_1105_20220408_12_29_15,595.bmp	1,501364E+0	8,633807E-1	-3,769540E-3	-3,807953E-3
20220408 12:29:21,596	c_1_1106_20220408_12_29_21,596.bmp	1,402093E+0	8,761104E-1	2,594737E-3	2,557098E-3
20220408 12:29:27,599	c_1_1107_20220408_12_29_27,599.bmp	1,185730E+0	8,990239E-1	1,321881E-3	1,284088E-3
20220408 12:29:33,601	c_1_1108_20220408_12_29_33,601.bmp	1,054641E+0	9,219374E-1	-5,042396E-3	-3,807953E-3
20220408 12:29:39,607	c_1_1109_20220408_12_29_39,607.bmp	9,910046E-1	9,372131E-1	4,902598E-5	1,107786E-5
20220408 12:29:45,609	c_1_1110_20220408_12_29_45,609.bmp	9,820956E-1	9,601266E-1	1,321881E-3	-1,261932E-3
20220408 12:29:51,614	c_1_1111_20220408_12_29_51,614.bmp	9,566412E-1	9,804942E-1	-3,769540E-3	1,107786E-5
20220408 12:29:57,615	c_1_1112_20220408_12_29_57,615.bmp	9,579140E-1	1,003408E+0	-5,042396E-3	-3,807953E-3
20220408 12:30:03,620	c_1_1113_20220408_12_30_03,620.bmp	9,528231E-1	1,019956E+0	4,902598E-5	-1,261932E-3
20220408 12:30:09,624	c_1_1114_20220408_12_30_09,624.bmp	9,579140E-1	1,042870E+0	4,902598E-5	-3,807953E-3
20220408 12:30:15,625	c_1_1115_20220408_12_30_15,625.bmp	9,642776E-1	1,058146E+0	4,902598E-5	-2,534943E-3
20220408 12:30:21,626	c_1_1116_20220408_12_30_21,626.bmp	9,770047E-1	1,075967E+0	-1,223829E-3	2,557098E-3
20220408 12:30:27,640	c_1_1117_20220408_12_30_27,640.bmp	9,884592E-1	1,098881E+0	3,867592E-3	-1,261932E-3
20220408 12:30:33,650	c_1_1118_20220408_12_30_33,650.bmp	1,003732E+0	1,115429E+0	3,867592E-3	2,557098E-3
20220408 12:30:39,651	c_1_1119_20220408_12_30_39,651.bmp	1,019004E+0	1,139616E+0	-2,496685E-3	1,107786E-5
20220408 12:30:45,655	c_1_1120_20220408_12_30_45,655.bmp	1,035550E+0	1,161256E+0	-3,769540E-3	-3,807953E-3
20220408 12:30:51,665	c_1_1121_20220408_12_30_51,665.bmp	1,040641E+0	1,179078E+0	3,867592E-3	1,107786E-5
20220408 12:30:57,677	c_1_1122_20220408_12_30_57,677.bmp	1,061004E+0	1,200718E+0	-5,042396E-3	1,107786E-5
20220408 12:31:03,680	c_1_1123_20220408_12_31_03,680.bmp	1,069913E+0	1,215994E+0	-2,496685E-3	2,557098E-3
20220408 12:31:09,684	c_1_1124_20220408_12_31_09,684.bmp	1,086458E+0	1,238908E+0	-2,496685E-3	-1,261932E-3
20220408 12:31:15,694	c_1_1125_20220408_12_31_15,694.bmp	1,092822E+0	1,261821E+0	-3,769540E-3	-3,807953E-3
20220408 12:31:21,702	c_1_1126_20220408_12_31_21,702.bmp	1,097913E+0	1,279643E+0	-1,223829E-3	1,107786E-5
20220408 12:31:27,704	c_1_1127_20220408_12_31_27,704.bmp	1,108095E+0	1,298737E+0	4,902598E-5	-1,261932E-3
20220408 12:31:33,709	c_1_1128_20220408_12_31_33,709.bmp	1,114458E+0	1,324197E+0	-1,223829E-3	-2,534943E-3
20220408 12:31:39,713	c_1_1129_20220408_12_31_39,713.bmp	1,115731E+0	1,336927E+0	3,867592E-3	2,557098E-3
20220408 12:31:45,719	c_1_1130_20220408_12_31_45,719.bmp	1,087731E+0	1,361113E+0	1,321881E-3	1,107786E-5
20220408 12:31:51,720	c_1_1131_20220408_12_31_51,720.bmp	9,082780E-1	1,381481E+0	-3,769540E-3	-3,807953E-3
20220408 12:31:57,730	c_1_1132_20220408_12_31_57,730.bmp	8,904599E-1	1,399302E+0	4,902598E-5	-1,261932E-3
20220408 12:32:03,735	c_1_1133_20220408_12_32_03,735.bmp	8,980962E-1	1,422216E+0	-3,769540E-3	-3,807953E-3
20220408 12:32:09,738	c_1_1134_20220408_12_32_09,738.bmp	8,993689E-1	1,440037E+0	-1,223829E-3	1,107786E-5
20220408 12:32:15,739	c_1_1135_20220408_12_32_15,739.bmp	9,082780E-1	1,456586E+0	-2,496685E-3	2,557098E-3
20220408 12:32:21,753	c_1_1136_20220408_12_32_21,753.bmp	9,184597E-1	1,483318E+0	-5,042396E-3	1,107786E-5
20220408 12:32:27,758	c_1_1137_20220408_12_32_27,758.bmp	9,159143E-1	1,501140E+0	2,594737E-3	1,107786E-5
20220408 12:32:33,763	c_1_1138_20220408_12_32_33,763.bmp	9,299142E-1	1,524053E+0	-5,042396E-3	-3,807953E-3
20220408 12:32:39,766	c_1_1139_20220408_12_32_39,766.bmp	9,375505E-1	1,540602E+0	1,321881E-3	-3,807953E-3
20220408 12:32:45,769	c_1_1140_20220408_12_32_45,769.bmp	9,299142E-1	1,562243E+0	-3,769540E-3	-2,534943E-3
20220408 12:32:51,771	c_1_1141_20220408_12_32_51,771.bmp	9,082780E-1	1,583883E+0	4,902598E-5	-3,807953E-3
20220408 12:32:57,781	c_1_1142_20220408_12_32_57,781.bmp	8,980962E-1	1,596613E+0	3,867592E-3	2,557098E-3
20220408 12:33:03,782	c_1_1143_20220408_12_33_03,782.bmp	8,917326E-1	1,619526E+0	-1,223829E-3	-1,261932E-3
20220408 12:33:09,789	c_1_1144_20220408_12_33_09,789.bmp	8,879145E-1	1,639894E+0	4,902598E-5	-3,807953E-3
20220408 12:33:15,792	c_1_1145_20220408_12_33_15,792.bmp	8,840963E-1	1,662807E+0	-3,769540E-3	1,107786E-5
20220408 12:33:21,796	c_1_1146_20220408_12_33_21,796.bmp	8,510057E-1	1,680629E+0	4,902598E-5	1,107786E-5
20220408 12:33:27,803	c_1_1147_20220408_12_33_27,803.bmp	8,471875E-1	1,695905E+0	4,902598E-5	2,557098E-3
20220408 12:33:33,808	c_1_1148_20220408_12_33_33,808.bmp	8,548238E-1	1,721364E+0	4,902598E-5	-1,261932E-3
20220408 12:33:39,814	c_1_1149_20220408_12_33_39,814.bmp	8,624601E-1	1,736640E+0	-1,223829E-3	3,830109E-3
20220408 12:33:45,818	c_1_1150_20220408_12_33_45,818.bmp	8,700964E-1	1,759553E+0	4,902598E-5	1,107786E-5
20220408 12:33:51,819	c_1_1151_20220408_12_33_51,819.bmp	8,726419E-1	1,777375E+0	-2,496685E-3	1,284088E-3
20220408 12:33:57,822	c_1_1152_20220408_12_33_57,822.bmp	8,777327E-1	1,797743E+0	4,902598E-5	2,557098E-3
20220408 12:34:03,825	c_1_1153_20220408_12_34_03,825.bmp	8,790055E-1	1,821929E+0	-3,769540E-3	1,107786E-5
20220408 12:34:09,826	c_1_1154_20220408_12_34_09,826.bmp	8,879145E-1	1,837205E+0	1,321881E-3	3,830109E-3
20220408 12:34:15,836	c_1_1155_20220408_12_34_15,836.bmp	8,917326E-1	1,860118E+0	4,902598E-5	-3,807953E-3
20220408 12:34:21,838	c_1_1156_20220408_12_34_21,838.bmp	8,955508E-1	1,879213E+0	4,902598E-5	-1,261932E-3
20220408 12:34:27,840	c_1_1157_20220408_12_34_27,840.bmp	8,968235E-1	1,895761E+0	1,321881E-3	2,557098E-3
20220408 12:34:33,845	c_1_1158_20220408_12_34_33,845.bmp	9,095507E-1	1,922494E+0	-5,042396E-3	-3,807953E-3
20220408 12:34:39,847	c_1_1159_20220408_12_34_39,847.bmp	9,159143E-1	1,940316E+0	-3,769540E-3	1,284088E-3
20220408 12:34:45,852	c_1_1160_20220408_12_34_45,852.bmp	9,171870E-1	1,959410E+0	4,902598E-5	1,107786E-5
20220408 12:34:51,853	c_1_1161_20220408_12_34_51,853.bmp	9,235506E-1	1,979778E+0	4,902598E-5	3,830109E-3
20220408 12:34:57,857	c_1_1162_20220408_12_34_57,857.bmp	9,273687E-1	1,997599E+0	4,902598E-5	-1,261932E-3
20220408 12:35:03,864	c_1_1163_20220408_12_35_03,864.bmp	9,362778E-1	2,023059E+0	-3,769540E-3	-3,807953E-3
20220408 12:35:09,865	c_1_1164_20220408_12_35_09,865.bmp	9,337323E-1	2,039607E+0	1,321881E-3	1,107786E-5
20220408 12:35:15,866	c_1_1165_20220408_12_35_15,866.bmp	9,388232E-1	2,061248E+0	-1,223829E-3	-3,807953E-3
20220408 12:35:21,870	c_1_1166_20220408_12_35_21,870.bmp	9,464595E-1	2,077797E+0	-1,223829E-3	3,830109E-3
20220408 12:35:27,875	c_1_1167_20220408_12_35_27,875.bmp	9,439141E-1	2,103256E+0	-3,769540E-3	-1,261932E-3
20220408 12:35:33,876	c_1_1168_20220408_12_35_33,876.bmp	8,599147E-1	2,121078E+0	4,902598E-5	1,107786E-5
20220408 12:35:39,877	c_1_1169_20220408_12_35_39,877.bmp	8,586420E-1	2,141445E+0	4,902598E-5	-1,261932E-3
20220408 12:35:45,878	c_1_1170_20220408_12_35_45,878.bmp	8,637328E-1	2,159267E+0	-2,496685E-3	2,557098E-3
20220408 12:35:51,887	c_1_1171_20220408_12_35_51,887.bmp	8,700964E-1	2,179634E+0	4,902598E-5	-3,807953E-3
20220408 12:35:57,894	c_1_1172_20220408_12_35_57,894.bmp	8,739146E-1	2,198729E+0	3,867592E-3	1,107786E-5
20220408 12:36:03,895	c_1_1173_20220408_12_36_03,895.bmp	8,879145E-1	2,222915E+0	-2,496685E-3	-2,534943E-3
20220408 12:36:09,897	c_1_1174_20220408_12_36_09,897.bmp	8,879145E-1	2,239464E+0	4,902598E-5	-1,261932E-3
20220408 12:36:15,898	c_1_1175_20220408_12_36_15,898.bmp	8,968235E-1	2,259832E+0	1,321881E-3	1,107786E-5
20220408 12:36:21,900	c_1_1176_20220408_12_36_21,900.bmp	9,044598E-1	2,284018E+0	-3,769540E-3	-3,807953E-3
20220408 12:36:27,905	c_1_1177_20220408_12_36_27,905.bmp	9,120961E-1	2,303113E+0	-3,769540E-3	-3,807953E-3
20220408 12:36:33,909	c_1_1178_20220408_12_36_33,909.bmp	9,095507E-1	2,315842E+0	1,321881E-3	3,830109E-3
20220408 12:36:39,911	c_1_1179_20220408_12_36_39,911.bmp	9,197324E-1	2,336210E+0	2,594737E-3	1,107786E-5
20220408 12:36:45,918	c_1_1180_20220408_12_36_45,918.bmp	9,286415E-1	2,360396E+0	1,321881E-3	1,107786E-5
20220408 12:36:51,921	c_1_1181_20220408_12_36_51,921.bmp	9,362778E-1	2,382037E+0	-2,496685E-3	-3,807953E-3
20220408 12:36:57,922	c_1_1182_20220408_12_36_57,922.bmp	9,299142E-1	2,399859E+0	1,321881E-3	1,107786E-5
20220408 12:37:03,926	c_1_1183_20220408_12_37_03,926.bmp	9,337323E-1	2,417680E+0	2,594737E-3	2,557098E-3
20220408 12:37:09,931	c_1_1184_20220408_12_37_09,931.bmp	9,248233E-1	2,436775E+0	3,867592E-3	2,557098E-3
20220408 12:37:15,939	c_1_1185_20220408_12_37_15,939.bmp	9,082780E-1	2,459688E+0	-3,769540E-3	1,107786E-5
20220408 12:37:21,943	c_1_1186_20220408_12_37_21,943.bmp	8,891872E-1	2,480056E+0	-1,223829E-3	-3,807953E-3
20220408 12:37:27,948	c_1_1187_20220408_12_37_27,948.bmp	8,853690E-1	2,502969E+0	-3,769540E-3	-3,807953E-3
20220408 12:37:33,950	c_1_1188_20220408_12_37_33,950.bmp	8,891872E-1	2,524610E+0	-1,223829E-3	1,107786E-5
20220408 12:37:39,953	c_1_1189_20220408_12_37_39,953.bmp	8,904599E-1	2,541159E+0	4,902598E-5	-1,261932E-3
20220408 12:37:45,958	c_1_1190_20220408_12_37_45,958.bmp	8,917326E-1	2,555161E+0	2,594737E-3	1,284088E-3
20220408 12:37:51,964	c_1_1191_20220408_12_37_51,964.bmp	9,006417E-1	2,575529E+0	4,902598E-5	3,830109E-3
20220408 12:37:57,970	c_1_1192_20220408_12_37_57,970.bmp	8,993689E-1	2,599715E+0	-1,223829E-3	1,284088E-3
20220408 12:38:03,974	c_1_1193_20220408_12_38_03,974.bmp	9,057325E-1	2,616264E+0	2,594737E-3	2,557098E-3
20220408 12:38:09,979	c_1_1194_20220408_12_38_09,979.bmp	9,082780E-1	2,641723E+0	1,321881E-3	-1,261932E-3
20220408 12:38:15,982	c_1_1195_20220408_12_38_15,982.bmp	8,980962E-1	2,660818E+0	4,902598E-5	1,107786E-5
20220408 12:38:21,983	c_1_1196_20220408_12_38_21,983.bmp	8,471875E-1	2,681186E+0	4,902598E-5	-1,261932E-3
20220408 12:38:27,994	c_1_1197_20220408_12_38_27,994.bmp	6,384618E-1	2,702826E+0	-1,223829E-3	-3,807953E-3
20220408 12:38:33,999	c_1_1198_20220408_12_38_33,999.bmp	6,333709E-1	2,719375E+0	4,902598E-5	1,107786E-5
20220408 12:38:40,004	c_1_1199_20220408_12_38_40,004.bmp	6,384618E-1	2,739742E+0	-3,769540E-3	1,107786E-5
20220408 12:38:46,007	c_1_1200_20220408_12_38_46,007.bmp	6,359163E-1	2,760110E+0	1,321881E-3	1,107786E-5
20220408 12:38:52,008	c_1_1201_20220408_12_38_52,008.bmp	6,422799E-1	2,780477E+0	4,902598E-5	1,107786E-5
20220408 12:38:58,011	c_1_1202_20220408_12_38_58,011.bmp	6,384618E-1	2,799572E+0	-1,223829E-3	3,830109E-3
20220408 12:39:04,023	c_1_1203_20220408_12_39_04,023.bmp	6,384618E-1	2,818667E+0	-1,223829E-3	1,107786E-5
20220408 12:39:10,030	c_1_1204_20220408_12_39_10,030.bmp	6,384618E-1	2,840307E+0	-1,223829E-3	1,107786E-5
20220408 12:39:16,032	c_1_1205_20220408_12_39_16,032.bmp	6,435526E-1	2,859402E+0	-3,769540E-3	1,107786E-5
20220408 12:39:22,034	c_1_1206_20220408_12_39_22,034.bmp	6,384618E-1	2,875950E+0	1,321881E-3	3,830109E-3
20220408 12:39:28,038	c_1_1207_20220408_12_39_28,038.bmp	6,460981E-1	2,901410E+0	-3,769540E-3	-3,807953E-3
20220408 12:39:34,040	c_1_1208_20220408_12_39_34,040.bmp	6,410072E-1	2,916686E+0	1,321881E-3	1,107786E-5
20220408 12:39:40,051	c_1_1209_20220408_12_39_40,051.bmp	6,448254E-1	2,938326E+0	1,321881E-3	1,107786E-5
20220408 12:39:46,056	c_1_1210_20220408_12_39_46,056.bmp	6,410072E-1	2,959967E+0	1,321881E-3	-1,261932E-3
20220408 12:39:52,062	c_1_1211_20220408_12_39_52,062.bmp	6,435526E-1	2,977788E+0	-3,769540E-3	1,107786E-5
20220408 12:39:58,065	c_1_1212_20220408_12_39_58,065.bmp	6,410072E-1	3,001975E+0	4,902598E-5	-3,807953E-3
20220408 12:40:04,069	c_1_1213_20220408_12_40_04,069.bmp	6,308255E-1	3,022342E+0	-2,496685E-3	-3,807953E-3
20220408 12:40:10,073	c_1_1214_20220408_12_40_10,073.bmp	5,964621E-1	3,040164E+0	-1,223829E-3	-3,807953E-3
20220408 12:40:16,081	c_1_1215_20220408_12_40_16,081.bmp	5,850076E-1	3,059258E+0	4,902598E-5	1,107786E-5
20220408 12:40:22,089	c_1_1216_20220408_12_40_22,089.bmp	5,735532E-1	3,080899E+0	-1,223829E-3	-1,261932E-3
20220408 12:40:28,091	c_1_1217_20220408_12_40_28,091.bmp	5,620987E-1	3,096175E+0	-1,223829E-3	2,557098E-3
20220408 12:40:34,094	c_1_1218_20220408_12_40_34,094.bmp	5,468261E-1	3,116542E+0	-1,223829E-3	3,830109E-3
20220408 12:40:40,098	c_1_1219_20220408_12_40_40,098.bmp	5,430079E-1	3,142002E+0	4,902598E-5	-3,807953E-3
20220408 12:40:46,106	c_1_1220_20220408_12_40_46,106.bmp	5,379171E-1	3,159823E+0	-2,496685E-3	-1,261932E-3
20220408 12:40:52,111	c_1_1221_20220408_12_40_52,111.bmp	5,290080E-1	3,180191E+0	4,902598E-5	-1,261932E-3
20220408 12:40:58,114	c_1_1222_20220408_12_40_58,114.bmp	5,353716E-1	3,201831E+0	-3,769540E-3	-3,807953E-3
20220408 12:41:04,115	c_1_1223_20220408_12_41_04,115.bmp	5,379171E-1	3,223472E+0	-3,769540E-3	-3,807953E-3
20220408 12:41:10,117	c_1_1224_20220408_12_41_10,117.bmp	5,404625E-1	3,241294E+0	-1,223829E-3	1,107786E-5
20220408 12:41:16,119	c_1_1225_20220408_12_41_16,119.bmp	5,430079E-1	3,261661E+0	-1,223829E-3	-3,807953E-3
20220408 12:41:22,122	c_1_1226_20220408_12_41_22,122.bmp	5,493715E-1	3,280756E+0	-3,769540E-3	1,107786E-5
20220408 12:41:28,132	c_1_1227_20220408_12_41_28,132.bmp	5,506442E-1	3,298577E+0	4,902598E-5	1,107786E-5
20220408 12:41:34,134	c_1_1228_20220408_12_41_34,134.bmp	5,531897E-1	3,320218E+0	4,902598E-5	1,107786E-5
20220408 12:41:40,140	c_1_1229_20220408_12_41_40,140.bmp	5,595533E-1	3,339312E+0	-5,042396E-3	1,107786E-5
20220408 12:41:46,143	c_1_1230_20220408_12_41_46,143.bmp	5,595533E-1	3,359680E+0	4,902598E-5	2,557098E-3
20220408 12:41:52,146	c_1_1231_20220408_12_41_52,146.bmp	5,608260E-1	3,382593E+0	-1,223829E-3	-3,807953E-3
20220408 12:41:58,148	c_1_1232_20220408_12_41_58,148.bmp	5,671896E-1	3,396596E+0	-1,223829E-3	2,557098E-3
20220408 12:42:04,152	c_1_1233_20220408_12_42_04,152.bmp	5,710077E-1	3,419510E+0	4,902598E-5	-1,261932E-3
20220408 12:42:10,159	c_1_1234_20220408_12_42_10,159.bmp	5,735532E-1	3,443696E+0	4,902598E-5	-3,807953E-3
20220408 12:42:16,160	c_1_1235_20220408_12_42_16,160.bmp	5,760986E-1	3,462791E+0	4,902598E-5	-3,807953E-3
20220408 12:42:22,165	c_1_1236_20220408_12_42_22,165.bmp	5,773713E-1	3,480612E+0	4,902598E-5	1,107786E-5
20220408 12:42:28,166	c_1_1237_20220408_12_42_28,166.bmp	5,824622E-1	3,498434E+0	-3,769540E-3	1,284088E-3
20220408 12:42:34,168	c_1_1238_20220408_12_42_34,168.bmp	5,850076E-1	3,523893E+0	-3,769540E-3	-3,807953E-3
20220408 12:42:40,171	c_1_1239_20220408_12_42_40,171.bmp	5,850076E-1	3,535350E+0	-1,223829E-3	2,557098E-3
20220408 12:42:46,176	c_1_1240_20220408_12_42_46,176.bmp	5,850076E-1	3,556991E+0	2,594737E-3	2,557098E-3
20220408 12:42:52,179	c_1_1241_20220408_12_42_52,179.bmp	5,862803E-1	3,578631E+0	1,321881E-3	1,107786E-5
20220408 12:42:58,189	c_1_1242_20220408_12_42_58,189.bmp	5,888258E-1	3,595180E+0	2,594737E-3	1,107786E-5
20220408 12:43:04,193	c_1_1243_20220408_12_43_04,193.bmp	5,951894E-1	3,609183E+0	-2,496685E-3	1,107786E-5
