20220408 11:19:36,858	c_0_628_20220408_11_19_36,858.bmp	-4,260751E-3	2,851233E-3	2,594737E-3	1,107786E-5
20220408 11:19:42,859	c_0_629_20220408_11_19_42,859.bmp	5,920992E-3	6,670150E-3	-3,769540E-3	-2,534943E-3
20220408 11:19:48,867	c_0_630_20220408_11_19_48,867.bmp	1,879196E-1	2,576474E-2	-2,496685E-3	-3,807953E-3
20220408 11:19:54,873	c_0_631_20220408_11_19_54,873.bmp	3,877364E-1	4,358636E-2	1,321881E-3	1,107786E-5
20220408 11:20:00,878	c_0_632_20220408_11_20_00,878.bmp	5,913712E-1	6,140797E-2	-1,223829E-3	1,107786E-5
20220408 11:20:06,888	c_0_633_20220408_11_20_06,888.bmp	8,000969E-1	8,432148E-2	4,902598E-5	-1,261932E-3
20220408 11:20:12,897	c_0_634_20220408_11_20_12,897.bmp	1,005005E+0	1,021431E-1	1,321881E-3	-1,261932E-3
20220408 11:20:18,898	c_0_635_20220408_11_20_18,898.bmp	1,217548E+0	1,237836E-1	4,902598E-5	1,107786E-5
20220408 11:20:24,900	c_0_636_20220408_11_20_24,900.bmp	1,421183E+0	1,428782E-1	2,594737E-3	1,107786E-5
20220408 11:20:30,903	c_0_637_20220408_11_20_30,903.bmp	1,629909E+0	1,670647E-1	4,902598E-5	1,107786E-5
20220408 11:20:36,905	c_0_638_20220408_11_20_36,905.bmp	1,836089E+0	1,861593E-1	-3,769540E-3	-2,534943E-3
20220408 11:20:42,910	c_0_639_20220408_11_20_42,910.bmp	2,029542E+0	2,039809E-1	4,902598E-5	-1,261932E-3
20220408 11:20:48,912	c_0_640_20220408_11_20_48,912.bmp	2,221723E+0	2,230755E-1	-3,769540E-3	-1,261932E-3
20220408 11:20:54,917	c_0_641_20220408_11_20_54,917.bmp	2,388449E+0	2,434431E-1	-1,223829E-3	-3,807953E-3
20220408 11:21:00,924	c_0_642_20220408_11_21_00,924.bmp	2,420267E+0	2,625376E-1	-2,496685E-3	-1,261932E-3
20220408 11:21:06,930	c_0_643_20220408_11_21_06,930.bmp	2,010452E+0	2,816322E-1	4,902598E-5	-1,261932E-3
20220408 11:21:12,935	c_0_644_20220408_11_21_12,935.bmp	1,899725E+0	3,058187E-1	-5,042396E-3	-3,807953E-3
20220408 11:21:18,938	c_0_645_20220408_11_21_18,938.bmp	1,721545E+0	3,261863E-1	4,902598E-5	-3,807953E-3
20220408 11:21:24,944	c_0_646_20220408_11_21_24,944.bmp	1,599364E+0	3,452809E-1	-2,496685E-3	-3,807953E-3
20220408 11:21:30,947	c_0_647_20220408_11_21_30,947.bmp	1,542091E+0	3,592836E-1	4,902598E-5	1,284088E-3
20220408 11:21:36,950	c_0_648_20220408_11_21_36,950.bmp	1,517910E+0	3,860160E-1	-3,769540E-3	-3,807953E-3
20220408 11:21:42,952	c_0_649_20220408_11_21_42,952.bmp	1,487365E+0	4,000187E-1	2,594737E-3	1,284088E-3
20220408 11:21:48,954	c_0_650_20220408_11_21_48,954.bmp	1,455547E+0	4,229322E-1	4,902598E-5	1,284088E-3
20220408 11:21:54,958	c_0_651_20220408_11_21_54,958.bmp	1,435183E+0	4,458457E-1	-3,769540E-3	-3,807953E-3
20220408 11:22:00,961	c_0_652_20220408_11_22_00,961.bmp	1,255730E+0	4,649403E-1	3,867592E-3	-1,261932E-3
20220408 11:22:06,967	c_0_653_20220408_11_22_06,967.bmp	1,175549E+0	4,827619E-1	2,594737E-3	1,107786E-5
20220408 11:22:12,978	c_0_654_20220408_11_22_12,978.bmp	1,101731E+0	5,044024E-1	-1,223829E-3	-1,261932E-3
20220408 11:22:18,982	c_0_655_20220408_11_22_18,982.bmp	1,106822E+0	5,247700E-1	-2,496685E-3	1,107786E-5
20220408 11:22:24,986	c_0_656_20220408_11_22_24,986.bmp	1,129731E+0	5,425916E-1	4,902598E-5	1,107786E-5
20220408 11:22:30,990	c_0_657_20220408_11_22_30,990.bmp	1,157731E+0	5,642321E-1	3,867592E-3	-1,261932E-3
20220408 11:22:36,995	c_0_658_20220408_11_22_36,995.bmp	1,197185E+0	5,795078E-1	4,902598E-5	2,557098E-3
20220408 11:22:43,001	c_0_659_20220408_11_22_43,001.bmp	1,221367E+0	6,036943E-1	1,321881E-3	2,557098E-3
20220408 11:22:49,008	c_0_660_20220408_11_22_49,008.bmp	1,259548E+0	6,240619E-1	4,902598E-5	1,107786E-5
20220408 11:22:55,010	c_0_661_20220408_11_22_55,010.bmp	1,292639E+0	6,444294E-1	-3,769540E-3	-2,534943E-3
20220408 11:23:01,012	c_0_662_20220408_11_23_01,012.bmp	1,321911E+0	6,647970E-1	2,594737E-3	1,107786E-5
20220408 11:23:07,014	c_0_663_20220408_11_23_07,014.bmp	1,362638E+0	6,851645E-1	-6,315251E-3	1,107786E-5
20220408 11:23:13,025	c_0_664_20220408_11_23_13,025.bmp	1,391911E+0	7,029862E-1	-2,496685E-3	-1,261932E-3
20220408 11:23:19,033	c_0_665_20220408_11_23_19,033.bmp	1,422456E+0	7,271726E-1	-3,769540E-3	-3,807953E-3
20220408 11:23:25,038	c_0_666_20220408_11_23_25,038.bmp	1,449183E+0	7,437213E-1	4,902598E-5	1,107786E-5
20220408 11:23:31,041	c_0_667_20220408_11_23_31,041.bmp	1,475910E+0	7,640888E-1	1,321881E-3	1,284088E-3
20220408 11:23:37,043	c_0_668_20220408_11_23_37,043.bmp	1,502637E+0	7,844564E-1	4,902598E-5	-1,261932E-3
20220408 11:23:43,057	c_0_669_20220408_11_23_43,057.bmp	1,528092E+0	8,035510E-1	-3,769540E-3	-1,261932E-3
20220408 11:23:49,063	c_0_670_20220408_11_23_49,063.bmp	1,548455E+0	8,264645E-1	-6,315251E-3	-3,807953E-3
20220408 11:23:55,066	c_0_671_20220408_11_23_55,066.bmp	1,563728E+0	8,430131E-1	4,902598E-5	1,107786E-5
20220408 11:24:01,074	c_0_672_20220408_11_24_01,074.bmp	1,577728E+0	8,633807E-1	4,902598E-5	-1,261932E-3
20220408 11:24:07,089	c_0_673_20220408_11_24_07,089.bmp	1,581546E+0	8,799294E-1	4,902598E-5	2,557098E-3
20220408 11:24:13,094	c_0_674_20220408_11_24_13,094.bmp	1,572637E+0	9,066618E-1	4,902598E-5	-2,534943E-3
20220408 11:24:19,099	c_0_675_20220408_11_24_19,099.bmp	1,498819E+0	9,193915E-1	4,902598E-5	2,557098E-3
20220408 11:24:25,102	c_0_676_20220408_11_24_25,102.bmp	1,346093E+0	9,423050E-1	-1,223829E-3	1,107786E-5
20220408 11:24:31,105	c_0_677_20220408_11_24_31,105.bmp	1,225185E+0	9,677645E-1	4,902598E-5	-3,807953E-3
20220408 11:24:37,106	c_0_678_20220408_11_24_37,106.bmp	1,223912E+0	9,868591E-1	4,902598E-5	-1,261932E-3
20220408 11:24:43,112	c_0_679_20220408_11_24_43,112.bmp	1,215003E+0	1,000862E+0	3,867592E-3	1,284088E-3
20220408 11:24:49,118	c_0_680_20220408_11_24_49,118.bmp	1,213730E+0	1,022502E+0	1,321881E-3	-1,261932E-3
20220408 11:24:55,121	c_0_681_20220408_11_24_55,121.bmp	1,213730E+0	1,044143E+0	-5,042396E-3	1,107786E-5
20220408 11:25:01,128	c_0_682_20220408_11_25_01,128.bmp	1,188276E+0	1,059418E+0	1,321881E-3	2,557098E-3
20220408 11:25:07,132	c_0_683_20220408_11_25_07,132.bmp	1,181912E+0	1,082332E+0	4,902598E-5	1,107786E-5
20220408 11:25:13,137	c_0_684_20220408_11_25_13,137.bmp	1,171731E+0	1,105246E+0	4,902598E-5	-3,807953E-3
20220408 11:25:19,141	c_0_685_20220408_11_25_19,141.bmp	1,171731E+0	1,124340E+0	-3,769540E-3	1,107786E-5
20220408 11:25:25,146	c_0_686_20220408_11_25_25,146.bmp	1,160276E+0	1,145981E+0	4,902598E-5	1,107786E-5
20220408 11:25:31,148	c_0_687_20220408_11_25_31,148.bmp	1,115731E+0	1,159983E+0	4,902598E-5	2,557098E-3
20220408 11:25:37,152	c_0_688_20220408_11_25_37,152.bmp	1,114458E+0	1,185443E+0	-6,315251E-3	-3,807953E-3
20220408 11:25:43,153	c_0_689_20220408_11_25_43,153.bmp	1,109367E+0	1,203264E+0	1,321881E-3	1,284088E-3
20220408 11:25:49,157	c_0_690_20220408_11_25_49,157.bmp	1,096640E+0	1,222359E+0	-1,223829E-3	-1,261932E-3
20220408 11:25:55,160	c_0_691_20220408_11_25_55,160.bmp	1,094095E+0	1,242727E+0	-3,769540E-3	1,107786E-5
20220408 11:26:01,163	c_0_692_20220408_11_26_01,163.bmp	1,087731E+0	1,264367E+0	4,902598E-5	-1,261932E-3
20220408 11:26:07,170	c_0_693_20220408_11_26_07,170.bmp	1,086458E+0	1,277097E+0	2,594737E-3	2,557098E-3
20220408 11:26:13,177	c_0_694_20220408_11_26_13,177.bmp	1,083913E+0	1,303829E+0	3,867592E-3	1,107786E-5
20220408 11:26:19,180	c_0_695_20220408_11_26_19,180.bmp	1,096640E+0	1,325470E+0	-3,769540E-3	-3,807953E-3
20220408 11:26:25,187	c_0_696_20220408_11_26_25,187.bmp	1,095367E+0	1,344564E+0	4,902598E-5	1,107786E-5
20220408 11:26:31,191	c_0_697_20220408_11_26_31,191.bmp	1,096640E+0	1,361113E+0	1,321881E-3	1,284088E-3
20220408 11:26:37,193	c_0_698_20220408_11_26_37,193.bmp	1,104277E+0	1,385299E+0	1,321881E-3	2,557098E-3
20220408 11:26:43,197	c_0_699_20220408_11_26_43,197.bmp	1,105549E+0	1,404394E+0	4,902598E-5	-1,261932E-3
20220408 11:26:49,207	c_0_700_20220408_11_26_49,207.bmp	1,113186E+0	1,424762E+0	4,902598E-5	1,107786E-5
20220408 11:26:55,211	c_0_701_20220408_11_26_55,211.bmp	1,104277E+0	1,440037E+0	4,902598E-5	1,284088E-3
20220408 11:27:01,220	c_0_702_20220408_11_27_01,220.bmp	1,099186E+0	1,466770E+0	4,902598E-5	-3,807953E-3
20220408 11:27:07,227	c_0_703_20220408_11_27_07,227.bmp	1,099186E+0	1,484591E+0	4,902598E-5	1,107786E-5
20220408 11:27:13,232	c_0_704_20220408_11_27_13,232.bmp	1,101731E+0	1,507505E+0	4,902598E-5	-3,807953E-3
20220408 11:27:19,237	c_0_705_20220408_11_27_19,237.bmp	1,103004E+0	1,525326E+0	1,321881E-3	1,107786E-5
20220408 11:27:25,241	c_0_706_20220408_11_27_25,241.bmp	1,111913E+0	1,543148E+0	4,902598E-5	-1,261932E-3
20220408 11:27:31,244	c_0_707_20220408_11_27_31,244.bmp	1,108095E+0	1,563516E+0	3,867592E-3	-1,261932E-3
20220408 11:27:37,246	c_0_708_20220408_11_27_37,246.bmp	1,105549E+0	1,583883E+0	4,902598E-5	1,107786E-5
20220408 11:27:43,260	c_0_709_20220408_11_27_43,260.bmp	1,099186E+0	1,602978E+0	-1,223829E-3	-1,261932E-3
20220408 11:27:49,269	c_0_710_20220408_11_27_49,269.bmp	1,101731E+0	1,623345E+0	-1,223829E-3	-2,534943E-3
20220408 11:27:55,275	c_0_711_20220408_11_27_55,275.bmp	1,105549E+0	1,643713E+0	-1,223829E-3	1,107786E-5
20220408 11:28:01,276	c_0_712_20220408_11_28_01,276.bmp	1,115731E+0	1,662807E+0	4,902598E-5	1,107786E-5
20220408 11:28:07,281	c_0_713_20220408_11_28_07,281.bmp	1,120822E+0	1,684448E+0	4,902598E-5	-1,261932E-3
20220408 11:28:13,286	c_0_714_20220408_11_28_13,286.bmp	1,129731E+0	1,704816E+0	1,321881E-3	3,830109E-3
20220408 11:28:19,286	c_0_715_20220408_11_28_19,286.bmp	1,128458E+0	1,721364E+0	2,594737E-3	2,557098E-3
20220408 11:28:25,289	c_0_716_20220408_11_28_25,289.bmp	1,119549E+0	1,740459E+0	4,902598E-5	3,830109E-3
20220408 11:28:31,291	c_0_717_20220408_11_28_31,291.bmp	1,111913E+0	1,760826E+0	3,867592E-3	2,557098E-3
20220408 11:28:37,296	c_0_718_20220408_11_28_37,296.bmp	1,108095E+0	1,781194E+0	2,594737E-3	2,557098E-3
20220408 11:28:43,298	c_0_719_20220408_11_28_43,298.bmp	1,100458E+0	1,806653E+0	4,902598E-5	-3,807953E-3
20220408 11:28:49,302	c_0_720_20220408_11_28_49,302.bmp	1,067368E+0	1,827021E+0	-3,769540E-3	-3,807953E-3
20220408 11:28:55,305	c_0_721_20220408_11_28_55,305.bmp	9,133688E-1	1,839751E+0	4,902598E-5	2,557098E-3
20220408 11:29:01,309	c_0_722_20220408_11_29_01,309.bmp	8,942781E-1	1,862664E+0	-1,223829E-3	1,107786E-5
20220408 11:29:07,317	c_0_723_20220408_11_29_07,317.bmp	8,980962E-1	1,885578E+0	-3,769540E-3	-3,807953E-3
20220408 11:29:13,324	c_0_724_20220408_11_29_13,324.bmp	8,879145E-1	1,900853E+0	2,594737E-3	2,557098E-3
20220408 11:29:19,326	c_0_725_20220408_11_29_19,326.bmp	8,917326E-1	1,923767E+0	4,902598E-5	-1,261932E-3
20220408 11:29:25,330	c_0_726_20220408_11_29_25,330.bmp	8,980962E-1	1,940316E+0	4,902598E-5	3,830109E-3
20220408 11:29:31,334	c_0_727_20220408_11_29_31,334.bmp	9,057325E-1	1,967048E+0	-2,496685E-3	-3,807953E-3
20220408 11:29:37,338	c_0_728_20220408_11_29_37,338.bmp	9,031871E-1	1,986143E+0	-1,223829E-3	-3,807953E-3
20220408 11:29:43,345	c_0_729_20220408_11_29_43,345.bmp	9,070052E-1	2,002691E+0	4,902598E-5	-1,261932E-3
20220408 11:29:49,348	c_0_730_20220408_11_29_49,348.bmp	9,082780E-1	2,024332E+0	4,902598E-5	1,107786E-5
20220408 11:29:55,349	c_0_731_20220408_11_29_55,349.bmp	9,120961E-1	2,043426E+0	4,902598E-5	-1,261932E-3
20220408 11:30:01,354	c_0_732_20220408_11_30_01,354.bmp	9,133688E-1	2,062521E+0	-5,042396E-3	-1,261932E-3
20220408 11:30:07,356	c_0_733_20220408_11_30_07,356.bmp	9,031871E-1	2,080343E+0	2,594737E-3	2,557098E-3
20220408 11:30:13,367	c_0_734_20220408_11_30_13,367.bmp	8,942781E-1	2,103256E+0	3,867592E-3	-1,261932E-3
20220408 11:30:19,374	c_0_735_20220408_11_30_19,374.bmp	8,904599E-1	2,123624E+0	4,902598E-5	2,557098E-3
20220408 11:30:25,377	c_0_736_20220408_11_30_25,377.bmp	8,917326E-1	2,145264E+0	4,902598E-5	1,107786E-5
20220408 11:30:31,382	c_0_737_20220408_11_30_31,382.bmp	8,879145E-1	2,166905E+0	-3,769540E-3	-3,807953E-3
20220408 11:30:37,383	c_0_738_20220408_11_30_37,383.bmp	8,930054E-1	2,183453E+0	-3,769540E-3	1,107786E-5
20220408 11:30:43,386	c_0_739_20220408_11_30_43,386.bmp	8,942781E-1	2,202548E+0	4,902598E-5	1,107786E-5
20220408 11:30:49,396	c_0_740_20220408_11_30_49,396.bmp	8,980962E-1	2,222915E+0	4,902598E-5	-1,261932E-3
20220408 11:30:55,401	c_0_741_20220408_11_30_55,401.bmp	9,019144E-1	2,245829E+0	-5,042396E-3	-3,807953E-3
20220408 11:31:01,402	c_0_742_20220408_11_31_01,402.bmp	8,968235E-1	2,263651E+0	2,594737E-3	2,557098E-3
20220408 11:31:07,404	c_0_743_20220408_11_31_07,404.bmp	9,031871E-1	2,284018E+0	-1,223829E-3	1,107786E-5
20220408 11:31:13,409	c_0_744_20220408_11_31_13,409.bmp	9,019144E-1	2,303113E+0	4,902598E-5	-1,261932E-3
20220408 11:31:19,418	c_0_745_20220408_11_31_19,418.bmp	9,108234E-1	2,327299E+0	-5,042396E-3	-3,807953E-3
20220408 11:31:25,424	c_0_746_20220408_11_31_25,424.bmp	9,108234E-1	2,340029E+0	2,594737E-3	2,557098E-3
20220408 11:31:31,429	c_0_747_20220408_11_31_31,429.bmp	9,159143E-1	2,364215E+0	-1,223829E-3	-1,261932E-3
20220408 11:31:37,433	c_0_748_20220408_11_31_37,433.bmp	9,222779E-1	2,387129E+0	-1,223829E-3	-3,807953E-3
20220408 11:31:43,438	c_0_749_20220408_11_31_43,438.bmp	9,286415E-1	2,403678E+0	1,321881E-3	1,107786E-5
20220408 11:31:49,440	c_0_750_20220408_11_31_49,440.bmp	9,324596E-1	2,422772E+0	-1,223829E-3	1,107786E-5
20220408 11:31:55,443	c_0_751_20220408_11_31_55,443.bmp	9,324596E-1	2,443140E+0	2,594737E-3	-1,261932E-3
20220408 11:32:01,449	c_0_752_20220408_11_32_01,449.bmp	9,362778E-1	2,464780E+0	-3,769540E-3	-3,807953E-3
20220408 11:32:07,451	c_0_753_20220408_11_32_07,451.bmp	9,439141E-1	2,481329E+0	1,321881E-3	2,557098E-3
20220408 11:32:13,456	c_0_754_20220408_11_32_13,456.bmp	9,451868E-1	2,506788E+0	4,902598E-5	-3,807953E-3
20220408 11:32:19,466	c_0_755_20220408_11_32_19,466.bmp	9,299142E-1	2,520791E+0	4,902598E-5	1,284088E-3
20220408 11:32:25,474	c_0_756_20220408_11_32_25,474.bmp	8,955508E-1	2,539886E+0	2,594737E-3	1,284088E-3
20220408 11:32:31,478	c_0_757_20220408_11_32_31,478.bmp	7,873698E-1	2,562799E+0	4,902598E-5	-5,080963E-3
20220408 11:32:37,480	c_0_758_20220408_11_32_37,480.bmp	7,733699E-1	2,585713E+0	-1,223829E-3	-2,534943E-3
20220408 11:32:43,484	c_0_759_20220408_11_32_43,484.bmp	7,720972E-1	2,606080E+0	-5,042396E-3	-3,807953E-3
20220408 11:32:49,485	c_0_760_20220408_11_32_49,485.bmp	7,682790E-1	2,620083E+0	-1,223829E-3	1,284088E-3
20220408 11:32:55,489	c_0_761_20220408_11_32_55,489.bmp	7,670063E-1	2,644269E+0	-3,769540E-3	1,107786E-5
20220408 11:33:01,493	c_0_762_20220408_11_33_01,493.bmp	7,631881E-1	2,663364E+0	4,902598E-5	1,107786E-5
20220408 11:33:07,495	c_0_763_20220408_11_33_07,495.bmp	7,568245E-1	2,681186E+0	2,594737E-3	2,557098E-3
20220408 11:33:13,501	c_0_764_20220408_11_33_13,501.bmp	7,504610E-1	2,704099E+0	-1,223829E-3	1,107786E-5
20220408 11:33:19,507	c_0_765_20220408_11_33_19,507.bmp	7,491882E-1	2,727013E+0	-7,588107E-3	-3,807953E-3
20220408 11:33:25,515	c_0_766_20220408_11_33_25,515.bmp	7,402792E-1	2,739742E+0	4,902598E-5	3,830109E-3
20220408 11:33:31,522	c_0_767_20220408_11_33_31,522.bmp	7,364611E-1	2,763929E+0	4,902598E-5	-1,261932E-3
20220408 11:33:37,525	c_0_768_20220408_11_33_37,525.bmp	7,313702E-1	2,780477E+0	-1,223829E-3	2,557098E-3
20220408 11:33:43,532	c_0_769_20220408_11_33_43,532.bmp	7,390065E-1	2,802118E+0	-2,496685E-3	1,107786E-5
20220408 11:33:49,545	c_0_770_20220408_11_33_49,545.bmp	7,351883E-1	2,821213E+0	3,867592E-3	-1,261932E-3
20220408 11:33:55,546	c_0_771_20220408_11_33_55,546.bmp	7,339156E-1	2,841580E+0	1,321881E-3	2,557098E-3
20220408 11:34:01,550	c_0_772_20220408_11_34_01,550.bmp	7,390065E-1	2,863221E+0	4,902598E-5	1,107786E-5
20220408 11:34:07,553	c_0_773_20220408_11_34_07,553.bmp	7,364611E-1	2,883588E+0	2,594737E-3	1,284088E-3
20220408 11:34:13,563	c_0_774_20220408_11_34_13,563.bmp	7,339156E-1	2,903956E+0	-1,223829E-3	-1,261932E-3
20220408 11:34:19,565	c_0_775_20220408_11_34_19,565.bmp	7,440974E-1	2,928142E+0	-5,042396E-3	-3,807953E-3
20220408 11:34:25,570	c_0_776_20220408_11_34_25,570.bmp	7,466428E-1	2,944691E+0	4,902598E-5	1,107786E-5
20220408 11:34:31,574	c_0_777_20220408_11_34_31,574.bmp	7,453701E-1	2,963785E+0	-2,496685E-3	1,107786E-5
20220408 11:34:37,576	c_0_778_20220408_11_34_37,576.bmp	7,440974E-1	2,981607E+0	2,594737E-3	2,557098E-3
20220408 11:34:43,577	c_0_779_20220408_11_34_43,577.bmp	7,517337E-1	3,000702E+0	2,594737E-3	2,557098E-3
20220408 11:34:49,582	c_0_780_20220408_11_34_49,582.bmp	7,555518E-1	3,022342E+0	-2,496685E-3	1,107786E-5
20220408 11:34:55,583	c_0_781_20220408_11_34_55,583.bmp	7,466428E-1	3,047802E+0	-2,496685E-3	-2,534943E-3
20220408 11:35:01,587	c_0_782_20220408_11_35_01,587.bmp	7,377338E-1	3,064350E+0	3,867592E-3	1,107786E-5
20220408 11:35:07,590	c_0_783_20220408_11_35_07,590.bmp	7,313702E-1	3,083445E+0	3,867592E-3	1,107786E-5
20220408 11:35:13,599	c_0_784_20220408_11_35_13,599.bmp	7,326429E-1	3,098721E+0	2,594737E-3	2,557098E-3
20220408 11:35:19,600	c_0_785_20220408_11_35_19,600.bmp	7,237339E-1	3,122907E+0	1,321881E-3	1,107786E-5
20220408 11:35:25,602	c_0_786_20220408_11_35_25,602.bmp	7,250066E-1	3,139456E+0	-1,223829E-3	2,557098E-3
20220408 11:35:31,603	c_0_787_20220408_11_35_31,603.bmp	7,224612E-1	3,166188E+0	4,902598E-5	-3,807953E-3
20220408 11:35:37,604	c_0_788_20220408_11_35_37,604.bmp	7,084613E-1	3,182737E+0	4,902598E-5	1,107786E-5
20220408 11:35:43,616	c_0_789_20220408_11_35_43,616.bmp	6,842796E-1	3,205650E+0	-2,496685E-3	-3,807953E-3
20220408 11:35:49,621	c_0_790_20220408_11_35_49,621.bmp	6,626434E-1	3,219653E+0	2,594737E-3	3,830109E-3
20220408 11:35:55,625	c_0_791_20220408_11_35_55,625.bmp	6,435526E-1	3,243839E+0	-1,223829E-3	1,107786E-5
20220408 11:36:01,627	c_0_792_20220408_11_36_01,627.bmp	6,282800E-1	3,259115E+0	2,594737E-3	2,557098E-3
20220408 11:36:07,628	c_0_793_20220408_11_36_07,628.bmp	6,308255E-1	3,280756E+0	3,867592E-3	2,557098E-3
20220408 11:36:13,631	c_0_794_20220408_11_36_13,631.bmp	6,371891E-1	3,299850E+0	1,321881E-3	3,830109E-3
20220408 11:36:19,634	c_0_795_20220408_11_36_19,634.bmp	6,384618E-1	3,325310E+0	-2,496685E-3	1,107786E-5
20220408 11:36:25,640	c_0_796_20220408_11_36_25,640.bmp	6,422799E-1	3,346950E+0	-3,769540E-3	-3,807953E-3
20220408 11:36:31,659	c_0_797_20220408_11_36_31,659.bmp	6,435526E-1	3,364772E+0	4,902598E-5	-3,807953E-3
20220408 11:36:37,663	c_0_798_20220408_11_36_37,663.bmp	6,473708E-1	3,385139E+0	4,902598E-5	1,107786E-5
20220408 11:36:43,672	c_0_799_20220408_11_36_43,672.bmp	6,448254E-1	3,401688E+0	3,867592E-3	2,557098E-3
20220408 11:36:49,673	c_0_800_20220408_11_36_49,673.bmp	6,524617E-1	3,427148E+0	-5,042396E-3	-3,807953E-3
20220408 11:36:55,677	c_0_801_20220408_11_36_55,677.bmp	6,511890E-1	3,444969E+0	-3,769540E-3	1,107786E-5
20220408 11:37:01,679	c_0_802_20220408_11_37_01,679.bmp	6,473708E-1	3,467883E+0	-3,769540E-3	-3,807953E-3
20220408 11:37:07,683	c_0_803_20220408_11_37_07,683.bmp	6,410072E-1	3,481885E+0	3,867592E-3	1,284088E-3
20220408 11:37:13,688	c_0_804_20220408_11_37_13,688.bmp	6,448254E-1	3,503526E+0	-1,223829E-3	1,107786E-5
20220408 11:37:19,689	c_0_805_20220408_11_37_19,689.bmp	6,410072E-1	3,523893E+0	1,321881E-3	1,107786E-5
20220408 11:37:25,694	c_0_806_20220408_11_37_25,694.bmp	6,397345E-1	3,540442E+0	2,594737E-3	2,557098E-3
20220408 11:37:31,697	c_0_807_20220408_11_37_31,697.bmp	6,448254E-1	3,559537E+0	1,321881E-3	-1,261932E-3
20220408 11:37:37,702	c_0_808_20220408_11_37_37,702.bmp	6,282800E-1	3,583723E+0	1,321881E-3	1,107786E-5
20220408 11:37:43,712	c_0_809_20220408_11_37_43,712.bmp	6,257346E-1	3,605364E+0	1,321881E-3	-1,261932E-3
20220408 11:37:49,718	c_0_810_20220408_11_37_49,718.bmp	6,168256E-1	3,625731E+0	-2,496685E-3	-3,807953E-3
20220408 11:37:55,722	c_0_811_20220408_11_37_55,722.bmp	6,117347E-1	3,646099E+0	4,902598E-5	-2,534943E-3
20220408 11:38:01,723	c_0_812_20220408_11_38_01,723.bmp	6,091893E-1	3,658829E+0	-1,223829E-3	1,284088E-3
20220408 11:38:07,727	c_0_813_20220408_11_38_07,727.bmp	6,130074E-1	3,684288E+0	3,867592E-3	1,107786E-5
20220408 11:38:13,731	c_0_814_20220408_11_38_13,731.bmp	6,180983E-1	3,704656E+0	-3,769540E-3	-2,534943E-3
20220408 11:38:19,734	c_0_815_20220408_11_38_19,734.bmp	6,231892E-1	3,727569E+0	-3,769540E-3	-3,807953E-3
20220408 11:38:25,735	c_0_816_20220408_11_38_25,735.bmp	6,270073E-1	3,745391E+0	-3,769540E-3	-3,807953E-3
20220408 11:38:31,737	c_0_817_20220408_11_38_31,737.bmp	6,270073E-1	3,761939E+0	-1,223829E-3	1,107786E-5
20220408 11:38:37,742	c_0_818_20220408_11_38_37,742.bmp	6,270073E-1	3,781034E+0	2,594737E-3	2,557098E-3
20220408 11:38:43,744	c_0_819_20220408_11_38_43,744.bmp	6,320982E-1	3,800128E+0	4,902598E-5	2,557098E-3
20220408 11:38:49,748	c_0_820_20220408_11_38_49,748.bmp	6,359163E-1	3,823042E+0	4,902598E-5	3,830109E-3
20220408 11:38:55,752	c_0_821_20220408_11_38_55,752.bmp	6,435526E-1	3,845956E+0	-3,769540E-3	-3,807953E-3
20220408 11:39:01,753	c_0_822_20220408_11_39_01,753.bmp	6,435526E-1	3,863777E+0	4,902598E-5	1,107786E-5
20220408 11:39:07,761	c_0_823_20220408_11_39_07,761.bmp	6,486435E-1	3,882872E+0	-1,223829E-3	1,107786E-5
20220408 11:39:13,762	c_0_824_20220408_11_39_13,762.bmp	6,499162E-1	3,904512E+0	-3,769540E-3	-3,807953E-3
20220408 11:39:19,766	c_0_825_20220408_11_39_19,766.bmp	6,550071E-1	3,923607E+0	4,902598E-5	-1,261932E-3
20220408 11:39:25,769	c_0_826_20220408_11_39_25,769.bmp	6,562798E-1	3,946520E+0	4,902598E-5	-3,807953E-3
20220408 11:39:31,772	c_0_827_20220408_11_39_31,772.bmp	6,600980E-1	3,966888E+0	1,321881E-3	-2,534943E-3
20220408 11:39:37,777	c_0_828_20220408_11_39_37,777.bmp	6,639161E-1	3,984710E+0	4,902598E-5	-3,807953E-3
20220408 11:39:43,782	c_0_829_20220408_11_39_43,782.bmp	6,664616E-1	4,001258E+0	3,867592E-3	1,107786E-5
20220408 11:39:49,792	c_0_830_20220408_11_39_49,792.bmp	6,715524E-1	4,020353E+0	4,902598E-5	2,557098E-3
20220408 11:39:55,796	c_0_831_20220408_11_39_55,796.bmp	6,753706E-1	4,043266E+0	4,902598E-5	1,107786E-5
20220408 11:40:01,798	c_0_832_20220408_11_40_01,798.bmp	6,791887E-1	4,061088E+0	-1,223829E-3	2,557098E-3
20220408 11:40:07,800	c_0_833_20220408_11_40_07,800.bmp	6,804615E-1	4,078909E+0	4,902598E-5	2,557098E-3
20220408 11:40:13,802	c_0_834_20220408_11_40_13,802.bmp	6,868251E-1	4,106915E+0	-3,769540E-3	-3,807953E-3
20220408 11:40:19,803	c_0_835_20220408_11_40_19,803.bmp	6,880978E-1	4,119645E+0	1,321881E-3	2,557098E-3
20220408 11:40:25,810	c_0_836_20220408_11_40_25,810.bmp	6,957341E-1	4,142558E+0	-3,769540E-3	1,107786E-5
20220408 11:40:31,817	c_0_837_20220408_11_40_31,817.bmp	6,982795E-1	4,160380E+0	4,902598E-5	2,557098E-3
20220408 11:40:37,819	c_0_838_20220408_11_40_37,819.bmp	6,995522E-1	4,179474E+0	1,321881E-3	2,557098E-3
20220408 11:40:43,823	c_0_839_20220408_11_40_43,823.bmp	7,046431E-1	4,207480E+0	4,902598E-5	-3,807953E-3
20220408 11:40:49,827	c_0_840_20220408_11_40_49,827.bmp	7,097340E-1	4,226574E+0	-2,496685E-3	-3,807953E-3
20220408 11:40:55,828	c_0_841_20220408_11_40_55,828.bmp	7,110067E-1	4,245669E+0	4,902598E-5	-3,807953E-3
20220408 11:41:01,834	c_0_842_20220408_11_41_01,834.bmp	7,148248E-1	4,267309E+0	-3,769540E-3	-3,807953E-3
20220408 11:41:07,844	c_0_843_20220408_11_41_07,844.bmp	7,160976E-1	4,282585E+0	4,902598E-5	-1,261932E-3
20220408 11:41:13,845	c_0_844_20220408_11_41_13,845.bmp	7,250066E-1	4,306772E+0	-3,769540E-3	-2,534943E-3
20220408 11:41:19,848	c_0_845_20220408_11_41_19,848.bmp	7,237339E-1	4,320774E+0	4,902598E-5	2,557098E-3
20220408 11:41:25,849	c_0_846_20220408_11_41_25,849.bmp	7,300975E-1	4,344961E+0	-3,769540E-3	-3,807953E-3
20220408 11:41:31,851	c_0_847_20220408_11_41_31,851.bmp	7,250066E-1	4,365328E+0	4,902598E-5	-1,261932E-3
20220408 11:41:37,861	c_0_848_20220408_11_41_37,861.bmp	7,288247E-1	4,380604E+0	1,321881E-3	3,830109E-3
20220408 11:41:43,868	c_0_849_20220408_11_41_43,868.bmp	7,390065E-1	4,402245E+0	-2,496685E-3	-1,261932E-3
20220408 11:41:49,871	c_0_850_20220408_11_41_49,871.bmp	7,377338E-1	4,420066E+0	2,594737E-3	2,557098E-3
20220408 11:41:55,876	c_0_851_20220408_11_41_55,876.bmp	7,415519E-1	4,446799E+0	1,321881E-3	-3,807953E-3
20220408 11:42:01,879	c_0_852_20220408_11_42_01,879.bmp	7,440974E-1	4,463347E+0	4,902598E-5	-1,261932E-3
20220408 11:42:07,880	c_0_853_20220408_11_42_07,880.bmp	7,491882E-1	4,481169E+0	-1,223829E-3	1,107786E-5
20220408 11:42:13,882	c_0_854_20220408_11_42_13,882.bmp	7,491882E-1	4,505355E+0	2,594737E-3	1,107786E-5
20220408 11:42:19,883	c_0_855_20220408_11_42_19,883.bmp	7,568245E-1	4,526996E+0	-3,769540E-3	-3,807953E-3
20220408 11:42:25,888	c_0_856_20220408_11_42_25,888.bmp	7,606427E-1	4,547363E+0	-3,769540E-3	-2,534943E-3
20220408 11:42:31,890	c_0_857_20220408_11_42_31,890.bmp	7,631881E-1	4,563912E+0	-1,223829E-3	1,107786E-5
20220408 11:42:37,895	c_0_858_20220408_11_42_37,895.bmp	7,631881E-1	4,583007E+0	4,902598E-5	1,107786E-5
20220408 11:42:43,898	c_0_859_20220408_11_42_43,898.bmp	7,580973E-1	4,604647E+0	-2,496685E-3	-1,261932E-3
20220408 11:42:49,904	c_0_860_20220408_11_42_49,904.bmp	7,593700E-1	4,618650E+0	-1,223829E-3	2,557098E-3
20220408 11:42:55,910	c_0_861_20220408_11_42_55,910.bmp	7,568245E-1	4,642836E+0	-1,223829E-3	-1,261932E-3
20220408 11:43:01,916	c_0_862_20220408_11_43_01,916.bmp	7,479155E-1	4,659385E+0	1,321881E-3	2,557098E-3
20220408 11:43:07,919	c_0_863_20220408_11_43_07,919.bmp	7,377338E-1	4,681026E+0	3,867592E-3	2,557098E-3
20220408 11:43:13,923	c_0_864_20220408_11_43_13,923.bmp	7,288247E-1	4,702666E+0	2,594737E-3	1,107786E-5
20220408 11:43:19,927	c_0_865_20220408_11_43_19,927.bmp	7,148248E-1	4,723034E+0	4,902598E-5	1,107786E-5
20220408 11:43:25,930	c_0_866_20220408_11_43_25,930.bmp	6,486435E-1	4,739582E+0	1,321881E-3	2,557098E-3
20220408 11:43:31,935	c_0_867_20220408_11_43_31,935.bmp	6,384618E-1	4,761223E+0	3,867592E-3	2,557098E-3
20220408 11:43:37,947	c_0_868_20220408_11_43_37,947.bmp	6,359163E-1	4,784136E+0	4,902598E-5	1,107786E-5
20220408 11:43:43,949	c_0_869_20220408_11_43_43,949.bmp	6,079165E-1	4,803231E+0	4,902598E-5	1,107786E-5
20220408 11:43:49,958	c_0_870_20220408_11_43_49,958.bmp	5,417352E-1	4,819780E+0	2,594737E-3	3,830109E-3
20220408 11:43:55,964	c_0_871_20220408_11_43_55,964.bmp	5,328262E-1	4,845239E+0	-7,588107E-3	-1,261932E-3
20220408 11:44:01,968	c_0_872_20220408_11_44_01,968.bmp	5,200990E-1	4,864334E+0	4,902598E-5	1,107786E-5
20220408 11:44:07,973	c_0_873_20220408_11_44_07,973.bmp	5,226445E-1	4,887247E+0	-3,769540E-3	-2,534943E-3
20220408 11:44:13,974	c_0_874_20220408_11_44_13,974.bmp	5,213717E-1	4,899977E+0	4,902598E-5	3,830109E-3
20220408 11:44:19,975	c_0_875_20220408_11_44_19,975.bmp	5,162809E-1	4,919071E+0	-2,496685E-3	2,557098E-3
20220408 11:44:25,978	c_0_876_20220408_11_44_25,978.bmp	5,188263E-1	4,943258E+0	1,321881E-3	-1,261932E-3
20220408 11:44:31,982	c_0_877_20220408_11_44_31,982.bmp	5,200990E-1	4,950896E+0	4,902598E-5	1,107786E-5
