20220408 11:19:36,829	c_1_628_20220408_11_19_36,829.bmp	-1,715315E-3	6,670150E-3	-1,223829E-3	-1,261932E-3
20220408 11:19:42,830	c_1_629_20220408_11_19_42,830.bmp	7,193710E-3	4,124205E-3	-3,769540E-3	-1,261932E-3
20220408 11:19:48,836	c_1_630_20220408_11_19_48,836.bmp	1,828288E-1	2,321879E-2	-1,223829E-3	1,107786E-5
20220408 11:19:54,841	c_1_631_20220408_11_19_54,841.bmp	3,826455E-1	4,358636E-2	4,902598E-5	1,107786E-5
20220408 11:20:00,846	c_1_632_20220408_11_20_00,846.bmp	5,913712E-1	6,140797E-2	4,902598E-5	3,830109E-3
20220408 11:20:06,855	c_1_633_20220408_11_20_06,855.bmp	8,000969E-1	8,304851E-2	-3,769540E-3	-1,261932E-3
20220408 11:20:12,860	c_1_634_20220408_11_20_12,860.bmp	1,005005E+0	1,034161E-1	1,321881E-3	-1,261932E-3
20220408 11:20:18,861	c_1_635_20220408_11_20_18,861.bmp	1,218821E+0	1,250566E-1	1,321881E-3	-1,261932E-3
20220408 11:20:24,866	c_1_636_20220408_11_20_24,866.bmp	1,422456E+0	1,428782E-1	-1,223829E-3	1,107786E-5
20220408 11:20:30,867	c_1_637_20220408_11_20_30,867.bmp	1,628636E+0	1,632458E-1	-1,223829E-3	1,107786E-5
20220408 11:20:36,870	c_1_638_20220408_11_20_36,870.bmp	1,829726E+0	1,823404E-1	1,321881E-3	1,107786E-5
20220408 11:20:42,875	c_1_639_20220408_11_20_42,875.bmp	2,028270E+0	2,065268E-1	-3,769540E-3	-3,807953E-3
20220408 11:20:48,880	c_1_640_20220408_11_20_48,880.bmp	2,217905E+0	2,230755E-1	4,902598E-5	1,107786E-5
20220408 11:20:54,884	c_1_641_20220408_11_20_54,884.bmp	2,392267E+0	2,472620E-1	-2,496685E-3	-2,534943E-3
20220408 11:21:00,891	c_1_642_20220408_11_21_00,891.bmp	2,420267E+0	2,625376E-1	4,902598E-5	1,107786E-5
20220408 11:21:06,893	c_1_643_20220408_11_21_06,893.bmp	2,015543E+0	2,816322E-1	-3,769540E-3	1,107786E-5
20220408 11:21:12,896	c_1_644_20220408_11_21_12,896.bmp	1,895907E+0	3,045457E-1	-1,223829E-3	-1,261932E-3
20220408 11:21:18,900	c_1_645_20220408_11_21_18,900.bmp	1,722817E+0	3,210944E-1	-2,496685E-3	-1,261932E-3
20220408 11:21:24,904	c_1_646_20220408_11_21_24,904.bmp	1,595546E+0	3,401890E-1	2,594737E-3	2,557098E-3
20220408 11:21:30,910	c_1_647_20220408_11_21_30,910.bmp	1,543364E+0	3,618295E-1	4,902598E-5	-1,261932E-3
20220408 11:21:36,918	c_1_648_20220408_11_21_36,918.bmp	1,511546E+0	3,783781E-1	-1,223829E-3	2,557098E-3
20220408 11:21:42,922	c_1_649_20220408_11_21_42,922.bmp	1,489910E+0	4,063835E-1	-2,496685E-3	-3,807953E-3
20220408 11:21:48,926	c_1_650_20220408_11_21_48,926.bmp	1,455547E+0	4,242052E-1	2,594737E-3	1,107786E-5
20220408 11:21:54,927	c_1_651_20220408_11_21_54,927.bmp	1,435183E+0	4,420268E-1	4,902598E-5	1,107786E-5
20220408 11:22:00,931	c_1_652_20220408_11_22_00,931.bmp	1,259548E+0	4,649403E-1	-1,223829E-3	-3,807953E-3
20220408 11:22:06,939	c_1_653_20220408_11_22_06,939.bmp	1,174276E+0	4,827619E-1	4,902598E-5	1,107786E-5
20220408 11:22:12,945	c_1_654_20220408_11_22_12,945.bmp	1,101731E+0	5,031295E-1	-2,496685E-3	-1,261932E-3
20220408 11:22:18,948	c_1_655_20220408_11_22_18,948.bmp	1,100458E+0	5,209511E-1	2,594737E-3	2,557098E-3
20220408 11:22:24,953	c_1_656_20220408_11_22_24,953.bmp	1,132276E+0	5,451376E-1	-3,769540E-3	-3,807953E-3
20220408 11:22:30,954	c_1_657_20220408_11_22_30,954.bmp	1,166640E+0	5,655051E-1	-3,769540E-3	-3,807953E-3
20220408 11:22:36,959	c_1_658_20220408_11_22_36,959.bmp	1,190821E+0	5,833267E-1	1,321881E-3	-1,261932E-3
20220408 11:22:42,966	c_1_659_20220408_11_22_42,966.bmp	1,223912E+0	6,049673E-1	2,594737E-3	-1,261932E-3
20220408 11:22:48,977	c_1_660_20220408_11_22_48,977.bmp	1,259548E+0	6,215159E-1	-2,496685E-3	1,107786E-5
20220408 11:22:54,979	c_1_661_20220408_11_22_54,979.bmp	1,295184E+0	6,469754E-1	-3,769540E-3	-3,807953E-3
20220408 11:23:00,984	c_1_662_20220408_11_23_00,984.bmp	1,328275E+0	6,647970E-1	4,902598E-5	-1,261932E-3
20220408 11:23:06,986	c_1_663_20220408_11_23_06,986.bmp	1,357547E+0	6,851645E-1	-1,223829E-3	-2,534943E-3
20220408 11:23:12,994	c_1_664_20220408_11_23_12,994.bmp	1,386820E+0	7,029862E-1	1,321881E-3	-1,261932E-3
20220408 11:23:19,001	c_1_665_20220408_11_23_19,001.bmp	1,416092E+0	7,220808E-1	3,867592E-3	1,107786E-5
20220408 11:23:25,006	c_1_666_20220408_11_23_25,006.bmp	1,447910E+0	7,437213E-1	2,594737E-3	-1,261932E-3
20220408 11:23:31,011	c_1_667_20220408_11_23_31,011.bmp	1,473365E+0	7,602699E-1	2,594737E-3	3,830109E-3
20220408 11:23:37,013	c_1_668_20220408_11_23_37,013.bmp	1,501364E+0	7,793645E-1	-1,223829E-3	3,830109E-3
20220408 11:23:43,028	c_1_669_20220408_11_23_43,028.bmp	1,520455E+0	7,997321E-1	1,321881E-3	2,557098E-3
20220408 11:23:49,035	c_1_670_20220408_11_23_49,035.bmp	1,547182E+0	8,226456E-1	4,902598E-5	1,107786E-5
20220408 11:23:55,040	c_1_671_20220408_11_23_55,040.bmp	1,561182E+0	8,430131E-1	-1,223829E-3	1,107786E-5
20220408 11:24:01,044	c_1_672_20220408_11_24_01,044.bmp	1,572637E+0	8,633807E-1	2,594737E-3	-1,261932E-3
20220408 11:24:07,053	c_1_673_20220408_11_24_07,053.bmp	1,579000E+0	8,837483E-1	4,902598E-5	1,107786E-5
20220408 11:24:13,059	c_1_674_20220408_11_24_13,059.bmp	1,568819E+0	9,002969E-1	1,321881E-3	1,284088E-3
20220408 11:24:19,061	c_1_675_20220408_11_24_19,061.bmp	1,501364E+0	9,270293E-1	-3,769540E-3	-3,807953E-3
20220408 11:24:25,064	c_1_676_20220408_11_24_25,064.bmp	1,344820E+0	9,410320E-1	1,321881E-3	1,284088E-3
20220408 11:24:31,069	c_1_677_20220408_11_24_31,069.bmp	1,221367E+0	9,601266E-1	3,867592E-3	2,557098E-3
20220408 11:24:37,073	c_1_678_20220408_11_24_37,073.bmp	1,218821E+0	9,817672E-1	-3,769540E-3	1,107786E-5
20220408 11:24:43,082	c_1_679_20220408_11_24_43,082.bmp	1,221367E+0	1,004681E+0	-3,769540E-3	-3,807953E-3
20220408 11:24:49,089	c_1_680_20220408_11_24_49,089.bmp	1,213730E+0	1,018683E+0	2,594737E-3	2,557098E-3
20220408 11:24:55,090	c_1_681_20220408_11_24_55,090.bmp	1,208639E+0	1,042870E+0	1,321881E-3	1,107786E-5
20220408 11:25:01,092	c_1_682_20220408_11_25_01,092.bmp	1,180640E+0	1,059418E+0	2,594737E-3	2,557098E-3
20220408 11:25:07,097	c_1_683_20220408_11_25_07,097.bmp	1,183185E+0	1,083605E+0	-5,042396E-3	1,107786E-5
20220408 11:25:13,101	c_1_684_20220408_11_25_13,101.bmp	1,169185E+0	1,100154E+0	1,321881E-3	3,830109E-3
20220408 11:25:19,102	c_1_685_20220408_11_25_19,102.bmp	1,164094E+0	1,120521E+0	3,867592E-3	-1,261932E-3
20220408 11:25:25,109	c_1_686_20220408_11_25_25,109.bmp	1,156458E+0	1,144708E+0	4,902598E-5	1,107786E-5
20220408 11:25:31,110	c_1_687_20220408_11_25_31,110.bmp	1,119549E+0	1,163802E+0	-1,223829E-3	-3,807953E-3
20220408 11:25:37,119	c_1_688_20220408_11_25_37,119.bmp	1,114458E+0	1,185443E+0	2,594737E-3	1,107786E-5
20220408 11:25:43,120	c_1_689_20220408_11_25_43,120.bmp	1,109367E+0	1,203264E+0	1,321881E-3	1,107786E-5
20220408 11:25:49,121	c_1_690_20220408_11_25_49,121.bmp	1,101731E+0	1,223632E+0	4,902598E-5	-1,261932E-3
20220408 11:25:55,124	c_1_691_20220408_11_25_55,124.bmp	1,092822E+0	1,245272E+0	-3,769540E-3	-3,807953E-3
20220408 11:26:01,128	c_1_692_20220408_11_26_01,128.bmp	1,086458E+0	1,263094E+0	1,321881E-3	1,107786E-5
20220408 11:26:07,138	c_1_693_20220408_11_26_07,138.bmp	1,082640E+0	1,278370E+0	3,867592E-3	2,557098E-3
20220408 11:26:13,142	c_1_694_20220408_11_26_13,142.bmp	1,087731E+0	1,301283E+0	4,902598E-5	-1,261932E-3
20220408 11:26:19,145	c_1_695_20220408_11_26_19,145.bmp	1,090277E+0	1,320378E+0	-1,223829E-3	2,557098E-3
20220408 11:26:25,149	c_1_696_20220408_11_26_25,149.bmp	1,096640E+0	1,344564E+0	4,902598E-5	1,107786E-5
20220408 11:26:31,152	c_1_697_20220408_11_26_31,152.bmp	1,100458E+0	1,359840E+0	4,902598E-5	2,557098E-3
20220408 11:26:37,155	c_1_698_20220408_11_26_37,155.bmp	1,106822E+0	1,380208E+0	-1,223829E-3	2,557098E-3
20220408 11:26:43,166	c_1_699_20220408_11_26_43,166.bmp	1,108095E+0	1,404394E+0	1,321881E-3	-1,261932E-3
20220408 11:26:49,175	c_1_700_20220408_11_26_49,175.bmp	1,115731E+0	1,420943E+0	-1,223829E-3	2,557098E-3
20220408 11:26:55,182	c_1_701_20220408_11_26_55,182.bmp	1,111913E+0	1,442583E+0	-3,769540E-3	-3,807953E-3
20220408 11:27:01,183	c_1_702_20220408_11_27_01,183.bmp	1,096640E+0	1,466770E+0	4,902598E-5	-3,807953E-3
20220408 11:27:07,193	c_1_703_20220408_11_27_07,193.bmp	1,103004E+0	1,487137E+0	-3,769540E-3	-3,807953E-3
20220408 11:27:13,197	c_1_704_20220408_11_27_13,197.bmp	1,099186E+0	1,503686E+0	1,321881E-3	1,107786E-5
20220408 11:27:19,203	c_1_705_20220408_11_27_19,203.bmp	1,108095E+0	1,524053E+0	-1,223829E-3	1,107786E-5
20220408 11:27:25,207	c_1_706_20220408_11_27_25,207.bmp	1,110640E+0	1,543148E+0	-1,223829E-3	1,107786E-5
20220408 11:27:31,210	c_1_707_20220408_11_27_31,210.bmp	1,110640E+0	1,558424E+0	4,902598E-5	2,557098E-3
20220408 11:27:37,213	c_1_708_20220408_11_27_37,213.bmp	1,105549E+0	1,585156E+0	-3,769540E-3	-2,534943E-3
20220408 11:27:43,224	c_1_709_20220408_11_27_43,224.bmp	1,097913E+0	1,602978E+0	-2,496685E-3	1,284088E-3
20220408 11:27:49,231	c_1_710_20220408_11_27_49,231.bmp	1,104277E+0	1,625891E+0	4,902598E-5	-3,807953E-3
20220408 11:27:55,236	c_1_711_20220408_11_27_55,236.bmp	1,108095E+0	1,647532E+0	-1,223829E-3	-3,807953E-3
20220408 11:28:01,238	c_1_712_20220408_11_28_01,238.bmp	1,115731E+0	1,662807E+0	4,902598E-5	1,107786E-5
20220408 11:28:07,240	c_1_713_20220408_11_28_07,240.bmp	1,120822E+0	1,680629E+0	2,594737E-3	2,557098E-3
20220408 11:28:13,242	c_1_714_20220408_11_28_13,242.bmp	1,125913E+0	1,700997E+0	2,594737E-3	2,557098E-3
20220408 11:28:19,249	c_1_715_20220408_11_28_19,249.bmp	1,131004E+0	1,725183E+0	-2,496685E-3	-3,807953E-3
20220408 11:28:25,250	c_1_716_20220408_11_28_25,250.bmp	1,122095E+0	1,744278E+0	-1,223829E-3	1,107786E-5
20220408 11:28:31,252	c_1_717_20220408_11_28_31,252.bmp	1,113186E+0	1,760826E+0	2,594737E-3	2,557098E-3
20220408 11:28:37,253	c_1_718_20220408_11_28_37,253.bmp	1,105549E+0	1,779921E+0	1,321881E-3	2,557098E-3
20220408 11:28:43,255	c_1_719_20220408_11_28_43,255.bmp	1,099186E+0	1,804107E+0	4,902598E-5	3,830109E-3
20220408 11:28:49,261	c_1_720_20220408_11_28_49,261.bmp	1,068640E+0	1,823202E+0	-1,223829E-3	2,557098E-3
20220408 11:28:55,266	c_1_721_20220408_11_28_55,266.bmp	9,159143E-1	1,843570E+0	-2,496685E-3	1,107786E-5
20220408 11:29:01,278	c_1_722_20220408_11_29_01,278.bmp	8,955508E-1	1,866483E+0	-3,769540E-3	-3,807953E-3
20220408 11:29:07,284	c_1_723_20220408_11_29_07,284.bmp	8,917326E-1	1,881759E+0	2,594737E-3	2,557098E-3
20220408 11:29:13,288	c_1_724_20220408_11_29_13,288.bmp	8,917326E-1	1,899580E+0	2,594737E-3	3,830109E-3
20220408 11:29:19,289	c_1_725_20220408_11_29_19,289.bmp	8,942781E-1	1,927586E+0	-1,223829E-3	-3,807953E-3
20220408 11:29:25,290	c_1_726_20220408_11_29_25,290.bmp	8,968235E-1	1,940316E+0	4,902598E-5	1,284088E-3
20220408 11:29:31,294	c_1_727_20220408_11_29_31,294.bmp	9,031871E-1	1,965775E+0	-2,496685E-3	-3,807953E-3
20220408 11:29:37,304	c_1_728_20220408_11_29_37,304.bmp	9,019144E-1	1,979778E+0	3,867592E-3	2,557098E-3
20220408 11:29:43,311	c_1_729_20220408_11_29_43,311.bmp	9,031871E-1	2,003964E+0	4,902598E-5	-1,261932E-3
20220408 11:29:49,315	c_1_730_20220408_11_29_49,315.bmp	9,044598E-1	2,019240E+0	2,594737E-3	2,557098E-3
20220408 11:29:55,318	c_1_731_20220408_11_29_55,318.bmp	9,133688E-1	2,043426E+0	-3,769540E-3	-1,261932E-3
20220408 11:30:01,319	c_1_732_20220408_11_30_01,319.bmp	9,095507E-1	2,061248E+0	4,902598E-5	3,830109E-3
20220408 11:30:07,321	c_1_733_20220408_11_30_07,321.bmp	9,044598E-1	2,082888E+0	1,321881E-3	1,107786E-5
20220408 11:30:13,326	c_1_734_20220408_11_30_13,326.bmp	8,993689E-1	2,100710E+0	-1,223829E-3	2,557098E-3
20220408 11:30:19,331	c_1_735_20220408_11_30_19,331.bmp	8,930054E-1	2,123624E+0	4,902598E-5	1,107786E-5
20220408 11:30:25,338	c_1_736_20220408_11_30_25,338.bmp	8,866418E-1	2,142718E+0	3,867592E-3	-1,261932E-3
20220408 11:30:31,343	c_1_737_20220408_11_30_31,343.bmp	8,955508E-1	2,166905E+0	-3,769540E-3	-3,807953E-3
20220408 11:30:37,346	c_1_738_20220408_11_30_37,346.bmp	8,879145E-1	2,183453E+0	3,867592E-3	1,107786E-5
20220408 11:30:43,351	c_1_739_20220408_11_30_43,351.bmp	8,955508E-1	2,200002E+0	-1,223829E-3	3,830109E-3
20220408 11:30:49,358	c_1_740_20220408_11_30_49,358.bmp	8,942781E-1	2,224188E+0	1,321881E-3	-1,261932E-3
20220408 11:30:55,359	c_1_741_20220408_11_30_55,359.bmp	9,031871E-1	2,245829E+0	-5,042396E-3	-3,807953E-3
20220408 11:31:01,365	c_1_742_20220408_11_31_01,365.bmp	8,968235E-1	2,263651E+0	2,594737E-3	1,107786E-5
20220408 11:31:07,369	c_1_743_20220408_11_31_07,369.bmp	8,993689E-1	2,284018E+0	2,594737E-3	1,107786E-5
20220408 11:31:13,374	c_1_744_20220408_11_31_13,374.bmp	9,031871E-1	2,299294E+0	-1,223829E-3	2,557098E-3
20220408 11:31:19,378	c_1_745_20220408_11_31_19,378.bmp	9,082780E-1	2,324753E+0	-1,223829E-3	-3,807953E-3
20220408 11:31:25,388	c_1_746_20220408_11_31_25,388.bmp	9,095507E-1	2,343848E+0	-1,223829E-3	1,107786E-5
20220408 11:31:31,394	c_1_747_20220408_11_31_31,394.bmp	9,120961E-1	2,360396E+0	2,594737E-3	2,557098E-3
20220408 11:31:37,397	c_1_748_20220408_11_31_37,397.bmp	9,171870E-1	2,380764E+0	3,867592E-3	2,557098E-3
20220408 11:31:43,401	c_1_749_20220408_11_31_43,401.bmp	9,235506E-1	2,403678E+0	4,902598E-5	-1,261932E-3
20220408 11:31:49,402	c_1_750_20220408_11_31_49,402.bmp	9,299142E-1	2,420226E+0	3,867592E-3	2,557098E-3
20220408 11:31:55,406	c_1_751_20220408_11_31_55,406.bmp	9,413686E-1	2,446959E+0	-3,769540E-3	-3,807953E-3
20220408 11:32:01,418	c_1_752_20220408_11_32_01,418.bmp	9,388232E-1	2,463507E+0	-1,223829E-3	-1,261932E-3
20220408 11:32:07,419	c_1_753_20220408_11_32_07,419.bmp	9,477322E-1	2,486421E+0	-5,042396E-3	-3,807953E-3
20220408 11:32:13,425	c_1_754_20220408_11_32_13,425.bmp	9,439141E-1	2,501696E+0	1,321881E-3	-1,261932E-3
20220408 11:32:19,429	c_1_755_20220408_11_32_19,429.bmp	9,324596E-1	2,525883E+0	-1,223829E-3	-3,807953E-3
20220408 11:32:25,431	c_1_756_20220408_11_32_25,431.bmp	8,980962E-1	2,547523E+0	-1,223829E-3	-3,807953E-3
20220408 11:32:31,436	c_1_757_20220408_11_32_31,436.bmp	7,886425E-1	2,564072E+0	4,902598E-5	-1,261932E-3
20220408 11:32:37,444	c_1_758_20220408_11_32_37,444.bmp	7,720972E-1	2,581894E+0	1,321881E-3	1,107786E-5
20220408 11:32:43,450	c_1_759_20220408_11_32_43,450.bmp	7,670063E-1	2,602261E+0	1,321881E-3	1,107786E-5
20220408 11:32:49,453	c_1_760_20220408_11_32_49,453.bmp	7,670063E-1	2,621356E+0	3,867592E-3	2,557098E-3
20220408 11:32:55,458	c_1_761_20220408_11_32_55,458.bmp	7,619154E-1	2,644269E+0	3,867592E-3	1,107786E-5
20220408 11:33:01,459	c_1_762_20220408_11_33_01,459.bmp	7,644608E-1	2,663364E+0	-1,223829E-3	-1,261932E-3
20220408 11:33:07,462	c_1_763_20220408_11_33_07,462.bmp	7,619154E-1	2,686277E+0	-3,769540E-3	-2,534943E-3
20220408 11:33:13,473	c_1_764_20220408_11_33_13,473.bmp	7,466428E-1	2,700280E+0	3,867592E-3	2,557098E-3
20220408 11:33:19,481	c_1_765_20220408_11_33_19,481.bmp	7,453701E-1	2,725740E+0	-1,223829E-3	-5,080963E-3
20220408 11:33:25,482	c_1_766_20220408_11_33_25,482.bmp	7,402792E-1	2,739742E+0	4,902598E-5	3,830109E-3
20220408 11:33:31,486	c_1_767_20220408_11_33_31,486.bmp	7,390065E-1	2,758837E+0	4,902598E-5	2,557098E-3
20220408 11:33:37,490	c_1_768_20220408_11_33_37,490.bmp	7,377338E-1	2,779204E+0	1,321881E-3	1,107786E-5
20220408 11:33:43,499	c_1_769_20220408_11_33_43,499.bmp	7,288247E-1	2,803391E+0	-1,223829E-3	1,107786E-5
20220408 11:33:49,507	c_1_770_20220408_11_33_49,507.bmp	7,300975E-1	2,823759E+0	3,867592E-3	-1,261932E-3
20220408 11:33:55,508	c_1_771_20220408_11_33_55,508.bmp	7,415519E-1	2,846672E+0	-3,769540E-3	-3,807953E-3
20220408 11:34:01,512	c_1_772_20220408_11_34_01,512.bmp	7,351883E-1	2,863221E+0	2,594737E-3	1,107786E-5
20220408 11:34:07,516	c_1_773_20220408_11_34_07,516.bmp	7,440974E-1	2,886134E+0	-3,769540E-3	-3,807953E-3
20220408 11:34:13,520	c_1_774_20220408_11_34_13,520.bmp	7,364611E-1	2,901410E+0	4,902598E-5	1,284088E-3
20220408 11:34:19,528	c_1_775_20220408_11_34_19,528.bmp	7,402792E-1	2,924323E+0	-1,223829E-3	1,107786E-5
20220408 11:34:25,533	c_1_776_20220408_11_34_25,533.bmp	7,377338E-1	2,943418E+0	4,902598E-5	-1,261932E-3
20220408 11:34:31,536	c_1_777_20220408_11_34_31,536.bmp	7,504610E-1	2,963785E+0	-3,769540E-3	-1,261932E-3
20220408 11:34:37,537	c_1_778_20220408_11_34_37,537.bmp	7,466428E-1	2,980334E+0	1,321881E-3	1,107786E-5
20220408 11:34:43,542	c_1_779_20220408_11_34_43,542.bmp	7,491882E-1	3,004521E+0	-1,223829E-3	1,107786E-5
20220408 11:34:49,543	c_1_780_20220408_11_34_49,543.bmp	7,530064E-1	3,018523E+0	-2,496685E-3	3,830109E-3
20220408 11:34:55,544	c_1_781_20220408_11_34_55,544.bmp	7,491882E-1	3,043983E+0	4,902598E-5	1,107786E-5
20220408 11:35:01,547	c_1_782_20220408_11_35_01,547.bmp	7,453701E-1	3,065623E+0	-3,769540E-3	-3,807953E-3
20220408 11:35:07,553	c_1_783_20220408_11_35_07,553.bmp	7,313702E-1	3,079626E+0	3,867592E-3	2,557098E-3
20220408 11:35:13,564	c_1_784_20220408_11_35_13,564.bmp	7,339156E-1	3,106358E+0	4,902598E-5	-3,807953E-3
20220408 11:35:19,568	c_1_785_20220408_11_35_19,568.bmp	7,262793E-1	3,125453E+0	4,902598E-5	-2,534943E-3
20220408 11:35:25,569	c_1_786_20220408_11_35_25,569.bmp	7,224612E-1	3,139456E+0	2,594737E-3	2,557098E-3
20220408 11:35:31,571	c_1_787_20220408_11_35_31,571.bmp	7,237339E-1	3,163642E+0	-1,223829E-3	1,107786E-5
20220408 11:35:37,572	c_1_788_20220408_11_35_37,572.bmp	7,122794E-1	3,182737E+0	1,321881E-3	1,107786E-5
20220408 11:35:43,583	c_1_789_20220408_11_35_43,583.bmp	6,804615E-1	3,204377E+0	4,902598E-5	-3,807953E-3
20220408 11:35:49,589	c_1_790_20220408_11_35_49,589.bmp	6,664616E-1	3,223472E+0	1,321881E-3	1,107786E-5
20220408 11:35:55,592	c_1_791_20220408_11_35_55,592.bmp	6,422799E-1	3,242566E+0	4,902598E-5	1,107786E-5
20220408 11:36:01,593	c_1_792_20220408_11_36_01,593.bmp	6,320982E-1	3,262934E+0	4,902598E-5	-1,261932E-3
20220408 11:36:07,595	c_1_793_20220408_11_36_07,595.bmp	6,333709E-1	3,280756E+0	3,867592E-3	2,557098E-3
20220408 11:36:13,600	c_1_794_20220408_11_36_13,600.bmp	6,410072E-1	3,302396E+0	4,902598E-5	1,107786E-5
20220408 11:36:19,603	c_1_795_20220408_11_36_19,603.bmp	6,435526E-1	3,320218E+0	4,902598E-5	2,557098E-3
20220408 11:36:25,609	c_1_796_20220408_11_36_25,609.bmp	6,410072E-1	3,339312E+0	3,867592E-3	2,557098E-3
20220408 11:36:31,619	c_1_797_20220408_11_36_31,619.bmp	6,435526E-1	3,367318E+0	4,902598E-5	-3,807953E-3
20220408 11:36:37,625	c_1_798_20220408_11_36_37,625.bmp	6,499162E-1	3,386412E+0	-2,496685E-3	-3,807953E-3
20220408 11:36:43,629	c_1_799_20220408_11_36_43,629.bmp	6,473708E-1	3,404234E+0	4,902598E-5	-1,261932E-3
20220408 11:36:49,630	c_1_800_20220408_11_36_49,630.bmp	6,435526E-1	3,420783E+0	2,594737E-3	2,557098E-3
20220408 11:36:55,636	c_1_801_20220408_11_36_55,636.bmp	6,473708E-1	3,442423E+0	-1,223829E-3	-1,261932E-3
20220408 11:37:01,641	c_1_802_20220408_11_37_01,641.bmp	6,410072E-1	3,462791E+0	4,902598E-5	-1,261932E-3
20220408 11:37:07,643	c_1_803_20220408_11_37_07,643.bmp	6,435526E-1	3,480612E+0	3,867592E-3	2,557098E-3
20220408 11:37:13,647	c_1_804_20220408_11_37_13,647.bmp	6,435526E-1	3,503526E+0	-1,223829E-3	1,107786E-5
20220408 11:37:19,651	c_1_805_20220408_11_37_19,651.bmp	6,422799E-1	3,518802E+0	1,321881E-3	3,830109E-3
20220408 11:37:25,656	c_1_806_20220408_11_37_25,656.bmp	6,435526E-1	3,540442E+0	1,321881E-3	2,557098E-3
20220408 11:37:31,658	c_1_807_20220408_11_37_31,658.bmp	6,435526E-1	3,565902E+0	-3,769540E-3	-5,080963E-3
20220408 11:37:37,668	c_1_808_20220408_11_37_37,668.bmp	6,295528E-1	3,583723E+0	1,321881E-3	-3,807953E-3
20220408 11:37:43,675	c_1_809_20220408_11_37_43,675.bmp	6,231892E-1	3,600272E+0	2,594737E-3	2,557098E-3
20220408 11:37:49,676	c_1_810_20220408_11_37_49,676.bmp	6,155529E-1	3,621912E+0	-2,496685E-3	1,107786E-5
20220408 11:37:55,679	c_1_811_20220408_11_37_55,679.bmp	6,142801E-1	3,646099E+0	-5,042396E-3	-3,807953E-3
20220408 11:38:01,681	c_1_812_20220408_11_38_01,681.bmp	6,117347E-1	3,660102E+0	4,902598E-5	2,557098E-3
20220408 11:38:07,685	c_1_813_20220408_11_38_07,685.bmp	6,193710E-1	3,686834E+0	-3,769540E-3	-3,807953E-3
20220408 11:38:13,692	c_1_814_20220408_11_38_13,692.bmp	6,168256E-1	3,704656E+0	5,140448E-3	-1,261932E-3
20220408 11:38:19,698	c_1_815_20220408_11_38_19,698.bmp	6,206437E-1	3,719931E+0	3,867592E-3	3,830109E-3
20220408 11:38:25,699	c_1_816_20220408_11_38_25,699.bmp	6,206437E-1	3,737753E+0	2,594737E-3	2,557098E-3
20220408 11:38:31,703	c_1_817_20220408_11_38_31,703.bmp	6,257346E-1	3,759393E+0	4,902598E-5	2,557098E-3
20220408 11:38:37,707	c_1_818_20220408_11_38_37,707.bmp	6,282800E-1	3,783580E+0	4,902598E-5	-1,261932E-3
20220408 11:38:43,710	c_1_819_20220408_11_38_43,710.bmp	6,333709E-1	3,805220E+0	1,321881E-3	-1,261932E-3
20220408 11:38:49,713	c_1_820_20220408_11_38_49,713.bmp	6,346436E-1	3,823042E+0	-1,223829E-3	-2,534943E-3
20220408 11:38:55,720	c_1_821_20220408_11_38_55,720.bmp	6,384618E-1	3,840864E+0	-2,496685E-3	3,830109E-3
20220408 11:39:01,722	c_1_822_20220408_11_39_01,722.bmp	6,448254E-1	3,863777E+0	4,902598E-5	1,107786E-5
20220408 11:39:07,727	c_1_823_20220408_11_39_07,727.bmp	6,397345E-1	3,882872E+0	2,594737E-3	-1,261932E-3
20220408 11:39:13,732	c_1_824_20220408_11_39_13,732.bmp	6,486435E-1	3,907058E+0	4,902598E-5	-5,080963E-3
20220408 11:39:19,734	c_1_825_20220408_11_39_19,734.bmp	6,537344E-1	3,926153E+0	-1,223829E-3	-3,807953E-3
20220408 11:39:25,736	c_1_826_20220408_11_39_25,736.bmp	6,613707E-1	3,946520E+0	-2,496685E-3	-3,807953E-3
20220408 11:39:31,739	c_1_827_20220408_11_39_31,739.bmp	6,588253E-1	3,964342E+0	-1,223829E-3	-1,261932E-3
20220408 11:39:37,739	c_1_828_20220408_11_39_37,739.bmp	6,677343E-1	3,985982E+0	1,321881E-3	-1,261932E-3
20220408 11:39:43,745	c_1_829_20220408_11_39_43,745.bmp	6,690070E-1	4,008896E+0	-1,223829E-3	-3,807953E-3
20220408 11:39:49,753	c_1_830_20220408_11_39_49,753.bmp	6,728252E-1	4,022899E+0	4,902598E-5	1,107786E-5
20220408 11:39:55,755	c_1_831_20220408_11_39_55,755.bmp	6,753706E-1	4,043266E+0	-1,223829E-3	-1,261932E-3
20220408 11:40:01,760	c_1_832_20220408_11_40_01,760.bmp	6,766433E-1	4,064907E+0	4,902598E-5	1,107786E-5
20220408 11:40:07,764	c_1_833_20220408_11_40_07,764.bmp	6,830069E-1	4,082728E+0	4,902598E-5	-1,261932E-3
20220408 11:40:13,766	c_1_834_20220408_11_40_13,766.bmp	6,893705E-1	4,105642E+0	-3,769540E-3	1,107786E-5
20220408 11:40:19,774	c_1_835_20220408_11_40_19,774.bmp	6,893705E-1	4,119645E+0	-1,223829E-3	3,830109E-3
20220408 11:40:25,779	c_1_836_20220408_11_40_25,779.bmp	6,931886E-1	4,140012E+0	-1,223829E-3	1,284088E-3
20220408 11:40:31,784	c_1_837_20220408_11_40_31,784.bmp	6,957341E-1	4,164199E+0	-1,223829E-3	1,107786E-5
20220408 11:40:37,785	c_1_838_20220408_11_40_37,785.bmp	7,033704E-1	4,180747E+0	-3,769540E-3	-3,807953E-3
20220408 11:40:43,787	c_1_839_20220408_11_40_43,787.bmp	7,020977E-1	4,203661E+0	4,902598E-5	1,284088E-3
20220408 11:40:49,791	c_1_840_20220408_11_40_49,791.bmp	7,059158E-1	4,222755E+0	4,902598E-5	-3,807953E-3
20220408 11:40:55,794	c_1_841_20220408_11_40_55,794.bmp	7,071885E-1	4,239304E+0	2,594737E-3	2,557098E-3
20220408 11:41:01,800	c_1_842_20220408_11_41_01,800.bmp	7,186430E-1	4,263491E+0	-3,769540E-3	1,107786E-5
20220408 11:41:07,810	c_1_843_20220408_11_41_07,810.bmp	7,160976E-1	4,282585E+0	4,902598E-5	1,107786E-5
20220408 11:41:13,814	c_1_844_20220408_11_41_13,814.bmp	7,250066E-1	4,305499E+0	-3,769540E-3	-3,807953E-3
20220408 11:41:19,817	c_1_845_20220408_11_41_19,817.bmp	7,262793E-1	4,325866E+0	-3,769540E-3	-1,261932E-3
20220408 11:41:25,818	c_1_846_20220408_11_41_25,818.bmp	7,300975E-1	4,344961E+0	-2,496685E-3	-3,807953E-3
20220408 11:41:31,819	c_1_847_20220408_11_41_31,819.bmp	7,300975E-1	4,366601E+0	-1,223829E-3	-3,807953E-3
20220408 11:41:37,826	c_1_848_20220408_11_41_37,826.bmp	7,351883E-1	4,383150E+0	-1,223829E-3	-1,261932E-3
20220408 11:41:43,828	c_1_849_20220408_11_41_43,828.bmp	7,390065E-1	4,403518E+0	4,902598E-5	-1,261932E-3
20220408 11:41:49,834	c_1_850_20220408_11_41_49,834.bmp	7,415519E-1	4,420066E+0	1,321881E-3	2,557098E-3
20220408 11:41:55,840	c_1_851_20220408_11_41_55,840.bmp	7,453701E-1	4,442980E+0	-3,769540E-3	1,107786E-5
20220408 11:42:01,842	c_1_852_20220408_11_42_01,842.bmp	7,466428E-1	4,465893E+0	-1,223829E-3	-3,807953E-3
20220408 11:42:07,844	c_1_853_20220408_11_42_07,844.bmp	7,491882E-1	4,483715E+0	4,902598E-5	-1,261932E-3
20220408 11:42:13,845	c_1_854_20220408_11_42_13,845.bmp	7,542791E-1	4,504082E+0	4,902598E-5	1,107786E-5
20220408 11:42:19,847	c_1_855_20220408_11_42_19,847.bmp	7,580973E-1	4,525723E+0	-3,769540E-3	-3,807953E-3
20220408 11:42:25,854	c_1_856_20220408_11_42_25,854.bmp	7,568245E-1	4,542272E+0	-1,223829E-3	-3,807953E-3
20220408 11:42:31,856	c_1_857_20220408_11_42_31,856.bmp	7,606427E-1	4,567731E+0	-3,769540E-3	-3,807953E-3
20220408 11:42:37,863	c_1_858_20220408_11_42_37,863.bmp	7,593700E-1	4,580461E+0	4,902598E-5	2,557098E-3
20220408 11:42:43,866	c_1_859_20220408_11_42_43,866.bmp	7,593700E-1	4,600828E+0	3,867592E-3	3,830109E-3
20220408 11:42:49,871	c_1_860_20220408_11_42_49,871.bmp	7,568245E-1	4,626288E+0	-2,496685E-3	-3,807953E-3
20220408 11:42:55,872	c_1_861_20220408_11_42_55,872.bmp	7,530064E-1	4,640290E+0	1,321881E-3	2,557098E-3
20220408 11:43:01,873	c_1_862_20220408_11_43_01,873.bmp	7,479155E-1	4,659385E+0	2,594737E-3	2,557098E-3
20220408 11:43:07,880	c_1_863_20220408_11_43_07,880.bmp	7,440974E-1	4,683571E+0	-1,223829E-3	1,107786E-5
20220408 11:43:13,887	c_1_864_20220408_11_43_13,887.bmp	7,326429E-1	4,705212E+0	4,902598E-5	-3,807953E-3
20220408 11:43:19,891	c_1_865_20220408_11_43_19,891.bmp	7,173703E-1	4,720488E+0	-1,223829E-3	1,107786E-5
20220408 11:43:25,896	c_1_866_20220408_11_43_25,896.bmp	6,486435E-1	4,748493E+0	4,902598E-5	-3,807953E-3
20220408 11:43:31,901	c_1_867_20220408_11_43_31,901.bmp	6,422799E-1	4,762496E+0	-2,496685E-3	1,107786E-5
20220408 11:43:37,914	c_1_868_20220408_11_43_37,914.bmp	6,333709E-1	4,781590E+0	2,594737E-3	2,557098E-3
20220408 11:43:43,920	c_1_869_20220408_11_43_43,920.bmp	6,130074E-1	4,803231E+0	-1,223829E-3	1,107786E-5
20220408 11:43:49,922	c_1_870_20220408_11_43_49,922.bmp	5,468261E-1	4,827417E+0	-3,769540E-3	-3,807953E-3
20220408 11:43:55,924	c_1_871_20220408_11_43_55,924.bmp	5,277353E-1	4,846512E+0	-2,496685E-3	-3,807953E-3
20220408 11:44:01,927	c_1_872_20220408_11_44_01,927.bmp	5,264626E-1	4,864334E+0	-5,042396E-3	-3,807953E-3
20220408 11:44:07,929	c_1_873_20220408_11_44_07,929.bmp	5,226445E-1	4,883428E+0	4,902598E-5	-1,261932E-3
20220408 11:44:13,932	c_1_874_20220408_11_44_13,932.bmp	5,239172E-1	4,907615E+0	-3,769540E-3	-3,807953E-3
20220408 11:44:19,938	c_1_875_20220408_11_44_19,938.bmp	5,200990E-1	4,924163E+0	1,321881E-3	1,107786E-5
20220408 11:44:25,942	c_1_876_20220408_11_44_25,942.bmp	5,188263E-1	4,943258E+0	1,321881E-3	3,830109E-3
20220408 11:44:31,944	c_1_877_20220408_11_44_31,944.bmp	5,188263E-1	4,952169E+0	4,902598E-5	1,107786E-5
