1.022341603568858700e-03
3.911384489527190006e-03
1.087030281567085907e-02
1.975260548556803664e-02
3.011958176033050633e-02
4.638909126859019211e-02
6.342224809700429400e-02
7.834519225497396655e-02
1.024109584896044922e-01
1.278119316231846603e-01
1.538581325606356021e-01
1.801381743047044681e-01
2.085281360742614332e-01
2.365157291806832263e-01
2.730731800532671394e-01
3.007678506190702983e-01
3.283810318682470197e-01
3.603671617649691905e-01
3.852662019303070839e-01
4.188132243761189533e-01
4.528241752602274461e-01
4.820025482308998299e-01
5.161881400662814423e-01
5.528521736702324274e-01
5.846690296693556332e-01
6.098727586890810848e-01
6.368048810793635051e-01
6.772466615170458226e-01
7.179737974120158350e-01
7.587126942665064488e-01
7.887077139603793086e-01
8.260724697660045690e-01
8.672140094125698750e-01
9.054759457832529668e-01
9.452415919854921800e-01
9.866872383003754132e-01
1.021781890825815164e+00
1.049246479090225614e+00
1.080728694098323839e+00
1.095245633042669198e+00
1.102701147973550677e+00
1.112316607071178298e+00
1.026263566510551062e+00
5.903479996205409641e-01
5.989997248404524965e-01
6.251624630562516716e-01
6.419477935158010018e-01
6.686157751870208665e-01
6.794619925782311443e-01
7.016043388588187879e-01
7.214388091575331119e-01
7.414352974330413737e-01
7.554014312068406678e-01
7.747920197536649622e-01
7.915575034712628577e-01
8.121693375511882529e-01
8.218692120615470609e-01
8.472618971802294841e-01
8.559904796152942863e-01
8.664043284711668846e-01
8.902674286431334627e-01
9.028050968178876756e-01
9.299131987396233034e-01
9.514165758824206787e-01
9.770218063165726496e-01
1.003780112167472982e+00
1.019745960856269340e+00
1.040350204706331327e+00
1.068475971056415341e+00
1.096695489549964986e+00
1.125574403203359886e+00
1.147217251497519408e+00
1.166799180177793938e+00
1.196185270565689907e+00
1.221505551327793704e+00
1.242629710453255987e+00
1.270444585456058428e+00
1.284621386995800307e+00
1.316233826461610912e+00
1.333246032982690954e+00
1.342029263142269446e+00
1.360085281073174057e+00
1.365698612744412177e+00
1.377402993059497760e+00
1.362891396101347796e+00
1.313281263514268771e+00
1.283254789248973404e+00
1.292914385378214570e+00
1.317777597443081872e+00
1.327680780124948390e+00
1.351386112941544315e+00
1.378272302753549283e+00
1.399753085583581136e+00
1.417475821216139131e+00
1.451592645815231952e+00
1.476751549653609219e+00
1.493144449898733406e+00
1.520306381967386544e+00
1.542418443034450748e+00
1.556719011939579067e+00
1.561335958473794472e+00
1.579819234504248326e+00
1.602649933745180277e+00
1.612897675460145619e+00
1.632906875346706643e+00
1.650024582815499574e+00
1.671065259733969022e+00
1.683249483059976681e+00
1.705393628950317986e+00
1.724590076332774391e+00
1.738775237858484202e+00
1.750979145153400474e+00
1.771171706068648266e+00
1.771641282058599387e+00
1.767730944584063657e+00
1.752739846739675755e+00
1.743992850818520290e+00
1.745631499100930073e+00
1.736583399967565278e+00
1.698208635104082154e+00
1.655233917045266345e+00
1.633380147234282820e+00
2.037662337439136273e+00
1.492715222377456907e+00
1.406357643882025776e+00
1.411380056521556181e+00
1.425206675865114736e+00
1.433072330727724664e+00
1.444923737759608029e+00
1.459921610577843865e+00
1.462182211787832919e+00
1.464969239185212935e+00
1.461531681123536819e+00
1.458949606365456120e+00
1.459752275147315537e+00
1.475900542801841020e+00
1.480249569820332844e+00
1.475843637217763238e+00
1.321844760079087910e+00
1.317229013913997937e+00
1.334219757682972407e+00
1.345606366695968115e+00
1.365211046638603820e+00
1.381974696519494117e+00
1.400586061399984983e+00
1.424787831199202381e+00
1.436466973976462613e+00
1.458426958314347877e+00
1.481884343865348397e+00
1.502411573177132365e+00
1.522327077351420366e+00
1.547330209773318810e+00
1.568253945501832058e+00
1.579972681724071792e+00
1.606611481790851670e+00
1.630434615630980355e+00
1.644812222323850825e+00
1.667053129362617625e+00
1.669607090404012339e+00
1.691368187665504230e+00
1.705979202205613943e+00
1.717655708889382682e+00
1.735032219750663574e+00
1.753815867767018366e+00
1.764170729689108486e+00
1.772975470304915646e+00
1.790658963536243098e+00
1.800216237879481262e+00
1.790579106068970638e+00
1.767134212464547716e+00
1.735696198708733151e+00
1.703010762850327042e+00
1.709723573555028020e+00
1.716485573775321072e+00
1.738783473323092466e+00
1.748903022829643161e+00
1.768837606365333048e+00
1.782946945862166954e+00
1.811761084807049782e+00
1.831373284482238795e+00
1.850430967072114408e+00
1.862700537475186158e+00
1.887331459729001626e+00
1.895654444714419684e+00
1.915672263912567397e+00
1.938539290500042478e+00
1.968589726755221037e+00
1.987609860813887019e+00
2.017221573185582262e+00
2.030832316331975917e+00
2.061767620818113933e+00
2.073703656831859643e+00
2.095439477205891521e+00
2.126831251342106821e+00
2.150331718637832346e+00
2.180548554233800118e+00
2.209542277198823346e+00
2.237281507258376934e+00
2.256267590854987848e+00
2.270069816949584762e+00
2.292168816976722034e+00
2.231083069206574176e+00
2.176122654094693409e+00
2.071384818011949402e+00
1.491977388144301253e+00
1.469144214877308618e+00
1.454475428492342459e+00
1.457264441814373424e+00
1.456170163534886486e+00
1.464476573761264167e+00
1.484137156616631481e+00
1.504267073483023243e+00
1.507937654660897353e+00
1.517246454615397200e+00
1.512943110804836566e+00
1.461413471664484875e+00
1.405982588158384505e+00
1.358434235679115920e+00
1.319356840523552954e+00
1.310817349904647156e+00
1.292156921186180529e+00
1.284925224642274211e+00
1.243400608357960069e+00
1.257005813025712015e+00
1.254041660276263848e+00
1.262422147148983598e+00
1.263253621207548472e+00
1.277302943041622507e+00
1.288391868536444607e+00
1.302906227458982436e+00
1.307637105283671497e+00
1.323827997362891917e+00
1.326618808062234978e+00
1.345964412086441353e+00
1.361216436382749695e+00
1.369473634240256699e+00
1.383574009952370787e+00
1.395362282379476015e+00
1.412686928448174895e+00
1.426571663877428842e+00
1.429435179340190487e+00
1.450560697234999141e+00
1.461022277280691339e+00
1.487024721670323846e+00
1.489164940323370212e+00
1.507759252980273246e+00
1.528787830729972486e+00
1.538645780277347441e+00
1.548065008882606231e+00
1.558694116273217967e+00
1.572669464210631807e+00
1.600220662514020287e+00
1.611035286469767236e+00
1.635075819043386502e+00
1.657139901835269269e+00
1.683018615803060003e+00
1.709029527533798998e+00
1.745551020677966303e+00
1.774353963620635133e+00
1.804939880290360898e+00
1.824215199858562286e+00
1.853680085567395386e+00
1.887160052662362197e+00
1.914773218751691264e+00
1.947595000476531446e+00
1.976372913310039614e+00
2.000614169716734558e+00
2.019016298192026326e+00
2.052284093033280410e+00
2.080506159594088356e+00
2.117496225909694996e+00
2.150665867333429571e+00
2.185024566440111116e+00
2.211050924168755483e+00
2.231461578915040711e+00
2.263996465653354662e+00
2.299299324456645532e+00
2.309385908798438969e+00
2.332710934280507686e+00
2.357711864128026136e+00
2.389694461513069523e+00
2.405256892850903050e+00
2.417689731147458332e+00
2.454803501449393188e+00
2.469954084172464981e+00
2.498023115791061066e+00
2.518183599642080495e+00
2.558457752231889426e+00
2.577649865697839271e+00
2.599607322152330813e+00
2.627066442389167200e+00
2.639812454557202592e+00
2.675773799318833746e+00
2.700147302027572138e+00
2.652710862338068853e+00
2.568006426494033878e+00
2.532582070065683144e+00
2.523557041984600513e+00
2.504730050156671606e+00
2.456050847761381384e+00
2.374249151631150134e+00
1.302720990095412201e+00
1.235117241836612090e+00
1.214023386243264335e+00
1.211157587570069083e+00
1.184824174213127579e+00
1.171286568652863291e+00
1.174933156479905261e+00
1.187098438970950909e+00
1.197353012334481326e+00
1.219248746488691415e+00
1.231615177199671063e+00
1.241511344255923799e+00
1.251426066921528024e+00
1.286501702782334000e+00
1.298379687356978840e+00
1.310570523934218246e+00
1.321754677157376712e+00
1.347023992558090910e+00
1.363805866784865817e+00
1.378323412861911068e+00
1.403100138804728392e+00
1.430248785086049468e+00
1.447664917595578027e+00
1.469872642305643629e+00
1.482151028204564014e+00
1.506288518579376623e+00
1.522852445303701341e+00
1.541563589696781644e+00
1.562752444195656398e+00
1.586435878484181661e+00
1.596725357159138214e+00
1.619979697350738768e+00
1.630374724470706971e+00
1.659568727602388494e+00
1.674918930569038400e+00
1.714515055000372046e+00
1.717754627500588160e+00
1.750508897329966951e+00
1.778898143575917024e+00
1.788444075996764804e+00
1.818075948022816801e+00
1.839223929005607161e+00
1.869885764224346492e+00
1.883501666787755324e+00
1.914055461436042549e+00
1.945105840467021618e+00
1.967810667382156264e+00
1.988137549829786854e+00
2.014618187475903266e+00
2.051549583383181385e+00
2.077565895034514831e+00
2.102939537818314886e+00
2.118629275110173182e+00
2.155538796220310971e+00
2.162688068719149204e+00
2.189210142311883711e+00
2.224584468353851818e+00
2.265563294103643432e+00
2.284116025939940897e+00
2.333349908490535363e+00
2.340040852277809336e+00
2.385888047369700171e+00
2.411245940437217516e+00
2.429907088047645214e+00
2.464767138599671448e+00
2.482730553546192986e+00
2.496034270593151305e+00
2.536796108771644853e+00
2.560092188253842327e+00
2.582223658338038241e+00
2.604326982339378205e+00
2.622688084258022023e+00
2.656245669080191441e+00
2.690389421027936656e+00
2.716912779321936977e+00
2.730687060513588005e+00
2.737624665276603864e+00
2.753757285483813266e+00
2.649579303323200907e+00
2.553268771835219386e+00
2.468716703131707213e+00
1.587905101190198121e+00
1.567212515972932430e+00
1.569704283329777406e+00
1.585994340480406661e+00
1.597739340010507103e+00
1.611543428979169912e+00
1.619989660384203001e+00
1.643686137172635897e+00
1.655695733737150066e+00
1.666248413289940666e+00
1.669225763379229344e+00
1.691270581017388919e+00
1.701384515852546242e+00
1.716453342004170102e+00
1.726915861432168020e+00
1.745803976284618031e+00
1.774310305675706578e+00
1.784370854503773529e+00
1.788984664168457916e+00
