20220917 09:46:12,815	c_0_2570_20220917_09_46_12,815.bmp	6,605937E-2	1,676266E-2	7,518835E-3	1,221673E-2	-6,786918E-3	-1,056144E-2	1,387954E+0	1,396136E+0
20220917 09:46:18,817	c_0_2571_20220917_09_46_18,817.bmp	1,322244E-1	3,204057E-2	1,006456E-2	1,349272E-2	-1,441926E-2	-1,821066E-2	1,395599E+0	1,393578E+0
20220917 09:46:24,823	c_0_2572_20220917_09_46_24,823.bmp	2,047514E-1	5,750374E-2	4,973106E-3	9,664739E-3	8,454256E-4	-1,056144E-2	1,390502E+0	1,380789E+0
20220917 09:46:30,826	c_0_2573_20220917_09_46_30,826.bmp	2,747335E-1	7,787429E-2	6,245971E-3	1,094073E-2	-6,786918E-3	-3,624835E-4	1,390502E+0	1,388463E+0
20220917 09:46:36,828	c_0_2574_20220917_09_46_36,828.bmp	3,408985E-1	9,569851E-2	6,245971E-3	1,094073E-2	-1,696338E-2	-5,461963E-3	1,390502E+0	1,388463E+0
20220917 09:46:42,873	c_0_2575_20220917_09_46_42,873.bmp	4,146979E-1	1,211617E-1	4,973106E-3	8,388745E-3	-6,786918E-3	7,286736E-3	1,382857E+0	1,383347E+0
20220917 09:46:48,874	c_0_2576_20220917_09_46_48,874.bmp	4,897697E-1	1,402591E-1	2,427377E-3	7,112750E-3	-4,242803E-3	-2,912223E-3	1,385405E+0	1,383347E+0
20220917 09:46:54,876	c_0_2577_20220917_09_46_54,876.bmp	5,546623E-1	1,529907E-1	1,006456E-2	1,094073E-2	-2,459572E-2	-5,461963E-3	1,395599E+0	1,388463E+0
20220917 09:47:00,880	c_0_2578_20220917_09_47_00,880.bmp	6,284617E-1	1,771807E-1	7,518835E-3	1,349272E-2	-9,331032E-3	-1,821066E-2	1,390502E+0	1,396136E+0
20220917 09:47:06,880	c_0_2579_20220917_09_47_06,880.bmp	6,971715E-1	2,000975E-1	7,518835E-3	5,836756E-3	-4,242803E-3	-3,624835E-4	1,382857E+0	1,388463E+0
20220917 09:47:12,884	c_0_2580_20220917_09_47_12,884.bmp	7,646089E-1	2,204681E-1	3,700242E-3	8,388745E-3	8,454256E-4	-5,461963E-3	1,382857E+0	1,383347E+0
20220917 09:47:18,888	c_0_2581_20220917_09_47_18,888.bmp	8,358635E-1	2,370192E-1	3,700242E-3	1,094073E-2	-4,242803E-3	-3,350910E-2	1,387954E+0	1,396136E+0
20220917 09:47:24,890	c_0_2582_20220917_09_47_24,890.bmp	8,943940E-1	2,573897E-1	8,791700E-3	9,664739E-3	-1,698689E-3	-8,011703E-3	1,387954E+0	1,388463E+0
20220917 09:47:30,892	c_0_2583_20220917_09_47_30,892.bmp	9,567418E-1	2,739408E-1	8,791700E-3	1,349272E-2	-9,331032E-3	-8,011703E-3	1,393051E+0	1,396136E+0
20220917 09:47:36,897	c_0_2584_20220917_09_47_36,897.bmp	1,010183E+0	3,006771E-1	7,518835E-3	5,836756E-3	-9,331032E-3	7,286736E-3	1,385405E+0	1,383347E+0
20220917 09:47:42,897	c_0_2585_20220917_09_47_42,897.bmp	1,058534E+0	3,172282E-1	3,700242E-3	1,094073E-2	3,389540E-3	-8,011703E-3	1,387954E+0	1,385905E+0
20220917 09:47:48,898	c_0_2586_20220917_09_47_48,898.bmp	1,094161E+0	3,363255E-1	7,518835E-3	1,476871E-2	-6,786918E-3	7,286736E-3	1,390502E+0	1,393578E+0
20220917 09:47:54,902	c_0_2587_20220917_09_47_54,902.bmp	1,132333E+0	3,579693E-1	6,245971E-3	7,112750E-3	-6,786918E-3	2,187256E-3	1,387954E+0	1,383347E+0
20220917 09:48:00,906	c_0_2588_20220917_09_48_00,906.bmp	1,164144E+0	3,745203E-1	6,245971E-3	1,349272E-2	-6,786918E-3	-1,056144E-2	1,398148E+0	1,385905E+0
20220917 09:48:06,909	c_0_2589_20220917_09_48_06,909.bmp	1,195954E+0	3,987103E-1	7,518835E-3	9,664739E-3	-1,187515E-2	-3,624835E-4	1,387954E+0	1,388463E+0
20220917 09:48:12,913	c_0_2590_20220917_09_48_12,913.bmp	1,234126E+0	4,203540E-1	4,973106E-3	7,112750E-3	8,454256E-4	-2,076040E-2	1,385405E+0	1,380789E+0
20220917 09:48:18,914	c_0_2591_20220917_09_48_18,914.bmp	1,268481E+0	4,369051E-1	3,700242E-3	1,094073E-2	-1,187515E-2	-8,011703E-3	1,387954E+0	1,385905E+0
20220917 09:48:24,914	c_0_2592_20220917_09_48_24,914.bmp	1,299018E+0	4,585488E-1	6,245971E-3	1,094073E-2	-1,187515E-2	-8,011703E-3	1,387954E+0	1,393578E+0
20220917 09:48:30,915	c_0_2593_20220917_09_48_30,915.bmp	1,333373E+0	4,801925E-1	4,973106E-3	8,388745E-3	3,389540E-3	2,187256E-3	1,382857E+0	1,380789E+0
20220917 09:48:36,918	c_0_2594_20220917_09_48_36,918.bmp	1,371545E+0	4,954704E-1	6,245971E-3	1,094073E-2	-6,786918E-3	-3,624835E-4	1,387954E+0	1,388463E+0
20220917 09:48:42,919	c_0_2595_20220917_09_48_42,919.bmp	1,376635E+0	5,158410E-1	8,791700E-3	1,094073E-2	-6,786918E-3	-8,011703E-3	1,387954E+0	1,383347E+0
20220917 09:48:48,920	c_0_2596_20220917_09_48_48,920.bmp	1,391904E+0	5,336652E-1	8,791700E-3	1,476871E-2	-1,187515E-2	-5,461963E-3	1,398148E+0	1,391021E+0
20220917 09:48:54,923	c_0_2597_20220917_09_48_54,923.bmp	1,421169E+0	5,578552E-1	4,973106E-3	9,664739E-3	-1,698689E-3	7,286736E-3	1,390502E+0	1,385905E+0
20220917 09:49:00,925	c_0_2598_20220917_09_49_00,925.bmp	1,455524E+0	5,794989E-1	6,245971E-3	8,388745E-3	-6,786918E-3	-2,912223E-3	1,382857E+0	1,383347E+0
20220917 09:49:06,930	c_0_2599_20220917_09_49_06,930.bmp	1,491151E+0	5,998694E-1	4,973106E-3	7,112750E-3	-1,187515E-2	2,187256E-3	1,382857E+0	1,383347E+0
20220917 09:49:12,931	c_0_2600_20220917_09_49_12,931.bmp	1,519144E+0	6,164205E-1	8,791700E-3	9,664739E-3	-9,331032E-3	-8,011703E-3	1,387954E+0	1,383347E+0
20220917 09:49:18,933	c_0_2601_20220917_09_49_18,933.bmp	1,552227E+0	6,329716E-1	8,791700E-3	1,349272E-2	-1,696338E-2	-8,011703E-3	1,395599E+0	1,393578E+0
20220917 09:49:24,936	c_0_2602_20220917_09_49_24,936.bmp	1,581492E+0	6,533421E-1	8,791700E-3	1,221673E-2	-1,441926E-2	-8,011703E-3	1,395599E+0	1,393578E+0
20220917 09:49:30,939	c_0_2603_20220917_09_49_30,939.bmp	1,606940E+0	6,737127E-1	1,006456E-2	1,221673E-2	-1,696338E-2	-1,056144E-2	1,393051E+0	1,396136E+0
20220917 09:49:36,942	c_0_2604_20220917_09_49_36,942.bmp	1,631116E+0	6,940832E-1	6,245971E-3	1,094073E-2	-9,331032E-3	-2,912223E-3	1,390502E+0	1,388463E+0
20220917 09:49:42,943	c_0_2605_20220917_09_49_42,943.bmp	1,654019E+0	7,157269E-1	3,700242E-3	9,664739E-3	-4,242803E-3	-2,912223E-3	1,390502E+0	1,396136E+0
20220917 09:49:48,945	c_0_2606_20220917_09_49_48,945.bmp	1,665471E+0	7,386438E-1	6,245971E-3	1,094073E-2	-9,331032E-3	-8,011703E-3	1,390502E+0	1,396136E+0
20220917 09:49:54,947	c_0_2607_20220917_09_49_54,947.bmp	1,675650E+0	7,551948E-1	6,245971E-3	5,836756E-3	-2,459572E-2	1,238622E-2	1,387954E+0	1,383347E+0
20220917 09:50:00,948	c_0_2608_20220917_09_50_00,948.bmp	1,680739E+0	7,768385E-1	6,245971E-3	8,388745E-3	5,933654E-3	2,187256E-3	1,387954E+0	1,385905E+0
20220917 09:50:06,949	c_0_2609_20220917_09_50_06,949.bmp	1,679467E+0	7,946628E-1	4,973106E-3	1,476871E-2	-9,331032E-3	-5,461963E-3	1,393051E+0	1,396136E+0
20220917 09:50:12,953	c_0_2610_20220917_09_50_12,953.bmp	1,670560E+0	8,112138E-1	7,518835E-3	1,349272E-2	-1,950749E-2	-1,311118E-2	1,398148E+0	1,388463E+0
20220917 09:50:18,955	c_0_2611_20220917_09_50_18,955.bmp	1,650202E+0	8,354038E-1	7,518835E-3	1,094073E-2	1,356600E-2	-1,821066E-2	1,390502E+0	1,388463E+0
20220917 09:50:24,957	c_0_2612_20220917_09_50_24,957.bmp	1,498786E+0	8,557744E-1	6,245971E-3	1,094073E-2	-9,331032E-3	-2,912223E-3	1,390502E+0	1,388463E+0
20220917 09:50:30,958	c_0_2613_20220917_09_50_30,958.bmp	9,936415E-1	8,786913E-1	2,427377E-3	5,836756E-3	-1,698689E-3	-5,461963E-3	1,382857E+0	1,383347E+0
20220917 09:50:36,958	c_0_2614_20220917_09_50_36,958.bmp	1,006366E+0	8,926960E-1	8,791700E-3	1,349272E-2	-1,950749E-2	-8,011703E-3	1,398148E+0	1,388463E+0
20220917 09:50:42,958	c_0_2615_20220917_09_50_42,958.bmp	1,025452E+0	9,168860E-1	3,700242E-3	1,094073E-2	-1,187515E-2	-8,011703E-3	1,387954E+0	1,393578E+0
20220917 09:50:48,960	c_0_2616_20220917_09_50_48,960.bmp	1,034358E+0	9,359834E-1	6,245971E-3	9,664739E-3	3,389540E-3	-2,912223E-3	1,390502E+0	1,388463E+0
20220917 09:50:54,962	c_0_2617_20220917_09_50_54,962.bmp	1,055989E+0	9,601734E-1	3,700242E-3	1,094073E-2	8,454256E-4	9,836476E-3	1,385405E+0	1,388463E+0
20220917 09:51:00,966	c_0_2618_20220917_09_51_00,966.bmp	1,064896E+0	9,729050E-1	7,518835E-3	1,221673E-2	-6,786918E-3	-1,311118E-2	1,398148E+0	1,388463E+0
20220917 09:51:06,967	c_0_2619_20220917_09_51_06,967.bmp	1,080165E+0	9,958219E-1	6,245971E-3	1,476871E-2	-6,786918E-3	-1,566092E-2	1,387954E+0	1,396136E+0
20220917 09:51:12,967	c_0_2620_20220917_09_51_12,967.bmp	1,091617E+0	1,018739E+0	6,245971E-3	1,094073E-2	-1,187515E-2	-5,461963E-3	1,390502E+0	1,383347E+0
20220917 09:51:18,967	c_0_2621_20220917_09_51_18,967.bmp	1,104341E+0	1,039109E+0	6,245971E-3	8,388745E-3	-6,786918E-3	-2,912223E-3	1,385405E+0	1,380789E+0
20220917 09:51:24,972	c_0_2622_20220917_09_51_24,972.bmp	1,111975E+0	1,055660E+0	7,518835E-3	1,094073E-2	-9,331032E-3	-8,011703E-3	1,387954E+0	1,385905E+0
20220917 09:51:30,976	c_0_2623_20220917_09_51_30,976.bmp	1,123427E+0	1,076031E+0	7,518835E-3	1,094073E-2	-4,242803E-3	-1,566092E-2	1,390502E+0	1,388463E+0
20220917 09:51:36,976	c_0_2624_20220917_09_51_36,976.bmp	1,134878E+0	1,092582E+0	7,518835E-3	1,349272E-2	-3,222806E-2	-1,566092E-2	1,395599E+0	1,393578E+0
20220917 09:51:42,977	c_0_2625_20220917_09_51_42,977.bmp	1,145058E+0	1,115499E+0	3,700242E-3	1,094073E-2	-1,698689E-3	2,187256E-3	1,387954E+0	1,388463E+0
20220917 09:51:48,978	c_0_2626_20220917_09_51_48,978.bmp	1,146330E+0	1,132050E+0	1,006456E-2	9,664739E-3	-1,950749E-2	-2,912223E-3	1,395599E+0	1,385905E+0
20220917 09:51:54,987	c_0_2627_20220917_09_51_54,987.bmp	1,160326E+0	1,157513E+0	3,700242E-3	7,112750E-3	-6,786918E-3	2,187256E-3	1,382857E+0	1,388463E+0
20220917 09:52:00,988	c_0_2628_20220917_09_52_00,988.bmp	1,159054E+0	1,175337E+0	1,006456E-2	1,094073E-2	-1,441926E-2	-8,011703E-3	1,398148E+0	1,385905E+0
20220917 09:52:06,988	c_0_2629_20220917_09_52_06,988.bmp	1,155237E+0	1,198254E+0	6,245971E-3	7,112750E-3	-6,786918E-3	2,187256E-3	1,385405E+0	1,383347E+0
20220917 09:52:12,988	c_0_2630_20220917_09_52_12,988.bmp	1,171778E+0	1,218625E+0	3,700242E-3	7,112750E-3	3,389540E-3	-8,011703E-3	1,382857E+0	1,383347E+0
20220917 09:52:18,989	c_0_2631_20220917_09_52_18,989.bmp	1,178140E+0	1,233903E+0	1,133743E-2	1,094073E-2	-6,786918E-3	2,187256E-3	1,398148E+0	1,388463E+0
20220917 09:52:24,990	c_0_2632_20220917_09_52_24,990.bmp	1,197226E+0	1,255546E+0	8,791700E-3	1,221673E-2	-1,187515E-2	-2,912223E-3	1,387954E+0	1,396136E+0
20220917 09:52:30,990	c_0_2633_20220917_09_52_30,990.bmp	1,211223E+0	1,274644E+0	6,245971E-3	1,094073E-2	-6,786918E-3	-8,011703E-3	1,387954E+0	1,388463E+0
20220917 09:52:36,993	c_0_2634_20220917_09_52_36,993.bmp	1,227764E+0	1,296287E+0	7,518835E-3	1,094073E-2	-4,242803E-3	-8,011703E-3	1,390502E+0	1,388463E+0
20220917 09:52:42,995	c_0_2635_20220917_09_52_42,995.bmp	1,243033E+0	1,320477E+0	3,700242E-3	8,388745E-3	-3,731629E-2	-3,624835E-4	1,382857E+0	1,383347E+0
20220917 09:52:48,996	c_0_2636_20220917_09_52_48,996.bmp	1,251939E+0	1,337028E+0	6,245971E-3	1,476871E-2	-6,786918E-3	-2,076040E-2	1,390502E+0	1,396136E+0
20220917 09:52:54,996	c_0_2637_20220917_09_52_54,996.bmp	1,260846E+0	1,356126E+0	4,973106E-3	1,094073E-2	-1,187515E-2	-1,311118E-2	1,387954E+0	1,388463E+0
20220917 09:53:01,000	c_0_2638_20220917_09_53_01,000.bmp	1,277387E+0	1,376496E+0	7,518835E-3	1,094073E-2	8,454256E-4	-8,011703E-3	1,387954E+0	1,396136E+0
20220917 09:53:07,001	c_0_2639_20220917_09_53_07,001.bmp	1,290112E+0	1,400686E+0	7,518835E-3	8,388745E-3	5,933654E-3	-3,624835E-4	1,385405E+0	1,380789E+0
20220917 09:53:13,002	c_0_2640_20220917_09_53_13,002.bmp	1,307925E+0	1,419784E+0	3,700242E-3	8,388745E-3	-6,786918E-3	-8,011703E-3	1,382857E+0	1,388463E+0
20220917 09:53:19,005	c_0_2641_20220917_09_53_19,005.bmp	1,319377E+0	1,436335E+0	6,245971E-3	1,094073E-2	-9,331032E-3	-5,461963E-3	1,390502E+0	1,385905E+0
20220917 09:53:25,008	c_0_2642_20220917_09_53_25,008.bmp	1,328284E+0	1,452886E+0	8,791700E-3	1,094073E-2	-2,205160E-2	-8,011703E-3	1,395599E+0	1,388463E+0
20220917 09:53:31,008	c_0_2643_20220917_09_53_31,008.bmp	1,342280E+0	1,475803E+0	7,518835E-3	1,094073E-2	-6,786918E-3	2,187256E-3	1,390502E+0	1,383347E+0
20220917 09:53:37,013	c_0_2644_20220917_09_53_37,013.bmp	1,353732E+0	1,496173E+0	3,700242E-3	1,094073E-2	-1,698689E-3	-5,461963E-3	1,390502E+0	1,388463E+0
20220917 09:53:43,018	c_0_2645_20220917_09_53_43,018.bmp	1,362639E+0	1,513998E+0	7,518835E-3	1,349272E-2	-1,187515E-2	-8,011703E-3	1,398148E+0	1,393578E+0
20220917 09:53:49,021	c_0_2646_20220917_09_53_49,021.bmp	1,374090E+0	1,536914E+0	6,245971E-3	1,094073E-2	-1,187515E-2	-5,461963E-3	1,387954E+0	1,388463E+0
20220917 09:53:55,021	c_0_2647_20220917_09_53_55,021.bmp	1,374090E+0	1,556012E+0	1,133743E-2	1,094073E-2	-1,187515E-2	2,003543E-2	1,390502E+0	1,385905E+0
20220917 09:54:01,024	c_0_2648_20220917_09_54_01,024.bmp	1,388087E+0	1,580202E+0	3,700242E-3	7,112750E-3	-1,698689E-3	2,187256E-3	1,382857E+0	1,383347E+0
20220917 09:54:07,028	c_0_2649_20220917_09_54_07,028.bmp	1,394449E+0	1,599299E+0	3,700242E-3	1,094073E-2	-1,698689E-3	2,187256E-3	1,385405E+0	1,388463E+0
20220917 09:54:13,028	c_0_2650_20220917_09_54_13,028.bmp	1,394449E+0	1,615850E+0	7,518835E-3	1,349272E-2	-6,786918E-3	-8,011703E-3	1,390502E+0	1,393578E+0
20220917 09:54:19,032	c_0_2651_20220917_09_54_19,032.bmp	1,400811E+0	1,636221E+0	2,427377E-3	1,094073E-2	3,389540E-3	-8,011703E-3	1,390502E+0	1,388463E+0
20220917 09:54:25,037	c_0_2652_20220917_09_54_25,037.bmp	1,394449E+0	1,656591E+0	7,518835E-3	1,094073E-2	8,454256E-4	-2,912223E-3	1,390502E+0	1,388463E+0
20220917 09:54:31,041	c_0_2653_20220917_09_54_31,041.bmp	1,394449E+0	1,676962E+0	7,518835E-3	1,094073E-2	-9,331032E-3	-1,311118E-2	1,387954E+0	1,388463E+0
20220917 09:54:37,043	c_0_2654_20220917_09_54_37,043.bmp	1,370273E+0	1,694786E+0	7,518835E-3	7,112750E-3	-9,331032E-3	-3,624835E-4	1,387954E+0	1,385905E+0
20220917 09:54:43,043	c_0_2655_20220917_09_54_43,043.bmp	1,310470E+0	1,713884E+0	1,133743E-2	1,221673E-2	-2,459572E-2	-3,624835E-4	1,398148E+0	1,396136E+0
20220917 09:54:49,046	c_0_2656_20220917_09_54_49,046.bmp	1,271025E+0	1,732981E+0	1,006456E-2	1,349272E-2	-1,441926E-2	-2,585988E-2	1,395599E+0	1,396136E+0
20220917 09:54:55,051	c_0_2657_20220917_09_54_55,051.bmp	1,268481E+0	1,755898E+0	8,791700E-3	1,094073E-2	-1,187515E-2	2,187256E-3	1,387954E+0	1,388463E+0
20220917 09:55:01,054	c_0_2658_20220917_09_55_01,054.bmp	1,279932E+0	1,780088E+0	3,700242E-3	7,112750E-3	3,389540E-3	-8,011703E-3	1,382857E+0	1,385905E+0
20220917 09:55:07,056	c_0_2659_20220917_09_55_07,056.bmp	1,285022E+0	1,792819E+0	6,245971E-3	1,349272E-2	-6,786918E-3	-8,011703E-3	1,390502E+0	1,396136E+0
20220917 09:55:13,059	c_0_2660_20220917_09_55_13,059.bmp	1,295201E+0	1,817009E+0	6,245971E-3	1,094073E-2	-4,242803E-3	-3,624835E-4	1,390502E+0	1,388463E+0
20220917 09:55:19,062	c_0_2661_20220917_09_55_19,062.bmp	1,309198E+0	1,839926E+0	3,700242E-3	8,388745E-3	-4,242803E-3	-2,912223E-3	1,382857E+0	1,380789E+0
20220917 09:55:25,065	c_0_2662_20220917_09_55_25,065.bmp	1,320649E+0	1,859024E+0	6,245971E-3	8,388745E-3	-6,786918E-3	2,187256E-3	1,382857E+0	1,383347E+0
20220917 09:55:31,068	c_0_2663_20220917_09_55_31,068.bmp	1,332101E+0	1,873028E+0	7,518835E-3	1,349272E-2	-6,786918E-3	-1,566092E-2	1,395599E+0	1,396136E+0
20220917 09:55:37,072	c_0_2664_20220917_09_55_37,072.bmp	1,352459E+0	1,895945E+0	6,245971E-3	1,094073E-2	-6,786918E-3	7,286736E-3	1,387954E+0	1,396136E+0
20220917 09:55:43,073	c_0_2665_20220917_09_55_43,073.bmp	1,365183E+0	1,917589E+0	3,700242E-3	1,094073E-2	3,389540E-3	7,286736E-3	1,390502E+0	1,385905E+0
20220917 09:55:49,076	c_0_2666_20220917_09_55_49,076.bmp	1,371545E+0	1,936686E+0	1,006456E-2	1,094073E-2	-9,331032E-3	-1,056144E-2	1,390502E+0	1,388463E+0
20220917 09:55:55,076	c_0_2667_20220917_09_55_55,076.bmp	1,386814E+0	1,957057E+0	6,245971E-3	8,388745E-3	-6,786918E-3	-2,912223E-3	1,393051E+0	1,383347E+0
20220917 09:56:01,080	c_0_2668_20220917_09_56_01,080.bmp	1,398266E+0	1,976154E+0	3,700242E-3	9,664739E-3	-6,786918E-3	-1,311118E-2	1,387954E+0	1,396136E+0
20220917 09:56:07,081	c_0_2669_20220917_09_56_07,081.bmp	1,400811E+0	1,997798E+0	3,700242E-3	1,094073E-2	-9,331032E-3	-5,461963E-3	1,390502E+0	1,388463E+0
20220917 09:56:13,088	c_0_2670_20220917_09_56_13,088.bmp	1,398266E+0	2,014349E+0	7,518835E-3	1,349272E-2	-6,786918E-3	-1,056144E-2	1,390502E+0	1,393578E+0
20220917 09:56:19,089	c_0_2671_20220917_09_56_19,089.bmp	1,404628E+0	2,035993E+0	7,518835E-3	7,112750E-3	-1,187515E-2	-2,912223E-3	1,387954E+0	1,383347E+0
20220917 09:56:25,090	c_0_2672_20220917_09_56_25,090.bmp	1,414807E+0	2,057636E+0	2,427377E-3	9,664739E-3	-9,331032E-3	-5,461963E-3	1,387954E+0	1,385905E+0
20220917 09:56:31,093	c_0_2673_20220917_09_56_31,093.bmp	1,417352E+0	2,074187E+0	6,245971E-3	1,349272E-2	-1,187515E-2	-1,566092E-2	1,398148E+0	1,396136E+0
20220917 09:56:37,096	c_0_2674_20220917_09_56_37,096.bmp	1,424986E+0	2,095831E+0	6,245971E-3	1,094073E-2	8,454256E-4	2,187256E-3	1,387954E+0	1,383347E+0
20220917 09:56:43,096	c_0_2675_20220917_09_56_43,096.bmp	1,430076E+0	2,117475E+0	8,791700E-3	1,349272E-2	-9,331032E-3	-2,912223E-3	1,390502E+0	1,396136E+0
20220917 09:56:49,099	c_0_2676_20220917_09_56_49,099.bmp	1,440255E+0	2,136572E+0	7,518835E-3	1,221673E-2	-9,331032E-3	-1,821066E-2	1,390502E+0	1,393578E+0
20220917 09:56:55,102	c_0_2677_20220917_09_56_55,102.bmp	1,445345E+0	2,151850E+0	1,006456E-2	1,349272E-2	-1,187515E-2	-8,011703E-3	1,395599E+0	1,388463E+0
20220917 09:57:01,121	c_0_2678_20220917_09_57_01,121.bmp	1,452979E+0	2,176040E+0	6,245971E-3	1,094073E-2	-9,331032E-3	-2,912223E-3	1,390502E+0	1,380789E+0
20220917 09:57:07,123	c_0_2679_20220917_09_57_07,123.bmp	1,460614E+0	2,196411E+0	6,245971E-3	9,664739E-3	-1,698689E-3	2,187256E-3	1,387954E+0	1,388463E+0
20220917 09:57:13,128	c_0_2680_20220917_09_57_13,128.bmp	1,463158E+0	2,218054E+0	4,973106E-3	8,388745E-3	8,477769E-3	2,187256E-3	1,382857E+0	1,380789E+0
20220917 09:57:19,128	c_0_2681_20220917_09_57_19,128.bmp	1,468248E+0	2,233332E+0	7,518835E-3	1,349272E-2	-1,187515E-2	-8,011703E-3	1,395599E+0	1,393578E+0
20220917 09:57:25,128	c_0_2682_20220917_09_57_25,128.bmp	1,473338E+0	2,258796E+0	3,700242E-3	7,112750E-3	8,454256E-4	-2,912223E-3	1,385405E+0	1,383347E+0
20220917 09:57:31,132	c_0_2683_20220917_09_57_31,132.bmp	1,469520E+0	2,272800E+0	8,791700E-3	1,094073E-2	-6,786918E-3	-2,912223E-3	1,398148E+0	1,388463E+0
20220917 09:57:37,132	c_0_2684_20220917_09_57_37,132.bmp	1,458069E+0	2,293171E+0	6,245971E-3	1,349272E-2	-2,459572E-2	-1,056144E-2	1,395599E+0	1,396136E+0
20220917 09:57:43,132	c_0_2685_20220917_09_57_43,132.bmp	1,437710E+0	2,313541E+0	4,973106E-3	1,349272E-2	8,454256E-4	-1,056144E-2	1,395599E+0	1,396136E+0
20220917 09:57:49,137	c_0_2686_20220917_09_57_49,137.bmp	1,421169E+0	2,336458E+0	7,518835E-3	1,094073E-2	-4,242803E-3	-3,624835E-4	1,390502E+0	1,388463E+0
20220917 09:57:55,137	c_0_2687_20220917_09_57_55,137.bmp	1,410990E+0	2,358102E+0	7,518835E-3	8,388745E-3	-6,786918E-3	-3,624835E-4	1,382857E+0	1,383347E+0
20220917 09:58:01,139	c_0_2688_20220917_09_58_01,139.bmp	1,393176E+0	2,378472E+0	2,427377E-3	1,094073E-2	8,454256E-4	-2,912223E-3	1,382857E+0	1,388463E+0
20220917 09:58:07,140	c_0_2689_20220917_09_58_07,140.bmp	1,353732E+0	2,396297E+0	4,973106E-3	5,836756E-3	-1,950749E-2	2,187256E-3	1,390502E+0	1,383347E+0
20220917 09:58:13,142	c_0_2690_20220917_09_58_13,142.bmp	1,310470E+0	2,415394E+0	4,973106E-3	8,388745E-3	-4,242803E-3	-8,011703E-3	1,387954E+0	1,383347E+0
20220917 09:58:19,147	c_0_2691_20220917_09_58_19,147.bmp	1,283750E+0	2,435765E+0	7,518835E-3	1,349272E-2	1,865423E-2	-1,311118E-2	1,390502E+0	1,396136E+0
20220917 09:58:25,150	c_0_2692_20220917_09_58_25,150.bmp	1,246850E+0	2,451043E+0	4,973106E-3	1,476871E-2	-1,187515E-2	-1,311118E-2	1,398148E+0	1,388463E+0
20220917 09:58:31,154	c_0_2693_20220917_09_58_31,154.bmp	1,153964E+0	2,479052E+0	3,700242E-3	8,388745E-3	-1,698689E-3	-3,624835E-4	1,382857E+0	1,380789E+0
20220917 09:58:37,157	c_0_2694_20220917_09_58_37,157.bmp	1,078893E+0	2,498149E+0	7,518835E-3	7,112750E-3	-1,698689E-3	7,286736E-3	1,385405E+0	1,388463E+0
20220917 09:58:43,158	c_0_2695_20220917_09_58_43,158.bmp	1,075075E+0	2,515974E+0	7,518835E-3	4,560762E-3	-1,187515E-2	-2,912223E-3	1,387954E+0	1,383347E+0
20220917 09:58:49,158	c_0_2696_20220917_09_58_49,158.bmp	1,076348E+0	2,537617E+0	3,700242E-3	1,094073E-2	8,454256E-4	-5,461963E-3	1,382857E+0	1,388463E+0
20220917 09:58:55,159	c_0_2697_20220917_09_58_55,159.bmp	1,076348E+0	2,551622E+0	6,245971E-3	1,349272E-2	-2,205160E-2	-1,566092E-2	1,395599E+0	1,388463E+0
20220917 09:59:01,163	c_0_2698_20220917_09_59_01,163.bmp	1,080165E+0	2,571993E+0	7,518835E-3	1,349272E-2	-1,696338E-2	-1,311118E-2	1,395599E+0	1,393578E+0
20220917 09:59:07,167	c_0_2699_20220917_09_59_07,167.bmp	1,085255E+0	2,594909E+0	6,245971E-3	1,094073E-2	-4,242803E-3	4,736996E-3	1,387954E+0	1,383347E+0
20220917 09:59:13,171	c_0_2700_20220917_09_59_13,171.bmp	1,081437E+0	2,616553E+0	1,006456E-2	9,664739E-3	-1,441926E-2	-3,624835E-4	1,390502E+0	1,391021E+0
20220917 09:59:19,172	c_0_2701_20220917_09_59_19,172.bmp	1,080165E+0	2,633104E+0	8,791700E-3	9,664739E-3	-9,331032E-3	-1,821066E-2	1,395599E+0	1,388463E+0
20220917 09:59:25,174	c_0_2702_20220917_09_59_25,174.bmp	1,071258E+0	2,657294E+0	4,973106E-3	8,388745E-3	-6,786918E-3	4,736996E-3	1,390502E+0	1,383347E+0
20220917 09:59:31,179	c_0_2703_20220917_09_59_31,179.bmp	1,063624E+0	2,680211E+0	3,700242E-3	7,112750E-3	-6,786918E-3	-1,056144E-2	1,385405E+0	1,388463E+0
20220917 09:59:37,191	c_0_2704_20220917_09_59_37,191.bmp	1,059806E+0	2,694216E+0	6,245971E-3	1,349272E-2	-6,786918E-3	-1,056144E-2	1,395599E+0	1,396136E+0
20220917 09:59:43,194	c_0_2705_20220917_09_59_43,194.bmp	1,063624E+0	2,717133E+0	2,427377E-3	1,094073E-2	8,454256E-4	2,187256E-3	1,387954E+0	1,388463E+0
20220917 09:59:49,195	c_0_2706_20220917_09_59_49,195.bmp	1,059806E+0	2,734957E+0	7,518835E-3	1,349272E-2	-6,786918E-3	-8,011703E-3	1,387954E+0	1,393578E+0
20220917 09:59:55,198	c_0_2707_20220917_09_59_55,198.bmp	1,048355E+0	2,756601E+0	3,700242E-3	1,094073E-2	-6,786918E-3	-8,011703E-3	1,387954E+0	1,388463E+0
20220917 10:00:01,199	c_0_2708_20220917_10_00_01,199.bmp	9,834623E-1	2,771879E+0	8,791700E-3	1,476871E-2	-6,786918E-3	-1,821066E-2	1,398148E+0	1,385905E+0
20220917 10:00:07,201	c_0_2709_20220917_10_00_07,201.bmp	9,809175E-1	2,797342E+0	3,700242E-3	7,112750E-3	8,454256E-4	2,187256E-3	1,385405E+0	1,383347E+0
20220917 10:00:13,201	c_0_2710_20220917_10_00_13,201.bmp	9,872795E-1	2,815166E+0	6,245971E-3	1,349272E-2	-6,786918E-3	-1,311118E-2	1,387954E+0	1,396136E+0
20220917 10:00:19,203	c_0_2711_20220917_10_00_19,203.bmp	9,885519E-1	2,835537E+0	6,245971E-3	1,094073E-2	-6,786918E-3	-2,912223E-3	1,390502E+0	1,388463E+0
20220917 10:00:25,205	c_0_2712_20220917_10_00_25,205.bmp	9,949139E-1	2,858453E+0	3,700242E-3	5,836756E-3	5,933654E-3	7,286736E-3	1,382857E+0	1,383347E+0
20220917 10:00:31,209	c_0_2713_20220917_10_00_31,209.bmp	1,000004E+0	2,878824E+0	7,518835E-3	8,388745E-3	8,454256E-4	-5,461963E-3	1,382857E+0	1,380789E+0
20220917 10:00:37,211	c_0_2714_20220917_10_00_37,211.bmp	1,007638E+0	2,896648E+0	6,245971E-3	1,349272E-2	-6,786918E-3	-1,821066E-2	1,390502E+0	1,391021E+0
20220917 10:00:43,215	c_0_2715_20220917_10_00_43,215.bmp	1,017817E+0	2,919565E+0	3,700242E-3	8,388745E-3	-1,698689E-3	-8,011703E-3	1,385405E+0	1,388463E+0
20220917 10:00:49,218	c_0_2716_20220917_10_00_49,218.bmp	1,021634E+0	2,934843E+0	7,518835E-3	5,836756E-3	-6,786918E-3	7,286736E-3	1,390502E+0	1,383347E+0
20220917 10:00:55,235	c_0_2717_20220917_10_00_55,235.bmp	1,031814E+0	2,952667E+0	6,245971E-3	1,349272E-2	-1,187515E-2	-1,311118E-2	1,395599E+0	1,388463E+0
20220917 10:01:01,237	c_0_2718_20220917_10_01_01,237.bmp	1,040720E+0	2,976857E+0	6,245971E-3	8,388745E-3	-1,187515E-2	7,286736E-3	1,387954E+0	1,380789E+0
20220917 10:01:07,241	c_0_2719_20220917_10_01_07,241.bmp	1,048355E+0	2,998501E+0	3,700242E-3	8,388745E-3	-3,222806E-2	1,238622E-2	1,382857E+0	1,383347E+0
20220917 10:01:13,242	c_0_2720_20220917_10_01_13,242.bmp	1,057262E+0	3,015052E+0	7,518835E-3	1,349272E-2	-1,698689E-3	-1,311118E-2	1,390502E+0	1,393578E+0
20220917 10:01:19,247	c_0_2721_20220917_10_01_19,247.bmp	1,068713E+0	3,034149E+0	3,700242E-3	9,664739E-3	-6,786918E-3	-8,011703E-3	1,387954E+0	1,396136E+0
20220917 10:01:25,248	c_0_2722_20220917_10_01_25,248.bmp	1,076348E+0	3,055793E+0	4,973106E-3	1,094073E-2	8,454256E-4	-8,011703E-3	1,390502E+0	1,388463E+0
20220917 10:01:31,251	c_0_2723_20220917_10_01_31,251.bmp	1,077620E+0	3,077437E+0	1,006456E-2	1,094073E-2	-6,786918E-3	-5,461963E-3	1,390502E+0	1,388463E+0
20220917 10:01:37,257	c_0_2724_20220917_10_01_37,257.bmp	1,090344E+0	3,095261E+0	6,245971E-3	1,094073E-2	-1,698689E-3	9,836476E-3	1,387954E+0	1,383347E+0
20220917 10:01:43,261	c_0_2725_20220917_10_01_43,261.bmp	1,099251E+0	3,118178E+0	3,700242E-3	1,094073E-2	1,102188E-2	-2,912223E-3	1,385405E+0	1,388463E+0
20220917 10:01:49,262	c_0_2726_20220917_10_01_49,262.bmp	1,103068E+0	3,137275E+0	3,700242E-3	7,112750E-3	5,933654E-3	2,187256E-3	1,385405E+0	1,383347E+0
20220917 10:01:55,263	c_0_2727_20220917_10_01_55,263.bmp	1,114520E+0	3,156373E+0	3,700242E-3	9,664739E-3	-1,696338E-2	-1,311118E-2	1,387954E+0	1,393578E+0
20220917 10:02:01,267	c_0_2728_20220917_10_02_01,267.bmp	1,113247E+0	3,174197E+0	8,791700E-3	1,094073E-2	-9,331032E-3	-5,461963E-3	1,387954E+0	1,388463E+0
20220917 10:02:07,269	c_0_2729_20220917_10_02_07,269.bmp	1,123427E+0	3,195840E+0	4,973106E-3	7,112750E-3	-4,242803E-3	7,286736E-3	1,387954E+0	1,380789E+0
20220917 10:02:13,270	c_0_2730_20220917_10_02_13,270.bmp	1,131061E+0	3,211118E+0	7,518835E-3	1,221673E-2	-1,696338E-2	-5,461963E-3	1,395599E+0	1,388463E+0
20220917 10:02:19,272	c_0_2731_20220917_10_02_19,272.bmp	1,133606E+0	3,235308E+0	8,791700E-3	1,094073E-2	-9,331032E-3	-8,011703E-3	1,390502E+0	1,388463E+0
20220917 10:02:25,276	c_0_2732_20220917_10_02_25,276.bmp	1,141240E+0	3,255679E+0	6,245971E-3	9,664739E-3	-6,786918E-3	-8,011703E-3	1,387954E+0	1,388463E+0
20220917 10:02:31,277	c_0_2733_20220917_10_02_31,277.bmp	1,148875E+0	3,278596E+0	3,700242E-3	7,112750E-3	-3,477218E-2	-3,624835E-4	1,382857E+0	1,388463E+0
20220917 10:02:37,280	c_0_2734_20220917_10_02_37,280.bmp	1,151420E+0	3,300240E+0	6,245971E-3	7,112750E-3	-4,242803E-3	4,736996E-3	1,385405E+0	1,383347E+0
20220917 10:02:43,282	c_0_2735_20220917_10_02_43,282.bmp	1,156509E+0	3,311698E+0	7,518835E-3	1,349272E-2	-2,459572E-2	-1,566092E-2	1,398148E+0	1,388463E+0
20220917 10:02:49,308	c_0_2736_20220917_10_02_49,308.bmp	1,161599E+0	3,339707E+0	3,700242E-3	5,836756E-3	-1,441926E-2	2,187256E-3	1,385405E+0	1,391021E+0
20220917 10:02:55,308	c_0_2737_20220917_10_02_55,308.bmp	1,161599E+0	3,357532E+0	3,700242E-3	1,094073E-2	-4,242803E-3	-2,912223E-3	1,385405E+0	1,388463E+0
20220917 10:03:01,313	c_0_2738_20220917_10_03_01,313.bmp	1,150147E+0	3,372810E+0	1,006456E-2	1,349272E-2	-1,441926E-2	-1,566092E-2	1,395599E+0	1,396136E+0
20220917 10:03:07,313	c_0_2739_20220917_10_03_07,313.bmp	1,138696E+0	3,394453E+0	8,791700E-3	1,094073E-2	-1,696338E-2	-2,912223E-3	1,387954E+0	1,388463E+0
20220917 10:03:13,315	c_0_2740_20220917_10_03_13,315.bmp	1,125971E+0	3,419916E+0	2,427377E-3	5,836756E-3	-4,242803E-3	-8,011703E-3	1,382857E+0	1,388463E+0
20220917 10:03:19,316	c_0_2741_20220917_10_03_19,316.bmp	1,114520E+0	3,437741E+0	6,245971E-3	8,388745E-3	-6,786918E-3	2,187256E-3	1,385405E+0	1,383347E+0
20220917 10:03:25,320	c_0_2742_20220917_10_03_25,320.bmp	1,113247E+0	3,456838E+0	6,245971E-3	1,094073E-2	-1,187515E-2	-8,011703E-3	1,390502E+0	1,388463E+0
20220917 10:03:31,323	c_0_2743_20220917_10_03_31,323.bmp	1,113247E+0	3,472116E+0	1,006456E-2	1,094073E-2	-1,441926E-2	-8,011703E-3	1,398148E+0	1,385905E+0
20220917 10:03:37,325	c_0_2744_20220917_10_03_37,325.bmp	1,119609E+0	3,498852E+0	7,518835E-3	8,388745E-3	-1,698689E-3	-3,624835E-4	1,382857E+0	1,383347E+0
20220917 10:03:43,325	c_0_2745_20220917_10_03_43,325.bmp	1,122154E+0	3,512857E+0	8,791700E-3	1,349272E-2	8,454256E-4	-8,011703E-3	1,398148E+0	1,396136E+0
20220917 10:03:49,325	c_0_2746_20220917_10_03_49,325.bmp	1,128516E+0	3,534501E+0	1,006456E-2	9,664739E-3	-6,786918E-3	2,187256E-3	1,387954E+0	1,383347E+0
20220917 10:03:55,327	c_0_2747_20220917_10_03_55,327.bmp	1,132333E+0	3,552325E+0	1,006456E-2	1,349272E-2	-1,950749E-2	-2,331014E-2	1,398148E+0	1,396136E+0
20220917 10:04:01,329	c_0_2748_20220917_10_04_01,329.bmp	1,143785E+0	3,575242E+0	7,518835E-3	1,094073E-2	-1,698689E-3	-2,912223E-3	1,387954E+0	1,388463E+0
20220917 10:04:07,332	c_0_2749_20220917_10_04_07,332.bmp	1,150147E+0	3,595612E+0	2,427377E-3	1,094073E-2	-6,786918E-3	-5,461963E-3	1,390502E+0	1,388463E+0
20220917 10:04:13,339	c_0_2750_20220917_10_04_13,339.bmp	1,156509E+0	3,614710E+0	8,791700E-3	1,094073E-2	-9,331032E-3	-1,056144E-2	1,387954E+0	1,385905E+0
20220917 10:04:19,342	c_0_2751_20220917_10_04_19,342.bmp	1,157782E+0	3,636353E+0	6,245971E-3	1,094073E-2	8,454256E-4	-1,311118E-2	1,390502E+0	1,396136E+0
20220917 10:04:25,347	c_0_2752_20220917_10_04_25,347.bmp	1,166688E+0	3,657997E+0	3,700242E-3	1,221673E-2	-1,698689E-3	-5,461963E-3	1,385405E+0	1,388463E+0
20220917 10:04:31,349	c_0_2753_20220917_10_04_31,349.bmp	1,166688E+0	3,675821E+0	8,791700E-3	1,094073E-2	-1,696338E-2	-2,912223E-3	1,387954E+0	1,388463E+0
20220917 10:04:37,353	c_0_2754_20220917_10_04_37,353.bmp	1,173050E+0	3,696192E+0	1,006456E-2	9,664739E-3	-9,331032E-3	-1,311118E-2	1,387954E+0	1,383347E+0
20220917 10:04:43,353	c_0_2755_20220917_10_04_43,353.bmp	1,180685E+0	3,717836E+0	6,245971E-3	8,388745E-3	-9,331032E-3	-3,624835E-4	1,385405E+0	1,383347E+0
20220917 10:04:49,356	c_0_2756_20220917_10_04_49,356.bmp	1,193409E+0	3,736933E+0	3,700242E-3	1,094073E-2	-1,950749E-2	-1,311118E-2	1,387954E+0	1,391021E+0
20220917 10:04:55,359	c_0_2757_20220917_10_04_55,359.bmp	1,199771E+0	3,754757E+0	4,973106E-3	1,094073E-2	-6,786918E-3	-2,912223E-3	1,390502E+0	1,385905E+0
20220917 10:05:01,363	c_0_2758_20220917_10_05_01,363.bmp	1,211223E+0	3,776401E+0	3,700242E-3	8,388745E-3	8,477769E-3	2,187256E-3	1,382857E+0	1,383347E+0
20220917 10:05:07,365	c_0_2759_20220917_10_05_07,365.bmp	1,215040E+0	3,791679E+0	7,518835E-3	1,476871E-2	-6,786918E-3	-1,056144E-2	1,398148E+0	1,396136E+0
20220917 10:05:13,365	c_0_2760_20220917_10_05_13,365.bmp	1,225219E+0	3,820962E+0	2,427377E-3	1,094073E-2	8,454256E-4	-3,605884E-2	1,382857E+0	1,385905E+0
20220917 10:05:19,365	c_0_2761_20220917_10_05_19,365.bmp	1,229036E+0	3,831147E+0	8,791700E-3	1,476871E-2	-1,696338E-2	2,187256E-3	1,398148E+0	1,393578E+0
20220917 10:05:25,366	c_0_2762_20220917_10_05_25,366.bmp	1,234126E+0	3,855337E+0	1,006456E-2	1,094073E-2	-1,950749E-2	-8,011703E-3	1,387954E+0	1,388463E+0
20220917 10:05:31,366	c_0_2763_20220917_10_05_31,366.bmp	1,246850E+0	3,873161E+0	6,245971E-3	7,112750E-3	-6,786918E-3	2,187256E-3	1,387954E+0	1,385905E+0
20220917 10:05:37,367	c_0_2764_20220917_10_05_37,367.bmp	1,253212E+0	3,896078E+0	7,518835E-3	9,664739E-3	-4,242803E-3	-8,011703E-3	1,390502E+0	1,388463E+0
20220917 10:05:43,370	c_0_2765_20220917_10_05_43,370.bmp	1,263391E+0	3,918995E+0	1,154512E-3	1,094073E-2	-1,698689E-3	-8,011703E-3	1,382857E+0	1,385905E+0
20220917 10:05:49,370	c_0_2766_20220917_10_05_49,370.bmp	1,273570E+0	3,939365E+0	3,700242E-3	5,836756E-3	-6,786918E-3	-8,011703E-3	1,387954E+0	1,388463E+0
20220917 10:05:55,370	c_0_2767_20220917_10_05_55,370.bmp	1,283750E+0	3,957190E+0	6,245971E-3	1,094073E-2	-6,786918E-3	-2,912223E-3	1,387954E+0	1,388463E+0
20220917 10:06:01,388	c_0_2768_20220917_10_06_01,388.bmp	1,288839E+0	3,975014E+0	7,518835E-3	8,388745E-3	-2,459572E-2	1,493596E-2	1,387954E+0	1,383347E+0
20220917 10:06:07,388	c_0_2769_20220917_10_06_07,388.bmp	1,290112E+0	3,995384E+0	1,006456E-2	9,664739E-3	-1,950749E-2	-3,624835E-4	1,390502E+0	1,388463E+0
20220917 10:06:13,390	c_0_2770_20220917_10_06_13,390.bmp	1,296474E+0	4,014482E+0	1,006456E-2	1,094073E-2	-1,950749E-2	-2,912223E-3	1,395599E+0	1,388463E+0
20220917 10:06:19,392	c_0_2771_20220917_10_06_19,392.bmp	1,290112E+0	4,034852E+0	6,245971E-3	1,094073E-2	-6,786918E-3	4,736996E-3	1,387954E+0	1,385905E+0
20220917 10:06:25,393	c_0_2772_20220917_10_06_25,393.bmp	1,273570E+0	4,057769E+0	6,245971E-3	7,112750E-3	-1,698689E-3	7,286736E-3	1,385405E+0	1,385905E+0
20220917 10:06:31,396	c_0_2773_20220917_10_06_31,396.bmp	1,227764E+0	4,076866E+0	6,245971E-3	1,094073E-2	1,611011E-2	-4,115832E-2	1,390502E+0	1,393578E+0
20220917 10:06:37,399	c_0_2774_20220917_10_06_37,399.bmp	8,956664E-1	4,094691E+0	7,518835E-3	1,094073E-2	-1,696338E-2	-5,461963E-3	1,390502E+0	1,385905E+0
20220917 10:06:43,399	c_0_2775_20220917_10_06_43,399.bmp	8,778528E-1	4,118881E+0	6,245971E-3	8,388745E-3	8,454256E-4	-2,912223E-3	1,385405E+0	1,385905E+0
20220917 10:06:49,404	c_0_2776_20220917_10_06_49,404.bmp	8,664012E-1	4,136705E+0	3,700242E-3	5,836756E-3	-4,242803E-3	2,187256E-3	1,382857E+0	1,380789E+0
20220917 10:06:55,408	c_0_2777_20220917_10_06_55,408.bmp	8,651288E-1	4,155802E+0	6,245971E-3	1,094073E-2	-1,187515E-2	4,736996E-3	1,390502E+0	1,383347E+0
20220917 10:07:01,410	c_0_2778_20220917_10_07_01,410.bmp	8,613116E-1	4,176173E+0	6,245971E-3	1,094073E-2	-4,242803E-3	-5,461963E-3	1,387954E+0	1,388463E+0
20220917 10:07:07,411	c_0_2779_20220917_10_07_07,411.bmp	8,638564E-1	4,192724E+0	8,791700E-3	1,476871E-2	-1,187515E-2	-2,912223E-3	1,395599E+0	1,393578E+0
20220917 10:07:13,413	c_0_2780_20220917_10_07_13,413.bmp	8,714908E-1	4,216914E+0	7,518835E-3	7,112750E-3	8,454256E-4	1,238622E-2	1,385405E+0	1,388463E+0
20220917 10:07:19,431	c_0_2781_20220917_10_07_19,431.bmp	8,803976E-1	4,236011E+0	3,700242E-3	1,094073E-2	-6,786918E-3	-8,011703E-3	1,390502E+0	1,388463E+0
20220917 10:07:25,434	c_0_2782_20220917_10_07_25,434.bmp	8,791252E-1	4,257655E+0	8,791700E-3	1,476871E-2	-6,786918E-3	-8,011703E-3	1,390502E+0	1,396136E+0
20220917 10:07:31,440	c_0_2783_20220917_10_07_31,440.bmp	8,816700E-1	4,276752E+0	6,245971E-3	1,094073E-2	-4,242803E-3	9,836476E-3	1,387954E+0	1,383347E+0
20220917 10:07:37,442	c_0_2784_20220917_10_07_37,442.bmp	8,765804E-1	4,294577E+0	7,518835E-3	7,112750E-3	-1,696338E-2	-2,912223E-3	1,387954E+0	1,383347E+0
20220917 10:07:43,447	c_0_2785_20220917_10_07_43,447.bmp	8,434979E-1	4,316220E+0	7,518835E-3	1,094073E-2	-9,331032E-3	7,286736E-3	1,387954E+0	1,380789E+0
20220917 10:07:49,447	c_0_2786_20220917_10_07_49,447.bmp	8,091430E-1	4,334045E+0	7,518835E-3	9,664739E-3	-4,242803E-3	2,187256E-3	1,390502E+0	1,383347E+0
20220917 10:07:55,450	c_0_2787_20220917_10_07_55,450.bmp	7,786053E-1	4,356961E+0	3,700242E-3	1,094073E-2	-6,786918E-3	1,238622E-2	1,390502E+0	1,396136E+0
20220917 10:08:01,455	c_0_2788_20220917_10_08_01,455.bmp	7,531573E-1	4,379878E+0	3,700242E-3	8,388745E-3	8,454256E-4	9,836476E-3	1,385405E+0	1,383347E+0
20220917 10:08:07,456	c_0_2789_20220917_10_08_07,456.bmp	7,467952E-1	4,393883E+0	6,245971E-3	1,094073E-2	-1,950749E-2	-1,311118E-2	1,387954E+0	1,393578E+0
20220917 10:08:13,458	c_0_2790_20220917_10_08_13,458.bmp	7,340712E-1	4,411707E+0	1,006456E-2	1,349272E-2	-1,696338E-2	-8,011703E-3	1,398148E+0	1,393578E+0
20220917 10:08:19,459	c_0_2791_20220917_10_08_19,459.bmp	7,264368E-1	4,438444E+0	3,700242E-3	1,094073E-2	-6,786918E-3	-2,585988E-2	1,382857E+0	1,388463E+0
20220917 10:08:25,460	c_0_2792_20220917_10_08_25,460.bmp	7,009887E-1	4,456268E+0	7,518835E-3	9,664739E-3	-1,187515E-2	-3,624835E-4	1,390502E+0	1,385905E+0
20220917 10:08:31,460	c_0_2793_20220917_10_08_31,460.bmp	7,060783E-1	4,477912E+0	6,245971E-3	1,094073E-2	-6,786918E-3	-2,912223E-3	1,387954E+0	1,385905E+0
20220917 10:08:37,476	c_0_2794_20220917_10_08_37,476.bmp	7,022611E-1	4,497009E+0	7,518835E-3	1,094073E-2	-9,331032E-3	-2,912223E-3	1,387954E+0	1,388463E+0
20220917 10:08:43,479	c_0_2795_20220917_10_08_43,479.bmp	7,048059E-1	4,516106E+0	3,700242E-3	1,094073E-2	-2,205160E-2	-2,912223E-3	1,390502E+0	1,393578E+0
20220917 10:08:49,482	c_0_2796_20220917_10_08_49,482.bmp	7,035335E-1	4,532657E+0	7,518835E-3	1,349272E-2	-9,331032E-3	-1,311118E-2	1,398148E+0	1,396136E+0
20220917 10:08:55,486	c_0_2797_20220917_10_08_55,486.bmp	7,086231E-1	4,555574E+0	6,245971E-3	1,476871E-2	-6,786918E-3	-1,056144E-2	1,387954E+0	1,393578E+0
20220917 10:09:01,488	c_0_2798_20220917_10_09_01,488.bmp	7,124403E-1	4,575945E+0	6,245971E-3	8,388745E-3	8,454256E-4	-1,311118E-2	1,387954E+0	1,383347E+0
20220917 10:09:07,489	c_0_2799_20220917_10_09_07,489.bmp	7,175300E-1	4,600135E+0	8,791700E-3	7,112750E-3	5,933654E-3	-5,461963E-3	1,385405E+0	1,388463E+0
20220917 10:09:13,490	c_0_2800_20220917_10_09_13,490.bmp	7,188024E-1	4,614140E+0	7,518835E-3	1,349272E-2	-9,331032E-3	-1,821066E-2	1,395599E+0	1,393578E+0
20220917 10:09:19,492	c_0_2801_20220917_10_09_19,492.bmp	7,251644E-1	4,635783E+0	7,518835E-3	9,664739E-3	-1,441926E-2	-2,076040E-2	1,387954E+0	1,388463E+0
20220917 10:09:25,496	c_0_2802_20220917_10_09_25,496.bmp	7,251644E-1	4,651061E+0	7,518835E-3	1,221673E-2	-1,187515E-2	-1,566092E-2	1,398148E+0	1,393578E+0
20220917 10:09:31,497	c_0_2803_20220917_10_09_31,497.bmp	7,327988E-1	4,675251E+0	7,518835E-3	1,221673E-2	-6,786918E-3	-2,331014E-2	1,387954E+0	1,396136E+0
20220917 10:09:37,500	c_0_2804_20220917_10_09_37,500.bmp	7,391608E-1	4,693075E+0	8,791700E-3	1,349272E-2	-1,441926E-2	-1,821066E-2	1,395599E+0	1,396136E+0
20220917 10:09:43,505	c_0_2805_20220917_10_09_43,505.bmp	7,417056E-1	4,710900E+0	1,006456E-2	1,476871E-2	-1,187515E-2	-1,056144E-2	1,393051E+0	1,388463E+0
20220917 10:09:49,507	c_0_2806_20220917_10_09_49,507.bmp	7,467952E-1	4,732543E+0	8,791700E-3	1,221673E-2	-9,331032E-3	-2,912223E-3	1,398148E+0	1,385905E+0
20220917 10:09:55,507	c_0_2807_20220917_10_09_55,507.bmp	7,506124E-1	4,754187E+0	6,245971E-3	9,664739E-3	-1,441926E-2	-5,461963E-3	1,387954E+0	1,388463E+0
20220917 10:10:01,511	c_0_2808_20220917_10_10_01,511.bmp	7,569745E-1	4,778377E+0	4,973106E-3	8,388745E-3	-6,786918E-3	-8,011703E-3	1,382857E+0	1,383347E+0
20220917 10:10:07,511	c_0_2809_20220917_10_10_07,511.bmp	7,620641E-1	4,798748E+0	6,245971E-3	8,388745E-3	8,454256E-4	7,286736E-3	1,390502E+0	1,380789E+0
20220917 10:10:13,513	c_0_2810_20220917_10_10_13,513.bmp	7,620641E-1	4,814025E+0	7,518835E-3	1,094073E-2	-4,242803E-3	-8,011703E-3	1,387954E+0	1,388463E+0
20220917 10:10:19,516	c_0_2811_20220917_10_10_19,516.bmp	7,709709E-1	4,834396E+0	4,973106E-3	1,094073E-2	8,454256E-4	2,187256E-3	1,390502E+0	1,388463E+0
20220917 10:10:25,519	c_0_2812_20220917_10_10_25,519.bmp	7,747881E-1	4,850947E+0	4,973106E-3	1,349272E-2	-9,331032E-3	-1,056144E-2	1,398148E+0	1,388463E+0
20220917 10:10:31,521	c_0_2813_20220917_10_10_31,521.bmp	7,849673E-1	4,878957E+0	-1,183522E-4	1,094073E-2	-4,242803E-3	-8,011703E-3	1,382857E+0	1,388463E+0
20220917 10:10:37,526	c_0_2814_20220917_10_10_37,526.bmp	7,849673E-1	4,891688E+0	1,006456E-2	1,476871E-2	-6,786918E-3	-3,624835E-4	1,398148E+0	1,391021E+0
20220917 10:10:43,529	c_0_2815_20220917_10_10_43,529.bmp	7,926018E-1	4,910786E+0	1,006456E-2	1,476871E-2	-1,696338E-2	-2,076040E-2	1,398148E+0	1,393578E+0
20220917 10:10:49,529	c_0_2816_20220917_10_10_49,529.bmp	8,002362E-1	4,937522E+0	4,973106E-3	8,388745E-3	-4,242803E-3	1,238622E-2	1,385405E+0	1,383347E+0
20220917 10:10:55,532	c_0_2817_20220917_10_10_55,532.bmp	8,040534E-1	4,951527E+0	7,518835E-3	1,476871E-2	-1,187515E-2	-1,311118E-2	1,395599E+0	1,391021E+0
20220917 10:11:01,532	c_0_2818_20220917_10_11_01,532.bmp	8,065982E-1	4,971897E+0	6,245971E-3	1,349272E-2	-1,187515E-2	4,736996E-3	1,395599E+0	1,396136E+0
20220917 10:11:07,538	c_0_2819_20220917_10_11_07,538.bmp	8,091430E-1	4,996087E+0	4,973106E-3	1,094073E-2	-4,242803E-3	4,736996E-3	1,390502E+0	1,388463E+0
20220917 10:11:13,557	c_0_2820_20220917_10_11_13,557.bmp	8,142326E-1	5,015185E+0	8,791700E-3	1,094073E-2	-1,187515E-2	-5,461963E-3	1,390502E+0	1,388463E+0
20220917 10:11:19,560	c_0_2821_20220917_10_11_19,560.bmp	8,256843E-1	5,038101E+0	3,700242E-3	1,094073E-2	-1,698689E-3	-8,011703E-3	1,382857E+0	1,388463E+0
20220917 10:11:25,564	c_0_2822_20220917_10_11_25,564.bmp	8,295015E-1	5,054653E+0	6,245971E-3	1,349272E-2	-4,242803E-3	-8,011703E-3	1,387954E+0	1,396136E+0
20220917 10:11:31,568	c_0_2823_20220917_10_11_31,568.bmp	8,396807E-1	5,073750E+0	6,245971E-3	1,476871E-2	-6,786918E-3	-1,311118E-2	1,395599E+0	1,393578E+0
20220917 10:11:37,572	c_0_2824_20220917_10_11_37,572.bmp	8,485875E-1	5,094120E+0	7,518835E-3	1,094073E-2	-9,331032E-3	2,187256E-3	1,387954E+0	1,383347E+0
20220917 10:11:43,574	c_0_2825_20220917_10_11_43,574.bmp	8,600392E-1	5,110672E+0	8,791700E-3	1,094073E-2	-6,786918E-3	-3,624835E-4	1,395599E+0	1,385905E+0
20220917 10:11:49,577	c_0_2826_20220917_10_11_49,577.bmp	8,702184E-1	5,134862E+0	8,791700E-3	1,094073E-2	-1,441926E-2	-8,011703E-3	1,390502E+0	1,385905E+0
20220917 10:11:55,579	c_0_2827_20220917_10_11_55,579.bmp	8,867596E-1	5,152686E+0	6,245971E-3	1,349272E-2	-1,696338E-2	-1,821066E-2	1,395599E+0	1,396136E+0
20220917 10:12:01,582	c_0_2828_20220917_10_12_01,582.bmp	8,982113E-1	5,176876E+0	7,518835E-3	8,388745E-3	-4,242803E-3	-2,912223E-3	1,385405E+0	1,388463E+0
20220917 10:12:07,590	c_0_2829_20220917_10_12_07,590.bmp	9,109353E-1	5,198519E+0	7,518835E-3	8,388745E-3	-1,698689E-3	-2,912223E-3	1,385405E+0	1,380789E+0
20220917 10:12:13,593	c_0_2830_20220917_10_12_13,593.bmp	9,185697E-1	5,216344E+0	1,006456E-2	1,094073E-2	-6,786918E-3	-1,566092E-2	1,390502E+0	1,385905E+0
20220917 10:12:19,597	c_0_2831_20220917_10_12_19,597.bmp	9,312937E-1	5,234168E+0	7,518835E-3	8,388745E-3	8,454256E-4	2,258517E-2	1,387954E+0	1,383347E+0
20220917 10:12:25,599	c_0_2832_20220917_10_12_25,599.bmp	9,452902E-1	5,255812E+0	6,245971E-3	1,094073E-2	-1,187515E-2	-8,011703E-3	1,387954E+0	1,383347E+0
20220917 10:12:31,603	c_0_2833_20220917_10_12_31,603.bmp	9,567418E-1	5,274909E+0	6,245971E-3	1,094073E-2	8,454256E-4	4,736996E-3	1,387954E+0	1,383347E+0
20220917 10:12:37,607	c_0_2834_20220917_10_12_37,607.bmp	9,707383E-1	5,294006E+0	6,245971E-3	9,664739E-3	-1,696338E-2	-1,566092E-2	1,390502E+0	1,391021E+0
20220917 10:12:43,612	c_0_2835_20220917_10_12_43,612.bmp	9,821899E-1	5,315650E+0	3,700242E-3	1,094073E-2	3,389540E-3	2,187256E-3	1,387954E+0	1,388463E+0
20220917 10:12:49,613	c_0_2836_20220917_10_12_49,613.bmp	9,910967E-1	5,338567E+0	7,518835E-3	8,388745E-3	-6,786918E-3	4,736996E-3	1,382857E+0	1,380789E+0
20220917 10:12:55,614	c_0_2837_20220917_10_12_55,614.bmp	9,987311E-1	5,352572E+0	7,518835E-3	1,349272E-2	-9,331032E-3	-1,056144E-2	1,398148E+0	1,388463E+0
20220917 10:13:01,615	c_0_2838_20220917_10_13_01,615.bmp	1,012728E+0	5,371669E+0	6,245971E-3	1,349272E-2	-1,187515E-2	-1,311118E-2	1,398148E+0	1,388463E+0
20220917 10:13:07,618	c_0_2839_20220917_10_13_07,618.bmp	1,024179E+0	5,390766E+0	1,133743E-2	1,349272E-2	-1,441926E-2	2,187256E-3	1,398148E+0	1,396136E+0
20220917 10:13:13,619	c_0_2840_20220917_10_13_13,619.bmp	1,038176E+0	5,418776E+0	7,518835E-3	7,112750E-3	-4,242803E-3	-3,624835E-4	1,382857E+0	1,383347E+0
20220917 10:13:19,620	c_0_2841_20220917_10_13_19,620.bmp	1,052172E+0	5,436600E+0	2,427377E-3	1,094073E-2	-1,698689E-3	7,286736E-3	1,382857E+0	1,388463E+0
20220917 10:13:25,620	c_0_2842_20220917_10_13_25,620.bmp	1,067441E+0	5,450605E+0	7,518835E-3	1,349272E-2	-9,331032E-3	-1,311118E-2	1,395599E+0	1,396136E+0
20220917 10:13:31,622	c_0_2843_20220917_10_13_31,622.bmp	1,076348E+0	5,476068E+0	6,245971E-3	1,094073E-2	-1,187515E-2	-2,912223E-3	1,387954E+0	1,385905E+0
20220917 10:13:37,626	c_0_2844_20220917_10_13_37,626.bmp	1,083982E+0	5,493892E+0	1,006456E-2	1,094073E-2	-1,187515E-2	-8,011703E-3	1,387954E+0	1,388463E+0
20220917 10:13:43,630	c_0_2845_20220917_10_13_43,630.bmp	1,096706E+0	5,515536E+0	4,973106E-3	1,094073E-2	-1,441926E-2	-5,461963E-3	1,387954E+0	1,385905E+0
20220917 10:13:49,631	c_0_2846_20220917_10_13_49,631.bmp	1,110703E+0	5,537180E+0	3,700242E-3	8,388745E-3	-4,242803E-3	-3,624835E-4	1,382857E+0	1,383347E+0
20220917 10:13:55,631	c_0_2847_20220917_10_13_55,631.bmp	1,113247E+0	5,555004E+0	4,973106E-3	1,094073E-2	-6,786918E-3	-5,461963E-3	1,387954E+0	1,388463E+0
20220917 10:14:01,634	c_0_2848_20220917_10_14_01,634.bmp	1,122154E+0	5,572828E+0	7,518835E-3	1,094073E-2	-1,696338E-2	-1,056144E-2	1,390502E+0	1,383347E+0
20220917 10:14:07,637	c_0_2849_20220917_10_14_07,637.bmp	1,131061E+0	5,594472E+0	7,518835E-3	1,349272E-2	-9,331032E-3	-1,311118E-2	1,390502E+0	1,393578E+0
20220917 10:14:13,642	c_0_2850_20220917_10_14_13,642.bmp	1,143785E+0	5,613569E+0	2,427377E-3	9,664739E-3	-1,698689E-3	-5,461963E-3	1,390502E+0	1,385905E+0
20220917 10:14:19,644	c_0_2851_20220917_10_14_19,644.bmp	1,148875E+0	5,631394E+0	6,245971E-3	1,476871E-2	-9,331032E-3	-1,311118E-2	1,390502E+0	1,393578E+0
20220917 10:14:25,648	c_0_2852_20220917_10_14_25,648.bmp	1,151420E+0	5,654310E+0	1,006456E-2	1,094073E-2	-1,950749E-2	-2,912223E-3	1,390502E+0	1,388463E+0
20220917 10:14:31,648	c_0_2853_20220917_10_14_31,648.bmp	1,165416E+0	5,678500E+0	2,427377E-3	7,112750E-3	-6,786918E-3	-1,311118E-2	1,382857E+0	1,388463E+0
20220917 10:14:37,651	c_0_2854_20220917_10_14_37,651.bmp	1,170506E+0	5,695051E+0	7,518835E-3	1,094073E-2	-4,242803E-3	-5,461963E-3	1,390502E+0	1,388463E+0
20220917 10:14:43,655	c_0_2855_20220917_10_14_43,655.bmp	1,181957E+0	5,710329E+0	1,006456E-2	1,221673E-2	-1,696338E-2	-1,056144E-2	1,395599E+0	1,396136E+0
20220917 10:14:49,658	c_0_2856_20220917_10_14_49,658.bmp	1,188319E+0	5,731973E+0	8,791700E-3	1,094073E-2	-1,187515E-2	-5,461963E-3	1,398148E+0	1,388463E+0
20220917 10:14:55,658	c_0_2857_20220917_10_14_55,658.bmp	1,203588E+0	5,756163E+0	2,427377E-3	8,388745E-3	-1,698689E-3	-2,076040E-2	1,382857E+0	1,385905E+0
20220917 10:15:01,661	c_0_2858_20220917_10_15_01,661.bmp	1,209950E+0	5,775260E+0	7,518835E-3	1,094073E-2	-9,331032E-3	-1,566092E-2	1,387954E+0	1,393578E+0
20220917 10:15:07,664	c_0_2859_20220917_10_15_07,664.bmp	1,217585E+0	5,794358E+0	6,245971E-3	9,664739E-3	-6,786918E-3	-8,011703E-3	1,387954E+0	1,393578E+0
20220917 10:15:13,664	c_0_2860_20220917_10_15_13,664.bmp	1,227764E+0	5,813455E+0	6,245971E-3	9,664739E-3	-6,786918E-3	7,286736E-3	1,390502E+0	1,383347E+0
20220917 10:15:19,668	c_0_2861_20220917_10_15_19,668.bmp	1,231581E+0	5,830006E+0	8,791700E-3	1,349272E-2	-1,950749E-2	-8,011703E-3	1,395599E+0	1,396136E+0
20220917 10:15:25,671	c_0_2862_20220917_10_15_25,671.bmp	1,244305E+0	5,855469E+0	7,518835E-3	1,094073E-2	-6,786918E-3	-1,311118E-2	1,390502E+0	1,385905E+0
20220917 10:15:31,672	c_0_2863_20220917_10_15_31,672.bmp	1,253212E+0	5,873294E+0	3,700242E-3	1,094073E-2	-4,242803E-3	-2,912223E-3	1,387954E+0	1,385905E+0
20220917 10:15:37,676	c_0_2864_20220917_10_15_37,676.bmp	1,227764E+0	5,896211E+0	6,245971E-3	8,388745E-3	-9,331032E-3	2,187256E-3	1,382857E+0	1,385905E+0
20220917 10:15:43,678	c_0_2865_20220917_10_15_43,678.bmp	1,185774E+0	5,916581E+0	3,700242E-3	7,112750E-3	-6,786918E-3	7,286736E-3	1,385405E+0	1,383347E+0
20220917 10:15:49,679	c_0_2866_20220917_10_15_49,679.bmp	1,166688E+0	5,936952E+0	2,427377E-3	9,664739E-3	8,454256E-4	-1,056144E-2	1,385405E+0	1,388463E+0
20220917 10:15:55,682	c_0_2867_20220917_10_15_55,682.bmp	1,160326E+0	5,954776E+0	3,700242E-3	5,836756E-3	-1,698689E-3	-2,912223E-3	1,385405E+0	1,383347E+0
20220917 10:16:01,686	c_0_2868_20220917_10_16_01,686.bmp	1,152692E+0	5,975146E+0	7,518835E-3	1,094073E-2	-1,187515E-2	-2,912223E-3	1,390502E+0	1,383347E+0
20220917 10:16:07,690	c_0_2869_20220917_10_16_07,690.bmp	1,125971E+0	5,998063E+0	2,427377E-3	7,112750E-3	-1,698689E-3	9,836476E-3	1,385405E+0	1,383347E+0
20220917 10:16:13,692	c_0_2870_20220917_10_16_13,692.bmp	1,094161E+0	6,012068E+0	7,518835E-3	7,112750E-3	-6,786918E-3	2,187256E-3	1,387954E+0	1,380789E+0
20220917 10:16:19,697	c_0_2871_20220917_10_16_19,697.bmp	6,704510E-1	6,031165E+0	8,791700E-3	1,476871E-2	-1,187515E-2	-1,821066E-2	1,398148E+0	1,388463E+0
20220917 10:16:25,700	c_0_2872_20220917_10_16_25,700.bmp	6,373685E-1	6,055355E+0	4,973106E-3	8,388745E-3	-6,786918E-3	9,836476E-3	1,382857E+0	1,388463E+0
20220917 10:16:31,703	c_0_2873_20220917_10_16_31,703.bmp	6,246445E-1	6,073180E+0	6,245971E-3	1,094073E-2	8,454256E-4	-1,056144E-2	1,387954E+0	1,388463E+0
20220917 10:16:37,703	c_0_2874_20220917_10_16_37,703.bmp	6,208273E-1	6,096097E+0	4,973106E-3	7,112750E-3	-6,786918E-3	-3,624835E-4	1,382857E+0	1,388463E+0
20220917 10:16:43,707	c_0_2875_20220917_10_16_43,707.bmp	6,055585E-1	6,113921E+0	6,245971E-3	1,094073E-2	-4,242803E-3	-5,461963E-3	1,390502E+0	1,388463E+0
20220917 10:16:49,710	c_0_2876_20220917_10_16_49,710.bmp	5,966516E-1	6,134291E+0	6,245971E-3	1,349272E-2	-1,698689E-3	-1,056144E-2	1,390502E+0	1,393578E+0
20220917 10:16:55,713	c_0_2877_20220917_10_16_55,713.bmp	5,966516E-1	6,153389E+0	6,245971E-3	8,388745E-3	-6,786918E-3	-2,912223E-3	1,387954E+0	1,383347E+0
20220917 10:17:01,714	c_0_2878_20220917_10_17_01,714.bmp	6,004688E-1	6,177579E+0	7,518835E-3	8,388745E-3	-1,187515E-2	1,238622E-2	1,385405E+0	1,383347E+0
20220917 10:17:07,718	c_0_2879_20220917_10_17_07,718.bmp	6,042860E-1	6,191583E+0	7,518835E-3	1,349272E-2	-2,459572E-2	-2,912223E-3	1,395599E+0	1,393578E+0
20220917 10:17:13,720	c_0_2880_20220917_10_17_13,720.bmp	6,131929E-1	6,213227E+0	3,700242E-3	1,094073E-2	5,933654E-3	2,187256E-3	1,390502E+0	1,388463E+0
20220917 10:17:19,721	c_0_2881_20220917_10_17_19,721.bmp	6,170101E-1	6,237417E+0	3,700242E-3	8,388745E-3	3,389540E-3	-2,912223E-3	1,382857E+0	1,388463E+0
20220917 10:17:25,724	c_0_2882_20220917_10_17_25,724.bmp	6,208273E-1	6,248876E+0	7,518835E-3	1,349272E-2	-6,786918E-3	-1,821066E-2	1,390502E+0	1,396136E+0
20220917 10:17:31,725	c_0_2883_20220917_10_17_31,725.bmp	6,233721E-1	6,273066E+0	1,006456E-2	1,094073E-2	-3,986040E-2	-2,912223E-3	1,387954E+0	1,388463E+0
20220917 10:17:37,729	c_0_2884_20220917_10_17_37,729.bmp	6,386409E-1	6,294709E+0	3,700242E-3	9,664739E-3	-6,786918E-3	-1,311118E-2	1,390502E+0	1,388463E+0
20220917 10:17:43,729	c_0_2885_20220917_10_17_43,729.bmp	6,424582E-1	6,315080E+0	3,700242E-3	1,094073E-2	-1,187515E-2	-2,912223E-3	1,387954E+0	1,388463E+0
20220917 10:17:49,731	c_0_2886_20220917_10_17_49,731.bmp	6,462754E-1	6,336724E+0	7,518835E-3	7,112750E-3	-9,331032E-3	-3,624835E-4	1,382857E+0	1,383347E+0
20220917 10:17:55,734	c_0_2887_20220917_10_17_55,734.bmp	6,500926E-1	6,353275E+0	4,973106E-3	1,094073E-2	-1,696338E-2	-5,461963E-3	1,390502E+0	1,388463E+0
20220917 10:18:01,738	c_0_2888_20220917_10_18_01,738.bmp	6,602718E-1	6,374918E+0	7,518835E-3	8,388745E-3	-4,242803E-3	-3,624835E-4	1,390502E+0	1,383347E+0
20220917 10:18:07,741	c_0_2889_20220917_10_18_07,741.bmp	6,666338E-1	6,392743E+0	6,245971E-3	1,349272E-2	8,454256E-4	-1,056144E-2	1,387954E+0	1,393578E+0
20220917 10:18:13,743	c_0_2890_20220917_10_18_13,743.bmp	6,717234E-1	6,411840E+0	8,791700E-3	1,094073E-2	-9,331032E-3	-8,011703E-3	1,395599E+0	1,388463E+0
20220917 10:18:19,747	c_0_2891_20220917_10_18_19,747.bmp	6,819027E-1	6,429664E+0	7,518835E-3	1,349272E-2	-1,950749E-2	-1,821066E-2	1,395599E+0	1,396136E+0
20220917 10:18:25,751	c_0_2892_20220917_10_18_25,751.bmp	6,920819E-1	6,457674E+0	7,518835E-3	8,388745E-3	2,374246E-2	-1,056144E-2	1,382857E+0	1,388463E+0
20220917 10:18:31,754	c_0_2893_20220917_10_18_31,754.bmp	6,984439E-1	6,476771E+0	7,518835E-3	5,836756E-3	1,102188E-2	2,187256E-3	1,382857E+0	1,388463E+0
20220917 10:18:37,756	c_0_2894_20220917_10_18_37,756.bmp	7,073507E-1	6,493322E+0	4,973106E-3	9,664739E-3	-1,187515E-2	-8,011703E-3	1,390502E+0	1,388463E+0
20220917 10:18:43,759	c_0_2895_20220917_10_18_43,759.bmp	7,111679E-1	6,512419E+0	7,518835E-3	1,094073E-2	-4,242803E-3	9,836476E-3	1,390502E+0	1,388463E+0
20220917 10:18:49,762	c_0_2896_20220917_10_18_49,762.bmp	7,200748E-1	6,536610E+0	6,245971E-3	8,388745E-3	3,389540E-3	2,187256E-3	1,385405E+0	1,380789E+0
20220917 10:18:55,764	c_0_2897_20220917_10_18_55,764.bmp	7,264368E-1	6,550614E+0	1,006456E-2	1,094073E-2	-1,950749E-2	-8,011703E-3	1,395599E+0	1,388463E+0
20220917 10:19:01,765	c_0_2898_20220917_10_19_01,765.bmp	7,327988E-1	6,573531E+0	8,791700E-3	1,094073E-2	3,389540E-3	2,187256E-3	1,387954E+0	1,383347E+0
20220917 10:19:07,769	c_0_2899_20220917_10_19_07,769.bmp	7,404332E-1	6,595175E+0	7,518835E-3	1,349272E-2	-6,786918E-3	-5,461963E-3	1,387954E+0	1,393578E+0
20220917 10:19:13,772	c_0_2900_20220917_10_19_13,772.bmp	7,493400E-1	6,615545E+0	3,700242E-3	1,094073E-2	1,356600E-2	-1,311118E-2	1,390502E+0	1,388463E+0
20220917 10:19:19,776	c_0_2901_20220917_10_19_19,776.bmp	7,518849E-1	6,635916E+0	7,518835E-3	1,094073E-2	-4,242803E-3	-2,076040E-2	1,390502E+0	1,383347E+0
20220917 10:19:25,777	c_0_2902_20220917_10_19_25,777.bmp	7,607917E-1	6,653740E+0	6,245971E-3	1,094073E-2	-6,786918E-3	-1,056144E-2	1,387954E+0	1,388463E+0
20220917 10:19:31,778	c_0_2903_20220917_10_19_31,778.bmp	7,633365E-1	6,674111E+0	1,006456E-2	1,094073E-2	-1,696338E-2	-5,461963E-3	1,387954E+0	1,383347E+0
20220917 10:19:37,783	c_0_2904_20220917_10_19_37,783.bmp	7,747881E-1	6,693208E+0	7,518835E-3	1,094073E-2	3,389540E-3	-3,624835E-4	1,387954E+0	1,388463E+0
20220917 10:19:43,784	c_0_2905_20220917_10_19_43,784.bmp	7,798777E-1	6,711032E+0	1,006456E-2	9,664739E-3	-9,331032E-3	-5,461963E-3	1,398148E+0	1,388463E+0
20220917 10:19:49,785	c_0_2906_20220917_10_19_49,785.bmp	7,951466E-1	6,737769E+0	2,427377E-3	1,094073E-2	8,454256E-4	2,187256E-3	1,382857E+0	1,388463E+0
20220917 10:19:55,786	c_0_2907_20220917_10_19_55,786.bmp	7,951466E-1	6,750500E+0	8,791700E-3	1,094073E-2	-1,441926E-2	-2,912223E-3	1,395599E+0	1,388463E+0
20220917 10:20:01,786	c_0_2908_20220917_10_20_01,786.bmp	8,078706E-1	6,770871E+0	6,245971E-3	1,349272E-2	-1,696338E-2	-8,011703E-3	1,398148E+0	1,393578E+0
20220917 10:20:07,787	c_0_2909_20220917_10_20_07,787.bmp	8,180498E-1	6,795061E+0	7,518835E-3	1,094073E-2	-6,786918E-3	-3,624835E-4	1,390502E+0	1,396136E+0
20220917 10:20:13,794	c_0_2910_20220917_10_20_13,794.bmp	8,205946E-1	6,810339E+0	1,006456E-2	1,349272E-2	-6,786918E-3	2,187256E-3	1,398148E+0	1,396136E+0
20220917 10:20:19,794	c_0_2911_20220917_10_20_19,794.bmp	8,307739E-1	6,838348E+0	4,973106E-3	1,094073E-2	8,454256E-4	-8,011703E-3	1,385405E+0	1,388463E+0
20220917 10:20:25,797	c_0_2912_20220917_10_20_25,797.bmp	8,384083E-1	6,854899E+0	4,973106E-3	1,094073E-2	-9,331032E-3	-1,821066E-2	1,390502E+0	1,383347E+0
20220917 10:20:31,798	c_0_2913_20220917_10_20_31,798.bmp	8,498599E-1	6,875270E+0	3,700242E-3	1,094073E-2	-6,786918E-3	-5,461963E-3	1,387954E+0	1,393578E+0
20220917 10:20:37,799	c_0_2914_20220917_10_20_37,799.bmp	8,536771E-1	6,894367E+0	7,518835E-3	1,094073E-2	-1,187515E-2	-8,011703E-3	1,387954E+0	1,383347E+0
20220917 10:20:43,801	c_0_2915_20220917_10_20_43,801.bmp	8,651288E-1	6,913465E+0	6,245971E-3	5,836756E-3	-1,187515E-2	-3,624835E-4	1,387954E+0	1,383347E+0
20220917 10:20:49,805	c_0_2916_20220917_10_20_49,805.bmp	8,765804E-1	6,933835E+0	4,973106E-3	1,094073E-2	5,933654E-3	-5,461963E-3	1,387954E+0	1,388463E+0
20220917 10:20:55,807	c_0_2917_20220917_10_20_55,807.bmp	8,842148E-1	6,954206E+0	3,700242E-3	1,094073E-2	8,454256E-4	9,836476E-3	1,390502E+0	1,388463E+0
20220917 10:21:01,807	c_0_2918_20220917_10_21_01,807.bmp	8,905768E-1	6,975849E+0	7,518835E-3	1,094073E-2	-6,786918E-3	2,187256E-3	1,387954E+0	1,383347E+0
20220917 10:21:07,811	c_0_2919_20220917_10_21_07,811.bmp	8,994837E-1	6,998766E+0	7,518835E-3	5,836756E-3	-6,786918E-3	4,736996E-3	1,382857E+0	1,380789E+0
20220917 10:21:13,812	c_0_2920_20220917_10_21_13,812.bmp	9,134801E-1	7,017864E+0	4,973106E-3	8,388745E-3	-4,242803E-3	-5,461963E-3	1,382857E+0	1,385905E+0
20220917 10:21:19,812	c_0_2921_20220917_10_21_19,812.bmp	9,223869E-1	7,038234E+0	3,700242E-3	1,094073E-2	-1,698689E-3	-3,624835E-4	1,382857E+0	1,388463E+0
20220917 10:21:25,817	c_0_2922_20220917_10_21_25,817.bmp	9,312937E-1	7,056058E+0	3,700242E-3	1,094073E-2	-1,698689E-3	-5,461963E-3	1,382857E+0	1,388463E+0
20220917 10:21:31,827	c_0_2923_20220917_10_21_31,827.bmp	9,363834E-1	7,070063E+0	6,245971E-3	1,349272E-2	-1,696338E-2	-1,311118E-2	1,398148E+0	1,393578E+0
20220917 10:21:37,827	c_0_2924_20220917_10_21_37,827.bmp	9,491074E-1	7,096799E+0	3,700242E-3	1,094073E-2	8,454256E-4	-8,011703E-3	1,382857E+0	1,385905E+0
20220917 10:21:43,833	c_0_2925_20220917_10_21_43,833.bmp	9,503798E-1	7,110804E+0	8,791700E-3	1,094073E-2	-1,696338E-2	-1,566092E-2	1,395599E+0	1,388463E+0
20220917 10:21:49,835	c_0_2926_20220917_10_21_49,835.bmp	9,592866E-1	7,131175E+0	8,791700E-3	1,349272E-2	-6,786918E-3	-3,624835E-4	1,398148E+0	1,393578E+0
20220917 10:21:55,841	c_0_2927_20220917_10_21_55,841.bmp	9,720107E-1	7,151545E+0	1,006456E-2	1,094073E-2	-1,696338E-2	-8,011703E-3	1,398148E+0	1,388463E+0
20220917 10:22:01,843	c_0_2928_20220917_10_22_01,843.bmp	9,872795E-1	7,170643E+0	1,006456E-2	1,349272E-2	-1,441926E-2	-1,056144E-2	1,395599E+0	1,393578E+0
20220917 10:22:07,843	c_0_2929_20220917_10_22_07,843.bmp	9,923691E-1	7,192286E+0	1,006456E-2	1,094073E-2	-1,696338E-2	-2,076040E-2	1,387954E+0	1,388463E+0
20220917 10:22:13,843	c_0_2930_20220917_10_22_13,843.bmp	1,010183E+0	7,217750E+0	3,700242E-3	1,094073E-2	-9,331032E-3	-8,011703E-3	1,382857E+0	1,388463E+0
20220917 10:22:19,847	c_0_2931_20220917_10_22_19,847.bmp	1,011455E+0	7,231754E+0	1,006456E-2	1,349272E-2	-6,786918E-3	-1,311118E-2	1,395599E+0	1,396136E+0
20220917 10:22:25,851	c_0_2932_20220917_10_22_25,851.bmp	1,027996E+0	7,257217E+0	3,700242E-3	1,094073E-2	8,454256E-4	-8,011703E-3	1,385405E+0	1,388463E+0
20220917 10:22:31,853	c_0_2933_20220917_10_22_31,853.bmp	1,036903E+0	7,273769E+0	7,518835E-3	1,094073E-2	-6,786918E-3	-1,821066E-2	1,390502E+0	1,388463E+0
20220917 10:22:37,857	c_0_2934_20220917_10_22_37,857.bmp	1,041993E+0	7,296685E+0	3,700242E-3	8,388745E-3	3,389540E-3	2,187256E-3	1,385405E+0	1,383347E+0
20220917 10:22:43,857	c_0_2935_20220917_10_22_43,857.bmp	1,054717E+0	7,314510E+0	3,700242E-3	1,094073E-2	-6,786918E-3	-8,011703E-3	1,387954E+0	1,388463E+0
20220917 10:22:49,862	c_0_2936_20220917_10_22_49,862.bmp	1,059806E+0	7,334880E+0	6,245971E-3	5,836756E-3	-9,331032E-3	-2,912223E-3	1,387954E+0	1,380789E+0
20220917 10:22:55,863	c_0_2937_20220917_10_22_55,863.bmp	1,063624E+0	7,350158E+0	1,006456E-2	1,094073E-2	-1,187515E-2	-8,011703E-3	1,398148E+0	1,388463E+0
20220917 10:23:01,863	c_0_2938_20220917_10_23_01,863.bmp	1,077620E+0	7,375621E+0	6,245971E-3	8,388745E-3	-4,242803E-3	-2,912223E-3	1,387954E+0	1,383347E+0
20220917 10:23:07,864	c_0_2939_20220917_10_23_07,864.bmp	1,085255E+0	7,393445E+0	7,518835E-3	1,094073E-2	-6,786918E-3	-8,011703E-3	1,390502E+0	1,385905E+0
20220917 10:23:13,864	c_0_2940_20220917_10_23_13,864.bmp	1,091617E+0	7,416362E+0	7,518835E-3	8,388745E-3	-1,698689E-3	-1,056144E-2	1,385405E+0	1,383347E+0
20220917 10:23:19,867	c_0_2941_20220917_10_23_19,867.bmp	1,099251E+0	7,430367E+0	6,245971E-3	1,349272E-2	-6,786918E-3	-1,566092E-2	1,395599E+0	1,396136E+0
20220917 10:23:25,872	c_0_2942_20220917_10_23_25,872.bmp	1,104341E+0	7,450738E+0	8,791700E-3	1,094073E-2	-2,205160E-2	-3,624835E-4	1,395599E+0	1,385905E+0
20220917 10:23:31,876	c_0_2943_20220917_10_23_31,876.bmp	1,115792E+0	7,471108E+0	6,245971E-3	1,476871E-2	-1,696338E-2	-2,840962E-2	1,398148E+0	1,396136E+0
20220917 10:23:37,880	c_0_2944_20220917_10_23_37,880.bmp	1,127244E+0	7,492752E+0	7,518835E-3	1,349272E-2	-1,187515E-2	-1,311118E-2	1,387954E+0	1,393578E+0
20220917 10:23:43,885	c_0_2945_20220917_10_23_43,885.bmp	1,134878E+0	7,518215E+0	3,700242E-3	1,094073E-2	1,356600E-2	-3,624835E-4	1,382857E+0	1,388463E+0
20220917 10:23:49,888	c_0_2946_20220917_10_23_49,888.bmp	1,138696E+0	7,533493E+0	3,700242E-3	1,094073E-2	-1,187515E-2	-8,011703E-3	1,387954E+0	1,388463E+0
20220917 10:23:55,893	c_0_2947_20220917_10_23_55,893.bmp	1,138696E+0	7,555137E+0	7,518835E-3	8,388745E-3	-9,331032E-3	2,187256E-3	1,387954E+0	1,383347E+0
20220917 10:24:01,894	c_0_2948_20220917_10_24_01,894.bmp	1,142513E+0	7,576780E+0	3,700242E-3	1,094073E-2	-4,242803E-3	-2,912223E-3	1,382857E+0	1,391021E+0
20220917 10:24:07,895	c_0_2949_20220917_10_24_07,895.bmp	1,096706E+0	7,597151E+0	3,700242E-3	5,836756E-3	8,454256E-4	9,836476E-3	1,382857E+0	1,380789E+0
20220917 10:24:13,897	c_0_2950_20220917_10_24_13,897.bmp	1,054717E+0	7,614975E+0	6,245971E-3	1,349272E-2	3,389540E-3	-8,011703E-3	1,387954E+0	1,396136E+0
20220917 10:24:19,902	c_0_2951_20220917_10_24_19,902.bmp	1,030541E+0	7,635346E+0	4,973106E-3	8,388745E-3	-1,696338E-2	-2,912223E-3	1,390502E+0	1,383347E+0
20220917 10:24:25,904	c_0_2952_20220917_10_24_25,904.bmp	7,213472E-1	7,658263E+0	7,518835E-3	8,388745E-3	-1,187515E-2	-1,566092E-2	1,382857E+0	1,383347E+0
20220917 10:24:31,908	c_0_2953_20220917_10_24_31,908.bmp	7,111679E-1	7,673540E+0	8,791700E-3	9,664739E-3	-4,242803E-3	-1,056144E-2	1,393051E+0	1,385905E+0
20220917 10:24:37,910	c_0_2954_20220917_10_24_37,910.bmp	7,111679E-1	7,692638E+0	6,245971E-3	1,094073E-2	-9,331032E-3	-1,566092E-2	1,387954E+0	1,388463E+0
20220917 10:24:43,914	c_0_2955_20220917_10_24_43,914.bmp	7,175300E-1	7,710462E+0	7,518835E-3	1,349272E-2	-2,459572E-2	-2,076040E-2	1,398148E+0	1,388463E+0
20220917 10:24:49,918	c_0_2956_20220917_10_24_49,918.bmp	7,213472E-1	7,733379E+0	6,245971E-3	1,094073E-2	-6,786918E-3	-1,056144E-2	1,390502E+0	1,385905E+0
20220917 10:24:55,921	c_0_2957_20220917_10_24_55,921.bmp	7,264368E-1	7,752476E+0	7,518835E-3	1,094073E-2	-9,331032E-3	-2,912223E-3	1,390502E+0	1,385905E+0
20220917 10:25:01,924	c_0_2958_20220917_10_25_01,924.bmp	7,289816E-1	7,772847E+0	6,245971E-3	1,094073E-2	-6,786918E-3	-8,011703E-3	1,390502E+0	1,393578E+0
20220917 10:25:07,925	c_0_2959_20220917_10_25_07,925.bmp	7,378884E-1	7,798310E+0	3,700242E-3	1,094073E-2	3,389540E-3	-3,624835E-4	1,382857E+0	1,385905E+0
20220917 10:25:13,930	c_0_2960_20220917_10_25_13,930.bmp	7,417056E-1	7,814861E+0	2,427377E-3	1,094073E-2	-4,242803E-3	-5,461963E-3	1,387954E+0	1,393578E+0
20220917 10:25:19,934	c_0_2961_20220917_10_25_19,934.bmp	7,442504E-1	7,837778E+0	3,700242E-3	8,388745E-3	-6,786918E-3	7,286736E-3	1,385405E+0	1,388463E+0
20220917 10:25:25,936	c_0_2962_20220917_10_25_25,936.bmp	7,442504E-1	7,851783E+0	7,518835E-3	1,349272E-2	8,477769E-3	-8,011703E-3	1,395599E+0	1,396136E+0
20220917 10:25:31,939	c_0_2963_20220917_10_25_31,939.bmp	7,518849E-1	7,874700E+0	6,245971E-3	1,094073E-2	-1,187515E-2	-8,011703E-3	1,387954E+0	1,396136E+0
20220917 10:25:37,943	c_0_2964_20220917_10_25_37,943.bmp	7,544297E-1	7,895070E+0	7,518835E-3	8,388745E-3	-9,331032E-3	-5,461963E-3	1,387954E+0	1,380789E+0
20220917 10:25:43,943	c_0_2965_20220917_10_25_43,943.bmp	7,595193E-1	7,911621E+0	7,518835E-3	1,349272E-2	-1,187515E-2	-1,566092E-2	1,395599E+0	1,396136E+0
20220917 10:25:49,945	c_0_2966_20220917_10_25_49,945.bmp	7,620641E-1	7,933265E+0	8,791700E-3	1,476871E-2	-1,696338E-2	-1,566092E-2	1,395599E+0	1,393578E+0
20220917 10:25:55,948	c_0_2967_20220917_10_25_55,948.bmp	7,684261E-1	7,953635E+0	8,791700E-3	1,094073E-2	-1,441926E-2	1,238622E-2	1,390502E+0	1,388463E+0
20220917 10:26:01,950	c_0_2968_20220917_10_26_01,950.bmp	7,786053E-1	7,977825E+0	3,700242E-3	7,112750E-3	-4,242803E-3	-5,461963E-3	1,385405E+0	1,388463E+0
20220917 10:26:07,954	c_0_2969_20220917_10_26_07,954.bmp	7,811501E-1	7,996923E+0	6,245971E-3	5,836756E-3	8,477769E-3	2,187256E-3	1,382857E+0	1,380789E+0
20220917 10:26:13,958	c_0_2970_20220917_10_26_13,958.bmp	7,824225E-1	8,004562E+0	6,245971E-3	1,094073E-2	-1,696338E-2	-5,461963E-3	1,390502E+0	1,385905E+0
