20220917 09:46:12,789	c_1_2570_20220917_09_46_12,789.bmp	6,224216E-2	1,294318E-2	8,791700E-3	1,221673E-2	-1,696338E-2	2,187256E-3	1,395599E+0	1,388463E+0
20220917 09:46:18,790	c_1_2571_20220917_09_46_18,790.bmp	1,385864E-1	3,713320E-2	4,973106E-3	7,112750E-3	-9,331032E-3	-8,011703E-3	1,387954E+0	1,383347E+0
20220917 09:46:24,797	c_1_2572_20220917_09_46_24,797.bmp	2,072962E-1	6,005006E-2	3,700242E-3	1,094073E-2	8,454256E-4	4,736996E-3	1,382857E+0	1,388463E+0
20220917 09:46:30,799	c_1_2573_20220917_09_46_30,799.bmp	2,760059E-1	7,660113E-2	2,427377E-3	1,094073E-2	-4,242803E-3	-3,624835E-4	1,390502E+0	1,393578E+0
20220917 09:46:36,801	c_1_2574_20220917_09_46_36,801.bmp	3,408985E-1	9,442535E-2	8,791700E-3	1,476871E-2	-1,187515E-2	-8,011703E-3	1,398148E+0	1,396136E+0
20220917 09:46:42,805	c_1_2575_20220917_09_46_42,805.bmp	4,134255E-1	1,160691E-1	7,518835E-3	9,664739E-3	-1,696338E-2	-8,011703E-3	1,390502E+0	1,388463E+0
20220917 09:46:48,806	c_1_2576_20220917_09_46_48,806.bmp	4,884973E-1	1,377128E-1	6,245971E-3	1,094073E-2	-1,187515E-2	-2,912223E-3	1,387954E+0	1,388463E+0
20220917 09:46:54,807	c_1_2577_20220917_09_46_54,807.bmp	5,533899E-1	1,542638E-1	1,006456E-2	1,349272E-2	-1,187515E-2	-1,311118E-2	1,398148E+0	1,388463E+0
20220917 09:47:00,809	c_1_2578_20220917_09_47_00,809.bmp	6,233721E-1	1,759075E-1	6,245971E-3	1,094073E-2	-6,786918E-3	-1,311118E-2	1,387954E+0	1,388463E+0
20220917 09:47:06,812	c_1_2579_20220917_09_47_06,812.bmp	6,971715E-1	1,962781E-1	4,973106E-3	7,112750E-3	-4,242803E-3	2,187256E-3	1,390502E+0	1,380789E+0
20220917 09:47:12,815	c_1_2580_20220917_09_47_12,815.bmp	7,684261E-1	2,204681E-1	3,700242E-3	1,094073E-2	-1,698689E-3	-1,821066E-2	1,382857E+0	1,388463E+0
20220917 09:47:18,817	c_1_2581_20220917_09_47_18,817.bmp	8,333187E-1	2,382923E-1	7,518835E-3	7,112750E-3	1,611011E-2	4,736996E-3	1,382857E+0	1,380789E+0
20220917 09:47:24,818	c_1_2582_20220917_09_47_24,818.bmp	9,007561E-1	2,561165E-1	1,154512E-3	1,094073E-2	-4,242803E-3	-2,912223E-3	1,387954E+0	1,388463E+0
20220917 09:47:30,821	c_1_2583_20220917_09_47_30,821.bmp	9,529246E-1	2,739408E-1	1,006456E-2	1,349272E-2	-4,242803E-3	2,187256E-3	1,398148E+0	1,388463E+0
20220917 09:47:36,826	c_1_2584_20220917_09_47_36,826.bmp	1,014000E+0	3,006771E-1	2,427377E-3	1,094073E-2	8,454256E-4	-1,311118E-2	1,382857E+0	1,388463E+0
20220917 09:47:42,828	c_1_2585_20220917_09_47_42,828.bmp	1,058534E+0	3,159550E-1	7,518835E-3	1,094073E-2	-6,786918E-3	-8,011703E-3	1,387954E+0	1,388463E+0
20220917 09:47:48,832	c_1_2586_20220917_09_47_48,832.bmp	1,097979E+0	3,414182E-1	3,700242E-3	1,094073E-2	8,454256E-4	-1,311118E-2	1,385405E+0	1,388463E+0
20220917 09:47:54,834	c_1_2587_20220917_09_47_54,834.bmp	1,128516E+0	3,566961E-1	1,006456E-2	1,094073E-2	-9,331032E-3	-8,011703E-3	1,395599E+0	1,388463E+0
20220917 09:48:00,834	c_1_2588_20220917_09_48_00,834.bmp	1,165416E+0	3,783398E-1	7,518835E-3	5,836756E-3	-4,242803E-3	-3,624835E-4	1,387954E+0	1,383347E+0
20220917 09:48:06,837	c_1_2589_20220917_09_48_06,837.bmp	1,202316E+0	3,961640E-1	3,700242E-3	1,094073E-2	-6,786918E-3	-8,011703E-3	1,387954E+0	1,385905E+0
20220917 09:48:12,840	c_1_2590_20220917_09_48_12,840.bmp	1,232853E+0	4,152614E-1	7,518835E-3	7,112750E-3	-6,786918E-3	2,187256E-3	1,390502E+0	1,383347E+0
20220917 09:48:18,844	c_1_2591_20220917_09_48_18,844.bmp	1,262119E+0	4,330856E-1	8,791700E-3	1,094073E-2	-9,331032E-3	-1,056144E-2	1,398148E+0	1,388463E+0
20220917 09:48:24,846	c_1_2592_20220917_09_48_24,846.bmp	1,297746E+0	4,509099E-1	1,006456E-2	1,094073E-2	-9,331032E-3	9,836476E-3	1,398148E+0	1,388463E+0
20220917 09:48:30,847	c_1_2593_20220917_09_48_30,847.bmp	1,334646E+0	4,750999E-1	2,427377E-3	1,094073E-2	-1,187515E-2	-8,011703E-3	1,390502E+0	1,396136E+0
20220917 09:48:36,847	c_1_2594_20220917_09_48_36,847.bmp	1,366456E+0	4,967436E-1	7,518835E-3	8,388745E-3	-1,187515E-2	-5,461963E-3	1,393051E+0	1,383347E+0
20220917 09:48:42,848	c_1_2595_20220917_09_48_42,848.bmp	1,379180E+0	5,171141E-1	7,518835E-3	5,836756E-3	8,454256E-4	4,736996E-3	1,390502E+0	1,383347E+0
20220917 09:48:48,850	c_1_2596_20220917_09_48_48,850.bmp	1,398266E+0	5,387578E-1	3,700242E-3	8,388745E-3	-6,786918E-3	-3,624835E-4	1,382857E+0	1,388463E+0
20220917 09:48:54,852	c_1_2597_20220917_09_48_54,852.bmp	1,422441E+0	5,565820E-1	6,245971E-3	1,094073E-2	-1,187515E-2	-8,011703E-3	1,393051E+0	1,396136E+0
20220917 09:49:00,853	c_1_2598_20220917_09_49_00,853.bmp	1,451707E+0	5,731331E-1	1,006456E-2	1,349272E-2	-1,950749E-2	-3,624835E-4	1,395599E+0	1,385905E+0
20220917 09:49:06,856	c_1_2599_20220917_09_49_06,856.bmp	1,488606E+0	5,935037E-1	8,791700E-3	1,476871E-2	-9,331032E-3	4,736996E-3	1,395599E+0	1,396136E+0
20220917 09:49:12,861	c_1_2600_20220917_09_49_12,861.bmp	1,521689E+0	6,176937E-1	4,973106E-3	7,112750E-3	-1,187515E-2	-8,011703E-3	1,390502E+0	1,383347E+0
20220917 09:49:18,861	c_1_2601_20220917_09_49_18,861.bmp	1,553499E+0	6,380642E-1	3,700242E-3	8,388745E-3	5,933654E-3	2,187256E-3	1,382857E+0	1,383347E+0
20220917 09:49:24,863	c_1_2602_20220917_09_49_24,863.bmp	1,581492E+0	6,520690E-1	1,006456E-2	1,476871E-2	-1,696338E-2	-2,331014E-2	1,398148E+0	1,396136E+0
20220917 09:49:30,864	c_1_2603_20220917_09_49_30,864.bmp	1,604395E+0	6,762590E-1	6,245971E-3	1,094073E-2	-6,786918E-3	-2,076040E-2	1,387954E+0	1,388463E+0
20220917 09:49:36,865	c_1_2604_20220917_09_49_36,865.bmp	1,628571E+0	6,940832E-1	4,973106E-3	1,349272E-2	8,454256E-4	-1,311118E-2	1,398148E+0	1,396136E+0
20220917 09:49:42,868	c_1_2605_20220917_09_49_42,868.bmp	1,648929E+0	7,170001E-1	6,245971E-3	1,094073E-2	-1,187515E-2	-5,461963E-3	1,387954E+0	1,385905E+0
20220917 09:49:48,868	c_1_2606_20220917_09_49_48,868.bmp	1,665471E+0	7,373706E-1	7,518835E-3	1,094073E-2	-9,331032E-3	-5,461963E-3	1,387954E+0	1,388463E+0
20220917 09:49:54,876	c_1_2607_20220917_09_49_54,876.bmp	1,675650E+0	7,551948E-1	7,518835E-3	1,094073E-2	-6,786918E-3	-1,566092E-2	1,390502E+0	1,393578E+0
20220917 09:50:00,876	c_1_2608_20220917_09_50_00,876.bmp	1,684557E+0	7,806580E-1	7,518835E-3	7,112750E-3	-4,242803E-3	2,187256E-3	1,382857E+0	1,385905E+0
20220917 09:50:06,876	c_1_2609_20220917_09_50_06,876.bmp	1,678195E+0	7,921164E-1	8,791700E-3	1,221673E-2	-1,696338E-2	-8,011703E-3	1,398148E+0	1,385905E+0
20220917 09:50:12,881	c_1_2610_20220917_09_50_12,881.bmp	1,671833E+0	8,201259E-1	6,245971E-3	5,836756E-3	-2,205160E-2	-3,624835E-4	1,385405E+0	1,383347E+0
20220917 09:50:18,881	c_1_2611_20220917_09_50_18,881.bmp	1,648929E+0	8,366770E-1	6,245971E-3	1,094073E-2	-4,242803E-3	7,286736E-3	1,390502E+0	1,385905E+0
20220917 09:50:24,885	c_1_2612_20220917_09_50_24,885.bmp	1,508965E+0	8,570475E-1	8,791700E-3	1,094073E-2	-1,187515E-2	-1,311118E-2	1,387954E+0	1,388463E+0
20220917 09:50:30,895	c_1_2613_20220917_09_50_30,895.bmp	9,923691E-1	8,761449E-1	6,245971E-3	9,664739E-3	8,454256E-4	-3,624835E-4	1,390502E+0	1,385905E+0
20220917 09:50:36,899	c_1_2614_20220917_09_50_36,899.bmp	1,007638E+0	8,952423E-1	4,973106E-3	7,112750E-3	-4,242803E-3	1,238622E-2	1,387954E+0	1,380789E+0
20220917 09:50:42,899	c_1_2615_20220917_09_50_42,899.bmp	1,020362E+0	9,130665E-1	8,791700E-3	1,349272E-2	-1,441926E-2	-3,624835E-4	1,395599E+0	1,388463E+0
20220917 09:50:48,902	c_1_2616_20220917_09_50_48,902.bmp	1,036903E+0	9,334371E-1	1,006456E-2	1,094073E-2	-6,786918E-3	-1,056144E-2	1,395599E+0	1,385905E+0
20220917 09:50:54,910	c_1_2617_20220917_09_50_54,910.bmp	1,053444E+0	9,563539E-1	6,245971E-3	8,388745E-3	3,389540E-3	2,187256E-3	1,387954E+0	1,383347E+0
20220917 09:51:00,910	c_1_2618_20220917_09_51_00,910.bmp	1,068713E+0	9,767245E-1	3,700242E-3	9,664739E-3	-6,786918E-3	-3,624835E-4	1,387954E+0	1,393578E+0
20220917 09:51:06,915	c_1_2619_20220917_09_51_06,915.bmp	1,075075E+0	9,970950E-1	7,518835E-3	1,094073E-2	-6,786918E-3	-2,912223E-3	1,387954E+0	1,380789E+0
20220917 09:51:12,916	c_1_2620_20220917_09_51_12,916.bmp	1,089072E+0	1,013646E+0	1,006456E-2	1,094073E-2	-1,187515E-2	-2,912223E-3	1,398148E+0	1,388463E+0
20220917 09:51:18,917	c_1_2621_20220917_09_51_18,917.bmp	1,103068E+0	1,034017E+0	6,245971E-3	1,349272E-2	-1,187515E-2	-8,011703E-3	1,395599E+0	1,388463E+0
20220917 09:51:24,921	c_1_2622_20220917_09_51_24,921.bmp	1,109430E+0	1,054387E+0	8,791700E-3	9,664739E-3	8,454256E-4	-8,011703E-3	1,398148E+0	1,388463E+0
20220917 09:51:30,923	c_1_2623_20220917_09_51_30,923.bmp	1,122154E+0	1,076031E+0	7,518835E-3	8,388745E-3	-9,331032E-3	-3,624835E-4	1,390502E+0	1,383347E+0
20220917 09:51:36,923	c_1_2624_20220917_09_51_36,923.bmp	1,131061E+0	1,096401E+0	6,245971E-3	1,094073E-2	-1,698689E-3	-8,011703E-3	1,387954E+0	1,388463E+0
20220917 09:51:42,924	c_1_2625_20220917_09_51_42,924.bmp	1,142513E+0	1,116772E+0	7,518835E-3	1,094073E-2	-9,331032E-3	-2,912223E-3	1,387954E+0	1,383347E+0
20220917 09:51:48,925	c_1_2626_20220917_09_51_48,925.bmp	1,148875E+0	1,137143E+0	6,245971E-3	7,112750E-3	-6,786918E-3	7,286736E-3	1,387954E+0	1,383347E+0
20220917 09:51:54,930	c_1_2627_20220917_09_51_54,930.bmp	1,151420E+0	1,157513E+0	6,245971E-3	9,664739E-3	-1,950749E-2	-1,056144E-2	1,387954E+0	1,388463E+0
20220917 09:52:00,931	c_1_2628_20220917_09_52_00,931.bmp	1,160326E+0	1,177884E+0	6,245971E-3	1,094073E-2	8,454256E-4	-1,311118E-2	1,390502E+0	1,396136E+0
20220917 09:52:06,934	c_1_2629_20220917_09_52_06,934.bmp	1,156509E+0	1,195708E+0	7,518835E-3	9,664739E-3	-9,331032E-3	-2,076040E-2	1,387954E+0	1,385905E+0
20220917 09:52:12,942	c_1_2630_20220917_09_52_12,942.bmp	1,162871E+0	1,214805E+0	1,006456E-2	1,094073E-2	-1,187515E-2	-5,461963E-3	1,390502E+0	1,388463E+0
20220917 09:52:18,944	c_1_2631_20220917_09_52_18,944.bmp	1,181957E+0	1,233903E+0	8,791700E-3	1,349272E-2	-1,696338E-2	-8,011703E-3	1,398148E+0	1,396136E+0
20220917 09:52:24,947	c_1_2632_20220917_09_52_24,947.bmp	1,194681E+0	1,253000E+0	8,791700E-3	1,349272E-2	-1,696338E-2	-8,011703E-3	1,398148E+0	1,396136E+0
20220917 09:52:30,949	c_1_2633_20220917_09_52_30,949.bmp	1,211223E+0	1,279736E+0	3,700242E-3	8,388745E-3	-1,696338E-2	4,736996E-3	1,382857E+0	1,380789E+0
20220917 09:52:36,953	c_1_2634_20220917_09_52_36,953.bmp	1,225219E+0	1,297561E+0	4,973106E-3	1,094073E-2	-1,441926E-2	-8,011703E-3	1,390502E+0	1,388463E+0
20220917 09:52:42,955	c_1_2635_20220917_09_52_42,955.bmp	1,237943E+0	1,316658E+0	6,245971E-3	1,094073E-2	-1,187515E-2	-8,011703E-3	1,387954E+0	1,391021E+0
20220917 09:52:48,957	c_1_2636_20220917_09_52_48,957.bmp	1,250667E+0	1,335755E+0	6,245971E-3	1,094073E-2	-1,187515E-2	-8,011703E-3	1,390502E+0	1,396136E+0
20220917 09:52:54,961	c_1_2637_20220917_09_52_54,961.bmp	1,264663E+0	1,356126E+0	7,518835E-3	1,094073E-2	-6,786918E-3	-3,624835E-4	1,390502E+0	1,385905E+0
20220917 09:53:00,962	c_1_2638_20220917_09_53_00,962.bmp	1,277387E+0	1,375223E+0	6,245971E-3	1,476871E-2	-1,698689E-3	-1,566092E-2	1,398148E+0	1,396136E+0
20220917 09:53:06,964	c_1_2639_20220917_09_53_06,964.bmp	1,293929E+0	1,399413E+0	2,427377E-3	7,112750E-3	8,454256E-4	-8,011703E-3	1,385405E+0	1,383347E+0
20220917 09:53:12,965	c_1_2640_20220917_09_53_12,965.bmp	1,302836E+0	1,414691E+0	8,791700E-3	1,349272E-2	-9,331032E-3	-1,311118E-2	1,398148E+0	1,393578E+0
20220917 09:53:18,969	c_1_2641_20220917_09_53_18,969.bmp	1,320649E+0	1,438881E+0	2,427377E-3	1,094073E-2	-6,786918E-3	-2,076040E-2	1,385405E+0	1,388463E+0
20220917 09:53:24,971	c_1_2642_20220917_09_53_24,971.bmp	1,333373E+0	1,459252E+0	3,700242E-3	7,112750E-3	-4,242803E-3	7,286736E-3	1,382857E+0	1,388463E+0
20220917 09:53:30,972	c_1_2643_20220917_09_53_30,972.bmp	1,339735E+0	1,473256E+0	8,791700E-3	9,664739E-3	-6,786918E-3	-5,461963E-3	1,398148E+0	1,385905E+0
20220917 09:53:36,972	c_1_2644_20220917_09_53_36,972.bmp	1,349914E+0	1,497446E+0	4,973106E-3	1,094073E-2	-9,331032E-3	-5,461963E-3	1,387954E+0	1,388463E+0
20220917 09:53:42,977	c_1_2645_20220917_09_53_42,977.bmp	1,365183E+0	1,519090E+0	3,700242E-3	1,094073E-2	-4,242803E-3	-8,011703E-3	1,382857E+0	1,388463E+0
20220917 09:53:48,980	c_1_2646_20220917_09_53_48,980.bmp	1,375363E+0	1,538188E+0	1,154512E-3	1,094073E-2	3,389540E-3	-8,011703E-3	1,387954E+0	1,396136E+0
20220917 09:53:54,984	c_1_2647_20220917_09_53_54,984.bmp	1,377907E+0	1,557285E+0	7,518835E-3	1,349272E-2	-6,786918E-3	-1,311118E-2	1,390502E+0	1,396136E+0
20220917 09:54:00,986	c_1_2648_20220917_09_54_00,986.bmp	1,386814E+0	1,580202E+0	3,700242E-3	1,094073E-2	8,454256E-4	-1,056144E-2	1,382857E+0	1,388463E+0
20220917 09:54:06,986	c_1_2649_20220917_09_54_06,986.bmp	1,390631E+0	1,599299E+0	3,700242E-3	8,388745E-3	-4,242803E-3	7,286736E-3	1,382857E+0	1,388463E+0
20220917 09:54:12,986	c_1_2650_20220917_09_54_12,986.bmp	1,393176E+0	1,615850E+0	7,518835E-3	1,094073E-2	-1,187515E-2	-1,311118E-2	1,390502E+0	1,396136E+0
20220917 09:54:18,990	c_1_2651_20220917_09_54_18,990.bmp	1,399538E+0	1,638767E+0	7,518835E-3	5,836756E-3	-1,696338E-2	9,836476E-3	1,387954E+0	1,380789E+0
20220917 09:54:24,995	c_1_2652_20220917_09_54_24,995.bmp	1,399538E+0	1,659138E+0	2,427377E-3	1,094073E-2	-1,698689E-3	-5,461963E-3	1,385405E+0	1,388463E+0
20220917 09:54:30,997	c_1_2653_20220917_09_54_30,997.bmp	1,395721E+0	1,679508E+0	3,700242E-3	8,388745E-3	-9,331032E-3	2,187256E-3	1,385405E+0	1,383347E+0
20220917 09:54:37,005	c_1_2654_20220917_09_54_37,005.bmp	1,366456E+0	1,693513E+0	8,791700E-3	1,476871E-2	-6,786918E-3	4,736996E-3	1,398148E+0	1,393578E+0
20220917 09:54:43,009	c_1_2655_20220917_09_54_43,009.bmp	1,316832E+0	1,717703E+0	7,518835E-3	1,094073E-2	-6,786918E-3	-3,624835E-4	1,393051E+0	1,383347E+0
20220917 09:54:49,010	c_1_2656_20220917_09_54_49,010.bmp	1,271025E+0	1,735527E+0	7,518835E-3	1,349272E-2	-6,786918E-3	-2,912223E-3	1,390502E+0	1,393578E+0
20220917 09:54:55,015	c_1_2657_20220917_09_54_55,015.bmp	1,268481E+0	1,753351E+0	1,006456E-2	1,094073E-2	-1,696338E-2	-8,011703E-3	1,395599E+0	1,388463E+0
20220917 09:55:01,017	c_1_2658_20220917_09_55_01,017.bmp	1,272298E+0	1,773722E+0	8,791700E-3	1,094073E-2	-2,713983E-2	-8,011703E-3	1,395599E+0	1,388463E+0
20220917 09:55:07,019	c_1_2659_20220917_09_55_07,019.bmp	1,283750E+0	1,795366E+0	6,245971E-3	1,349272E-2	-1,187515E-2	-1,311118E-2	1,390502E+0	1,396136E+0
20220917 09:55:13,022	c_1_2660_20220917_09_55_13,022.bmp	1,295201E+0	1,819556E+0	3,700242E-3	7,112750E-3	-6,786918E-3	-5,461963E-3	1,385405E+0	1,383347E+0
20220917 09:55:19,023	c_1_2661_20220917_09_55_19,023.bmp	1,306653E+0	1,836107E+0	7,518835E-3	1,221673E-2	-6,786918E-3	-2,076040E-2	1,390502E+0	1,396136E+0
20220917 09:55:25,025	c_1_2662_20220917_09_55_25,025.bmp	1,315560E+0	1,856477E+0	6,245971E-3	1,094073E-2	-9,331032E-3	-5,461963E-3	1,387954E+0	1,385905E+0
20220917 09:55:31,026	c_1_2663_20220917_09_55_31,026.bmp	1,333373E+0	1,873028E+0	6,245971E-3	1,349272E-2	-1,187515E-2	-3,624835E-4	1,398148E+0	1,396136E+0
20220917 09:55:37,026	c_1_2664_20220917_09_55_37,026.bmp	1,346097E+0	1,895945E+0	8,791700E-3	1,094073E-2	-1,187515E-2	-5,461963E-3	1,390502E+0	1,385905E+0
20220917 09:55:43,028	c_1_2665_20220917_09_55_43,028.bmp	1,363911E+0	1,920135E+0	2,427377E-3	7,112750E-3	-6,786918E-3	-8,011703E-3	1,382857E+0	1,388463E+0
20220917 09:55:49,030	c_1_2666_20220917_09_55_49,030.bmp	1,376635E+0	1,936686E+0	6,245971E-3	9,664739E-3	-9,331032E-3	-8,011703E-3	1,390502E+0	1,388463E+0
20220917 09:55:55,030	c_1_2667_20220917_09_55_55,030.bmp	1,386814E+0	1,959603E+0	6,245971E-3	8,388745E-3	8,454256E-4	4,736996E-3	1,382857E+0	1,383347E+0
20220917 09:56:01,030	c_1_2668_20220917_09_56_01,030.bmp	1,394449E+0	1,972335E+0	6,245971E-3	1,476871E-2	-6,786918E-3	-8,011703E-3	1,390502E+0	1,393578E+0
20220917 09:56:07,034	c_1_2669_20220917_09_56_07,034.bmp	1,399538E+0	1,999071E+0	3,700242E-3	5,836756E-3	-1,698689E-3	-2,912223E-3	1,382857E+0	1,388463E+0
20220917 09:56:13,036	c_1_2670_20220917_09_56_13,036.bmp	1,400811E+0	2,019442E+0	2,427377E-3	7,112750E-3	-4,242803E-3	2,187256E-3	1,385405E+0	1,383347E+0
20220917 09:56:19,037	c_1_2671_20220917_09_56_19,037.bmp	1,404628E+0	2,038539E+0	3,700242E-3	7,112750E-3	-4,242803E-3	-3,624835E-4	1,382857E+0	1,380789E+0
20220917 09:56:25,043	c_1_2672_20220917_09_56_25,043.bmp	1,414807E+0	2,056363E+0	2,427377E-3	1,094073E-2	-6,786918E-3	1,238622E-2	1,390502E+0	1,396136E+0
20220917 09:56:31,044	c_1_2673_20220917_09_56_31,044.bmp	1,416079E+0	2,074187E+0	4,973106E-3	1,476871E-2	-1,187515E-2	-8,011703E-3	1,390502E+0	1,396136E+0
20220917 09:56:37,046	c_1_2674_20220917_09_56_37,046.bmp	1,421169E+0	2,093285E+0	1,006456E-2	1,476871E-2	-1,696338E-2	-5,461963E-3	1,395599E+0	1,396136E+0
20220917 09:56:43,052	c_1_2675_20220917_09_56_43,052.bmp	1,431348E+0	2,111109E+0	6,245971E-3	1,349272E-2	-1,187515E-2	-3,624835E-4	1,398148E+0	1,398694E+0
20220917 09:56:49,055	c_1_2676_20220917_09_56_49,055.bmp	1,441528E+0	2,136572E+0	3,700242E-3	1,094073E-2	-1,441926E-2	-3,624835E-4	1,387954E+0	1,388463E+0
20220917 09:56:55,059	c_1_2677_20220917_09_56_55,059.bmp	1,442800E+0	2,151850E+0	1,006456E-2	1,094073E-2	-1,950749E-2	-5,461963E-3	1,398148E+0	1,385905E+0
20220917 09:57:01,067	c_1_2678_20220917_09_57_01,067.bmp	1,455524E+0	2,176040E+0	6,245971E-3	1,094073E-2	-9,331032E-3	-1,311118E-2	1,390502E+0	1,396136E+0
20220917 09:57:07,069	c_1_2679_20220917_09_57_07,069.bmp	1,461886E+0	2,196411E+0	3,700242E-3	1,094073E-2	-6,786918E-3	2,187256E-3	1,390502E+0	1,385905E+0
20220917 09:57:13,071	c_1_2680_20220917_09_57_13,071.bmp	1,458069E+0	2,212962E+0	1,006456E-2	1,349272E-2	-1,696338E-2	-1,821066E-2	1,395599E+0	1,396136E+0
20220917 09:57:19,073	c_1_2681_20220917_09_57_19,073.bmp	1,468248E+0	2,234606E+0	6,245971E-3	1,094073E-2	2,119834E-2	-1,311118E-2	1,390502E+0	1,396136E+0
20220917 09:57:25,077	c_1_2682_20220917_09_57_25,077.bmp	1,472065E+0	2,251157E+0	6,245971E-3	1,349272E-2	-9,331032E-3	-1,821066E-2	1,398148E+0	1,393578E+0
20220917 09:57:31,080	c_1_2683_20220917_09_57_31,080.bmp	1,474610E+0	2,275347E+0	3,700242E-3	1,094073E-2	-6,786918E-3	-1,311118E-2	1,390502E+0	1,393578E+0
20220917 09:57:37,082	c_1_2684_20220917_09_57_37,082.bmp	1,456796E+0	2,296990E+0	6,245971E-3	1,349272E-2	-1,187515E-2	-1,056144E-2	1,390502E+0	1,396136E+0
20220917 09:57:43,084	c_1_2685_20220917_09_57_43,084.bmp	1,432621E+0	2,316088E+0	7,518835E-3	1,094073E-2	-6,786918E-3	-5,461963E-3	1,390502E+0	1,388463E+0
20220917 09:57:49,085	c_1_2686_20220917_09_57_49,085.bmp	1,424986E+0	2,339005E+0	3,700242E-3	8,388745E-3	3,389540E-3	-5,461963E-3	1,385405E+0	1,383347E+0
20220917 09:57:55,088	c_1_2687_20220917_09_57_55,088.bmp	1,414807E+0	2,358102E+0	3,700242E-3	7,112750E-3	-1,698689E-3	-8,011703E-3	1,382857E+0	1,383347E+0
20220917 09:58:01,090	c_1_2688_20220917_09_58_01,090.bmp	1,393176E+0	2,379746E+0	3,700242E-3	1,094073E-2	-6,786918E-3	2,187256E-3	1,382857E+0	1,388463E+0
20220917 09:58:07,100	c_1_2689_20220917_09_58_07,100.bmp	1,351187E+0	2,395024E+0	6,245971E-3	1,349272E-2	-1,187515E-2	-2,076040E-2	1,390502E+0	1,396136E+0
20220917 09:58:13,103	c_1_2690_20220917_09_58_13,103.bmp	1,310470E+0	2,411575E+0	4,973106E-3	1,476871E-2	-1,696338E-2	-8,011703E-3	1,395599E+0	1,391021E+0
20220917 09:58:19,104	c_1_2691_20220917_09_58_19,104.bmp	1,281205E+0	2,431945E+0	8,791700E-3	1,349272E-2	-9,331032E-3	-8,011703E-3	1,395599E+0	1,388463E+0
20220917 09:58:25,110	c_1_2692_20220917_09_58_25,110.bmp	1,248122E+0	2,454862E+0	3,700242E-3	1,094073E-2	3,389540E-3	-5,461963E-3	1,390502E+0	1,388463E+0
20220917 09:58:31,111	c_1_2693_20220917_09_58_31,111.bmp	1,155237E+0	2,475233E+0	8,791700E-3	1,094073E-2	-9,331032E-3	-8,011703E-3	1,387954E+0	1,385905E+0
20220917 09:58:37,112	c_1_2694_20220917_09_58_37,112.bmp	1,077620E+0	2,491784E+0	1,006456E-2	1,349272E-2	-2,713983E-2	-1,311118E-2	1,398148E+0	1,396136E+0
20220917 09:58:43,118	c_1_2695_20220917_09_58_43,118.bmp	1,073803E+0	2,512154E+0	6,245971E-3	1,349272E-2	-1,441926E-2	-1,821066E-2	1,395599E+0	1,388463E+0
20220917 09:58:49,119	c_1_2696_20220917_09_58_49,119.bmp	1,073803E+0	2,532525E+0	7,518835E-3	1,349272E-2	-1,187515E-2	-3,624835E-4	1,398148E+0	1,396136E+0
20220917 09:58:55,120	c_1_2697_20220917_09_58_55,120.bmp	1,078893E+0	2,557988E+0	3,700242E-3	1,094073E-2	-6,786918E-3	-3,624835E-4	1,385405E+0	1,388463E+0
20220917 09:59:01,125	c_1_2698_20220917_09_59_01,125.bmp	1,078893E+0	2,578358E+0	7,518835E-3	5,836756E-3	-1,187515E-2	2,187256E-3	1,380308E+0	1,383347E+0
20220917 09:59:07,127	c_1_2699_20220917_09_59_07,127.bmp	1,080165E+0	2,596183E+0	7,518835E-3	9,664739E-3	-1,696338E-2	2,003543E-2	1,390502E+0	1,388463E+0
20220917 09:59:13,131	c_1_2700_20220917_09_59_13,131.bmp	1,086527E+0	2,616553E+0	7,518835E-3	1,349272E-2	-6,786918E-3	-1,056144E-2	1,390502E+0	1,396136E+0
20220917 09:59:19,134	c_1_2701_20220917_09_59_19,134.bmp	1,085255E+0	2,631831E+0	8,791700E-3	1,221673E-2	-9,331032E-3	-2,585988E-2	1,395599E+0	1,396136E+0
20220917 09:59:25,138	c_1_2702_20220917_09_59_25,138.bmp	1,073803E+0	2,658567E+0	3,700242E-3	8,388745E-3	8,454256E-4	-3,624835E-4	1,382857E+0	1,383347E+0
20220917 09:59:31,141	c_1_2703_20220917_09_59_31,141.bmp	1,058534E+0	2,677665E+0	8,791700E-3	1,094073E-2	-2,205160E-2	-1,056144E-2	1,390502E+0	1,385905E+0
20220917 09:59:37,142	c_1_2704_20220917_09_59_37,142.bmp	1,058534E+0	2,699309E+0	7,518835E-3	8,388745E-3	8,454256E-4	2,187256E-3	1,382857E+0	1,383347E+0
20220917 09:59:43,148	c_1_2705_20220917_09_59_43,148.bmp	1,059806E+0	2,715860E+0	6,245971E-3	1,094073E-2	-9,331032E-3	-1,821066E-2	1,387954E+0	1,385905E+0
20220917 09:59:49,153	c_1_2706_20220917_09_59_49,153.bmp	1,058534E+0	2,740050E+0	7,518835E-3	8,388745E-3	-4,242803E-3	7,286736E-3	1,387954E+0	1,383347E+0
20220917 09:59:55,154	c_1_2707_20220917_09_59_55,154.bmp	1,045810E+0	2,751508E+0	1,006456E-2	1,349272E-2	-1,441926E-2	-3,624835E-4	1,395599E+0	1,396136E+0
20220917 10:00:01,157	c_1_2708_20220917_10_00_01,157.bmp	9,783727E-1	2,776971E+0	6,245971E-3	9,664739E-3	-1,187515E-2	-2,912223E-3	1,387954E+0	1,388463E+0
20220917 10:00:07,162	c_1_2709_20220917_10_00_07,162.bmp	9,821899E-1	2,794795E+0	7,518835E-3	1,349272E-2	-1,698689E-3	-1,566092E-2	1,390502E+0	1,396136E+0
20220917 10:00:13,163	c_1_2710_20220917_10_00_13,163.bmp	9,834623E-1	2,817712E+0	6,245971E-3	1,094073E-2	-9,331032E-3	-3,624835E-4	1,387954E+0	1,385905E+0
20220917 10:00:19,165	c_1_2711_20220917_10_00_19,165.bmp	9,923691E-1	2,835537E+0	3,700242E-3	1,094073E-2	-1,698689E-3	-8,011703E-3	1,390502E+0	1,388463E+0
20220917 10:00:25,170	c_1_2712_20220917_10_00_25,170.bmp	9,949139E-1	2,855907E+0	6,245971E-3	8,388745E-3	-6,786918E-3	2,187256E-3	1,390502E+0	1,383347E+0
20220917 10:00:31,174	c_1_2713_20220917_10_00_31,174.bmp	9,987311E-1	2,875004E+0	8,791700E-3	1,094073E-2	-1,696338E-2	-8,011703E-3	1,390502E+0	1,380789E+0
20220917 10:00:37,174	c_1_2714_20220917_10_00_37,174.bmp	1,007638E+0	2,895375E+0	4,973106E-3	1,349272E-2	-9,331032E-3	-2,912223E-3	1,387954E+0	1,396136E+0
20220917 10:00:43,178	c_1_2715_20220917_10_00_43,178.bmp	1,015272E+0	2,914472E+0	8,791700E-3	1,349272E-2	-2,205160E-2	-1,311118E-2	1,390502E+0	1,396136E+0
20220917 10:00:49,180	c_1_2716_20220917_10_00_49,180.bmp	1,021634E+0	2,936116E+0	6,245971E-3	1,094073E-2	3,389540E-3	-5,461963E-3	1,390502E+0	1,388463E+0
20220917 10:00:55,184	c_1_2717_20220917_10_00_55,184.bmp	1,027996E+0	2,955213E+0	1,006456E-2	1,094073E-2	-2,713983E-2	-2,912223E-3	1,387954E+0	1,385905E+0
20220917 10:01:01,185	c_1_2718_20220917_10_01_01,185.bmp	1,040720E+0	2,979403E+0	3,700242E-3	7,112750E-3	-9,331032E-3	-2,912223E-3	1,382857E+0	1,383347E+0
20220917 10:01:07,185	c_1_2719_20220917_10_01_07,185.bmp	1,048355E+0	2,999774E+0	7,518835E-3	7,112750E-3	-6,786918E-3	9,836476E-3	1,382857E+0	1,380789E+0
20220917 10:01:13,189	c_1_2720_20220917_10_01_13,189.bmp	1,061079E+0	3,015052E+0	3,700242E-3	1,094073E-2	-6,786918E-3	2,187256E-3	1,390502E+0	1,396136E+0
20220917 10:01:19,220	c_1_2721_20220917_10_01_19,220.bmp	1,062351E+0	3,036696E+0	8,791700E-3	1,094073E-2	-1,187515E-2	-8,011703E-3	1,390502E+0	1,388463E+0
20220917 10:01:25,224	c_1_2722_20220917_10_01_25,224.bmp	1,077620E+0	3,058339E+0	3,700242E-3	1,094073E-2	8,454256E-4	-5,461963E-3	1,382857E+0	1,391021E+0
20220917 10:01:31,225	c_1_2723_20220917_10_01_31,225.bmp	1,081437E+0	3,077437E+0	7,518835E-3	1,094073E-2	-4,240452E-2	-3,624835E-4	1,390502E+0	1,383347E+0
20220917 10:01:37,229	c_1_2724_20220917_10_01_37,229.bmp	1,089072E+0	3,097807E+0	7,518835E-3	8,388745E-3	-9,331032E-3	2,187256E-3	1,382857E+0	1,383347E+0
20220917 10:01:43,233	c_1_2725_20220917_10_01_43,233.bmp	1,095434E+0	3,115631E+0	7,518835E-3	1,476871E-2	-1,698689E-3	-8,011703E-3	1,390502E+0	1,393578E+0
20220917 10:01:49,233	c_1_2726_20220917_10_01_49,233.bmp	1,106885E+0	3,138548E+0	2,427377E-3	1,094073E-2	8,454256E-4	2,187256E-3	1,382857E+0	1,388463E+0
20220917 10:01:55,234	c_1_2727_20220917_10_01_55,234.bmp	1,109430E+0	3,156373E+0	8,791700E-3	1,094073E-2	-1,187515E-2	-3,624835E-4	1,390502E+0	1,385905E+0
20220917 10:02:01,238	c_1_2728_20220917_10_02_01,238.bmp	1,117065E+0	3,176743E+0	6,245971E-3	1,094073E-2	-1,696338E-2	-1,566092E-2	1,387954E+0	1,385905E+0
20220917 10:02:07,240	c_1_2729_20220917_10_02_07,240.bmp	1,125971E+0	3,198387E+0	2,427377E-3	8,388745E-3	-6,786918E-3	2,187256E-3	1,385405E+0	1,383347E+0
20220917 10:02:13,242	c_1_2730_20220917_10_02_13,242.bmp	1,133606E+0	3,214938E+0	3,700242E-3	1,094073E-2	3,389540E-3	-8,011703E-3	1,390502E+0	1,385905E+0
20220917 10:02:19,245	c_1_2731_20220917_10_02_19,245.bmp	1,136151E+0	3,231489E+0	1,006456E-2	1,349272E-2	-6,786918E-3	-8,011703E-3	1,395599E+0	1,388463E+0
20220917 10:02:25,247	c_1_2732_20220917_10_02_25,247.bmp	1,143785E+0	3,255679E+0	6,245971E-3	1,094073E-2	-6,786918E-3	-2,912223E-3	1,387954E+0	1,388463E+0
20220917 10:02:31,251	c_1_2733_20220917_10_02_31,251.bmp	1,142513E+0	3,276050E+0	7,518835E-3	1,094073E-2	-9,331032E-3	2,187256E-3	1,390502E+0	1,385905E+0
20220917 10:02:37,251	c_1_2734_20220917_10_02_37,251.bmp	1,150147E+0	3,295147E+0	7,518835E-3	1,094073E-2	-9,331032E-3	-5,461963E-3	1,387954E+0	1,396136E+0
20220917 10:02:43,255	c_1_2735_20220917_10_02_43,255.bmp	1,157782E+0	3,316791E+0	3,700242E-3	1,094073E-2	-6,786918E-3	-3,624835E-4	1,390502E+0	1,393578E+0
20220917 10:02:49,258	c_1_2736_20220917_10_02_49,258.bmp	1,156509E+0	3,334615E+0	4,973106E-3	1,094073E-2	-1,441926E-2	-2,912223E-3	1,387954E+0	1,388463E+0
20220917 10:02:55,261	c_1_2737_20220917_10_02_55,261.bmp	1,153964E+0	3,356259E+0	8,791700E-3	1,094073E-2	-6,786918E-3	2,187256E-3	1,387954E+0	1,388463E+0
20220917 10:03:01,266	c_1_2738_20220917_10_03_01,266.bmp	1,150147E+0	3,375356E+0	8,791700E-3	9,664739E-3	-1,696338E-2	-5,461963E-3	1,390502E+0	1,388463E+0
20220917 10:03:07,266	c_1_2739_20220917_10_03_07,266.bmp	1,141240E+0	3,395726E+0	7,518835E-3	1,094073E-2	-9,331032E-3	-8,011703E-3	1,387954E+0	1,391021E+0
20220917 10:03:13,269	c_1_2740_20220917_10_03_13,269.bmp	1,123427E+0	3,419916E+0	3,700242E-3	7,112750E-3	3,389540E-3	-3,624835E-4	1,385405E+0	1,383347E+0
20220917 10:03:19,272	c_1_2741_20220917_10_03_19,272.bmp	1,114520E+0	3,435194E+0	7,518835E-3	1,349272E-2	-6,786918E-3	-1,056144E-2	1,387954E+0	1,396136E+0
20220917 10:03:25,275	c_1_2742_20220917_10_03_25,275.bmp	1,111975E+0	3,456838E+0	8,791700E-3	9,664739E-3	-1,187515E-2	-8,011703E-3	1,398148E+0	1,388463E+0
20220917 10:03:31,278	c_1_2743_20220917_10_03_31,278.bmp	1,120882E+0	3,478482E+0	3,700242E-3	8,388745E-3	8,454256E-4	-2,912223E-3	1,385405E+0	1,380789E+0
20220917 10:03:37,283	c_1_2744_20220917_10_03_37,283.bmp	1,124699E+0	3,497579E+0	3,700242E-3	5,836756E-3	-4,242803E-3	-5,461963E-3	1,385405E+0	1,383347E+0
20220917 10:03:43,286	c_1_2745_20220917_10_03_43,286.bmp	1,120882E+0	3,511584E+0	1,006456E-2	1,094073E-2	-6,786918E-3	-5,461963E-3	1,398148E+0	1,388463E+0
20220917 10:03:49,287	c_1_2746_20220917_10_03_49,287.bmp	1,131061E+0	3,531954E+0	6,245971E-3	1,349272E-2	-1,187515E-2	2,187256E-3	1,390502E+0	1,396136E+0
20220917 10:03:55,289	c_1_2747_20220917_10_03_55,289.bmp	1,131061E+0	3,554871E+0	1,006456E-2	1,094073E-2	-1,187515E-2	-8,011703E-3	1,395599E+0	1,388463E+0
20220917 10:04:01,293	c_1_2748_20220917_10_04_01,293.bmp	1,139968E+0	3,576515E+0	7,518835E-3	1,094073E-2	-9,331032E-3	-5,461963E-3	1,390502E+0	1,383347E+0
20220917 10:04:07,296	c_1_2749_20220917_10_04_07,296.bmp	1,151420E+0	3,598159E+0	2,427377E-3	1,094073E-2	-4,242803E-3	1,238622E-2	1,382857E+0	1,388463E+0
20220917 10:04:13,301	c_1_2750_20220917_10_04_13,301.bmp	1,152692E+0	3,615983E+0	7,518835E-3	1,349272E-2	-6,786918E-3	-1,311118E-2	1,387954E+0	1,396136E+0
20220917 10:04:19,302	c_1_2751_20220917_10_04_19,302.bmp	1,157782E+0	3,631261E+0	8,791700E-3	1,349272E-2	-2,713983E-2	-5,461963E-3	1,398148E+0	1,396136E+0
20220917 10:04:25,304	c_1_2752_20220917_10_04_25,304.bmp	1,166688E+0	3,655451E+0	3,700242E-3	1,094073E-2	-1,187515E-2	-5,461963E-3	1,387954E+0	1,388463E+0
20220917 10:04:31,307	c_1_2753_20220917_10_04_31,307.bmp	1,166688E+0	3,672002E+0	1,006456E-2	1,349272E-2	-1,187515E-2	-3,624835E-4	1,395599E+0	1,393578E+0
20220917 10:04:37,308	c_1_2754_20220917_10_04_37,308.bmp	1,173050E+0	3,694919E+0	4,973106E-3	1,094073E-2	-1,441926E-2	-8,011703E-3	1,387954E+0	1,388463E+0
20220917 10:04:43,308	c_1_2755_20220917_10_04_43,308.bmp	1,187047E+0	3,714016E+0	3,700242E-3	1,094073E-2	-4,242803E-3	-2,912223E-3	1,390502E+0	1,388463E+0
20220917 10:04:49,311	c_1_2756_20220917_10_04_49,311.bmp	1,192136E+0	3,734387E+0	7,518835E-3	1,094073E-2	-6,786918E-3	-1,311118E-2	1,387954E+0	1,388463E+0
20220917 10:04:55,311	c_1_2757_20220917_10_04_55,311.bmp	1,199771E+0	3,754757E+0	7,518835E-3	1,476871E-2	-9,331032E-3	-5,461963E-3	1,390502E+0	1,393578E+0
20220917 10:05:01,314	c_1_2758_20220917_10_05_01,314.bmp	1,207405E+0	3,771308E+0	6,245971E-3	1,349272E-2	-1,950749E-2	-1,056144E-2	1,395599E+0	1,385905E+0
20220917 10:05:07,316	c_1_2759_20220917_10_05_07,316.bmp	1,216312E+0	3,799318E+0	6,245971E-3	8,388745E-3	-1,698689E-3	2,187256E-3	1,382857E+0	1,388463E+0
20220917 10:05:13,317	c_1_2760_20220917_10_05_13,317.bmp	1,222674E+0	3,812049E+0	7,518835E-3	1,349272E-2	-6,786918E-3	-5,461963E-3	1,398148E+0	1,396136E+0
20220917 10:05:19,321	c_1_2761_20220917_10_05_19,321.bmp	1,226491E+0	3,832420E+0	1,006456E-2	1,476871E-2	-1,950749E-2	-1,311118E-2	1,395599E+0	1,396136E+0
20220917 10:05:25,323	c_1_2762_20220917_10_05_25,323.bmp	1,239215E+0	3,854064E+0	3,700242E-3	1,094073E-2	-6,786918E-3	-8,011703E-3	1,387954E+0	1,385905E+0
20220917 10:05:31,325	c_1_2763_20220917_10_05_31,325.bmp	1,243033E+0	3,873161E+0	1,006456E-2	1,349272E-2	-4,242803E-3	-1,821066E-2	1,398148E+0	1,396136E+0
20220917 10:05:37,329	c_1_2764_20220917_10_05_37,329.bmp	1,255757E+0	3,894805E+0	3,700242E-3	1,094073E-2	-1,441926E-2	-1,056144E-2	1,390502E+0	1,388463E+0
20220917 10:05:43,333	c_1_2765_20220917_10_05_43,333.bmp	1,262119E+0	3,918995E+0	6,245971E-3	7,112750E-3	-4,242803E-3	-3,624835E-4	1,382857E+0	1,388463E+0
20220917 10:05:49,337	c_1_2766_20220917_10_05_49,337.bmp	1,272298E+0	3,936819E+0	3,700242E-3	1,094073E-2	-1,698689E-3	-5,461963E-3	1,387954E+0	1,388463E+0
20220917 10:05:55,339	c_1_2767_20220917_10_05_55,339.bmp	1,281205E+0	3,955916E+0	1,006456E-2	9,664739E-3	-1,950749E-2	-5,461963E-3	1,387954E+0	1,383347E+0
20220917 10:06:01,343	c_1_2768_20220917_10_06_01,343.bmp	1,285022E+0	3,976287E+0	7,518835E-3	1,094073E-2	-6,786918E-3	-8,011703E-3	1,387954E+0	1,385905E+0
20220917 10:06:07,347	c_1_2769_20220917_10_06_07,347.bmp	1,290112E+0	3,991565E+0	8,791700E-3	1,349272E-2	-6,786918E-3	-5,461963E-3	1,395599E+0	1,388463E+0
20220917 10:06:13,350	c_1_2770_20220917_10_06_13,350.bmp	1,302836E+0	4,015755E+0	6,245971E-3	1,094073E-2	8,454256E-4	-2,912223E-3	1,390502E+0	1,388463E+0
20220917 10:06:19,352	c_1_2771_20220917_10_06_19,352.bmp	1,283750E+0	4,034852E+0	1,006456E-2	1,094073E-2	-1,187515E-2	2,187256E-3	1,390502E+0	1,385905E+0
20220917 10:06:25,357	c_1_2772_20220917_10_06_25,357.bmp	1,273570E+0	4,059042E+0	3,700242E-3	5,836756E-3	-6,786918E-3	-2,912223E-3	1,382857E+0	1,383347E+0
20220917 10:06:31,358	c_1_2773_20220917_10_06_31,358.bmp	1,223947E+0	4,073047E+0	1,006456E-2	1,349272E-2	-1,187515E-2	-5,461963E-3	1,398148E+0	1,388463E+0
20220917 10:06:37,359	c_1_2774_20220917_10_06_37,359.bmp	8,956664E-1	4,095964E+0	7,518835E-3	1,094073E-2	-6,786918E-3	-2,912223E-3	1,390502E+0	1,388463E+0
20220917 10:06:43,359	c_1_2775_20220917_10_06_43,359.bmp	8,740356E-1	4,115061E+0	6,245971E-3	7,112750E-3	-1,187515E-2	-2,912223E-3	1,387954E+0	1,383347E+0
20220917 10:06:49,363	c_1_2776_20220917_10_06_49,363.bmp	8,676736E-1	4,136705E+0	6,245971E-3	7,112750E-3	-6,786918E-3	2,187256E-3	1,387954E+0	1,383347E+0
20220917 10:06:55,366	c_1_2777_20220917_10_06_55,366.bmp	8,651288E-1	4,155802E+0	6,245971E-3	1,094073E-2	-6,786918E-3	-2,912223E-3	1,390502E+0	1,396136E+0
20220917 10:07:01,370	c_1_2778_20220917_10_07_01,370.bmp	8,651288E-1	4,176173E+0	7,518835E-3	8,388745E-3	-1,698689E-3	2,187256E-3	1,390502E+0	1,383347E+0
20220917 10:07:07,372	c_1_2779_20220917_10_07_07,372.bmp	8,676736E-1	4,195270E+0	7,518835E-3	1,094073E-2	8,454256E-4	7,286736E-3	1,387954E+0	1,380789E+0
20220917 10:07:13,375	c_1_2780_20220917_10_07_13,375.bmp	8,702184E-1	4,213094E+0	7,518835E-3	1,349272E-2	-1,187515E-2	-8,011703E-3	1,390502E+0	1,396136E+0
20220917 10:07:19,379	c_1_2781_20220917_10_07_19,379.bmp	8,753080E-1	4,236011E+0	7,518835E-3	1,349272E-2	-6,786918E-3	-1,311118E-2	1,390502E+0	1,396136E+0
20220917 10:07:25,389	c_1_2782_20220917_10_07_25,389.bmp	8,816700E-1	4,258928E+0	3,700242E-3	8,388745E-3	-4,242803E-3	-1,311118E-2	1,385405E+0	1,380789E+0
20220917 10:07:31,391	c_1_2783_20220917_10_07_31,391.bmp	8,816700E-1	4,279299E+0	3,700242E-3	8,388745E-3	-4,242803E-3	-3,624835E-4	1,385405E+0	1,383347E+0
20220917 10:07:37,394	c_1_2784_20220917_10_07_37,394.bmp	8,765804E-1	4,294577E+0	6,245971E-3	1,094073E-2	-9,331032E-3	-2,912223E-3	1,390502E+0	1,388463E+0
20220917 10:07:43,404	c_1_2785_20220917_10_07_43,404.bmp	8,434979E-1	4,314947E+0	7,518835E-3	1,349272E-2	-6,786918E-3	-8,011703E-3	1,387954E+0	1,393578E+0
20220917 10:07:49,405	c_1_2786_20220917_10_07_49,405.bmp	8,091430E-1	4,335318E+0	6,245971E-3	1,094073E-2	-1,441926E-2	-2,840962E-2	1,390502E+0	1,388463E+0
20220917 10:07:55,406	c_1_2787_20220917_10_07_55,406.bmp	7,735157E-1	4,355688E+0	6,245971E-3	1,476871E-2	-6,786918E-3	-2,076040E-2	1,387954E+0	1,393578E+0
20220917 10:08:01,408	c_1_2788_20220917_10_08_01,408.bmp	7,544297E-1	4,376059E+0	7,518835E-3	1,349272E-2	-1,187515E-2	-1,821066E-2	1,387954E+0	1,393578E+0
20220917 10:08:07,410	c_1_2789_20220917_10_08_07,410.bmp	7,480676E-1	4,391337E+0	6,245971E-3	1,221673E-2	-1,698689E-3	-2,840962E-2	1,395599E+0	1,396136E+0
20220917 10:08:13,411	c_1_2790_20220917_10_08_13,411.bmp	7,378884E-1	4,416800E+0	6,245971E-3	1,094073E-2	-6,786918E-3	2,187256E-3	1,387954E+0	1,385905E+0
20220917 10:08:19,415	c_1_2791_20220917_10_08_19,415.bmp	7,264368E-1	4,439717E+0	3,700242E-3	8,388745E-3	-1,698689E-3	2,187256E-3	1,382857E+0	1,388463E+0
20220917 10:08:25,421	c_1_2792_20220917_10_08_25,421.bmp	7,035335E-1	4,454995E+0	6,245971E-3	1,094073E-2	-9,331032E-3	-8,011703E-3	1,390502E+0	1,388463E+0
20220917 10:08:31,424	c_1_2793_20220917_10_08_31,424.bmp	6,997163E-1	4,476638E+0	7,518835E-3	9,664739E-3	-1,441926E-2	-3,860858E-2	1,390502E+0	1,391021E+0
20220917 10:08:37,425	c_1_2794_20220917_10_08_37,425.bmp	6,984439E-1	4,490643E+0	1,006456E-2	1,349272E-2	-2,205160E-2	-5,461963E-3	1,395599E+0	1,396136E+0
20220917 10:08:43,427	c_1_2795_20220917_10_08_43,427.bmp	7,022611E-1	4,513560E+0	6,245971E-3	9,664739E-3	-4,242803E-3	7,286736E-3	1,387954E+0	1,388463E+0
20220917 10:08:49,428	c_1_2796_20220917_10_08_49,428.bmp	7,048059E-1	4,535204E+0	7,518835E-3	1,349272E-2	-4,242803E-3	-8,011703E-3	1,390502E+0	1,396136E+0
20220917 10:08:55,431	c_1_2797_20220917_10_08_55,431.bmp	7,086231E-1	4,550482E+0	6,245971E-3	1,349272E-2	-1,698689E-3	-8,011703E-3	1,395599E+0	1,393578E+0
20220917 10:09:01,435	c_1_2798_20220917_10_09_01,435.bmp	7,086231E-1	4,574672E+0	6,245971E-3	9,664739E-3	-6,786918E-3	-3,624835E-4	1,387954E+0	1,385905E+0
20220917 10:09:07,439	c_1_2799_20220917_10_09_07,439.bmp	7,162576E-1	4,596315E+0	7,518835E-3	1,094073E-2	-6,786918E-3	-5,461963E-3	1,390502E+0	1,388463E+0
20220917 10:09:13,444	c_1_2800_20220917_10_09_13,444.bmp	7,238920E-1	4,616686E+0	7,518835E-3	1,094073E-2	-6,786918E-3	-8,011703E-3	1,387954E+0	1,388463E+0
20220917 10:09:19,445	c_1_2801_20220917_10_09_19,445.bmp	7,226196E-1	4,633237E+0	7,518835E-3	1,349272E-2	-6,786918E-3	-1,566092E-2	1,395599E+0	1,396136E+0
20220917 10:09:25,445	c_1_2802_20220917_10_09_25,445.bmp	7,315264E-1	4,657427E+0	3,700242E-3	1,094073E-2	-6,786918E-3	-5,461963E-3	1,382857E+0	1,388463E+0
20220917 10:09:31,448	c_1_2803_20220917_10_09_31,448.bmp	7,315264E-1	4,672705E+0	1,006456E-2	1,094073E-2	-1,696338E-2	-2,912223E-3	1,398148E+0	1,385905E+0
20220917 10:09:37,450	c_1_2804_20220917_10_09_37,450.bmp	7,417056E-1	4,695622E+0	4,973106E-3	9,664739E-3	-4,242803E-3	-5,461963E-3	1,390502E+0	1,396136E+0
20220917 10:09:43,453	c_1_2805_20220917_10_09_43,453.bmp	7,378884E-1	4,713446E+0	8,791700E-3	1,221673E-2	-1,696338E-2	-8,011703E-3	1,398148E+0	1,388463E+0
20220917 10:09:49,458	c_1_2806_20220917_10_09_49,458.bmp	7,480676E-1	4,735090E+0	7,518835E-3	1,094073E-2	-4,242803E-3	2,187256E-3	1,387954E+0	1,383347E+0
20220917 10:09:55,458	c_1_2807_20220917_10_09_55,458.bmp	7,544297E-1	4,755460E+0	3,700242E-3	1,094073E-2	8,477769E-3	-3,624835E-4	1,387954E+0	1,388463E+0
20220917 10:10:01,461	c_1_2808_20220917_10_10_01,461.bmp	7,557021E-1	4,778377E+0	4,973106E-3	5,836756E-3	-4,242803E-3	-5,461963E-3	1,385405E+0	1,388463E+0
20220917 10:10:07,468	c_1_2809_20220917_10_10_07,468.bmp	7,620641E-1	4,792382E+0	4,973106E-3	1,349272E-2	-9,331032E-3	-1,056144E-2	1,395599E+0	1,393578E+0
20220917 10:10:13,468	c_1_2810_20220917_10_10_13,468.bmp	7,633365E-1	4,815299E+0	4,973106E-3	7,112750E-3	-9,331032E-3	-5,461963E-3	1,387954E+0	1,383347E+0
20220917 10:10:19,473	c_1_2811_20220917_10_10_19,473.bmp	7,735157E-1	4,839489E+0	4,973106E-3	7,112750E-3	-1,698689E-3	9,836476E-3	1,382857E+0	1,388463E+0
20220917 10:10:25,475	c_1_2812_20220917_10_10_25,475.bmp	7,760605E-1	4,854767E+0	7,518835E-3	8,388745E-3	-1,441926E-2	2,187256E-3	1,387954E+0	1,383347E+0
20220917 10:10:31,477	c_1_2813_20220917_10_10_31,477.bmp	7,773329E-1	4,870044E+0	8,791700E-3	1,094073E-2	-9,331032E-3	-1,311118E-2	1,395599E+0	1,385905E+0
20220917 10:10:37,478	c_1_2814_20220917_10_10_37,478.bmp	7,862397E-1	4,895508E+0	6,245971E-3	1,094073E-2	-4,242803E-3	-8,011703E-3	1,390502E+0	1,388463E+0
20220917 10:10:43,482	c_1_2815_20220917_10_10_43,482.bmp	7,989638E-1	4,918425E+0	3,700242E-3	1,094073E-2	8,454256E-4	-5,461963E-3	1,385405E+0	1,388463E+0
20220917 10:10:49,485	c_1_2816_20220917_10_10_49,485.bmp	8,027810E-1	4,933702E+0	7,518835E-3	1,094073E-2	-9,331032E-3	-1,056144E-2	1,387954E+0	1,396136E+0
20220917 10:10:55,490	c_1_2817_20220917_10_10_55,490.bmp	8,002362E-1	4,955346E+0	1,006456E-2	9,664739E-3	-1,441926E-2	-1,056144E-2	1,390502E+0	1,385905E+0
20220917 10:11:01,493	c_1_2818_20220917_10_11_01,493.bmp	8,040534E-1	4,974444E+0	1,006456E-2	1,094073E-2	-4,242803E-3	-3,624835E-4	1,387954E+0	1,385905E+0
20220917 10:11:07,494	c_1_2819_20220917_10_11_07,494.bmp	8,129602E-1	4,993541E+0	6,245971E-3	1,094073E-2	1,611011E-2	-1,056144E-2	1,387954E+0	1,396136E+0
20220917 10:11:13,499	c_1_2820_20220917_10_11_13,499.bmp	8,155050E-1	5,012638E+0	1,006456E-2	1,349272E-2	-6,786918E-3	-5,900650E-2	1,398148E+0	1,396136E+0
20220917 10:11:19,504	c_1_2821_20220917_10_11_19,504.bmp	8,193222E-1	5,033009E+0	6,245971E-3	1,094073E-2	8,454256E-4	-3,624835E-4	1,387954E+0	1,388463E+0
20220917 10:11:25,504	c_1_2822_20220917_10_11_25,504.bmp	8,256843E-1	5,050833E+0	8,791700E-3	1,221673E-2	-1,696338E-2	-5,461963E-3	1,398148E+0	1,388463E+0
20220917 10:11:31,508	c_1_2823_20220917_10_11_31,508.bmp	8,434979E-1	5,077569E+0	2,427377E-3	8,388745E-3	-4,242803E-3	-3,624835E-4	1,385405E+0	1,383347E+0
20220917 10:11:37,512	c_1_2824_20220917_10_11_37,512.bmp	8,498599E-1	5,092847E+0	8,791700E-3	1,349272E-2	-9,331032E-3	-5,461963E-3	1,398148E+0	1,391021E+0
20220917 10:11:43,512	c_1_2825_20220917_10_11_43,512.bmp	8,638564E-1	5,113218E+0	6,245971E-3	1,349272E-2	-6,786918E-3	-8,011703E-3	1,398148E+0	1,393578E+0
20220917 10:11:49,516	c_1_2826_20220917_10_11_49,516.bmp	8,740356E-1	5,132315E+0	6,245971E-3	1,476871E-2	-1,698689E-3	-1,311118E-2	1,390502E+0	1,396136E+0
20220917 10:11:55,520	c_1_2827_20220917_10_11_55,520.bmp	8,893044E-1	5,155232E+0	3,700242E-3	1,094073E-2	5,933654E-3	-2,912223E-3	1,390502E+0	1,388463E+0
20220917 10:12:01,520	c_1_2828_20220917_10_12_01,520.bmp	8,969389E-1	5,170510E+0	6,245971E-3	1,349272E-2	-1,441926E-2	-1,056144E-2	1,398148E+0	1,396136E+0
20220917 10:12:07,525	c_1_2829_20220917_10_12_07,525.bmp	9,109353E-1	5,197246E+0	2,427377E-3	1,094073E-2	-1,698689E-3	-8,011703E-3	1,385405E+0	1,385905E+0
20220917 10:12:13,527	c_1_2830_20220917_10_12_13,527.bmp	9,211145E-1	5,213797E+0	7,518835E-3	9,664739E-3	8,477769E-3	-1,821066E-2	1,387954E+0	1,393578E+0
20220917 10:12:19,531	c_1_2831_20220917_10_12_19,531.bmp	9,287489E-1	5,236714E+0	1,006456E-2	1,094073E-2	-1,696338E-2	-2,076040E-2	1,398148E+0	1,388463E+0
20220917 10:12:25,534	c_1_2832_20220917_10_12_25,534.bmp	9,478350E-1	5,257085E+0	3,700242E-3	8,388745E-3	-6,786918E-3	-5,461963E-3	1,382857E+0	1,383347E+0
20220917 10:12:31,537	c_1_2833_20220917_10_12_31,537.bmp	9,554694E-1	5,269816E+0	8,791700E-3	1,349272E-2	-6,786918E-3	-1,821066E-2	1,395599E+0	1,396136E+0
20220917 10:12:37,537	c_1_2834_20220917_10_12_37,537.bmp	9,669210E-1	5,291460E+0	1,006456E-2	1,349272E-2	-1,187515E-2	-1,056144E-2	1,395599E+0	1,393578E+0
20220917 10:12:43,538	c_1_2835_20220917_10_12_43,538.bmp	9,834623E-1	5,315650E+0	3,700242E-3	1,094073E-2	-4,242803E-3	-8,011703E-3	1,387954E+0	1,396136E+0
20220917 10:12:49,542	c_1_2836_20220917_10_12_49,542.bmp	9,872795E-1	5,334747E+0	6,245971E-3	1,094073E-2	-1,187515E-2	-3,624835E-4	1,390502E+0	1,383347E+0
20220917 10:12:55,545	c_1_2837_20220917_10_12_55,545.bmp	9,987311E-1	5,355118E+0	1,006456E-2	1,094073E-2	-4,242803E-3	-5,461963E-3	1,390502E+0	1,388463E+0
20220917 10:13:01,549	c_1_2838_20220917_10_13_01,549.bmp	1,016545E+0	5,376762E+0	3,700242E-3	9,664739E-3	-1,698689E-3	-5,461963E-3	1,382857E+0	1,388463E+0
20220917 10:13:07,550	c_1_2839_20220917_10_13_07,550.bmp	1,031814E+0	5,394586E+0	7,518835E-3	1,094073E-2	-1,187515E-2	-2,912223E-3	1,390502E+0	1,385905E+0
20220917 10:13:13,558	c_1_2840_20220917_10_13_13,558.bmp	1,036903E+0	5,414956E+0	1,006456E-2	1,094073E-2	-1,187515E-2	7,286736E-3	1,390502E+0	1,385905E+0
20220917 10:13:19,559	c_1_2841_20220917_10_13_19,559.bmp	1,050900E+0	5,437873E+0	7,518835E-3	7,112750E-3	-1,950749E-2	7,286736E-3	1,387954E+0	1,383347E+0
20220917 10:13:25,563	c_1_2842_20220917_10_13_25,563.bmp	1,067441E+0	5,451878E+0	6,245971E-3	1,476871E-2	-6,786918E-3	-8,011703E-3	1,398148E+0	1,396136E+0
20220917 10:13:31,567	c_1_2843_20220917_10_13_31,567.bmp	1,078893E+0	5,477341E+0	2,427377E-3	1,094073E-2	-1,698689E-3	-1,311118E-2	1,382857E+0	1,385905E+0
20220917 10:13:37,570	c_1_2844_20220917_10_13_37,570.bmp	1,087799E+0	5,493892E+0	6,245971E-3	1,094073E-2	1,102188E-2	-5,461963E-3	1,390502E+0	1,388463E+0
20220917 10:13:43,572	c_1_2845_20220917_10_13_43,572.bmp	1,095434E+0	5,514263E+0	6,245971E-3	1,094073E-2	-1,698689E-3	-3,624835E-4	1,387954E+0	1,388463E+0
20220917 10:13:49,575	c_1_2846_20220917_10_13_49,575.bmp	1,105613E+0	5,533360E+0	7,518835E-3	8,388745E-3	-4,242803E-3	1,238622E-2	1,387954E+0	1,383347E+0
20220917 10:13:55,577	c_1_2847_20220917_10_13_55,577.bmp	1,117065E+0	5,557550E+0	3,700242E-3	1,094073E-2	5,933654E-3	7,286736E-3	1,382857E+0	1,388463E+0
20220917 10:14:01,580	c_1_2848_20220917_10_14_01,580.bmp	1,123427E+0	5,574101E+0	7,518835E-3	5,836756E-3	-6,786918E-3	2,187256E-3	1,387954E+0	1,380789E+0
20220917 10:14:07,582	c_1_2849_20220917_10_14_07,582.bmp	1,133606E+0	5,593199E+0	6,245971E-3	1,094073E-2	8,454256E-4	-8,011703E-3	1,387954E+0	1,391021E+0
20220917 10:14:13,585	c_1_2850_20220917_10_14_13,585.bmp	1,142513E+0	5,616116E+0	4,973106E-3	7,112750E-3	-4,242803E-3	-1,056144E-2	1,382857E+0	1,388463E+0
20220917 10:14:19,585	c_1_2851_20220917_10_14_19,585.bmp	1,150147E+0	5,635213E+0	8,791700E-3	1,094073E-2	-6,786918E-3	-8,011703E-3	1,387954E+0	1,388463E+0
20220917 10:14:25,586	c_1_2852_20220917_10_14_25,586.bmp	1,153964E+0	5,654310E+0	8,791700E-3	1,094073E-2	-1,187515E-2	-8,011703E-3	1,387954E+0	1,385905E+0
20220917 10:14:31,590	c_1_2853_20220917_10_14_31,590.bmp	1,160326E+0	5,672135E+0	1,006456E-2	1,349272E-2	-1,950749E-2	-1,311118E-2	1,398148E+0	1,393578E+0
20220917 10:14:37,590	c_1_2854_20220917_10_14_37,590.bmp	1,171778E+0	5,698871E+0	7,518835E-3	8,388745E-3	8,454256E-4	1,238622E-2	1,385405E+0	1,383347E+0
20220917 10:14:43,591	c_1_2855_20220917_10_14_43,591.bmp	1,181957E+0	5,715422E+0	6,245971E-3	1,094073E-2	3,389540E-3	-5,461963E-3	1,387954E+0	1,385905E+0
20220917 10:14:49,595	c_1_2856_20220917_10_14_49,595.bmp	1,192136E+0	5,737066E+0	3,700242E-3	1,094073E-2	-1,698689E-3	2,187256E-3	1,382857E+0	1,388463E+0
20220917 10:14:55,597	c_1_2857_20220917_10_14_55,597.bmp	1,204860E+0	5,756163E+0	4,973106E-3	1,094073E-2	3,389540E-3	-1,056144E-2	1,385405E+0	1,388463E+0
20220917 10:15:01,599	c_1_2858_20220917_10_15_01,599.bmp	1,212495E+0	5,773987E+0	3,700242E-3	1,094073E-2	-6,786918E-3	-2,585988E-2	1,387954E+0	1,388463E+0
20220917 10:15:07,601	c_1_2859_20220917_10_15_07,601.bmp	1,220129E+0	5,794358E+0	4,973106E-3	1,094073E-2	-6,786918E-3	-8,011703E-3	1,390502E+0	1,385905E+0
20220917 10:15:13,604	c_1_2860_20220917_10_15_13,604.bmp	1,227764E+0	5,812182E+0	7,518835E-3	1,349272E-2	-1,187515E-2	-1,821066E-2	1,395599E+0	1,396136E+0
20220917 10:15:19,608	c_1_2861_20220917_10_15_19,608.bmp	1,231581E+0	5,833826E+0	6,245971E-3	5,836756E-3	-1,441926E-2	-2,912223E-3	1,390502E+0	1,380789E+0
20220917 10:15:25,610	c_1_2862_20220917_10_15_25,610.bmp	1,239215E+0	5,850377E+0	1,006456E-2	1,349272E-2	-1,187515E-2	2,187256E-3	1,398148E+0	1,391021E+0
20220917 10:15:31,610	c_1_2863_20220917_10_15_31,610.bmp	1,245577E+0	5,873294E+0	6,245971E-3	1,094073E-2	-6,786918E-3	-8,011703E-3	1,387954E+0	1,388463E+0
20220917 10:15:37,613	c_1_2864_20220917_10_15_37,613.bmp	1,227764E+0	5,892391E+0	4,973106E-3	1,094073E-2	-9,331032E-3	-1,311118E-2	1,387954E+0	1,388463E+0
20220917 10:15:43,613	c_1_2865_20220917_10_15_43,613.bmp	1,183230E+0	5,914035E+0	6,245971E-3	1,094073E-2	-9,331032E-3	-5,461963E-3	1,390502E+0	1,388463E+0
20220917 10:15:49,615	c_1_2866_20220917_10_15_49,615.bmp	1,161599E+0	5,931859E+0	7,518835E-3	1,349272E-2	-1,696338E-2	9,836476E-3	1,395599E+0	1,388463E+0
20220917 10:15:55,620	c_1_2867_20220917_10_15_55,620.bmp	1,160326E+0	5,957322E+0	2,427377E-3	1,094073E-2	-1,698689E-3	-8,011703E-3	1,385405E+0	1,391021E+0
20220917 10:16:01,620	c_1_2868_20220917_10_16_01,620.bmp	1,152692E+0	5,973873E+0	6,245971E-3	1,349272E-2	-1,187515E-2	-2,076040E-2	1,387954E+0	1,393578E+0
20220917 10:16:07,620	c_1_2869_20220917_10_16_07,620.bmp	1,125971E+0	5,994244E+0	7,518835E-3	7,112750E-3	-6,786918E-3	-3,624835E-4	1,393051E+0	1,383347E+0
20220917 10:16:13,623	c_1_2870_20220917_10_16_13,623.bmp	1,097979E+0	6,013341E+0	3,700242E-3	1,094073E-2	-1,698689E-3	-2,912223E-3	1,390502E+0	1,388463E+0
20220917 10:16:19,627	c_1_2871_20220917_10_16_19,627.bmp	6,729958E-1	6,036258E+0	7,518835E-3	7,112750E-3	-6,786918E-3	-5,461963E-3	1,380308E+0	1,380789E+0
20220917 10:16:25,628	c_1_2872_20220917_10_16_25,628.bmp	6,373685E-1	6,056629E+0	7,518835E-3	8,388745E-3	3,389540E-3	-2,912223E-3	1,382857E+0	1,391021E+0
20220917 10:16:31,629	c_1_2873_20220917_10_16_31,629.bmp	6,259169E-1	6,073180E+0	7,518835E-3	1,094073E-2	-1,187515E-2	-2,076040E-2	1,390502E+0	1,396136E+0
20220917 10:16:37,629	c_1_2874_20220917_10_16_37,629.bmp	6,157377E-1	6,089731E+0	1,006456E-2	1,349272E-2	-1,441926E-2	-2,331014E-2	1,395599E+0	1,393578E+0
20220917 10:16:43,638	c_1_2875_20220917_10_16_43,638.bmp	5,991964E-1	6,115194E+0	8,791700E-3	1,094073E-2	-1,187515E-2	-8,011703E-3	1,390502E+0	1,388463E+0
20220917 10:16:49,639	c_1_2876_20220917_10_16_49,639.bmp	5,941068E-1	6,133018E+0	6,245971E-3	1,094073E-2	-1,696338E-2	-1,311118E-2	1,387954E+0	1,393578E+0
20220917 10:16:55,643	c_1_2877_20220917_10_16_55,643.bmp	5,991964E-1	6,153389E+0	3,700242E-3	1,094073E-2	-4,242803E-3	-8,011703E-3	1,387954E+0	1,388463E+0
20220917 10:17:01,649	c_1_2878_20220917_10_17_01,649.bmp	5,966516E-1	6,173759E+0	1,006456E-2	1,094073E-2	-2,968395E-2	-1,821066E-2	1,390502E+0	1,388463E+0
20220917 10:17:07,650	c_1_2879_20220917_10_17_07,650.bmp	6,004688E-1	6,190310E+0	8,791700E-3	9,664739E-3	-3,731629E-2	-1,056144E-2	1,398148E+0	1,385905E+0
20220917 10:17:13,650	c_1_2880_20220917_10_17_13,650.bmp	6,093757E-1	6,214500E+0	6,245971E-3	1,476871E-2	-1,698689E-3	-8,011703E-3	1,390502E+0	1,396136E+0
20220917 10:17:19,654	c_1_2881_20220917_10_17_19,654.bmp	6,182825E-1	6,236144E+0	3,700242E-3	5,836756E-3	-6,786918E-3	1,238622E-2	1,382857E+0	1,380789E+0
20220917 10:17:25,656	c_1_2882_20220917_10_17_25,656.bmp	6,182825E-1	6,250149E+0	1,006456E-2	1,094073E-2	-1,187515E-2	-8,011703E-3	1,395599E+0	1,388463E+0
20220917 10:17:31,658	c_1_2883_20220917_10_17_31,658.bmp	6,322789E-1	6,278158E+0	3,700242E-3	9,664739E-3	5,933654E-3	-5,461963E-3	1,385405E+0	1,388463E+0
20220917 10:17:37,662	c_1_2884_20220917_10_17_37,662.bmp	6,310065E-1	6,289617E+0	8,791700E-3	1,221673E-2	-9,331032E-3	9,836476E-3	1,395599E+0	1,396136E+0
20220917 10:17:43,666	c_1_2885_20220917_10_17_43,666.bmp	6,399133E-1	6,316353E+0	3,700242E-3	7,112750E-3	-1,698689E-3	-8,011703E-3	1,385405E+0	1,383347E+0
20220917 10:17:49,670	c_1_2886_20220917_10_17_49,670.bmp	6,424582E-1	6,330358E+0	8,791700E-3	1,094073E-2	-1,696338E-2	-3,624835E-4	1,395599E+0	1,388463E+0
20220917 10:17:55,673	c_1_2887_20220917_10_17_55,673.bmp	6,551822E-1	6,354548E+0	7,518835E-3	1,349272E-2	-1,187515E-2	-3,860858E-2	1,387954E+0	1,396136E+0
20220917 10:18:01,678	c_1_2888_20220917_10_18_01,678.bmp	6,653614E-1	6,373645E+0	7,518835E-3	1,094073E-2	-6,786918E-3	-1,056144E-2	1,390502E+0	1,396136E+0
20220917 10:18:07,679	c_1_2889_20220917_10_18_07,679.bmp	6,717234E-1	6,396562E+0	3,700242E-3	7,112750E-3	1,102188E-2	-5,461963E-3	1,385405E+0	1,391021E+0
20220917 10:18:13,683	c_1_2890_20220917_10_18_13,683.bmp	6,729958E-1	6,415659E+0	7,518835E-3	8,388745E-3	8,477769E-3	2,187256E-3	1,385405E+0	1,388463E+0
20220917 10:18:19,692	c_1_2891_20220917_10_18_19,692.bmp	6,780855E-1	6,429664E+0	8,791700E-3	1,094073E-2	-1,696338E-2	2,187256E-3	1,398148E+0	1,388463E+0
20220917 10:18:25,695	c_1_2892_20220917_10_18_25,695.bmp	6,908095E-1	6,455127E+0	7,518835E-3	1,094073E-2	-6,786918E-3	2,187256E-3	1,390502E+0	1,391021E+0
20220917 10:18:31,697	c_1_2893_20220917_10_18_31,697.bmp	7,035335E-1	6,472952E+0	3,700242E-3	1,094073E-2	-1,698689E-3	-2,912223E-3	1,390502E+0	1,388463E+0
20220917 10:18:37,701	c_1_2894_20220917_10_18_37,701.bmp	7,035335E-1	6,494595E+0	1,006456E-2	1,094073E-2	-1,441926E-2	-5,461963E-3	1,387954E+0	1,385905E+0
20220917 10:18:43,704	c_1_2895_20220917_10_18_43,704.bmp	7,137127E-1	6,512419E+0	8,791700E-3	1,094073E-2	-9,331032E-3	1,748570E-2	1,390502E+0	1,388463E+0
20220917 10:18:49,707	c_1_2896_20220917_10_18_49,707.bmp	7,188024E-1	6,535336E+0	8,791700E-3	1,094073E-2	-1,187515E-2	-2,912223E-3	1,390502E+0	1,391021E+0
20220917 10:18:55,707	c_1_2897_20220917_10_18_55,707.bmp	7,251644E-1	6,551887E+0	1,006456E-2	1,476871E-2	-1,950749E-2	-1,821066E-2	1,395599E+0	1,388463E+0
20220917 10:19:01,708	c_1_2898_20220917_10_19_01,708.bmp	7,315264E-1	6,574804E+0	8,791700E-3	1,094073E-2	-1,696338E-2	-1,566092E-2	1,395599E+0	1,391021E+0
20220917 10:19:07,711	c_1_2899_20220917_10_19_07,711.bmp	7,417056E-1	6,597721E+0	8,791700E-3	5,836756E-3	-1,187515E-2	1,238622E-2	1,385405E+0	1,383347E+0
20220917 10:19:13,714	c_1_2900_20220917_10_19_13,714.bmp	7,455228E-1	6,614272E+0	1,006456E-2	9,664739E-3	-4,242803E-3	-8,011703E-3	1,387954E+0	1,388463E+0
20220917 10:19:19,715	c_1_2901_20220917_10_19_19,715.bmp	7,506124E-1	6,632096E+0	1,006456E-2	1,349272E-2	-1,441926E-2	-1,056144E-2	1,398148E+0	1,396136E+0
20220917 10:19:25,720	c_1_2902_20220917_10_19_25,720.bmp	7,582469E-1	6,653740E+0	8,791700E-3	1,094073E-2	-4,242803E-3	2,187256E-3	1,390502E+0	1,383347E+0
20220917 10:19:31,724	c_1_2903_20220917_10_19_31,724.bmp	7,646089E-1	6,674111E+0	8,791700E-3	1,094073E-2	-1,441926E-2	-8,011703E-3	1,387954E+0	1,388463E+0
20220917 10:19:37,727	c_1_2904_20220917_10_19_37,727.bmp	7,786053E-1	6,698301E+0	3,700242E-3	1,094073E-2	-4,242803E-3	-1,056144E-2	1,382857E+0	1,385905E+0
20220917 10:19:43,729	c_1_2905_20220917_10_19_43,729.bmp	7,824225E-1	6,717398E+0	4,973106E-3	5,836756E-3	8,477769E-3	-5,461963E-3	1,382857E+0	1,388463E+0
20220917 10:19:49,729	c_1_2906_20220917_10_19_49,729.bmp	7,900570E-1	6,735222E+0	4,973106E-3	7,112750E-3	-1,696338E-2	-3,624835E-4	1,382857E+0	1,388463E+0
20220917 10:19:55,731	c_1_2907_20220917_10_19_55,731.bmp	8,015086E-1	6,754320E+0	2,427377E-3	1,094073E-2	-6,786918E-3	-1,566092E-2	1,390502E+0	1,396136E+0
20220917 10:20:01,732	c_1_2908_20220917_10_20_01,732.bmp	8,078706E-1	6,774690E+0	8,791700E-3	1,094073E-2	-9,331032E-3	-5,461963E-3	1,390502E+0	1,385905E+0
20220917 10:20:07,735	c_1_2909_20220917_10_20_07,735.bmp	8,142326E-1	6,795061E+0	6,245971E-3	1,094073E-2	-1,187515E-2	-1,056144E-2	1,387954E+0	1,396136E+0
20220917 10:20:13,739	c_1_2910_20220917_10_20_13,739.bmp	8,193222E-1	6,811612E+0	8,791700E-3	1,094073E-2	-1,950749E-2	-1,056144E-2	1,398148E+0	1,388463E+0
20220917 10:20:19,742	c_1_2911_20220917_10_20_19,742.bmp	8,295015E-1	6,830709E+0	6,245971E-3	1,349272E-2	-9,331032E-3	-8,011703E-3	1,395599E+0	1,388463E+0
20220917 10:20:25,747	c_1_2912_20220917_10_20_25,747.bmp	8,345911E-1	6,853626E+0	8,791700E-3	9,664739E-3	-6,786918E-3	-1,311118E-2	1,387954E+0	1,388463E+0
20220917 10:20:31,751	c_1_2913_20220917_10_20_31,751.bmp	8,460427E-1	6,873997E+0	6,245971E-3	1,094073E-2	-6,786918E-3	-2,912223E-3	1,390502E+0	1,388463E+0
20220917 10:20:37,755	c_1_2914_20220917_10_20_37,755.bmp	8,511323E-1	6,889275E+0	1,006456E-2	1,094073E-2	-1,696338E-2	-5,461963E-3	1,395599E+0	1,391021E+0
20220917 10:20:43,757	c_1_2915_20220917_10_20_43,757.bmp	8,689460E-1	6,914738E+0	7,518835E-3	1,094073E-2	-1,698689E-3	-8,011703E-3	1,387954E+0	1,396136E+0
20220917 10:20:49,758	c_1_2916_20220917_10_20_49,758.bmp	8,740356E-1	6,930016E+0	4,973106E-3	1,476871E-2	-1,187515E-2	-1,566092E-2	1,398148E+0	1,396136E+0
20220917 10:20:55,759	c_1_2917_20220917_10_20_55,759.bmp	8,803976E-1	6,951659E+0	8,791700E-3	1,221673E-2	-1,696338E-2	-1,311118E-2	1,395599E+0	1,396136E+0
20220917 10:21:01,763	c_1_2918_20220917_10_21_01,763.bmp	8,943940E-1	6,975849E+0	2,427377E-3	7,112750E-3	-1,187515E-2	-2,912223E-3	1,385405E+0	1,391021E+0
20220917 10:21:07,768	c_1_2919_20220917_10_21_07,768.bmp	8,982113E-1	6,989854E+0	1,006456E-2	1,094073E-2	-3,986040E-2	-2,912223E-3	1,395599E+0	1,385905E+0
20220917 10:21:13,771	c_1_2920_20220917_10_21_13,771.bmp	9,083905E-1	7,012771E+0	8,791700E-3	5,836756E-3	-1,187515E-2	7,286736E-3	1,387954E+0	1,383347E+0
20220917 10:21:19,771	c_1_2921_20220917_10_21_19,771.bmp	9,172973E-1	7,036961E+0	4,973106E-3	8,388745E-3	-9,331032E-3	4,736996E-3	1,382857E+0	1,383347E+0
20220917 10:21:25,777	c_1_2922_20220917_10_21_25,777.bmp	9,287489E-1	7,053512E+0	2,427377E-3	1,094073E-2	-9,331032E-3	-2,840962E-2	1,390502E+0	1,388463E+0
20220917 10:21:31,778	c_1_2923_20220917_10_21_31,778.bmp	9,338386E-1	7,070063E+0	1,006456E-2	1,094073E-2	-9,331032E-3	-8,011703E-3	1,398148E+0	1,385905E+0
20220917 10:21:37,779	c_1_2924_20220917_10_21_37,779.bmp	9,478350E-1	7,096799E+0	4,973106E-3	1,094073E-2	3,389540E-3	-8,011703E-3	1,382857E+0	1,388463E+0
20220917 10:21:43,789	c_1_2925_20220917_10_21_43,789.bmp	9,554694E-1	7,113350E+0	3,700242E-3	1,094073E-2	3,389540E-3	4,736996E-3	1,390502E+0	1,388463E+0
20220917 10:21:49,793	c_1_2926_20220917_10_21_49,793.bmp	9,631038E-1	7,136267E+0	6,245971E-3	1,349272E-2	-9,331032E-3	-1,311118E-2	1,390502E+0	1,393578E+0
20220917 10:21:55,797	c_1_2927_20220917_10_21_55,797.bmp	9,707383E-1	7,154092E+0	8,791700E-3	1,094073E-2	-1,187515E-2	-1,056144E-2	1,390502E+0	1,383347E+0
20220917 10:22:01,804	c_1_2928_20220917_10_22_01,804.bmp	9,885519E-1	7,174462E+0	6,245971E-3	1,094073E-2	-1,187515E-2	-8,011703E-3	1,387954E+0	1,388463E+0
20220917 10:22:07,808	c_1_2929_20220917_10_22_07,808.bmp	9,974587E-1	7,194833E+0	1,006456E-2	1,094073E-2	-1,187515E-2	-3,624835E-4	1,387954E+0	1,391021E+0
20220917 10:22:13,809	c_1_2930_20220917_10_22_13,809.bmp	1,003821E+0	7,208837E+0	1,006456E-2	1,349272E-2	-1,441926E-2	-1,566092E-2	1,398148E+0	1,396136E+0
20220917 10:22:19,810	c_1_2931_20220917_10_22_19,810.bmp	1,015272E+0	7,233027E+0	6,245971E-3	1,349272E-2	-6,786918E-3	-1,056144E-2	1,390502E+0	1,396136E+0
20220917 10:22:25,814	c_1_2932_20220917_10_22_25,814.bmp	1,026724E+0	7,254671E+0	2,427377E-3	9,664739E-3	8,454256E-4	-2,912223E-3	1,382857E+0	1,388463E+0
20220917 10:22:31,816	c_1_2933_20220917_10_22_31,816.bmp	1,035631E+0	7,273769E+0	2,427377E-3	1,094073E-2	-6,786918E-3	2,187256E-3	1,387954E+0	1,388463E+0
20220917 10:22:37,818	c_1_2934_20220917_10_22_37,818.bmp	1,047082E+0	7,294139E+0	2,427377E-3	9,664739E-3	-9,331032E-3	-8,011703E-3	1,387954E+0	1,396136E+0
20220917 10:22:43,821	c_1_2935_20220917_10_22_43,821.bmp	1,049627E+0	7,311963E+0	1,006456E-2	1,349272E-2	-1,187515E-2	-8,011703E-3	1,395599E+0	1,396136E+0
20220917 10:22:49,822	c_1_2936_20220917_10_22_49,822.bmp	1,054717E+0	7,331061E+0	8,791700E-3	1,094073E-2	-6,786918E-3	4,736996E-3	1,395599E+0	1,388463E+0
20220917 10:22:55,824	c_1_2937_20220917_10_22_55,824.bmp	1,064896E+0	7,351431E+0	7,518835E-3	1,349272E-2	-1,187515E-2	-1,821066E-2	1,398148E+0	1,385905E+0
20220917 10:23:01,828	c_1_2938_20220917_10_23_01,828.bmp	1,080165E+0	7,375621E+0	3,700242E-3	7,112750E-3	-1,698689E-3	-8,011703E-3	1,385405E+0	1,388463E+0
20220917 10:23:07,832	c_1_2939_20220917_10_23_07,832.bmp	1,080165E+0	7,389626E+0	1,006456E-2	1,094073E-2	-2,205160E-2	-5,461963E-3	1,395599E+0	1,388463E+0
20220917 10:23:13,832	c_1_2940_20220917_10_23_13,832.bmp	1,094161E+0	7,417635E+0	6,245971E-3	7,112750E-3	-6,786918E-3	-2,912223E-3	1,382857E+0	1,383347E+0
20220917 10:23:19,835	c_1_2941_20220917_10_23_19,835.bmp	1,099251E+0	7,430367E+0	6,245971E-3	1,476871E-2	-6,786918E-3	-3,350910E-2	1,390502E+0	1,393578E+0
20220917 10:23:25,837	c_1_2942_20220917_10_23_25,837.bmp	1,108158E+0	7,455830E+0	3,700242E-3	8,388745E-3	-4,242803E-3	9,836476E-3	1,385405E+0	1,383347E+0
20220917 10:23:31,841	c_1_2943_20220917_10_23_31,841.bmp	1,117065E+0	7,472381E+0	7,518835E-3	1,094073E-2	8,454256E-4	-8,011703E-3	1,387954E+0	1,388463E+0
20220917 10:23:37,841	c_1_2944_20220917_10_23_37,841.bmp	1,120882E+0	7,492752E+0	7,518835E-3	1,094073E-2	-1,441926E-2	-5,461963E-3	1,387954E+0	1,388463E+0
20220917 10:23:43,846	c_1_2945_20220917_10_23_43,846.bmp	1,131061E+0	7,513122E+0	7,518835E-3	1,221673E-2	-1,441926E-2	-5,461963E-3	1,390502E+0	1,396136E+0
20220917 10:23:49,846	c_1_2946_20220917_10_23_49,846.bmp	1,134878E+0	7,533493E+0	6,245971E-3	8,388745E-3	-1,187515E-2	-3,624835E-4	1,387954E+0	1,385905E+0
20220917 10:23:55,850	c_1_2947_20220917_10_23_55,850.bmp	1,137423E+0	7,550044E+0	1,006456E-2	9,664739E-3	-1,441926E-2	-3,624835E-4	1,398148E+0	1,391021E+0
20220917 10:24:01,851	c_1_2948_20220917_10_24_01,851.bmp	1,145058E+0	7,574234E+0	7,518835E-3	1,094073E-2	-6,786918E-3	2,187256E-3	1,390502E+0	1,388463E+0
20220917 10:24:07,855	c_1_2949_20220917_10_24_07,855.bmp	1,091617E+0	7,590785E+0	8,791700E-3	1,349272E-2	-1,950749E-2	-8,011703E-3	1,395599E+0	1,388463E+0
20220917 10:24:13,857	c_1_2950_20220917_10_24_13,857.bmp	1,058534E+0	7,613702E+0	2,427377E-3	1,094073E-2	-6,786918E-3	-5,461963E-3	1,390502E+0	1,388463E+0
20220917 10:24:19,860	c_1_2951_20220917_10_24_19,860.bmp	1,029269E+0	7,635346E+0	3,700242E-3	8,388745E-3	-3,731629E-2	2,187256E-3	1,385405E+0	1,388463E+0
20220917 10:24:25,861	c_1_2952_20220917_10_24_25,861.bmp	7,188024E-1	7,650624E+0	7,518835E-3	1,349272E-2	-1,187515E-2	-8,011703E-3	1,390502E+0	1,396136E+0
20220917 10:24:31,863	c_1_2953_20220917_10_24_31,863.bmp	7,137127E-1	7,673540E+0	6,245971E-3	1,094073E-2	-1,187515E-2	-8,011703E-3	1,390502E+0	1,388463E+0
20220917 10:24:37,865	c_1_2954_20220917_10_24_37,865.bmp	7,162576E-1	7,692638E+0	8,791700E-3	1,094073E-2	-1,187515E-2	2,187256E-3	1,390502E+0	1,388463E+0
20220917 10:24:43,870	c_1_2955_20220917_10_24_43,870.bmp	7,162576E-1	7,718101E+0	3,700242E-3	8,388745E-3	1,356600E-2	2,187256E-3	1,382857E+0	1,380789E+0
20220917 10:24:49,875	c_1_2956_20220917_10_24_49,875.bmp	7,200748E-1	7,733379E+0	7,518835E-3	1,094073E-2	-1,950749E-2	-2,912223E-3	1,390502E+0	1,388463E+0
20220917 10:24:55,878	c_1_2957_20220917_10_24_55,878.bmp	7,302540E-1	7,753749E+0	3,700242E-3	1,094073E-2	8,454256E-4	-2,912223E-3	1,390502E+0	1,388463E+0
20220917 10:25:01,878	c_1_2958_20220917_10_25_01,878.bmp	7,327988E-1	7,777939E+0	7,518835E-3	7,112750E-3	-9,331032E-3	-8,011703E-3	1,382857E+0	1,383347E+0
20220917 10:25:07,882	c_1_2959_20220917_10_25_07,882.bmp	7,340712E-1	7,790671E+0	8,791700E-3	1,221673E-2	-1,441926E-2	-1,821066E-2	1,398148E+0	1,396136E+0
20220917 10:25:13,886	c_1_2960_20220917_10_25_13,886.bmp	7,378884E-1	7,813588E+0	4,973106E-3	8,388745E-3	5,933654E-3	2,187256E-3	1,390502E+0	1,383347E+0
20220917 10:25:19,890	c_1_2961_20220917_10_25_19,890.bmp	7,429780E-1	7,837778E+0	3,700242E-3	1,094073E-2	8,454256E-4	-2,912223E-3	1,382857E+0	1,388463E+0
20220917 10:25:25,898	c_1_2962_20220917_10_25_25,898.bmp	7,480676E-1	7,856875E+0	3,700242E-3	8,388745E-3	-6,786918E-3	-8,011703E-3	1,385405E+0	1,380789E+0
20220917 10:25:31,905	c_1_2963_20220917_10_25_31,905.bmp	7,480676E-1	7,877246E+0	3,700242E-3	8,388745E-3	-6,786918E-3	4,736996E-3	1,382857E+0	1,388463E+0
20220917 10:25:37,907	c_1_2964_20220917_10_25_37,907.bmp	7,518849E-1	7,892524E+0	1,006456E-2	1,349272E-2	8,454256E-4	-1,821066E-2	1,395599E+0	1,393578E+0
20220917 10:25:43,907	c_1_2965_20220917_10_25_43,907.bmp	7,595193E-1	7,914167E+0	6,245971E-3	1,349272E-2	-9,331032E-3	-1,566092E-2	1,390502E+0	1,393578E+0
20220917 10:25:49,911	c_1_2966_20220917_10_25_49,911.bmp	7,607917E-1	7,930719E+0	8,791700E-3	1,094073E-2	8,454256E-4	-1,056144E-2	1,395599E+0	1,388463E+0
20220917 10:25:55,913	c_1_2967_20220917_10_25_55,913.bmp	7,735157E-1	7,953635E+0	3,700242E-3	1,094073E-2	-6,786918E-3	-1,311118E-2	1,387954E+0	1,388463E+0
20220917 10:26:01,913	c_1_2968_20220917_10_26_01,913.bmp	7,747881E-1	7,976552E+0	7,518835E-3	7,112750E-3	-6,786918E-3	9,836476E-3	1,382857E+0	1,383347E+0
20220917 10:26:07,915	c_1_2969_20220917_10_26_07,915.bmp	7,786053E-1	7,993103E+0	4,973106E-3	9,664739E-3	8,454256E-4	-3,624835E-4	1,387954E+0	1,385905E+0
20220917 10:26:13,916	c_1_2970_20220917_10_26_13,916.bmp	7,760605E-1	8,003289E+0	4,973106E-3	1,094073E-2	-6,786918E-3	-8,011703E-3	1,387954E+0	1,388463E+0
