20220917 10:55:27,879	c_0_2971_20220917_10_55_27,879.bmp	5,206293E-2	1,167002E-2	7,518835E-3	1,476871E-2	-6,786918E-3	-8,011703E-3	1,395599E+0	1,396136E+0
20220917 10:55:33,882	c_0_2972_20220917_10_55_33,882.bmp	1,055039E-1	3,204057E-2	1,006456E-2	1,221673E-2	-1,187515E-2	-5,461963E-3	1,398148E+0	1,396136E+0
20220917 10:55:39,885	c_0_2973_20220917_10_55_39,885.bmp	1,614896E-1	5,241111E-2	8,791700E-3	1,349272E-2	-1,441926E-2	-1,056144E-2	1,395599E+0	1,396136E+0
20220917 10:55:45,908	c_0_2974_20220917_10_55_45,908.bmp	2,225650E-1	7,914745E-2	3,700242E-3	7,112750E-3	-6,786918E-3	2,187256E-3	1,382857E+0	1,383347E+0
20220917 10:55:51,909	c_0_2975_20220917_10_55_51,909.bmp	2,849128E-1	9,187904E-2	6,245971E-3	1,349272E-2	-1,187515E-2	-2,585988E-2	1,398148E+0	1,396136E+0
20220917 10:55:57,910	c_0_2976_20220917_10_55_57,910.bmp	3,472605E-1	1,122496E-1	1,006456E-2	1,476871E-2	-1,187515E-2	-1,056144E-2	1,398148E+0	1,396136E+0
20220917 10:56:03,915	c_0_2977_20220917_10_56_03,915.bmp	4,172427E-1	1,351664E-1	6,245971E-3	1,094073E-2	8,454256E-4	4,736996E-3	1,390502E+0	1,396136E+0
20220917 10:56:09,916	c_0_2978_20220917_10_56_09,916.bmp	4,846801E-1	1,555370E-1	6,245971E-3	1,349272E-2	-9,331032E-3	-8,011703E-3	1,387954E+0	1,396136E+0
20220917 10:56:15,920	c_0_2979_20220917_10_56_15,920.bmp	5,521175E-1	1,784538E-1	6,245971E-3	5,836756E-3	-1,187515E-2	2,187256E-3	1,390502E+0	1,383347E+0
20220917 10:56:21,921	c_0_2980_20220917_10_56_21,921.bmp	6,195549E-1	2,000975E-1	4,973106E-3	7,112750E-3	3,389540E-3	1,238622E-2	1,382857E+0	1,383347E+0
20220917 10:56:27,923	c_0_2981_20220917_10_56_27,923.bmp	6,869923E-1	2,191949E-1	3,700242E-3	7,112750E-3	8,454256E-4	-5,461963E-3	1,385405E+0	1,383347E+0
20220917 10:56:33,927	c_0_2982_20220917_10_56_33,927.bmp	7,480676E-1	2,357460E-1	7,518835E-3	7,112750E-3	-6,786918E-3	-5,461963E-3	1,387954E+0	1,383347E+0
20220917 10:56:39,929	c_0_2983_20220917_10_56_39,929.bmp	8,053258E-1	2,561165E-1	7,518835E-3	1,094073E-2	8,454256E-4	-1,056144E-2	1,387954E+0	1,383347E+0
20220917 10:56:45,931	c_0_2984_20220917_10_56_45,931.bmp	8,613116E-1	2,764871E-1	1,006456E-2	1,094073E-2	-9,331032E-3	1,238622E-2	1,390502E+0	1,385905E+0
20220917 10:56:51,931	c_0_2985_20220917_10_56_51,931.bmp	9,185697E-1	2,955845E-1	7,518835E-3	1,094073E-2	-6,786918E-3	2,187256E-3	1,390502E+0	1,385905E+0
20220917 10:56:57,934	c_0_2986_20220917_10_56_57,934.bmp	9,656486E-1	3,185013E-1	3,700242E-3	1,094073E-2	1,102188E-2	-5,461963E-3	1,382857E+0	1,385905E+0
20220917 10:57:03,944	c_0_2987_20220917_10_57_03,944.bmp	1,002548E+0	3,388719E-1	3,700242E-3	1,094073E-2	8,454256E-4	-8,011703E-3	1,382857E+0	1,388463E+0
20220917 10:57:09,944	c_0_2988_20220917_10_57_09,944.bmp	1,034358E+0	3,566961E-1	4,973106E-3	8,388745E-3	-9,331032E-3	2,187256E-3	1,387954E+0	1,383347E+0
20220917 10:57:15,947	c_0_2989_20220917_10_57_15,947.bmp	1,068713E+0	3,719740E-1	7,518835E-3	1,476871E-2	-1,696338E-2	-1,056144E-2	1,395599E+0	1,396136E+0
20220917 10:57:21,950	c_0_2990_20220917_10_57_21,950.bmp	1,097979E+0	3,961640E-1	7,518835E-3	1,476871E-2	-9,331032E-3	-8,011703E-3	1,390502E+0	1,396136E+0
20220917 10:57:27,950	c_0_2991_20220917_10_57_27,950.bmp	1,119609E+0	4,165346E-1	3,700242E-3	1,221673E-2	-6,786918E-3	-2,912223E-3	1,387954E+0	1,385905E+0
20220917 10:57:33,951	c_0_2992_20220917_10_57_33,951.bmp	1,132333E+0	4,381783E-1	3,700242E-3	8,388745E-3	-6,786918E-3	7,286736E-3	1,385405E+0	1,383347E+0
20220917 10:57:39,951	c_0_2993_20220917_10_57_39,951.bmp	1,138696E+0	4,585488E-1	4,973106E-3	7,112750E-3	5,933654E-3	7,286736E-3	1,382857E+0	1,383347E+0
20220917 10:57:45,955	c_0_2994_20220917_10_57_45,955.bmp	1,141240E+0	4,738267E-1	7,518835E-3	1,094073E-2	-1,187515E-2	-2,076040E-2	1,390502E+0	1,396136E+0
20220917 10:57:51,956	c_0_2995_20220917_10_57_51,956.bmp	1,152692E+0	4,954704E-1	8,791700E-3	1,094073E-2	-1,187515E-2	-1,311118E-2	1,390502E+0	1,388463E+0
20220917 10:57:57,958	c_0_2996_20220917_10_57_57,958.bmp	1,175595E+0	5,120215E-1	1,006456E-2	1,476871E-2	-1,187515E-2	-1,566092E-2	1,395599E+0	1,396136E+0
20220917 10:58:03,961	c_0_2997_20220917_10_58_03,961.bmp	1,209950E+0	5,311189E-1	8,791700E-3	1,349272E-2	-1,696338E-2	-1,311118E-2	1,398148E+0	1,396136E+0
20220917 10:58:09,966	c_0_2998_20220917_10_58_09,966.bmp	1,249395E+0	5,565820E-1	3,700242E-3	8,388745E-3	-9,331032E-3	-5,461963E-3	1,382857E+0	1,383347E+0
20220917 10:58:15,966	c_0_2999_20220917_10_58_15,966.bmp	1,269753E+0	5,769526E-1	6,245971E-3	8,388745E-3	-6,786918E-3	2,187256E-3	1,390502E+0	1,383347E+0
20220917 10:58:21,987	c_0_3000_20220917_10_58_21,987.bmp	1,297746E+0	5,998694E-1	4,973106E-3	7,112750E-3	8,454256E-4	-5,461963E-3	1,382857E+0	1,383347E+0
20220917 10:58:27,992	c_0_3001_20220917_10_58_27,992.bmp	1,328284E+0	6,126010E-1	1,006456E-2	1,094073E-2	-1,696338E-2	-8,011703E-3	1,398148E+0	1,388463E+0
20220917 10:58:33,996	c_0_3002_20220917_10_58_33,996.bmp	1,365183E+0	6,316984E-1	1,006456E-2	1,349272E-2	-1,187515E-2	-8,011703E-3	1,398148E+0	1,393578E+0
20220917 10:58:40,000	c_0_3003_20220917_10_58_40,000.bmp	1,408445E+0	6,546153E-1	7,518835E-3	5,836756E-3	-9,331032E-3	-2,912223E-3	1,390502E+0	1,383347E+0
20220917 10:58:46,002	c_0_3004_20220917_10_58_46,002.bmp	1,444072E+0	6,749858E-1	1,006456E-2	1,094073E-2	-9,331032E-3	-5,461963E-3	1,390502E+0	1,383347E+0
20220917 10:58:52,002	c_0_3005_20220917_10_58_52,002.bmp	1,486062E+0	6,953564E-1	8,791700E-3	1,094073E-2	-1,950749E-2	-8,011703E-3	1,390502E+0	1,388463E+0
20220917 10:58:58,007	c_0_3006_20220917_10_58_58,007.bmp	1,528051E+0	7,157269E-1	7,518835E-3	9,664739E-3	-1,698689E-3	-3,624835E-4	1,387954E+0	1,388463E+0
20220917 10:59:04,012	c_0_3007_20220917_10_59_04,012.bmp	1,568768E+0	7,386438E-1	6,245971E-3	7,112750E-3	-6,786918E-3	-2,912223E-3	1,382857E+0	1,383347E+0
20220917 10:59:10,015	c_0_3008_20220917_10_59_10,015.bmp	1,609485E+0	7,551948E-1	3,700242E-3	1,094073E-2	8,477769E-3	-5,461963E-3	1,387954E+0	1,393578E+0
20220917 10:59:16,016	c_0_3009_20220917_10_59_16,016.bmp	1,646385E+0	7,755654E-1	7,518835E-3	8,388745E-3	-9,331032E-3	2,187256E-3	1,390502E+0	1,383347E+0
20220917 10:59:22,016	c_0_3010_20220917_10_59_22,016.bmp	1,688374E+0	7,997554E-1	2,427377E-3	8,388745E-3	5,933654E-3	-2,912223E-3	1,382857E+0	1,383347E+0
20220917 10:59:28,020	c_0_3011_20220917_10_59_28,020.bmp	1,725274E+0	8,163065E-1	3,700242E-3	8,388745E-3	-6,786918E-3	4,736996E-3	1,385405E+0	1,383347E+0
20220917 10:59:34,022	c_0_3012_20220917_10_59_34,022.bmp	1,760901E+0	8,341307E-1	7,518835E-3	1,349272E-2	-1,187515E-2	-1,311118E-2	1,390502E+0	1,393578E+0
20220917 10:59:40,031	c_0_3013_20220917_10_59_40,031.bmp	1,801618E+0	8,557744E-1	4,973106E-3	1,094073E-2	-9,331032E-3	-8,011703E-3	1,390502E+0	1,388463E+0
20220917 10:59:46,032	c_0_3014_20220917_10_59_46,032.bmp	1,837245E+0	8,761449E-1	7,518835E-3	5,836756E-3	-9,331032E-3	-3,624835E-4	1,390502E+0	1,383347E+0
20220917 10:59:52,036	c_0_3015_20220917_10_59_52,036.bmp	1,874145E+0	8,952423E-1	6,245971E-3	9,664739E-3	-1,187515E-2	-8,011703E-3	1,390502E+0	1,388463E+0
20220917 10:59:58,038	c_0_3016_20220917_10_59_58,038.bmp	1,911044E+0	9,156129E-1	6,245971E-3	1,094073E-2	-1,698689E-3	4,736996E-3	1,387954E+0	1,396136E+0
20220917 11:00:04,042	c_0_3017_20220917_11_00_04,042.bmp	1,947944E+0	9,359834E-1	7,518835E-3	9,664739E-3	-1,696338E-2	-1,056144E-2	1,387954E+0	1,388463E+0
20220917 11:00:10,043	c_0_3018_20220917_11_00_10,043.bmp	1,978482E+0	9,550808E-1	1,006456E-2	1,094073E-2	-1,441926E-2	-8,011703E-3	1,390502E+0	1,380789E+0
20220917 11:00:16,046	c_0_3019_20220917_11_00_16,046.bmp	2,016654E+0	9,767245E-1	7,518835E-3	1,094073E-2	-6,786918E-3	-8,011703E-3	1,387954E+0	1,388463E+0
20220917 11:00:22,047	c_0_3020_20220917_11_00_22,047.bmp	2,042102E+0	9,945487E-1	1,006456E-2	1,094073E-2	-1,698689E-3	-8,011703E-3	1,387954E+0	1,385905E+0
20220917 11:00:28,051	c_0_3021_20220917_11_00_28,051.bmp	2,077729E+0	1,016192E+0	7,518835E-3	1,094073E-2	-6,786918E-3	-1,056144E-2	1,390502E+0	1,396136E+0
20220917 11:00:34,053	c_0_3022_20220917_11_00_34,053.bmp	2,105722E+0	1,031470E+0	1,006456E-2	1,094073E-2	-1,441926E-2	-8,011703E-3	1,395599E+0	1,388463E+0
20220917 11:00:40,056	c_0_3023_20220917_11_00_40,056.bmp	2,134987E+0	1,053114E+0	8,791700E-3	1,349272E-2	-2,459572E-2	-8,011703E-3	1,398148E+0	1,388463E+0
20220917 11:00:46,061	c_0_3024_20220917_11_00_46,061.bmp	2,169342E+0	1,074758E+0	6,245971E-3	7,112750E-3	-1,187515E-2	7,286736E-3	1,387954E+0	1,383347E+0
20220917 11:00:52,073	c_0_3025_20220917_11_00_52,073.bmp	2,193518E+0	1,096401E+0	6,245971E-3	1,094073E-2	-6,786918E-3	-1,311118E-2	1,387954E+0	1,388463E+0
20220917 11:00:58,073	c_0_3026_20220917_11_00_58,073.bmp	2,213876E+0	1,116772E+0	3,700242E-3	8,388745E-3	-1,696338E-2	2,187256E-3	1,385405E+0	1,383347E+0
20220917 11:01:04,077	c_0_3027_20220917_11_01_04,077.bmp	2,232963E+0	1,135869E+0	7,518835E-3	1,094073E-2	-1,698689E-3	2,187256E-3	1,387954E+0	1,388463E+0
20220917 11:01:10,078	c_0_3028_20220917_11_01_10,078.bmp	2,221511E+0	1,157513E+0	4,973106E-3	8,388745E-3	8,454256E-4	-5,461963E-3	1,382857E+0	1,383347E+0
20220917 11:01:16,081	c_0_3029_20220917_11_01_16,081.bmp	2,220238E+0	1,172791E+0	6,245971E-3	1,221673E-2	-1,696338E-2	-1,821066E-2	1,395599E+0	1,396136E+0
20220917 11:01:22,084	c_0_3030_20220917_11_01_22,084.bmp	2,178249E+0	1,196981E+0	7,518835E-3	1,094073E-2	-6,786918E-3	-5,461963E-3	1,390502E+0	1,388463E+0
20220917 11:01:28,088	c_0_3031_20220917_11_01_28,088.bmp	1,654019E+0	1,218625E+0	3,700242E-3	8,388745E-3	-4,242803E-3	-3,624835E-4	1,382857E+0	1,383347E+0
20220917 11:01:34,091	c_0_3032_20220917_11_01_34,091.bmp	1,463158E+0	1,237722E+0	3,700242E-3	8,388745E-3	-4,242803E-3	-2,912223E-3	1,385405E+0	1,380789E+0
20220917 11:01:40,096	c_0_3033_20220917_11_01_40,096.bmp	1,423714E+0	1,254273E+0	8,791700E-3	9,664739E-3	-1,696338E-2	-8,011703E-3	1,390502E+0	1,388463E+0
20220917 11:01:46,100	c_0_3034_20220917_11_01_46,100.bmp	1,422441E+0	1,272097E+0	6,245971E-3	1,349272E-2	-1,698689E-3	-2,912223E-3	1,398148E+0	1,393578E+0
20220917 11:01:52,101	c_0_3035_20220917_11_01_52,101.bmp	1,419897E+0	1,291195E+0	4,973106E-3	1,476871E-2	-1,696338E-2	-1,566092E-2	1,395599E+0	1,396136E+0
20220917 11:01:58,103	c_0_3036_20220917_11_01_58,103.bmp	1,413535E+0	1,315385E+0	8,791700E-3	8,388745E-3	-1,187515E-2	-2,912223E-3	1,387954E+0	1,383347E+0
20220917 11:02:04,106	c_0_3037_20220917_11_02_04,106.bmp	1,399538E+0	1,337028E+0	1,006456E-2	1,094073E-2	-2,205160E-2	-2,912223E-3	1,395599E+0	1,388463E+0
20220917 11:02:10,111	c_0_3038_20220917_11_02_10,111.bmp	1,407173E+0	1,356126E+0	6,245971E-3	1,094073E-2	-9,331032E-3	-8,011703E-3	1,387954E+0	1,388463E+0
20220917 11:02:16,114	c_0_3039_20220917_11_02_16,114.bmp	1,404628E+0	1,376496E+0	6,245971E-3	1,349272E-2	-1,187515E-2	-1,821066E-2	1,390502E+0	1,396136E+0
20220917 11:02:22,117	c_0_3040_20220917_11_02_22,117.bmp	1,409717E+0	1,396867E+0	7,518835E-3	1,349272E-2	-1,187515E-2	-1,056144E-2	1,387954E+0	1,393578E+0
20220917 11:02:28,118	c_0_3041_20220917_11_02_28,118.bmp	1,416079E+0	1,418511E+0	6,245971E-3	8,388745E-3	-4,242803E-3	-3,624835E-4	1,382857E+0	1,383347E+0
20220917 11:02:34,119	c_0_3042_20220917_11_02_34,119.bmp	1,426259E+0	1,436335E+0	7,518835E-3	9,664739E-3	-9,331032E-3	2,187256E-3	1,387954E+0	1,388463E+0
20220917 11:02:40,120	c_0_3043_20220917_11_02_40,120.bmp	1,435166E+0	1,455432E+0	1,006456E-2	1,094073E-2	-1,187515E-2	-5,461963E-3	1,395599E+0	1,388463E+0
20220917 11:02:46,124	c_0_3044_20220917_11_02_46,124.bmp	1,444072E+0	1,473256E+0	1,006456E-2	1,349272E-2	-1,441926E-2	-1,056144E-2	1,395599E+0	1,393578E+0
20220917 11:02:52,124	c_0_3045_20220917_11_02_52,124.bmp	1,461886E+0	1,498720E+0	1,154512E-3	5,836756E-3	8,454256E-4	2,187256E-3	1,382857E+0	1,383347E+0
20220917 11:02:58,124	c_0_3046_20220917_11_02_58,124.bmp	1,465703E+0	1,516544E+0	6,245971E-3	1,094073E-2	-6,786918E-3	-5,461963E-3	1,390502E+0	1,388463E+0
20220917 11:03:04,126	c_0_3047_20220917_11_03_04,126.bmp	1,480972E+0	1,533095E+0	7,518835E-3	1,349272E-2	-1,441926E-2	7,286736E-3	1,395599E+0	1,396136E+0
20220917 11:03:10,130	c_0_3048_20220917_11_03_10,130.bmp	1,488606E+0	1,557285E+0	6,245971E-3	1,094073E-2	-1,698689E-3	-5,461963E-3	1,387954E+0	1,393578E+0
20220917 11:03:16,133	c_0_3049_20220917_11_03_16,133.bmp	1,497513E+0	1,572563E+0	8,791700E-3	1,476871E-2	-1,441926E-2	-1,056144E-2	1,398148E+0	1,396136E+0
20220917 11:03:22,136	c_0_3050_20220917_11_03_22,136.bmp	1,512782E+0	1,591660E+0	8,791700E-3	1,349272E-2	-1,187515E-2	-1,056144E-2	1,398148E+0	1,396136E+0
20220917 11:03:28,136	c_0_3051_20220917_11_03_28,136.bmp	1,524234E+0	1,619670E+0	2,427377E-3	8,388745E-3	-4,242803E-3	-2,840962E-2	1,382857E+0	1,388463E+0
20220917 11:03:34,136	c_0_3052_20220917_11_03_34,136.bmp	1,531868E+0	1,631128E+0	4,973106E-3	1,349272E-2	-6,786918E-3	-1,056144E-2	1,395599E+0	1,391021E+0
20220917 11:03:40,139	c_0_3053_20220917_11_03_40,139.bmp	1,544592E+0	1,659138E+0	3,700242E-3	9,664739E-3	-4,242803E-3	7,286736E-3	1,385405E+0	1,388463E+0
20220917 11:03:46,139	c_0_3054_20220917_11_03_46,139.bmp	1,548409E+0	1,671869E+0	6,245971E-3	1,476871E-2	-4,242803E-3	-8,011703E-3	1,390502E+0	1,396136E+0
20220917 11:03:52,143	c_0_3055_20220917_11_03_52,143.bmp	1,554771E+0	1,692240E+0	1,006456E-2	1,221673E-2	-1,187515E-2	-1,056144E-2	1,395599E+0	1,393578E+0
20220917 11:03:58,146	c_0_3056_20220917_11_03_58,146.bmp	1,556044E+0	1,715157E+0	7,518835E-3	7,112750E-3	-6,786918E-3	-8,011703E-3	1,387954E+0	1,383347E+0
20220917 11:04:04,153	c_0_3057_20220917_11_04_04,153.bmp	1,558589E+0	1,731708E+0	1,006456E-2	1,476871E-2	-1,696338E-2	-5,461963E-3	1,395599E+0	1,388463E+0
20220917 11:04:10,156	c_0_3058_20220917_11_04_10,156.bmp	1,568768E+0	1,755898E+0	4,973106E-3	1,476871E-2	-1,441926E-2	-1,056144E-2	1,390502E+0	1,396136E+0
20220917 11:04:16,161	c_0_3059_20220917_11_04_16,161.bmp	1,576402E+0	1,774995E+0	7,518835E-3	1,094073E-2	-6,786918E-3	-5,461963E-3	1,390502E+0	1,388463E+0
20220917 11:04:22,162	c_0_3060_20220917_11_04_22,162.bmp	1,582764E+0	1,795366E+0	7,518835E-3	1,094073E-2	-6,786918E-3	-2,912223E-3	1,390502E+0	1,380789E+0
20220917 11:04:28,162	c_0_3061_20220917_11_04_28,162.bmp	1,587854E+0	1,813190E+0	1,006456E-2	1,476871E-2	-6,786918E-3	-3,624835E-4	1,398148E+0	1,393578E+0
20220917 11:04:34,163	c_0_3062_20220917_11_04_34,163.bmp	1,598033E+0	1,834834E+0	8,791700E-3	1,094073E-2	-1,441926E-2	-2,076040E-2	1,387954E+0	1,385905E+0
20220917 11:04:40,163	c_0_3063_20220917_11_04_40,163.bmp	1,613302E+0	1,859024E+0	2,427377E-3	8,388745E-3	-2,205160E-2	2,187256E-3	1,382857E+0	1,383347E+0
20220917 11:04:46,183	c_0_3064_20220917_11_04_46,183.bmp	1,620936E+0	1,876848E+0	6,245971E-3	1,094073E-2	1,611011E-2	-5,461963E-3	1,387954E+0	1,388463E+0
20220917 11:04:52,184	c_0_3065_20220917_11_04_52,184.bmp	1,631116E+0	1,897218E+0	7,518835E-3	1,476871E-2	-9,331032E-3	-3,605884E-2	1,390502E+0	1,393578E+0
20220917 11:04:58,187	c_0_3066_20220917_11_04_58,187.bmp	1,634933E+0	1,915043E+0	7,518835E-3	1,094073E-2	3,389540E-3	-2,331014E-2	1,390502E+0	1,388463E+0
20220917 11:05:04,191	c_0_3067_20220917_11_05_04,191.bmp	1,633660E+0	1,939233E+0	6,245971E-3	8,388745E-3	-4,242803E-3	2,187256E-3	1,385405E+0	1,383347E+0
20220917 11:05:10,193	c_0_3068_20220917_11_05_10,193.bmp	1,633660E+0	1,955784E+0	2,427377E-3	1,094073E-2	-6,786918E-3	-5,461963E-3	1,390502E+0	1,396136E+0
20220917 11:05:16,193	c_0_3069_20220917_11_05_16,193.bmp	1,617119E+0	1,972335E+0	1,006456E-2	1,221673E-2	-1,187515E-2	9,836476E-3	1,395599E+0	1,385905E+0
20220917 11:05:22,195	c_0_3070_20220917_11_05_22,195.bmp	1,604395E+0	1,999071E+0	6,245971E-3	5,836756E-3	8,454256E-4	2,187256E-3	1,385405E+0	1,380789E+0
20220917 11:05:28,204	c_0_3071_20220917_11_05_28,204.bmp	1,369001E+0	2,016895E+0	8,791700E-3	1,094073E-2	-9,331032E-3	-8,011703E-3	1,387954E+0	1,383347E+0
20220917 11:05:34,207	c_0_3072_20220917_11_05_34,207.bmp	1,348642E+0	2,030900E+0	1,006456E-2	1,476871E-2	-2,459572E-2	-1,311118E-2	1,395599E+0	1,396136E+0
20220917 11:05:40,212	c_0_3073_20220917_11_05_40,212.bmp	1,348642E+0	2,057636E+0	6,245971E-3	8,388745E-3	1,865423E-2	2,187256E-3	1,382857E+0	1,388463E+0
20220917 11:05:46,212	c_0_3074_20220917_11_05_46,212.bmp	1,348642E+0	2,074187E+0	8,791700E-3	1,221673E-2	-1,950749E-2	-1,311118E-2	1,395599E+0	1,396136E+0
20220917 11:05:52,214	c_0_3075_20220917_11_05_52,214.bmp	1,352459E+0	2,093285E+0	8,791700E-3	1,349272E-2	-1,696338E-2	-1,821066E-2	1,395599E+0	1,396136E+0
20220917 11:05:58,215	c_0_3076_20220917_11_05_58,215.bmp	1,362639E+0	2,117475E+0	3,700242E-3	1,094073E-2	3,389540E-3	-8,011703E-3	1,385405E+0	1,388463E+0
20220917 11:06:04,215	c_0_3077_20220917_11_06_04,215.bmp	1,365183E+0	2,132753E+0	1,006456E-2	1,221673E-2	-1,187515E-2	-5,461963E-3	1,398148E+0	1,388463E+0
20220917 11:06:10,217	c_0_3078_20220917_11_06_10,217.bmp	1,376635E+0	2,159489E+0	6,245971E-3	7,112750E-3	-1,698689E-3	-2,912223E-3	1,385405E+0	1,383347E+0
20220917 11:06:16,219	c_0_3079_20220917_11_06_16,219.bmp	1,380452E+0	2,172221E+0	8,791700E-3	1,349272E-2	-6,786918E-3	-1,056144E-2	1,398148E+0	1,393578E+0
20220917 11:06:22,220	c_0_3080_20220917_11_06_22,220.bmp	1,396993E+0	2,193864E+0	2,427377E-3	1,094073E-2	3,389540E-3	-8,011703E-3	1,382857E+0	1,388463E+0
20220917 11:06:28,224	c_0_3081_20220917_11_06_28,224.bmp	1,404628E+0	2,215508E+0	7,518835E-3	1,094073E-2	-6,786918E-3	-8,011703E-3	1,387954E+0	1,388463E+0
20220917 11:06:34,229	c_0_3082_20220917_11_06_34,229.bmp	1,400811E+0	2,238425E+0	3,700242E-3	1,094073E-2	-1,698689E-3	-3,624835E-4	1,382857E+0	1,385905E+0
20220917 11:06:40,231	c_0_3083_20220917_11_06_40,231.bmp	1,396993E+0	2,254976E+0	7,518835E-3	1,094073E-2	-4,242803E-3	-2,912223E-3	1,390502E+0	1,388463E+0
20220917 11:06:46,236	c_0_3084_20220917_11_06_46,236.bmp	1,386814E+0	2,277893E+0	3,700242E-3	7,112750E-3	3,389540E-3	2,187256E-3	1,385405E+0	1,385905E+0
20220917 11:06:52,237	c_0_3085_20220917_11_06_52,237.bmp	1,365183E+0	2,295717E+0	8,791700E-3	1,094073E-2	-1,441926E-2	-3,624835E-4	1,390502E+0	1,388463E+0
20220917 11:06:58,239	c_0_3086_20220917_11_06_58,239.bmp	1,355004E+0	2,313541E+0	8,791700E-3	1,094073E-2	8,454256E-4	-5,461963E-3	1,398148E+0	1,388463E+0
20220917 11:07:04,242	c_0_3087_20220917_11_07_04,242.bmp	1,351187E+0	2,332639E+0	6,245971E-3	1,349272E-2	-6,786918E-3	2,187256E-3	1,387954E+0	1,393578E+0
20220917 11:07:10,247	c_0_3088_20220917_11_07_10,247.bmp	1,348642E+0	2,359375E+0	7,518835E-3	8,388745E-3	-6,786918E-3	1,238622E-2	1,382857E+0	1,383347E+0
20220917 11:07:16,247	c_0_3089_20220917_11_07_16,247.bmp	1,347370E+0	2,378472E+0	3,700242E-3	1,094073E-2	-6,786918E-3	-2,912223E-3	1,382857E+0	1,388463E+0
20220917 11:07:22,248	c_0_3090_20220917_11_07_22,248.bmp	1,344825E+0	2,395024E+0	7,518835E-3	1,094073E-2	2,119834E-2	-8,011703E-3	1,387954E+0	1,388463E+0
20220917 11:07:28,253	c_0_3091_20220917_11_07_28,253.bmp	1,351187E+0	2,415394E+0	6,245971E-3	1,349272E-2	8,454256E-4	-1,056144E-2	1,390502E+0	1,396136E+0
20220917 11:07:34,253	c_0_3092_20220917_11_07_34,253.bmp	1,343552E+0	2,438311E+0	7,518835E-3	8,388745E-3	-9,331032E-3	2,187256E-3	1,385405E+0	1,383347E+0
20220917 11:07:40,253	c_0_3093_20220917_11_07_40,253.bmp	1,299018E+0	2,452316E+0	7,518835E-3	1,476871E-2	8,454256E-4	-8,011703E-3	1,387954E+0	1,396136E+0
20220917 11:07:46,254	c_0_3094_20220917_11_07_46,254.bmp	1,237943E+0	2,475233E+0	7,518835E-3	1,349272E-2	-1,698689E-3	-8,011703E-3	1,390502E+0	1,396136E+0
20220917 11:07:52,256	c_0_3095_20220917_11_07_52,256.bmp	1,183230E+0	2,494330E+0	3,700242E-3	1,094073E-2	-1,696338E-2	-8,011703E-3	1,387954E+0	1,396136E+0
20220917 11:07:58,256	c_0_3096_20220917_11_07_58,256.bmp	1,167961E+0	2,514700E+0	7,518835E-3	1,094073E-2	-4,242803E-3	-1,056144E-2	1,387954E+0	1,388463E+0
20220917 11:08:04,260	c_0_3097_20220917_11_08_04,260.bmp	1,131061E+0	2,535071E+0	3,700242E-3	1,094073E-2	5,933654E-3	2,187256E-3	1,385405E+0	1,388463E+0
20220917 11:08:10,264	c_0_3098_20220917_11_08_10,264.bmp	1,110703E+0	2,555442E+0	7,518835E-3	1,094073E-2	-9,331032E-3	-5,461963E-3	1,390502E+0	1,385905E+0
20220917 11:08:16,268	c_0_3099_20220917_11_08_16,268.bmp	1,105613E+0	2,573266E+0	4,973106E-3	1,094073E-2	3,389540E-3	2,187256E-3	1,387954E+0	1,388463E+0
20220917 11:08:22,273	c_0_3100_20220917_11_08_22,273.bmp	1,095434E+0	2,592363E+0	1,006456E-2	1,221673E-2	-1,187515E-2	-1,566092E-2	1,398148E+0	1,393578E+0
20220917 11:08:28,275	c_0_3101_20220917_11_08_28,275.bmp	1,089072E+0	2,615280E+0	7,518835E-3	9,664739E-3	-4,242803E-3	1,748570E-2	1,390502E+0	1,388463E+0
20220917 11:08:34,278	c_0_3102_20220917_11_08_34,278.bmp	1,077620E+0	2,635651E+0	6,245971E-3	1,094073E-2	-6,786918E-3	2,187256E-3	1,390502E+0	1,393578E+0
20220917 11:08:40,283	c_0_3103_20220917_11_08_40,283.bmp	1,047082E+0	2,652202E+0	8,791700E-3	1,349272E-2	-1,187515E-2	-5,461963E-3	1,398148E+0	1,388463E+0
20220917 11:08:46,283	c_0_3104_20220917_11_08_46,283.bmp	1,036903E+0	2,675118E+0	6,245971E-3	1,094073E-2	-4,242803E-3	-5,461963E-3	1,390502E+0	1,388463E+0
20220917 11:08:52,285	c_0_3105_20220917_11_08_52,285.bmp	1,029269E+0	2,694216E+0	8,791700E-3	1,094073E-2	-1,441926E-2	-2,912223E-3	1,398148E+0	1,388463E+0
20220917 11:08:58,288	c_0_3106_20220917_11_08_58,288.bmp	1,024179E+0	2,710767E+0	1,006456E-2	1,221673E-2	-1,187515E-2	-1,056144E-2	1,398148E+0	1,393578E+0
20220917 11:09:04,289	c_0_3107_20220917_11_09_04,289.bmp	1,015272E+0	2,734957E+0	7,518835E-3	1,349272E-2	1,356600E-2	-1,311118E-2	1,390502E+0	1,396136E+0
20220917 11:09:10,293	c_0_3108_20220917_11_09_10,293.bmp	1,011455E+0	2,755328E+0	6,245971E-3	1,094073E-2	-1,698689E-3	-2,912223E-3	1,390502E+0	1,388463E+0
20220917 11:09:16,297	c_0_3109_20220917_11_09_16,297.bmp	1,008910E+0	2,771879E+0	7,518835E-3	1,349272E-2	-1,187515E-2	-1,311118E-2	1,398148E+0	1,385905E+0
20220917 11:09:22,298	c_0_3110_20220917_11_09_22,298.bmp	1,008910E+0	2,793522E+0	6,245971E-3	1,094073E-2	-6,786918E-3	-8,011703E-3	1,390502E+0	1,396136E+0
20220917 11:09:28,305	c_0_3111_20220917_11_09_28,305.bmp	1,003821E+0	2,816439E+0	6,245971E-3	1,094073E-2	-6,786918E-3	-2,912223E-3	1,387954E+0	1,388463E+0
20220917 11:09:34,306	c_0_3112_20220917_11_09_34,306.bmp	1,008910E+0	2,835537E+0	3,700242E-3	1,094073E-2	-1,698689E-3	-1,056144E-2	1,390502E+0	1,396136E+0
20220917 11:09:40,306	c_0_3113_20220917_11_09_40,306.bmp	1,003821E+0	2,853361E+0	1,006456E-2	1,094073E-2	-1,187515E-2	-1,311118E-2	1,395599E+0	1,388463E+0
20220917 11:09:46,311	c_0_3114_20220917_11_09_46,311.bmp	1,008910E+0	2,875004E+0	7,518835E-3	1,349272E-2	-4,242803E-3	-1,056144E-2	1,390502E+0	1,393578E+0
20220917 11:09:52,314	c_0_3115_20220917_11_09_52,314.bmp	1,017817E+0	2,897921E+0	3,700242E-3	9,664739E-3	8,454256E-4	-3,624835E-4	1,382857E+0	1,391021E+0
20220917 11:09:58,318	c_0_3116_20220917_11_09_58,318.bmp	1,019090E+0	2,914472E+0	6,245971E-3	1,094073E-2	-1,698689E-3	-8,011703E-3	1,387954E+0	1,385905E+0
20220917 11:10:04,322	c_0_3117_20220917_11_10_04,322.bmp	1,024179E+0	2,934843E+0	7,518835E-3	8,388745E-3	-1,696338E-2	-5,461963E-3	1,387954E+0	1,383347E+0
20220917 11:10:10,326	c_0_3118_20220917_11_10_10,326.bmp	1,027996E+0	2,956487E+0	7,518835E-3	8,388745E-3	-6,786918E-3	2,187256E-3	1,385405E+0	1,388463E+0
20220917 11:10:16,329	c_0_3119_20220917_11_10_16,329.bmp	1,033086E+0	2,971765E+0	6,245971E-3	1,349272E-2	-1,698689E-3	-1,311118E-2	1,398148E+0	1,396136E+0
20220917 11:10:22,330	c_0_3120_20220917_11_10_22,330.bmp	1,034358E+0	2,994681E+0	8,791700E-3	1,094073E-2	-4,242803E-3	-3,624835E-4	1,387954E+0	1,388463E+0
20220917 11:10:28,332	c_0_3121_20220917_11_10_28,332.bmp	1,044538E+0	3,015052E+0	6,245971E-3	1,094073E-2	-6,786918E-3	-8,011703E-3	1,387954E+0	1,393578E+0
20220917 11:10:34,332	c_0_3122_20220917_11_10_34,332.bmp	1,048355E+0	3,035422E+0	1,006456E-2	1,094073E-2	-1,441926E-2	-1,056144E-2	1,387954E+0	1,388463E+0
20220917 11:10:40,333	c_0_3123_20220917_11_10_40,333.bmp	1,053444E+0	3,054520E+0	1,006456E-2	1,094073E-2	-9,331032E-3	1,748570E-2	1,387954E+0	1,383347E+0
20220917 11:10:46,335	c_0_3124_20220917_11_10_46,335.bmp	1,062351E+0	3,071071E+0	8,791700E-3	1,476871E-2	-9,331032E-3	-1,311118E-2	1,398148E+0	1,393578E+0
20220917 11:10:52,339	c_0_3125_20220917_11_10_52,339.bmp	1,069986E+0	3,095261E+0	4,973106E-3	1,094073E-2	-6,786918E-3	2,187256E-3	1,390502E+0	1,388463E+0
20220917 11:10:58,340	c_0_3126_20220917_11_10_58,340.bmp	1,075075E+0	3,114358E+0	6,245971E-3	1,094073E-2	-9,331032E-3	-3,624835E-4	1,390502E+0	1,383347E+0
20220917 11:11:04,343	c_0_3127_20220917_11_11_04,343.bmp	1,085255E+0	3,138548E+0	3,700242E-3	1,094073E-2	8,454256E-4	2,187256E-3	1,385405E+0	1,388463E+0
20220917 11:11:10,345	c_0_3128_20220917_11_11_10,345.bmp	1,085255E+0	3,156373E+0	6,245971E-3	1,094073E-2	-4,242803E-3	7,286736E-3	1,387954E+0	1,383347E+0
20220917 11:11:16,348	c_0_3129_20220917_11_11_16,348.bmp	1,090344E+0	3,175470E+0	1,006456E-2	1,094073E-2	-9,331032E-3	4,736996E-3	1,390502E+0	1,383347E+0
20220917 11:11:22,348	c_0_3130_20220917_11_11_22,348.bmp	1,100523E+0	3,198387E+0	3,700242E-3	8,388745E-3	3,389540E-3	-2,912223E-3	1,385405E+0	1,388463E+0
20220917 11:11:28,348	c_0_3131_20220917_11_11_28,348.bmp	1,105613E+0	3,213665E+0	4,973106E-3	1,094073E-2	-6,786918E-3	1,493596E-2	1,387954E+0	1,388463E+0
20220917 11:11:34,355	c_0_3132_20220917_11_11_34,355.bmp	1,105613E+0	3,236582E+0	8,791700E-3	8,388745E-3	-4,242803E-3	7,286736E-3	1,382857E+0	1,383347E+0
20220917 11:11:40,356	c_0_3133_20220917_11_11_40,356.bmp	1,103068E+0	3,254406E+0	8,791700E-3	1,094073E-2	-1,441926E-2	-5,461963E-3	1,387954E+0	1,388463E+0
20220917 11:11:46,356	c_0_3134_20220917_11_11_46,356.bmp	1,104341E+0	3,270957E+0	1,006456E-2	1,094073E-2	-1,696338E-2	-2,912223E-3	1,398148E+0	1,385905E+0
20220917 11:11:52,361	c_0_3135_20220917_11_11_52,361.bmp	1,113247E+0	3,293874E+0	1,006456E-2	1,094073E-2	-6,786918E-3	-3,624835E-4	1,390502E+0	1,388463E+0
20220917 11:11:58,364	c_0_3136_20220917_11_11_58,364.bmp	1,120882E+0	3,314244E+0	6,245971E-3	1,221673E-2	8,454256E-4	-1,311118E-2	1,390502E+0	1,396136E+0
20220917 11:12:04,369	c_0_3137_20220917_11_12_04,369.bmp	1,120882E+0	3,332068E+0	1,006456E-2	1,349272E-2	-1,187515E-2	-8,011703E-3	1,395599E+0	1,393578E+0
20220917 11:12:10,370	c_0_3138_20220917_11_12_10,370.bmp	1,125971E+0	3,354985E+0	1,006456E-2	1,094073E-2	-1,441926E-2	-8,011703E-3	1,387954E+0	1,380789E+0
20220917 11:12:16,371	c_0_3139_20220917_11_12_16,371.bmp	1,136151E+0	3,377902E+0	3,700242E-3	1,094073E-2	-4,242803E-3	-8,011703E-3	1,385405E+0	1,388463E+0
20220917 11:12:22,375	c_0_3140_20220917_11_12_22,375.bmp	1,133606E+0	3,395726E+0	1,006456E-2	1,094073E-2	-6,786918E-3	-1,056144E-2	1,390502E+0	1,383347E+0
20220917 11:12:28,376	c_0_3141_20220917_11_12_28,376.bmp	1,139968E+0	3,413551E+0	8,791700E-3	1,094073E-2	-6,786918E-3	-3,624835E-4	1,390502E+0	1,383347E+0
20220917 11:12:34,379	c_0_3142_20220917_11_12_34,379.bmp	1,150147E+0	3,432648E+0	6,245971E-3	1,094073E-2	-9,331032E-3	-5,461963E-3	1,390502E+0	1,388463E+0
20220917 11:12:40,382	c_0_3143_20220917_11_12_40,382.bmp	1,153964E+0	3,454292E+0	6,245971E-3	1,094073E-2	-1,187515E-2	-3,624835E-4	1,390502E+0	1,388463E+0
20220917 11:12:46,385	c_0_3144_20220917_11_12_46,385.bmp	1,155237E+0	3,474662E+0	7,518835E-3	1,094073E-2	-9,331032E-3	2,187256E-3	1,390502E+0	1,388463E+0
20220917 11:12:52,385	c_0_3145_20220917_11_12_52,385.bmp	1,157782E+0	3,495033E+0	3,700242E-3	1,094073E-2	-3,477218E-2	-5,461963E-3	1,390502E+0	1,388463E+0
20220917 11:12:58,389	c_0_3146_20220917_11_12_58,389.bmp	1,156509E+0	3,514130E+0	6,245971E-3	9,664739E-3	-6,786918E-3	-3,624835E-4	1,387954E+0	1,383347E+0
20220917 11:13:04,392	c_0_3147_20220917_11_13_04,392.bmp	1,161599E+0	3,529408E+0	4,973106E-3	1,476871E-2	-1,441926E-2	-2,912223E-3	1,395599E+0	1,388463E+0
20220917 11:13:10,394	c_0_3148_20220917_11_13_10,394.bmp	1,162871E+0	3,554871E+0	3,700242E-3	1,094073E-2	-1,441926E-2	-2,912223E-3	1,390502E+0	1,388463E+0
20220917 11:13:16,398	c_0_3149_20220917_11_13_16,398.bmp	1,160326E+0	3,575242E+0	7,518835E-3	7,112750E-3	-6,786918E-3	1,238622E-2	1,387954E+0	1,383347E+0
20220917 11:13:22,404	c_0_3150_20220917_11_13_22,404.bmp	1,161599E+0	3,595612E+0	3,700242E-3	5,836756E-3	-1,698689E-3	-8,011703E-3	1,385405E+0	1,383347E+0
20220917 11:13:28,404	c_0_3151_20220917_11_13_28,404.bmp	1,166688E+0	3,618529E+0	3,700242E-3	7,112750E-3	-6,786918E-3	2,187256E-3	1,382857E+0	1,383347E+0
20220917 11:13:34,407	c_0_3152_20220917_11_13_34,407.bmp	1,165416E+0	3,631261E+0	8,791700E-3	1,349272E-2	-6,786918E-3	-8,011703E-3	1,395599E+0	1,388463E+0
20220917 11:13:40,408	c_0_3153_20220917_11_13_40,408.bmp	1,170506E+0	3,654178E+0	7,518835E-3	1,349272E-2	-1,696338E-2	-1,311118E-2	1,390502E+0	1,393578E+0
20220917 11:13:46,408	c_0_3154_20220917_11_13_46,408.bmp	1,180685E+0	3,677095E+0	3,700242E-3	8,388745E-3	-1,698689E-3	2,187256E-3	1,385405E+0	1,385905E+0
20220917 11:13:52,411	c_0_3155_20220917_11_13_52,411.bmp	1,179412E+0	3,696192E+0	3,700242E-3	8,388745E-3	-1,441926E-2	2,187256E-3	1,382857E+0	1,391021E+0
20220917 11:13:58,411	c_0_3156_20220917_11_13_58,411.bmp	1,180685E+0	3,716562E+0	3,700242E-3	8,388745E-3	-4,242803E-3	-8,011703E-3	1,385405E+0	1,383347E+0
20220917 11:14:04,415	c_0_3157_20220917_11_14_04,415.bmp	1,176868E+0	3,736933E+0	7,518835E-3	1,094073E-2	-9,331032E-3	-2,912223E-3	1,387954E+0	1,388463E+0
20220917 11:14:10,419	c_0_3158_20220917_11_14_10,419.bmp	1,176868E+0	3,750938E+0	8,791700E-3	1,349272E-2	-1,187515E-2	-1,311118E-2	1,398148E+0	1,388463E+0
20220917 11:14:16,423	c_0_3159_20220917_11_14_16,423.bmp	1,180685E+0	3,770035E+0	7,518835E-3	1,476871E-2	-1,696338E-2	-5,461963E-3	1,398148E+0	1,393578E+0
20220917 11:14:22,427	c_0_3160_20220917_11_14_22,427.bmp	1,183230E+0	3,794225E+0	7,518835E-3	1,349272E-2	-9,331032E-3	-1,311118E-2	1,390502E+0	1,396136E+0
20220917 11:14:28,430	c_0_3161_20220917_11_14_28,430.bmp	1,181957E+0	3,814596E+0	8,791700E-3	1,094073E-2	-4,242803E-3	-3,624835E-4	1,387954E+0	1,388463E+0
20220917 11:14:34,432	c_0_3162_20220917_11_14_34,432.bmp	1,183230E+0	3,832420E+0	6,245971E-3	1,094073E-2	-1,187515E-2	2,187256E-3	1,390502E+0	1,383347E+0
20220917 11:14:40,434	c_0_3163_20220917_11_14_40,434.bmp	1,190864E+0	3,852790E+0	2,427377E-3	1,094073E-2	-1,187515E-2	-1,056144E-2	1,390502E+0	1,385905E+0
20220917 11:14:46,439	c_0_3164_20220917_11_14_46,439.bmp	1,192136E+0	3,873161E+0	3,700242E-3	1,094073E-2	3,389540E-3	-1,311118E-2	1,382857E+0	1,391021E+0
20220917 11:14:52,439	c_0_3165_20220917_11_14_52,439.bmp	1,189592E+0	3,897351E+0	3,700242E-3	8,388745E-3	-1,698689E-3	-8,011703E-3	1,382857E+0	1,388463E+0
20220917 11:14:58,442	c_0_3166_20220917_11_14_58,442.bmp	1,180685E+0	3,911356E+0	6,245971E-3	1,349272E-2	-9,331032E-3	-1,311118E-2	1,395599E+0	1,396136E+0
20220917 11:15:04,446	c_0_3167_20220917_11_15_04,446.bmp	1,170506E+0	3,934273E+0	7,518835E-3	7,112750E-3	-1,441926E-2	2,187256E-3	1,387954E+0	1,383347E+0
20220917 11:15:10,446	c_0_3168_20220917_11_15_10,446.bmp	8,193222E-1	3,955916E+0	3,700242E-3	1,094073E-2	3,389540E-3	-8,011703E-3	1,387954E+0	1,385905E+0
20220917 11:15:16,449	c_0_3169_20220917_11_15_16,449.bmp	7,824225E-1	3,973741E+0	7,518835E-3	1,094073E-2	-9,331032E-3	-5,461963E-3	1,390502E+0	1,388463E+0
20220917 11:15:22,455	c_0_3170_20220917_11_15_22,455.bmp	7,824225E-1	3,994111E+0	7,518835E-3	1,094073E-2	-6,786918E-3	-8,011703E-3	1,390502E+0	1,396136E+0
20220917 11:15:28,455	c_0_3171_20220917_11_15_28,455.bmp	7,862397E-1	4,014482E+0	4,973106E-3	8,388745E-3	-6,786918E-3	7,286736E-3	1,387954E+0	1,383347E+0
20220917 11:15:34,458	c_0_3172_20220917_11_15_34,458.bmp	7,875122E-1	4,032306E+0	1,006456E-2	1,349272E-2	-1,187515E-2	-1,311118E-2	1,395599E+0	1,396136E+0
20220917 11:15:40,458	c_0_3173_20220917_11_15_40,458.bmp	7,964190E-1	4,053950E+0	6,245971E-3	8,388745E-3	-1,950749E-2	-8,011703E-3	1,387954E+0	1,383347E+0
20220917 11:15:46,460	c_0_3174_20220917_11_15_46,460.bmp	7,951466E-1	4,070501E+0	1,006456E-2	1,094073E-2	-1,696338E-2	2,187256E-3	1,395599E+0	1,391021E+0
20220917 11:15:52,465	c_0_3175_20220917_11_15_52,465.bmp	8,015086E-1	4,090871E+0	1,006456E-2	1,221673E-2	-1,696338E-2	-8,011703E-3	1,398148E+0	1,388463E+0
20220917 11:15:58,468	c_0_3176_20220917_11_15_58,468.bmp	8,053258E-1	4,111242E+0	8,791700E-3	1,349272E-2	-1,441926E-2	-1,311118E-2	1,395599E+0	1,396136E+0
20220917 11:16:04,468	c_0_3177_20220917_11_16_04,468.bmp	8,180498E-1	4,137978E+0	3,700242E-3	1,094073E-2	3,389540E-3	-5,461963E-3	1,382857E+0	1,388463E+0
20220917 11:16:10,472	c_0_3178_20220917_11_16_10,472.bmp	8,142326E-1	4,151983E+0	1,006456E-2	1,349272E-2	-5,512509E-2	-1,056144E-2	1,398148E+0	1,393578E+0
20220917 11:16:16,475	c_0_3179_20220917_11_16_16,475.bmp	8,244119E-1	4,176173E+0	6,245971E-3	1,349272E-2	-6,786918E-3	-1,311118E-2	1,390502E+0	1,393578E+0
20220917 11:16:22,478	c_0_3180_20220917_11_16_22,478.bmp	8,244119E-1	4,193997E+0	7,518835E-3	1,094073E-2	-6,786918E-3	-1,056144E-2	1,387954E+0	1,388463E+0
20220917 11:16:28,481	c_0_3181_20220917_11_16_28,481.bmp	8,333187E-1	4,215641E+0	8,791700E-3	1,094073E-2	-1,187515E-2	9,836476E-3	1,390502E+0	1,391021E+0
20220917 11:16:34,481	c_0_3182_20220917_11_16_34,481.bmp	8,409531E-1	4,236011E+0	2,427377E-3	7,112750E-3	5,933654E-3	-3,624835E-4	1,385405E+0	1,383347E+0
20220917 11:16:40,484	c_0_3183_20220917_11_16_40,484.bmp	8,434979E-1	4,251289E+0	8,791700E-3	1,349272E-2	-9,331032E-3	-1,311118E-2	1,395599E+0	1,388463E+0
20220917 11:16:46,489	c_0_3184_20220917_11_16_46,489.bmp	8,473151E-1	4,276752E+0	2,427377E-3	8,388745E-3	-4,242803E-3	-2,912223E-3	1,382857E+0	1,388463E+0
20220917 11:16:52,490	c_0_3185_20220917_11_16_52,490.bmp	8,511323E-1	4,294577E+0	7,518835E-3	7,112750E-3	5,933654E-3	-3,624835E-4	1,387954E+0	1,383347E+0
20220917 11:16:58,490	c_0_3186_20220917_11_16_58,490.bmp	8,536771E-1	4,314947E+0	6,245971E-3	1,094073E-2	-4,749275E-2	-1,056144E-2	1,390502E+0	1,388463E+0
20220917 11:17:04,493	c_0_3187_20220917_11_17_04,493.bmp	8,587667E-1	4,335318E+0	8,791700E-3	1,094073E-2	-1,187515E-2	-5,461963E-3	1,387954E+0	1,388463E+0
20220917 11:17:10,493	c_0_3188_20220917_11_17_10,493.bmp	8,676736E-1	4,358235E+0	6,245971E-3	7,112750E-3	-9,331032E-3	2,187256E-3	1,382857E+0	1,388463E+0
20220917 11:17:16,497	c_0_3189_20220917_11_17_16,497.bmp	8,676736E-1	4,374786E+0	8,791700E-3	9,664739E-3	-3,222806E-2	-8,011703E-3	1,395599E+0	1,388463E+0
20220917 11:17:22,499	c_0_3190_20220917_11_17_22,499.bmp	8,765804E-1	4,393883E+0	6,245971E-3	1,221673E-2	8,454256E-4	-1,056144E-2	1,387954E+0	1,396136E+0
20220917 11:17:28,505	c_0_3191_20220917_11_17_28,505.bmp	8,765804E-1	4,412980E+0	8,791700E-3	9,664739E-3	-1,696338E-2	-8,011703E-3	1,390502E+0	1,385905E+0
20220917 11:17:34,505	c_0_3192_20220917_11_17_34,505.bmp	8,854872E-1	4,433351E+0	6,245971E-3	7,112750E-3	-1,950749E-2	2,187256E-3	1,390502E+0	1,383347E+0
20220917 11:17:40,527	c_0_3193_20220917_11_17_40,527.bmp	8,867596E-1	4,456268E+0	7,518835E-3	1,094073E-2	-6,786918E-3	4,736996E-3	1,387954E+0	1,385905E+0
20220917 11:17:46,527	c_0_3194_20220917_11_17_46,527.bmp	8,969389E-1	4,474092E+0	6,245971E-3	1,094073E-2	-6,786918E-3	-8,011703E-3	1,390502E+0	1,388463E+0
20220917 11:17:52,531	c_0_3195_20220917_11_17_52,531.bmp	9,020285E-1	4,495736E+0	3,700242E-3	8,388745E-3	-9,331032E-3	2,187256E-3	1,380308E+0	1,383347E+0
20220917 11:17:58,536	c_0_3196_20220917_11_17_58,536.bmp	9,058457E-1	4,513560E+0	3,700242E-3	1,094073E-2	-1,696338E-2	-5,461963E-3	1,387954E+0	1,388463E+0
20220917 11:18:04,540	c_0_3197_20220917_11_18_04,540.bmp	9,058457E-1	4,532657E+0	1,133743E-2	1,349272E-2	-1,950749E-2	-5,461963E-3	1,395599E+0	1,393578E+0
20220917 11:18:10,541	c_0_3198_20220917_11_18_10,541.bmp	9,134801E-1	4,554301E+0	6,245971E-3	1,094073E-2	-1,187515E-2	-8,011703E-3	1,390502E+0	1,388463E+0
20220917 11:18:16,545	c_0_3199_20220917_11_18_16,545.bmp	9,198421E-1	4,577218E+0	3,700242E-3	7,112750E-3	-1,698689E-3	2,187256E-3	1,385405E+0	1,380789E+0
20220917 11:18:22,545	c_0_3200_20220917_11_18_22,545.bmp	9,198421E-1	4,595042E+0	6,245971E-3	1,094073E-2	-9,331032E-3	-8,011703E-3	1,390502E+0	1,388463E+0
20220917 11:18:28,549	c_0_3201_20220917_11_18_28,549.bmp	9,274765E-1	4,617959E+0	2,427377E-3	1,094073E-2	-4,242803E-3	-3,624835E-4	1,385405E+0	1,388463E+0
20220917 11:18:34,550	c_0_3202_20220917_11_18_34,550.bmp	9,185697E-1	4,634510E+0	4,973106E-3	1,349272E-2	-1,187515E-2	-1,056144E-2	1,387954E+0	1,396136E+0
20220917 11:18:40,556	c_0_3203_20220917_11_18_40,556.bmp	8,574943E-1	4,651061E+0	1,006456E-2	1,349272E-2	-1,441926E-2	-1,821066E-2	1,398148E+0	1,396136E+0
20220917 11:18:46,560	c_0_3204_20220917_11_18_46,560.bmp	7,480676E-1	4,673978E+0	7,518835E-3	1,094073E-2	-4,242803E-3	4,736996E-3	1,387954E+0	1,388463E+0
20220917 11:18:52,563	c_0_3205_20220917_11_18_52,563.bmp	7,366160E-1	4,694349E+0	3,700242E-3	1,094073E-2	8,454256E-4	-1,566092E-2	1,387954E+0	1,388463E+0
20220917 11:18:58,563	c_0_3206_20220917_11_18_58,563.bmp	7,340712E-1	4,714719E+0	3,700242E-3	1,094073E-2	5,933654E-3	-5,461963E-3	1,390502E+0	1,396136E+0
20220917 11:19:04,567	c_0_3207_20220917_11_19_04,567.bmp	7,277092E-1	4,729997E+0	1,006456E-2	1,094073E-2	-9,331032E-3	-2,912223E-3	1,398148E+0	1,388463E+0
20220917 11:19:10,570	c_0_3208_20220917_11_19_10,570.bmp	7,340712E-1	4,755460E+0	3,700242E-3	1,094073E-2	-6,786918E-3	-1,311118E-2	1,390502E+0	1,388463E+0
20220917 11:19:16,574	c_0_3209_20220917_11_19_16,574.bmp	7,289816E-1	4,775831E+0	7,518835E-3	1,094073E-2	-1,187515E-2	7,286736E-3	1,390502E+0	1,380789E+0
20220917 11:19:22,578	c_0_3210_20220917_11_19_22,578.bmp	7,302540E-1	4,792382E+0	7,518835E-3	1,349272E-2	-9,331032E-3	-1,311118E-2	1,398148E+0	1,396136E+0
20220917 11:19:28,579	c_0_3211_20220917_11_19_28,579.bmp	7,302540E-1	4,815299E+0	6,245971E-3	1,094073E-2	-4,242803E-3	-1,056144E-2	1,390502E+0	1,388463E+0
20220917 11:19:34,581	c_0_3212_20220917_11_19_34,581.bmp	7,327988E-1	4,836942E+0	3,700242E-3	8,388745E-3	1,356600E-2	-8,011703E-3	1,385405E+0	1,388463E+0
20220917 11:19:40,585	c_0_3213_20220917_11_19_40,585.bmp	7,302540E-1	4,853493E+0	7,518835E-3	1,349272E-2	-6,786918E-3	-8,011703E-3	1,387954E+0	1,393578E+0
20220917 11:19:46,589	c_0_3214_20220917_11_19_46,589.bmp	7,277092E-1	4,871318E+0	8,791700E-3	1,349272E-2	-2,459572E-2	-8,011703E-3	1,393051E+0	1,393578E+0
20220917 11:19:52,592	c_0_3215_20220917_11_19_52,592.bmp	7,327988E-1	4,891688E+0	3,700242E-3	1,094073E-2	-4,242803E-3	-2,585988E-2	1,382857E+0	1,388463E+0
20220917 11:19:58,594	c_0_3216_20220917_11_19_58,594.bmp	7,353436E-1	4,917151E+0	6,245971E-3	8,388745E-3	3,389540E-3	7,286736E-3	1,382857E+0	1,383347E+0
20220917 11:20:04,597	c_0_3217_20220917_11_20_04,597.bmp	7,353436E-1	4,934976E+0	8,791700E-3	1,094073E-2	-1,187515E-2	-2,912223E-3	1,398148E+0	1,388463E+0
20220917 11:20:10,598	c_0_3218_20220917_11_20_10,598.bmp	7,429780E-1	4,956619E+0	3,700242E-3	8,388745E-3	-4,242803E-3	1,748570E-2	1,385405E+0	1,388463E+0
20220917 11:20:16,605	c_0_3219_20220917_11_20_16,605.bmp	7,455228E-1	4,975717E+0	6,245971E-3	8,388745E-3	8,454256E-4	-2,912223E-3	1,385405E+0	1,383347E+0
20220917 11:20:22,606	c_0_3220_20220917_11_20_22,606.bmp	7,493400E-1	4,996087E+0	8,791700E-3	1,094073E-2	-6,786918E-3	7,286736E-3	1,390502E+0	1,380789E+0
20220917 11:20:28,608	c_0_3221_20220917_11_20_28,608.bmp	7,531573E-1	5,013911E+0	1,006456E-2	1,094073E-2	-6,786918E-3	-1,056144E-2	1,390502E+0	1,388463E+0
20220917 11:20:34,613	c_0_3222_20220917_11_20_34,613.bmp	7,607917E-1	5,031736E+0	6,245971E-3	1,349272E-2	-9,331032E-3	-1,566092E-2	1,398148E+0	1,385905E+0
20220917 11:20:40,613	c_0_3223_20220917_11_20_40,613.bmp	7,633365E-1	5,050833E+0	1,006456E-2	1,476871E-2	-4,242803E-3	-2,912223E-3	1,395599E+0	1,396136E+0
20220917 11:20:46,616	c_0_3224_20220917_11_20_46,616.bmp	7,696985E-1	5,071204E+0	1,006456E-2	1,349272E-2	-1,187515E-2	-8,011703E-3	1,398148E+0	1,396136E+0
20220917 11:20:52,620	c_0_3225_20220917_11_20_52,620.bmp	7,722433E-1	5,094120E+0	8,791700E-3	1,094073E-2	-1,696338E-2	2,187256E-3	1,390502E+0	1,388463E+0
20220917 11:20:58,624	c_0_3226_20220917_11_20_58,624.bmp	7,811501E-1	5,114491E+0	6,245971E-3	1,094073E-2	-9,331032E-3	-2,912223E-3	1,390502E+0	1,385905E+0
20220917 11:21:04,624	c_0_3227_20220917_11_21_04,624.bmp	7,875122E-1	5,134862E+0	3,700242E-3	1,094073E-2	-1,696338E-2	-5,461963E-3	1,387954E+0	1,393578E+0
20220917 11:21:10,626	c_0_3228_20220917_11_21_10,626.bmp	7,900570E-1	5,150139E+0	6,245971E-3	1,349272E-2	-1,441926E-2	-1,056144E-2	1,395599E+0	1,388463E+0
20220917 11:21:16,630	c_0_3229_20220917_11_21_16,630.bmp	7,964190E-1	5,175603E+0	3,700242E-3	7,112750E-3	-4,242803E-3	2,187256E-3	1,382857E+0	1,383347E+0
20220917 11:21:22,634	c_0_3230_20220917_11_21_22,634.bmp	7,964190E-1	5,189607E+0	1,006456E-2	1,349272E-2	-9,331032E-3	-1,311118E-2	1,395599E+0	1,398694E+0
20220917 11:21:28,635	c_0_3231_20220917_11_21_28,635.bmp	8,078706E-1	5,215071E+0	6,245971E-3	1,094073E-2	-9,331032E-3	2,187256E-3	1,387954E+0	1,396136E+0
20220917 11:21:34,636	c_0_3232_20220917_11_21_34,636.bmp	8,078706E-1	5,231622E+0	1,006456E-2	1,349272E-2	-1,696338E-2	-1,311118E-2	1,398148E+0	1,396136E+0
20220917 11:21:40,636	c_0_3233_20220917_11_21_40,636.bmp	8,155050E-1	5,251992E+0	7,518835E-3	1,094073E-2	-9,331032E-3	7,286736E-3	1,390502E+0	1,388463E+0
20220917 11:21:46,641	c_0_3234_20220917_11_21_46,641.bmp	8,205946E-1	5,273636E+0	4,973106E-3	1,349272E-2	-9,331032E-3	-1,056144E-2	1,387954E+0	1,393578E+0
20220917 11:21:52,643	c_0_3235_20220917_11_21_52,643.bmp	8,269567E-1	5,297826E+0	3,700242E-3	8,388745E-3	-1,698689E-3	2,187256E-3	1,385405E+0	1,383347E+0
20220917 11:21:58,647	c_0_3236_20220917_11_21_58,647.bmp	8,282291E-1	5,314377E+0	6,245971E-3	1,094073E-2	-6,786918E-3	-8,011703E-3	1,387954E+0	1,385905E+0
20220917 11:22:04,652	c_0_3237_20220917_11_22_04,652.bmp	8,345911E-1	5,333474E+0	7,518835E-3	1,094073E-2	-1,187515E-2	-3,624835E-4	1,387954E+0	1,388463E+0
20220917 11:22:10,655	c_0_3238_20220917_11_22_10,655.bmp	8,358635E-1	5,353845E+0	8,791700E-3	1,094073E-2	-9,331032E-3	-8,011703E-3	1,387954E+0	1,388463E+0
20220917 11:22:16,656	c_0_3239_20220917_11_22_16,656.bmp	8,473151E-1	5,374215E+0	6,245971E-3	1,094073E-2	-6,786918E-3	-2,331014E-2	1,390502E+0	1,393578E+0
20220917 11:22:22,656	c_0_3240_20220917_11_22_22,656.bmp	8,498599E-1	5,389493E+0	7,518835E-3	1,221673E-2	-1,696338E-2	-1,566092E-2	1,395599E+0	1,391021E+0
20220917 11:22:28,657	c_0_3241_20220917_11_22_28,657.bmp	8,587667E-1	5,412410E+0	2,427377E-3	1,094073E-2	8,454256E-4	-8,011703E-3	1,390502E+0	1,388463E+0
20220917 11:22:34,661	c_0_3242_20220917_11_22_34,661.bmp	8,574943E-1	5,430234E+0	1,006456E-2	1,094073E-2	-9,331032E-3	-8,011703E-3	1,395599E+0	1,388463E+0
20220917 11:22:40,663	c_0_3243_20220917_11_22_40,663.bmp	8,702184E-1	5,454424E+0	6,245971E-3	1,094073E-2	-2,968395E-2	2,187256E-3	1,390502E+0	1,396136E+0
20220917 11:22:46,663	c_0_3244_20220917_11_22_46,663.bmp	8,816700E-1	5,476068E+0	3,700242E-3	1,094073E-2	3,389540E-3	-2,912223E-3	1,382857E+0	1,388463E+0
20220917 11:22:52,668	c_0_3245_20220917_11_22_52,668.bmp	8,893044E-1	5,490073E+0	7,518835E-3	1,349272E-2	-1,187515E-2	-1,056144E-2	1,398148E+0	1,396136E+0
20220917 11:22:58,671	c_0_3246_20220917_11_22_58,671.bmp	9,007561E-1	5,511717E+0	6,245971E-3	1,094073E-2	-6,786918E-3	7,286736E-3	1,387954E+0	1,385905E+0
20220917 11:23:04,671	c_0_3247_20220917_11_23_04,671.bmp	9,058457E-1	5,529541E+0	8,791700E-3	1,094073E-2	-1,441926E-2	-8,011703E-3	1,398148E+0	1,391021E+0
20220917 11:23:10,673	c_0_3248_20220917_11_23_10,673.bmp	9,236593E-1	5,556277E+0	3,700242E-3	1,094073E-2	-6,786918E-3	-3,624835E-4	1,382857E+0	1,388463E+0
20220917 11:23:16,677	c_0_3249_20220917_11_23_16,677.bmp	9,351110E-1	5,574101E+0	3,700242E-3	1,094073E-2	-6,786918E-3	-8,011703E-3	1,387954E+0	1,388463E+0
20220917 11:23:22,681	c_0_3250_20220917_11_23_22,681.bmp	9,402006E-1	5,590652E+0	8,791700E-3	1,349272E-2	-1,441926E-2	-8,011703E-3	1,395599E+0	1,393578E+0
20220917 11:23:28,686	c_0_3251_20220917_11_23_28,686.bmp	9,516522E-1	5,616116E+0	6,245971E-3	8,388745E-3	-4,242803E-3	4,736996E-3	1,382857E+0	1,388463E+0
20220917 11:23:34,686	c_0_3252_20220917_11_23_34,686.bmp	9,605590E-1	5,628847E+0	7,518835E-3	1,349272E-2	-1,696338E-2	-8,011703E-3	1,398148E+0	1,393578E+0
20220917 11:23:40,687	c_0_3253_20220917_11_23_40,687.bmp	9,681934E-1	5,649218E+0	1,006456E-2	1,221673E-2	-1,187515E-2	-5,461963E-3	1,398148E+0	1,396136E+0
20220917 11:23:46,690	c_0_3254_20220917_11_23_46,690.bmp	9,796451E-1	5,673408E+0	7,518835E-3	9,664739E-3	-2,205160E-2	-8,011703E-3	1,387954E+0	1,385905E+0
20220917 11:23:52,694	c_0_3255_20220917_11_23_52,694.bmp	9,949139E-1	5,692505E+0	6,245971E-3	1,094073E-2	-9,331032E-3	-8,011703E-3	1,387954E+0	1,396136E+0
20220917 11:23:58,694	c_0_3256_20220917_11_23_58,694.bmp	1,000004E+0	5,712876E+0	7,518835E-3	1,094073E-2	-1,187515E-2	-8,011703E-3	1,387954E+0	1,388463E+0
20220917 11:24:04,698	c_0_3257_20220917_11_24_04,698.bmp	1,010183E+0	5,733246E+0	7,518835E-3	1,094073E-2	-1,187515E-2	-2,912223E-3	1,390502E+0	1,388463E+0
20220917 11:24:10,699	c_0_3258_20220917_11_24_10,699.bmp	1,017817E+0	5,756163E+0	7,518835E-3	7,112750E-3	1,102188E-2	2,187256E-3	1,382857E+0	1,383347E+0
20220917 11:24:16,706	c_0_3259_20220917_11_24_16,706.bmp	1,021634E+0	5,772714E+0	8,791700E-3	1,094073E-2	-6,786918E-3	-8,011703E-3	1,387954E+0	1,383347E+0
20220917 11:24:22,709	c_0_3260_20220917_11_24_22,709.bmp	1,038176E+0	5,796904E+0	3,700242E-3	1,094073E-2	-1,187515E-2	-8,011703E-3	1,382857E+0	1,388463E+0
20220917 11:24:28,709	c_0_3261_20220917_11_24_28,709.bmp	1,048355E+0	5,817275E+0	3,700242E-3	1,094073E-2	3,389540E-3	-5,461963E-3	1,385405E+0	1,385905E+0
20220917 11:24:34,712	c_0_3262_20220917_11_24_34,712.bmp	1,057262E+0	5,832553E+0	6,245971E-3	1,094073E-2	8,454256E-4	2,187256E-3	1,387954E+0	1,388463E+0
20220917 11:24:40,717	c_0_3263_20220917_11_24_40,717.bmp	1,064896E+0	5,852923E+0	7,518835E-3	1,094073E-2	8,454256E-4	-3,624835E-4	1,387954E+0	1,385905E+0
20220917 11:24:46,720	c_0_3264_20220917_11_24_46,720.bmp	1,080165E+0	5,872021E+0	4,973106E-3	1,094073E-2	-9,331032E-3	-1,056144E-2	1,390502E+0	1,388463E+0
20220917 11:24:52,722	c_0_3265_20220917_11_24_52,722.bmp	1,081437E+0	5,889845E+0	8,791700E-3	1,094073E-2	-1,696338E-2	-8,011703E-3	1,398148E+0	1,388463E+0
20220917 11:24:58,723	c_0_3266_20220917_11_24_58,723.bmp	1,103068E+0	5,914035E+0	7,518835E-3	1,094073E-2	-6,786918E-3	-8,011703E-3	1,390502E+0	1,385905E+0
20220917 11:25:04,724	c_0_3267_20220917_11_25_04,724.bmp	1,111975E+0	5,933132E+0	3,700242E-3	1,094073E-2	-1,187515E-2	-1,311118E-2	1,387954E+0	1,393578E+0
20220917 11:25:10,724	c_0_3268_20220917_11_25_10,724.bmp	1,118337E+0	5,948410E+0	6,245971E-3	1,349272E-2	8,454256E-4	9,836476E-3	1,390502E+0	1,396136E+0
20220917 11:25:16,727	c_0_3269_20220917_11_25_16,727.bmp	1,125971E+0	5,973873E+0	6,245971E-3	8,388745E-3	-1,950749E-2	-5,461963E-3	1,387954E+0	1,383347E+0
20220917 11:25:22,731	c_0_3270_20220917_11_25_22,731.bmp	1,131061E+0	5,992971E+0	7,518835E-3	1,094073E-2	8,454256E-4	-2,912223E-3	1,390502E+0	1,388463E+0
20220917 11:25:28,736	c_0_3271_20220917_11_25_28,736.bmp	1,139968E+0	6,017161E+0	6,245971E-3	8,388745E-3	-6,786918E-3	-3,624835E-4	1,385405E+0	1,383347E+0
20220917 11:25:34,737	c_0_3272_20220917_11_25_34,737.bmp	1,131061E+0	6,031165E+0	6,245971E-3	1,094073E-2	-6,786918E-3	-1,311118E-2	1,390502E+0	1,396136E+0
20220917 11:25:40,741	c_0_3273_20220917_11_25_40,741.bmp	1,114520E+0	6,050263E+0	6,245971E-3	1,349272E-2	-1,696338E-2	-1,566092E-2	1,398148E+0	1,396136E+0
20220917 11:25:46,743	c_0_3274_20220917_11_25_46,743.bmp	1,105613E+0	6,073180E+0	1,006456E-2	1,094073E-2	-9,331032E-3	-2,912223E-3	1,387954E+0	1,383347E+0
20220917 11:25:52,745	c_0_3275_20220917_11_25_52,745.bmp	1,094161E+0	6,096097E+0	3,700242E-3	1,094073E-2	-1,698689E-3	-5,461963E-3	1,382857E+0	1,388463E+0
20220917 11:25:58,745	c_0_3276_20220917_11_25_58,745.bmp	8,053258E-1	6,112648E+0	6,245971E-3	1,094073E-2	-2,459572E-2	7,286736E-3	1,390502E+0	1,380789E+0
20220917 11:26:04,749	c_0_3277_20220917_11_26_04,749.bmp	7,175300E-1	6,131745E+0	7,518835E-3	1,094073E-2	-6,786918E-3	-1,566092E-2	1,387954E+0	1,388463E+0
20220917 11:26:10,753	c_0_3278_20220917_11_26_10,753.bmp	7,175300E-1	6,148296E+0	1,006456E-2	1,349272E-2	-2,205160E-2	-1,821066E-2	1,395599E+0	1,396136E+0
20220917 11:26:16,756	c_0_3279_20220917_11_26_16,756.bmp	7,251644E-1	6,175032E+0	4,973106E-3	8,388745E-3	-9,331032E-3	9,836476E-3	1,385405E+0	1,380789E+0
20220917 11:26:22,758	c_0_3280_20220917_11_26_22,758.bmp	7,302540E-1	6,189037E+0	7,518835E-3	1,349272E-2	-1,950749E-2	-2,076040E-2	1,398148E+0	1,388463E+0
20220917 11:26:28,758	c_0_3281_20220917_11_26_28,758.bmp	7,378884E-1	6,215773E+0	2,427377E-3	8,388745E-3	8,454256E-4	4,736996E-3	1,382857E+0	1,388463E+0
20220917 11:26:34,758	c_0_3282_20220917_11_26_34,758.bmp	7,455228E-1	6,236144E+0	7,518835E-3	5,836756E-3	-9,331032E-3	2,258517E-2	1,382857E+0	1,388463E+0
20220917 11:26:40,760	c_0_3283_20220917_11_26_40,760.bmp	7,531573E-1	6,253968E+0	6,245971E-3	9,664739E-3	-6,786918E-3	-5,461963E-3	1,387954E+0	1,388463E+0
20220917 11:26:46,760	c_0_3284_20220917_11_26_46,760.bmp	7,633365E-1	6,275612E+0	7,518835E-3	7,112750E-3	1,356600E-2	2,187256E-3	1,382857E+0	1,383347E+0
20220917 11:26:52,764	c_0_3285_20220917_11_26_52,764.bmp	7,684261E-1	6,289617E+0	6,245971E-3	1,476871E-2	-1,187515E-2	-1,056144E-2	1,398148E+0	1,388463E+0
20220917 11:26:58,769	c_0_3286_20220917_11_26_58,769.bmp	7,760605E-1	6,312534E+0	6,245971E-3	7,112750E-3	-4,242803E-3	4,736996E-3	1,390502E+0	1,383347E+0
20220917 11:27:04,770	c_0_3287_20220917_11_27_04,770.bmp	7,849673E-1	6,330358E+0	7,518835E-3	1,349272E-2	-6,786918E-3	-1,056144E-2	1,398148E+0	1,396136E+0
20220917 11:27:10,771	c_0_3288_20220917_11_27_10,771.bmp	7,938742E-1	6,352001E+0	6,245971E-3	7,112750E-3	-9,331032E-3	-3,624835E-4	1,387954E+0	1,380789E+0
20220917 11:27:16,772	c_0_3289_20220917_11_27_16,772.bmp	8,002362E-1	6,368553E+0	7,518835E-3	1,349272E-2	-1,187515E-2	-1,056144E-2	1,387954E+0	1,393578E+0
20220917 11:27:22,776	c_0_3290_20220917_11_27_22,776.bmp	8,142326E-1	6,395289E+0	3,700242E-3	1,094073E-2	-6,786918E-3	-2,912223E-3	1,385405E+0	1,391021E+0
20220917 11:27:28,777	c_0_3291_20220917_11_27_28,777.bmp	8,142326E-1	6,408020E+0	8,791700E-3	1,349272E-2	-6,786918E-3	-8,011703E-3	1,398148E+0	1,396136E+0
20220917 11:27:34,781	c_0_3292_20220917_11_27_34,781.bmp	8,295015E-1	6,432210E+0	3,700242E-3	1,094073E-2	3,389540E-3	4,736996E-3	1,382857E+0	1,385905E+0
20220917 11:27:40,786	c_0_3293_20220917_11_27_40,786.bmp	8,358635E-1	6,453854E+0	6,245971E-3	1,094073E-2	-6,786918E-3	-1,056144E-2	1,387954E+0	1,388463E+0
20220917 11:27:46,788	c_0_3294_20220917_11_27_46,788.bmp	8,460427E-1	6,476771E+0	2,427377E-3	7,112750E-3	8,454256E-4	-2,912223E-3	1,382857E+0	1,383347E+0
20220917 11:27:52,793	c_0_3295_20220917_11_27_52,793.bmp	8,549495E-1	6,494595E+0	4,973106E-3	1,094073E-2	-4,242803E-3	-8,011703E-3	1,385405E+0	1,388463E+0
20220917 11:27:58,813	c_0_3296_20220917_11_27_58,813.bmp	8,625840E-1	6,514966E+0	3,700242E-3	7,112750E-3	3,389540E-3	4,736996E-3	1,382857E+0	1,388463E+0
20220917 11:28:04,817	c_0_3297_20220917_11_28_04,817.bmp	8,689460E-1	6,537883E+0	7,518835E-3	8,388745E-3	-1,696338E-2	2,187256E-3	1,385405E+0	1,383347E+0
20220917 11:28:10,818	c_0_3298_20220917_11_28_10,818.bmp	8,778528E-1	6,556980E+0	7,518835E-3	8,388745E-3	-9,331032E-3	-2,912223E-3	1,390502E+0	1,383347E+0
20220917 11:28:16,818	c_0_3299_20220917_11_28_16,818.bmp	8,829424E-1	6,572258E+0	8,791700E-3	1,094073E-2	-1,187515E-2	-3,624835E-4	1,390502E+0	1,385905E+0
20220917 11:28:22,819	c_0_3300_20220917_11_28_22,819.bmp	8,918492E-1	6,592628E+0	8,791700E-3	1,094073E-2	-1,441926E-2	-5,461963E-3	1,390502E+0	1,383347E+0
20220917 11:28:28,820	c_0_3301_20220917_11_28_28,820.bmp	9,007561E-1	6,610453E+0	8,791700E-3	1,349272E-2	-5,003686E-2	-8,011703E-3	1,398148E+0	1,393578E+0
20220917 11:28:34,821	c_0_3302_20220917_11_28_34,821.bmp	9,147525E-1	6,637189E+0	6,245971E-3	7,112750E-3	-6,786918E-3	2,187256E-3	1,390502E+0	1,383347E+0
20220917 11:28:40,825	c_0_3303_20220917_11_28_40,825.bmp	9,287489E-1	6,652467E+0	3,700242E-3	1,094073E-2	3,389540E-3	-5,461963E-3	1,390502E+0	1,388463E+0
20220917 11:28:46,829	c_0_3304_20220917_11_28_46,829.bmp	9,300213E-1	6,670291E+0	1,006456E-2	1,349272E-2	8,477769E-3	-1,311118E-2	1,395599E+0	1,393578E+0
20220917 11:28:52,831	c_0_3305_20220917_11_28_52,831.bmp	9,465626E-1	6,691935E+0	3,700242E-3	1,094073E-2	3,389540E-3	-2,912223E-3	1,382857E+0	1,385905E+0
20220917 11:28:58,833	c_0_3306_20220917_11_28_58,833.bmp	9,503798E-1	6,713579E+0	7,518835E-3	7,112750E-3	-4,242803E-3	-8,011703E-3	1,387954E+0	1,383347E+0
20220917 11:29:04,837	c_0_3307_20220917_11_29_04,837.bmp	9,592866E-1	6,737769E+0	6,245971E-3	7,112750E-3	8,454256E-4	2,187256E-3	1,382857E+0	1,388463E+0
20220917 11:29:10,841	c_0_3308_20220917_11_29_10,841.bmp	9,681934E-1	6,751773E+0	6,245971E-3	1,094073E-2	-1,187515E-2	-1,311118E-2	1,390502E+0	1,388463E+0
20220917 11:29:16,844	c_0_3309_20220917_11_29_16,844.bmp	9,771003E-1	6,769598E+0	6,245971E-3	1,349272E-2	-9,331032E-3	-8,011703E-3	1,398148E+0	1,396136E+0
20220917 11:29:22,848	c_0_3310_20220917_11_29_22,848.bmp	9,910967E-1	6,792514E+0	7,518835E-3	9,664739E-3	1,102188E-2	-5,461963E-3	1,387954E+0	1,393578E+0
20220917 11:29:28,848	c_0_3311_20220917_11_29_28,848.bmp	9,987311E-1	6,812885E+0	3,700242E-3	1,094073E-2	-6,786918E-3	-8,011703E-3	1,390502E+0	1,385905E+0
20220917 11:29:34,849	c_0_3312_20220917_11_29_34,849.bmp	1,001276E+0	6,831982E+0	8,791700E-3	1,094073E-2	-4,242803E-3	-2,912223E-3	1,387954E+0	1,388463E+0
20220917 11:29:40,852	c_0_3313_20220917_11_29_40,852.bmp	1,012728E+0	6,853626E+0	6,245971E-3	1,094073E-2	-6,786918E-3	-3,624835E-4	1,387954E+0	1,385905E+0
20220917 11:29:46,852	c_0_3314_20220917_11_29_46,852.bmp	1,019090E+0	6,870177E+0	1,006456E-2	1,094073E-2	-9,331032E-3	-2,912223E-3	1,398148E+0	1,388463E+0
20220917 11:29:52,858	c_0_3315_20220917_11_29_52,858.bmp	1,035631E+0	6,893094E+0	3,700242E-3	1,094073E-2	3,389540E-3	2,187256E-3	1,390502E+0	1,388463E+0
20220917 11:29:58,859	c_0_3316_20220917_11_29_58,859.bmp	1,043265E+0	6,913465E+0	4,973106E-3	1,094073E-2	-9,331032E-3	2,187256E-3	1,390502E+0	1,388463E+0
20220917 11:30:04,863	c_0_3317_20220917_11_30_04,863.bmp	1,052172E+0	6,935108E+0	3,700242E-3	1,094073E-2	-6,786918E-3	-3,624835E-4	1,387954E+0	1,385905E+0
20220917 11:30:10,867	c_0_3318_20220917_11_30_10,867.bmp	1,054717E+0	6,949113E+0	8,791700E-3	9,664739E-3	-1,441926E-2	-3,624835E-4	1,395599E+0	1,385905E+0
20220917 11:30:16,870	c_0_3319_20220917_11_30_16,870.bmp	1,071258E+0	6,975849E+0	6,245971E-3	8,388745E-3	-6,786918E-3	7,286736E-3	1,382857E+0	1,383347E+0
20220917 11:30:22,874	c_0_3320_20220917_11_30_22,874.bmp	1,078893E+0	6,989854E+0	8,791700E-3	1,349272E-2	-1,441926E-2	-2,840962E-2	1,395599E+0	1,396136E+0
20220917 11:30:28,875	c_0_3321_20220917_11_30_28,875.bmp	1,089072E+0	7,014044E+0	7,518835E-3	1,349272E-2	-6,786918E-3	-1,566092E-2	1,390502E+0	1,393578E+0
20220917 11:30:34,875	c_0_3322_20220917_11_30_34,875.bmp	1,096706E+0	7,033141E+0	6,245971E-3	1,094073E-2	2,119834E-2	-1,311118E-2	1,387954E+0	1,388463E+0
20220917 11:30:40,878	c_0_3323_20220917_11_30_40,878.bmp	1,104341E+0	7,053512E+0	1,006456E-2	1,094073E-2	-6,786918E-3	-5,461963E-3	1,390502E+0	1,385905E+0
20220917 11:30:46,882	c_0_3324_20220917_11_30_46,882.bmp	1,118337E+0	7,075156E+0	3,700242E-3	1,094073E-2	-1,698689E-3	9,836476E-3	1,385405E+0	1,388463E+0
20220917 11:30:52,882	c_0_3325_20220917_11_30_52,882.bmp	1,124699E+0	7,096799E+0	3,700242E-3	7,112750E-3	-6,786918E-3	-5,461963E-3	1,385405E+0	1,380789E+0
20220917 11:30:58,882	c_0_3326_20220917_11_30_58,882.bmp	1,134878E+0	7,113350E+0	2,427377E-3	1,094073E-2	8,454256E-4	-5,461963E-3	1,385405E+0	1,388463E+0
20220917 11:31:04,884	c_0_3327_20220917_11_31_04,884.bmp	1,134878E+0	7,132448E+0	1,006456E-2	1,094073E-2	-1,187515E-2	-1,311118E-2	1,395599E+0	1,385905E+0
20220917 11:31:10,887	c_0_3328_20220917_11_31_10,887.bmp	1,150147E+0	7,151545E+0	7,518835E-3	1,094073E-2	2,119834E-2	-3,624835E-4	1,390502E+0	1,388463E+0
20220917 11:31:16,892	c_0_3329_20220917_11_31_16,892.bmp	1,153964E+0	7,173189E+0	7,518835E-3	7,112750E-3	-6,786918E-3	2,187256E-3	1,387954E+0	1,383347E+0
20220917 11:31:22,895	c_0_3330_20220917_11_31_22,895.bmp	1,161599E+0	7,197379E+0	7,518835E-3	8,388745E-3	-1,187515E-2	-2,912223E-3	1,382857E+0	1,380789E+0
20220917 11:31:28,897	c_0_3331_20220917_11_31_28,897.bmp	1,169233E+0	7,210111E+0	7,518835E-3	1,221673E-2	-1,187515E-2	-8,011703E-3	1,398148E+0	1,396136E+0
20220917 11:31:34,900	c_0_3332_20220917_11_31_34,900.bmp	1,179412E+0	7,235574E+0	3,700242E-3	1,094073E-2	-4,242803E-3	-8,011703E-3	1,382857E+0	1,388463E+0
20220917 11:31:40,902	c_0_3333_20220917_11_31_40,902.bmp	1,183230E+0	7,252125E+0	7,518835E-3	7,112750E-3	-1,696338E-2	-2,912223E-3	1,390502E+0	1,383347E+0
20220917 11:31:46,907	c_0_3334_20220917_11_31_46,907.bmp	1,184502E+0	7,268676E+0	1,006456E-2	1,349272E-2	-9,331032E-3	-1,566092E-2	1,395599E+0	1,396136E+0
20220917 11:31:52,910	c_0_3335_20220917_11_31_52,910.bmp	1,175595E+0	7,294139E+0	1,006456E-2	1,094073E-2	-1,187515E-2	-1,821066E-2	1,390502E+0	1,385905E+0
20220917 11:31:58,912	c_0_3336_20220917_11_31_58,912.bmp	1,143785E+0	7,313236E+0	7,518835E-3	1,094073E-2	-6,786918E-3	-8,011703E-3	1,390502E+0	1,388463E+0
20220917 11:32:04,913	c_0_3337_20220917_11_32_04,913.bmp	1,125971E+0	7,331061E+0	6,245971E-3	1,349272E-2	-6,786918E-3	-1,056144E-2	1,390502E+0	1,393578E+0
20220917 11:32:10,916	c_0_3338_20220917_11_32_10,916.bmp	1,119609E+0	7,352704E+0	3,700242E-3	1,094073E-2	-9,331032E-3	-5,461963E-3	1,390502E+0	1,388463E+0
20220917 11:32:16,919	c_0_3339_20220917_11_32_16,919.bmp	1,114520E+0	7,373075E+0	6,245971E-3	9,664739E-3	-9,331032E-3	-5,461963E-3	1,390502E+0	1,388463E+0
20220917 11:32:22,921	c_0_3340_20220917_11_32_22,921.bmp	1,109430E+0	7,392172E+0	8,791700E-3	1,094073E-2	-2,205160E-2	-1,311118E-2	1,387954E+0	1,391021E+0
20220917 11:32:28,929	c_0_3341_20220917_11_32_28,929.bmp	1,100523E+0	7,408723E+0	8,791700E-3	1,094073E-2	-6,786918E-3	-3,624835E-4	1,398148E+0	1,385905E+0
20220917 11:32:34,933	c_0_3342_20220917_11_32_34,933.bmp	1,090344E+0	7,432913E+0	7,518835E-3	1,094073E-2	8,454256E-4	-8,011703E-3	1,387954E+0	1,391021E+0
20220917 11:32:40,937	c_0_3343_20220917_11_32_40,937.bmp	1,092889E+0	7,455830E+0	3,700242E-3	1,094073E-2	8,454256E-4	-3,624835E-4	1,385405E+0	1,388463E+0
20220917 11:32:46,939	c_0_3344_20220917_11_32_46,939.bmp	1,090344E+0	7,468562E+0	1,006456E-2	1,349272E-2	-1,441926E-2	-2,076040E-2	1,398148E+0	1,396136E+0
20220917 11:32:52,940	c_0_3345_20220917_11_32_52,940.bmp	1,095434E+0	7,492752E+0	6,245971E-3	1,349272E-2	-1,187515E-2	-1,311118E-2	1,390502E+0	1,396136E+0
20220917 11:32:58,945	c_0_3346_20220917_11_32_58,945.bmp	1,099251E+0	7,513122E+0	7,518835E-3	1,094073E-2	-1,187515E-2	-3,624835E-4	1,387954E+0	1,391021E+0
20220917 11:33:04,948	c_0_3347_20220917_11_33_04,948.bmp	1,106885E+0	7,534766E+0	6,245971E-3	8,388745E-3	-1,187515E-2	2,187256E-3	1,390502E+0	1,380789E+0
20220917 11:33:10,951	c_0_3348_20220917_11_33_10,951.bmp	1,114520E+0	7,556410E+0	4,973106E-3	8,388745E-3	3,389540E-3	2,187256E-3	1,382857E+0	1,388463E+0
20220917 11:33:16,951	c_0_3349_20220917_11_33_16,951.bmp	1,115792E+0	7,569141E+0	8,791700E-3	1,221673E-2	-1,696338E-2	-1,311118E-2	1,395599E+0	1,393578E+0
20220917 11:33:22,952	c_0_3350_20220917_11_33_22,952.bmp	1,128516E+0	7,595878E+0	4,973106E-3	7,112750E-3	-3,222806E-2	7,286736E-3	1,385405E+0	1,388463E+0
20220917 11:33:28,954	c_0_3351_20220917_11_33_28,954.bmp	1,137423E+0	7,616248E+0	2,427377E-3	1,094073E-2	8,454256E-4	-8,011703E-3	1,382857E+0	1,388463E+0
20220917 11:33:34,957	c_0_3352_20220917_11_33_34,957.bmp	1,143785E+0	7,634072E+0	3,700242E-3	1,094073E-2	-6,786918E-3	-2,912223E-3	1,390502E+0	1,388463E+0
20220917 11:33:40,960	c_0_3353_20220917_11_33_40,960.bmp	1,146330E+0	7,648077E+0	6,245971E-3	1,476871E-2	-1,950749E-2	-1,311118E-2	1,398148E+0	1,388463E+0
20220917 11:33:46,961	c_0_3354_20220917_11_33_46,961.bmp	1,155237E+0	7,673540E+0	7,518835E-3	1,349272E-2	-9,331032E-3	-1,311118E-2	1,387954E+0	1,396136E+0
20220917 11:33:52,963	c_0_3355_20220917_11_33_52,963.bmp	1,161599E+0	7,695184E+0	3,700242E-3	1,094073E-2	8,454256E-4	-8,011703E-3	1,382857E+0	1,388463E+0
20220917 11:33:58,969	c_0_3356_20220917_11_33_58,969.bmp	1,161599E+0	7,713008E+0	1,006456E-2	1,094073E-2	-1,441926E-2	4,736996E-3	1,390502E+0	1,385905E+0
20220917 11:34:04,969	c_0_3357_20220917_11_34_04,969.bmp	1,166688E+0	7,729559E+0	8,791700E-3	1,349272E-2	-6,786918E-3	4,736996E-3	1,398148E+0	1,388463E+0
20220917 11:34:10,969	c_0_3358_20220917_11_34_10,969.bmp	1,173050E+0	7,748657E+0	1,006456E-2	1,094073E-2	-1,187515E-2	-8,011703E-3	1,398148E+0	1,385905E+0
20220917 11:34:16,972	c_0_3359_20220917_11_34_16,972.bmp	1,181957E+0	7,775393E+0	3,700242E-3	7,112750E-3	-1,698689E-3	4,736996E-3	1,385405E+0	1,383347E+0
20220917 11:34:22,974	c_0_3360_20220917_11_34_22,974.bmp	1,183230E+0	7,793217E+0	1,006456E-2	1,094073E-2	-6,786918E-3	1,493596E-2	1,387954E+0	1,383347E+0
20220917 11:34:28,977	c_0_3361_20220917_11_34_28,977.bmp	1,185774E+0	7,811042E+0	7,518835E-3	1,094073E-2	-4,242803E-3	-1,056144E-2	1,387954E+0	1,388463E+0
20220917 11:34:34,980	c_0_3362_20220917_11_34_34,980.bmp	1,183230E+0	7,828866E+0	6,245971E-3	1,349272E-2	-4,242803E-3	-8,011703E-3	1,393051E+0	1,396136E+0
20220917 11:34:40,984	c_0_3363_20220917_11_34_40,984.bmp	1,185774E+0	7,856875E+0	4,973106E-3	8,388745E-3	3,389540E-3	-8,011703E-3	1,385405E+0	1,380789E+0
20220917 11:34:46,988	c_0_3364_20220917_11_34_46,988.bmp	1,185774E+0	7,875973E+0	3,700242E-3	1,094073E-2	-1,187515E-2	-8,011703E-3	1,385405E+0	1,388463E+0
20220917 11:34:52,989	c_0_3365_20220917_11_34_52,989.bmp	1,181957E+0	7,888704E+0	7,518835E-3	1,349272E-2	-4,242803E-3	-8,011703E-3	1,395599E+0	1,396136E+0
20220917 11:34:58,993	c_0_3366_20220917_11_34_58,993.bmp	1,185774E+0	7,912894E+0	7,518835E-3	5,836756E-3	-6,786918E-3	-1,056144E-2	1,387954E+0	1,383347E+0
20220917 11:35:04,996	c_0_3367_20220917_11_35_04,996.bmp	1,187047E+0	7,931992E+0	6,245971E-3	1,094073E-2	-1,441926E-2	-8,011703E-3	1,390502E+0	1,385905E+0
20220917 11:35:10,997	c_0_3368_20220917_11_35_10,997.bmp	1,189592E+0	7,956182E+0	3,700242E-3	7,112750E-3	-6,786918E-3	-3,624835E-4	1,382857E+0	1,380789E+0
20220917 11:35:17,000	c_0_3369_20220917_11_35_17,000.bmp	1,192136E+0	7,976552E+0	6,245971E-3	8,388745E-3	-4,242803E-3	7,286736E-3	1,385405E+0	1,380789E+0
20220917 11:35:23,002	c_0_3370_20220917_11_35_23,002.bmp	1,194681E+0	7,993103E+0	6,245971E-3	1,094073E-2	-6,786918E-3	-3,624835E-4	1,390502E+0	1,383347E+0
20220917 11:35:29,006	c_0_3371_20220917_11_35_29,006.bmp	1,199771E+0	8,013474E+0	7,518835E-3	7,112750E-3	-9,331032E-3	-2,912223E-3	1,387954E+0	1,383347E+0
20220917 11:35:35,009	c_0_3372_20220917_11_35_35,009.bmp	1,206133E+0	8,032571E+0	3,700242E-3	1,094073E-2	8,454256E-4	2,187256E-3	1,390502E+0	1,388463E+0
20220917 11:35:41,013	c_0_3373_20220917_11_35_41,013.bmp	1,204860E+0	8,047849E+0	8,791700E-3	1,094073E-2	-1,950749E-2	-2,912223E-3	1,395599E+0	1,388463E+0
20220917 11:35:47,015	c_0_3374_20220917_11_35_47,015.bmp	1,212495E+0	8,073312E+0	6,245971E-3	1,349272E-2	-1,950749E-2	-1,056144E-2	1,387954E+0	1,393578E+0
20220917 11:35:53,015	c_0_3375_20220917_11_35_53,015.bmp	1,221402E+0	8,093683E+0	3,700242E-3	1,094073E-2	8,454256E-4	2,187256E-3	1,390502E+0	1,388463E+0
20220917 11:35:59,018	c_0_3376_20220917_11_35_59,018.bmp	1,218857E+0	8,112780E+0	6,245971E-3	1,094073E-2	-6,786918E-3	-8,011703E-3	1,390502E+0	1,388463E+0
20220917 11:36:05,022	c_0_3377_20220917_11_36_05,022.bmp	1,030541E+0	8,129331E+0	4,973106E-3	1,349272E-2	-1,441926E-2	-1,311118E-2	1,398148E+0	1,393578E+0
20220917 11:36:11,025	c_0_3378_20220917_11_36_11,025.bmp	9,236593E-1	8,153521E+0	7,518835E-3	9,664739E-3	-1,698689E-3	-5,461963E-3	1,387954E+0	1,383347E+0
20220917 11:36:17,026	c_0_3379_20220917_11_36_17,026.bmp	8,524047E-1	8,172619E+0	6,245971E-3	1,094073E-2	-1,187515E-2	-2,912223E-3	1,390502E+0	1,380789E+0
20220917 11:36:23,026	c_0_3380_20220917_11_36_23,026.bmp	8,307739E-1	8,191716E+0	4,973106E-3	5,836756E-3	-6,786918E-3	-1,311118E-2	1,387954E+0	1,385905E+0
20220917 11:36:29,027	c_0_3381_20220917_11_36_29,027.bmp	8,091430E-1	8,208267E+0	7,518835E-3	1,476871E-2	-9,331032E-3	-1,056144E-2	1,387954E+0	1,393578E+0
20220917 11:36:35,033	c_0_3382_20220917_11_36_35,033.bmp	6,615442E-1	8,235004E+0	7,518835E-3	7,112750E-3	-4,242803E-3	2,187256E-3	1,393051E+0	1,383347E+0
20220917 11:36:41,034	c_0_3383_20220917_11_36_41,034.bmp	6,551822E-1	8,254101E+0	8,791700E-3	1,094073E-2	-1,441926E-2	-1,056144E-2	1,395599E+0	1,385905E+0
20220917 11:36:47,034	c_0_3384_20220917_11_36_47,034.bmp	6,602718E-1	8,271925E+0	4,973106E-3	1,094073E-2	-6,786918E-3	-5,461963E-3	1,387954E+0	1,388463E+0
20220917 11:36:53,038	c_0_3385_20220917_11_36_53,038.bmp	6,679062E-1	8,297388E+0	2,427377E-3	8,388745E-3	-4,242803E-3	2,187256E-3	1,382857E+0	1,383347E+0
20220917 11:36:59,042	c_0_3386_20220917_11_36_59,042.bmp	6,640890E-1	8,307574E+0	1,006456E-2	1,094073E-2	-9,331032E-3	-8,011703E-3	1,398148E+0	1,385905E+0
