0.000000000000000000e+00 -5.493786788750817983e-04
1.000000000000000000e+00 -4.578155657292348681e-04
2.000000000000000000e+00 -4.578155657292348681e-04
3.000000000000000000e+00 -3.662524525833878836e-04
4.000000000000000000e+00 -3.662524525833878836e-04
5.000000000000000000e+00 -2.746893394375408992e-04
6.000000000000000000e+00 -2.746893394375408992e-04
7.000000000000000000e+00 -1.831262262916939418e-04
8.000000000000000000e+00 -1.831262262916939418e-04
9.000000000000000000e+00 -9.156311314584697090e-05
1.000000000000000000e+01 0.000000000000000000e+00
1.100000000000000000e+01 0.000000000000000000e+00
1.200000000000000000e+01 9.156311314584697090e-05
1.300000000000000000e+01 9.156311314584697090e-05
1.400000000000000000e+01 1.831262262916939418e-04
1.500000000000000000e+01 1.831262262916939418e-04
1.600000000000000000e+01 2.746893394375408992e-04
1.700000000000000000e+01 2.746893394375408992e-04
1.800000000000000000e+01 3.662524525833878836e-04
1.900000000000000000e+01 9.156311314584697090e-05
2.000000000000000000e+01 3.662524525833878836e-04
2.100000000000000000e+01 1.007194244604316721e-03
2.200000000000000000e+01 9.156311314584697362e-04
2.300000000000000000e+01 6.409417920209287828e-04
2.400000000000000000e+01 9.156311314584697090e-05
2.500000000000000000e+01 1.190320470896010690e-03
2.600000000000000000e+01 4.944408109875736076e-03
2.700000000000000000e+01 6.317854807063440735e-03
2.800000000000000000e+01 8.423806409417922136e-03
2.900000000000000000e+01 8.698495748855462548e-03
3.000000000000000000e+01 8.698495748855462548e-03
3.100000000000000000e+01 8.790058862001308773e-03
3.200000000000000000e+01 1.025506867233486052e-02
3.300000000000000000e+01 1.391759319816873904e-02
3.400000000000000000e+01 1.565729234793983293e-02
3.500000000000000000e+01 1.693917593198169050e-02
3.600000000000000000e+01 1.849574885546108674e-02
3.700000000000000000e+01 1.858731196860693644e-02
3.800000000000000000e+01 1.767168083714846377e-02
3.900000000000000000e+01 2.105951602354480187e-02
4.000000000000000000e+01 2.105951602354480187e-02
4.100000000000000000e+01 2.243296272073250913e-02
4.200000000000000000e+01 2.289077828646174373e-02
4.300000000000000000e+01 2.334859385219097833e-02
4.400000000000000000e+01 2.435578809679529375e-02
4.500000000000000000e+01 2.490516677567037457e-02
4.600000000000000000e+01 2.508829300196207049e-02
4.700000000000000000e+01 2.490516677567037457e-02
4.800000000000000000e+01 2.810987573577502022e-02
4.900000000000000000e+01 3.003270111183780483e-02
5.000000000000000000e+01 3.149771092217135832e-02
5.100000000000000000e+01 3.223021582733813506e-02
5.200000000000000000e+01 3.314584695879660425e-02
5.300000000000000000e+01 3.396991497710922375e-02
5.400000000000000000e+01 3.470241988227600050e-02
5.500000000000000000e+01 3.534336167429692754e-02
5.600000000000000000e+01 3.616742969260955398e-02
5.700000000000000000e+01 3.717462393721387287e-02
5.800000000000000000e+01 3.781556572923479992e-02
5.900000000000000000e+01 3.873119686069326911e-02
6.000000000000000000e+01 3.937213865271419616e-02
6.100000000000000000e+01 4.028776978417266535e-02
6.200000000000000000e+01 4.129496402877698424e-02
6.300000000000000000e+01 4.184434270765206854e-02
6.400000000000000000e+01 4.239372138652714589e-02
6.500000000000000000e+01 4.275997383911053773e-02
6.600000000000000000e+01 4.321778940483977233e-02
6.700000000000000000e+01 4.358404185742315723e-02
6.800000000000000000e+01 4.395029431000654907e-02
6.900000000000000000e+01 4.431654676258993397e-02
7.000000000000000000e+01 4.468279921517331887e-02
7.100000000000000000e+01 4.514061478090255347e-02
7.200000000000000000e+01 4.550686723348594531e-02
7.300000000000000000e+01 4.614780902550687236e-02
7.400000000000000000e+01 4.660562459123610696e-02
7.500000000000000000e+01 4.733812949640288370e-02
7.600000000000000000e+01 4.797907128842381075e-02
7.700000000000000000e+01 4.880313930673643719e-02
7.800000000000000000e+01 4.971877043819490638e-02
7.900000000000000000e+01 5.035971223021583343e-02
8.000000000000000000e+01 5.127534336167430262e-02
8.100000000000000000e+01 5.209941137998692906e-02
8.200000000000000000e+01 5.292347939829954856e-02
8.300000000000000000e+01 5.347285807717463285e-02
8.400000000000000000e+01 5.429692609548725235e-02
8.500000000000000000e+01 5.512099411379987879e-02
8.600000000000000000e+01 5.585349901896665553e-02
8.700000000000000000e+01 5.676913015042512473e-02
8.800000000000000000e+01 5.741007194244605177e-02
8.900000000000000000e+01 5.841726618705037066e-02
9.000000000000000000e+01 5.914977109221714047e-02
9.100000000000000000e+01 6.006540222367560966e-02
9.200000000000000000e+01 6.061478090255069395e-02
9.300000000000000000e+01 6.116415958142577824e-02
9.400000000000000000e+01 6.153041203400916315e-02
9.500000000000000000e+01 6.189666448659255499e-02
9.600000000000000000e+01 6.235448005232178958e-02
9.700000000000000000e+01 6.262916939175933173e-02
9.800000000000000000e+01 6.299542184434271663e-02
9.900000000000000000e+01 6.354480052321780092e-02
1.000000000000000000e+02 6.409417920209288522e-02
1.010000000000000000e+02 6.464355788096795563e-02
1.020000000000000000e+02 6.510137344669719717e-02
1.030000000000000000e+02 6.574231523871812422e-02
1.040000000000000000e+02 6.601700457815566636e-02
1.050000000000000000e+02 6.638325703073905126e-02
1.060000000000000000e+02 6.647482014388489402e-02
1.070000000000000000e+02 6.674950948332243617e-02
1.080000000000000000e+02 6.702419882275997831e-02
1.090000000000000000e+02 6.757357750163506260e-02
1.100000000000000000e+02 6.775670372792676199e-02
1.110000000000000000e+02 6.793982995421844751e-02
1.120000000000000000e+02 6.885546108567691670e-02
1.130000000000000000e+02 6.913015042511445885e-02
1.140000000000000000e+02 6.931327665140615824e-02
1.150000000000000000e+02 6.977109221713538589e-02
1.160000000000000000e+02 7.032047089601047019e-02
1.170000000000000000e+02 7.050359712230216958e-02
1.180000000000000000e+02 7.077828646173971172e-02
1.190000000000000000e+02 7.096141268803139723e-02
1.200000000000000000e+02 7.151079136690648153e-02
1.210000000000000000e+02 7.279267495094833562e-02
1.220000000000000000e+02 7.361674296926096206e-02
1.230000000000000000e+02 7.434924787442774574e-02
1.240000000000000000e+02 7.499018966644867279e-02
1.250000000000000000e+02 7.599738391105298474e-02
1.260000000000000000e+02 7.718770438194899608e-02
1.270000000000000000e+02 7.947678221059517600e-02
1.280000000000000000e+02 8.048397645519948795e-02
1.290000000000000000e+02 8.176586003924134205e-02
1.300000000000000000e+02 8.432962720732506412e-02
1.310000000000000000e+02 8.515369522563767668e-02
1.320000000000000000e+02 8.570307390451276097e-02
1.330000000000000000e+02 8.606932635709614587e-02
1.340000000000000000e+02 8.680183126226292956e-02
1.350000000000000000e+02 8.707652060170047170e-02
1.360000000000000000e+02 8.735120994113801385e-02
1.370000000000000000e+02 8.753433616742969936e-02
1.380000000000000000e+02 8.790058862001309814e-02
1.390000000000000000e+02 8.826684107259648304e-02
1.400000000000000000e+02 8.826684107259648304e-02
1.410000000000000000e+02 8.844996729888816855e-02
1.420000000000000000e+02 8.854153041203402519e-02
1.430000000000000000e+02 8.872465663832571070e-02
1.440000000000000000e+02 8.890778286461741009e-02
1.450000000000000000e+02 8.909090909090910948e-02
1.460000000000000000e+02 8.927403531720079499e-02
1.470000000000000000e+02 8.927403531720079499e-02
1.480000000000000000e+02 8.954872465663833714e-02
1.490000000000000000e+02 8.954872465663833714e-02
1.500000000000000000e+02 8.982341399607587928e-02
1.510000000000000000e+02 8.991497710922172204e-02
1.520000000000000000e+02 9.009810333551342143e-02
1.530000000000000000e+02 9.018966644865926419e-02
