20220531 10:54:51,357	c_0_280_20220531_10_54_51,357.bmp	-4,260751E-3	-3,406497E-2	2,594737E-3	2,557098E-3
20220531 10:54:57,358	c_0_281_20220531_10_54_57,358.bmp	2,102839E-3	-2,770011E-2	-2,496685E-3	-3,807953E-3
20220531 10:55:03,359	c_0_282_20220531_10_55_03,359.bmp	1,013748E-1	2,067285E-2	3,867592E-3	1,107786E-5
20220531 10:55:09,365	c_0_283_20220531_10_55_09,365.bmp	2,553737E-1	4,104041E-2	1,321881E-3	-3,807953E-3
20220531 10:55:15,370	c_0_284_20220531_10_55_15,370.bmp	4,093726E-1	6,013500E-2	4,902598E-5	1,107786E-5
20220531 10:55:21,373	c_0_285_20220531_10_55_21,373.bmp	5,773713E-1	7,795662E-2	4,902598E-5	2,557098E-3
20220531 10:55:27,380	c_0_286_20220531_10_55_27,380.bmp	7,593700E-1	9,832418E-2	-2,496685E-3	1,107786E-5
20220531 10:55:33,384	c_0_287_20220531_10_55_33,384.bmp	9,388232E-1	1,174188E-1	4,902598E-5	2,557098E-3
20220531 10:55:39,393	c_0_288_20220531_10_55_39,393.bmp	1,123367E+0	1,403323E-1	-1,223829E-3	-1,261932E-3
20220531 10:55:45,397	c_0_289_20220531_10_55_45,397.bmp	1,306639E+0	1,581539E-1	4,902598E-5	2,557098E-3
20220531 10:55:51,402	c_0_290_20220531_10_55_51,402.bmp	1,496274E+0	1,785215E-1	4,902598E-5	1,107786E-5
20220531 10:55:57,407	c_0_291_20220531_10_55_57,407.bmp	1,677000E+0	2,001620E-1	4,902598E-5	-1,261932E-3
20220531 10:56:03,408	c_0_292_20220531_10_56_03,408.bmp	1,856453E+0	2,205295E-1	1,321881E-3	-1,261932E-3
20220531 10:56:09,409	c_0_293_20220531_10_56_09,409.bmp	2,052451E+0	2,370782E-1	4,902598E-5	2,557098E-3
20220531 10:56:15,410	c_0_294_20220531_10_56_15,410.bmp	2,233177E+0	2,638106E-1	-3,769540E-3	-3,807953E-3
20220531 10:56:21,414	c_0_295_20220531_10_56_21,414.bmp	2,406267E+0	2,752674E-1	3,867592E-3	2,557098E-3
20220531 10:56:27,418	c_0_296_20220531_10_56_27,418.bmp	2,580629E+0	2,981809E-1	1,321881E-3	1,107786E-5
20220531 10:56:33,422	c_0_297_20220531_10_56_33,422.bmp	2,758810E+0	3,160025E-1	3,867592E-3	3,830109E-3
20220531 10:56:39,424	c_0_298_20220531_10_56_39,424.bmp	2,938263E+0	3,414619E-1	-3,769540E-3	-3,807953E-3
20220531 10:56:45,425	c_0_299_20220531_10_56_45,425.bmp	3,104989E+0	3,631025E-1	-3,769540E-3	-3,807953E-3
20220531 10:56:51,429	c_0_300_20220531_10_56_51,429.bmp	3,276806E+0	3,809241E-1	-3,769540E-3	1,107786E-5
20220531 10:56:57,433	c_0_301_20220531_10_56_57,433.bmp	3,440987E+0	3,961998E-1	-2,496685E-3	3,830109E-3
20220531 10:57:03,436	c_0_302_20220531_10_57_03,436.bmp	3,601349E+0	4,203862E-1	4,902598E-5	-1,261932E-3
20220531 10:57:09,440	c_0_303_20220531_10_57_09,440.bmp	3,769348E+0	4,407538E-1	-3,769540E-3	-3,807953E-3
20220531 10:57:15,444	c_0_304_20220531_10_57_15,444.bmp	3,929710E+0	4,598484E-1	-1,223829E-3	1,107786E-5
20220531 10:57:21,445	c_0_305_20220531_10_57_21,445.bmp	4,090073E+0	4,802160E-1	2,594737E-3	1,107786E-5
20220531 10:57:27,446	c_0_306_20220531_10_57_27,446.bmp	4,259344E+0	4,993105E-1	1,321881E-3	-1,261932E-3
20220531 10:57:33,447	c_0_307_20220531_10_57_33,447.bmp	4,415888E+0	5,158592E-1	3,867592E-3	3,830109E-3
20220531 10:57:39,450	c_0_308_20220531_10_57_39,450.bmp	4,573705E+0	5,362268E-1	5,140448E-3	2,557098E-3
20220531 10:57:45,452	c_0_309_20220531_10_57_45,452.bmp	4,730250E+0	5,629592E-1	-1,223829E-3	-3,807953E-3
20220531 10:57:51,457	c_0_310_20220531_10_57_51,457.bmp	4,874067E+0	5,833267E-1	-3,769540E-3	-3,807953E-3
20220531 10:57:57,462	c_0_311_20220531_10_57_57,462.bmp	4,991157E+0	5,986024E-1	-1,223829E-3	1,107786E-5
20220531 10:58:03,467	c_0_312_20220531_10_58_03,467.bmp	5,092974E+0	6,189700E-1	1,321881E-3	2,557098E-3
20220531 10:58:09,472	c_0_313_20220531_10_58_09,472.bmp	5,192246E+0	6,418835E-1	-2,496685E-3	-3,807953E-3
20220531 10:58:15,473	c_0_314_20220531_10_58_15,473.bmp	5,266064E+0	6,635240E-1	-2,496685E-3	1,107786E-5
20220531 10:58:21,476	c_0_315_20220531_10_58_21,476.bmp	5,323336E+0	6,787997E-1	1,321881E-3	1,107786E-5
20220531 10:58:27,477	c_0_316_20220531_10_58_27,477.bmp	5,383154E+0	6,991672E-1	-3,769540E-3	1,107786E-5
20220531 10:58:33,482	c_0_317_20220531_10_58_33,482.bmp	5,425154E+0	7,233537E-1	-3,769540E-3	-3,807953E-3
20220531 10:58:39,482	c_0_318_20220531_10_58_39,482.bmp	5,450608E+0	7,386294E-1	-2,496685E-3	1,107786E-5
20220531 10:58:45,488	c_0_319_20220531_10_58_45,488.bmp	5,437881E+0	7,564510E-1	2,594737E-3	2,557098E-3
20220531 10:58:51,492	c_0_320_20220531_10_58_51,492.bmp	5,460790E+0	7,806375E-1	4,902598E-5	-1,261932E-3
20220531 10:58:57,494	c_0_321_20220531_10_58_57,494.bmp	5,456972E+0	7,971861E-1	2,594737E-3	2,557098E-3
20220531 10:59:03,497	c_0_322_20220531_10_59_03,497.bmp	5,428972E+0	8,213726E-1	1,321881E-3	-1,261932E-3
20220531 10:59:09,498	c_0_323_20220531_10_59_09,498.bmp	5,338609E+0	8,417402E-1	-2,496685E-3	1,107786E-5
20220531 10:59:15,499	c_0_324_20220531_10_59_15,499.bmp	5,190974E+0	8,557429E-1	2,594737E-3	2,557098E-3
20220531 10:59:21,502	c_0_325_20220531_10_59_21,502.bmp	5,070065E+0	8,761104E-1	3,867592E-3	2,557098E-3
20220531 10:59:27,503	c_0_326_20220531_10_59_27,503.bmp	4,969521E+0	8,990239E-1	1,321881E-3	-1,261932E-3
20220531 10:59:33,507	c_0_327_20220531_10_59_33,507.bmp	4,879158E+0	9,193915E-1	4,902598E-5	-3,807953E-3
20220531 10:59:39,510	c_0_328_20220531_10_59_39,510.bmp	4,792613E+0	9,423050E-1	1,321881E-3	-3,807953E-3
20220531 10:59:45,515	c_0_329_20220531_10_59_45,515.bmp	4,723886E+0	9,626726E-1	-1,223829E-3	-3,807953E-3
20220531 10:59:51,520	c_0_330_20220531_10_59_51,520.bmp	4,657705E+0	9,817672E-1	-3,769540E-3	-3,807953E-3
20220531 10:59:57,521	c_0_331_20220531_10_59_57,521.bmp	4,544433E+0	9,983158E-1	3,867592E-3	1,107786E-5
20220531 11:00:03,524	c_0_332_20220531_11_00_03,524.bmp	4,286071E+0	1,022502E+0	-3,769540E-3	1,107786E-5
20220531 11:00:09,525	c_0_333_20220531_11_00_09,525.bmp	4,120618E+0	1,036505E+0	3,867592E-3	3,830109E-3
20220531 11:00:15,527	c_0_334_20220531_11_00_15,527.bmp	4,083709E+0	1,059418E+0	-1,223829E-3	1,107786E-5
20220531 11:00:21,531	c_0_335_20220531_11_00_21,531.bmp	4,065891E+0	1,083605E+0	4,902598E-5	-3,807953E-3
20220531 11:00:27,533	c_0_336_20220531_11_00_27,533.bmp	4,039164E+0	1,096335E+0	4,902598E-5	-1,261932E-3
20220531 11:00:33,537	c_0_337_20220531_11_00_33,537.bmp	4,014982E+0	1,120521E+0	4,902598E-5	1,107786E-5
20220531 11:00:39,538	c_0_338_20220531_11_00_39,538.bmp	3,992073E+0	1,135797E+0	3,867592E-3	1,284088E-3
20220531 11:00:45,543	c_0_339_20220531_11_00_45,543.bmp	3,960255E+0	1,157437E+0	3,867592E-3	3,830109E-3
20220531 11:00:51,545	c_0_340_20220531_11_00_51,545.bmp	3,937347E+0	1,182897E+0	-3,769540E-3	1,107786E-5
20220531 11:00:57,546	c_0_341_20220531_11_00_57,546.bmp	3,899165E+0	1,198173E+0	2,594737E-3	1,107786E-5
20220531 11:01:03,551	c_0_342_20220531_11_01_03,551.bmp	3,867347E+0	1,218540E+0	3,867592E-3	1,107786E-5
20220531 11:01:09,554	c_0_343_20220531_11_01_09,554.bmp	3,829165E+0	1,236362E+0	1,321881E-3	3,830109E-3
20220531 11:01:15,558	c_0_344_20220531_11_01_15,558.bmp	3,801166E+0	1,255456E+0	5,140448E-3	1,284088E-3
20220531 11:01:21,560	c_0_345_20220531_11_01_21,560.bmp	3,797348E+0	1,279643E+0	-1,223829E-3	-1,261932E-3
20220531 11:01:27,566	c_0_346_20220531_11_01_27,566.bmp	3,793529E+0	1,298737E+0	-3,769540E-3	1,107786E-5
20220531 11:01:33,568	c_0_347_20220531_11_01_33,568.bmp	3,776984E+0	1,321651E+0	-1,223829E-3	1,107786E-5
20220531 11:01:39,573	c_0_348_20220531_11_01_39,573.bmp	3,765530E+0	1,340745E+0	-3,769540E-3	1,107786E-5
20220531 11:01:45,578	c_0_349_20220531_11_01_45,578.bmp	3,756621E+0	1,358567E+0	4,902598E-5	1,107786E-5
20220531 11:01:51,579	c_0_350_20220531_11_01_51,579.bmp	3,724803E+0	1,380208E+0	1,321881E-3	-1,261932E-3
20220531 11:01:57,581	c_0_351_20220531_11_01_57,581.bmp	3,698076E+0	1,398029E+0	3,867592E-3	2,557098E-3
20220531 11:02:03,588	c_0_352_20220531_11_02_03,588.bmp	3,668803E+0	1,420943E+0	4,902598E-5	2,557098E-3
20220531 11:02:09,590	c_0_353_20220531_11_02_09,590.bmp	3,638258E+0	1,441310E+0	4,902598E-5	-3,807953E-3
20220531 11:02:15,593	c_0_354_20220531_11_02_15,593.bmp	3,597531E+0	1,459132E+0	-3,769540E-3	1,107786E-5
20220531 11:02:21,596	c_0_355_20220531_11_02_21,596.bmp	3,555531E+0	1,479499E+0	2,594737E-3	1,284088E-3
20220531 11:02:27,601	c_0_356_20220531_11_02_27,601.bmp	3,545349E+0	1,502413E+0	-3,769540E-3	-3,807953E-3
20220531 11:02:33,606	c_0_357_20220531_11_02_33,606.bmp	3,532622E+0	1,521508E+0	-2,496685E-3	1,107786E-5
20220531 11:02:39,611	c_0_358_20220531_11_02_39,611.bmp	3,512259E+0	1,539329E+0	4,902598E-5	1,107786E-5
20220531 11:02:45,616	c_0_359_20220531_11_02_45,616.bmp	3,500804E+0	1,560970E+0	1,321881E-3	-1,261932E-3
20220531 11:02:51,619	c_0_360_20220531_11_02_51,619.bmp	3,489350E+0	1,577518E+0	4,902598E-5	2,557098E-3
20220531 11:02:57,621	c_0_361_20220531_11_02_57,621.bmp	3,476623E+0	1,599159E+0	-3,769540E-3	1,107786E-5
20220531 11:03:03,623	c_0_362_20220531_11_03_03,623.bmp	3,466441E+0	1,623345E+0	-1,223829E-3	-2,534943E-3
20220531 11:03:09,627	c_0_363_20220531_11_03_09,627.bmp	3,444805E+0	1,639894E+0	4,902598E-5	2,557098E-3
20220531 11:03:15,637	c_0_364_20220531_11_03_15,637.bmp	3,424441E+0	1,662807E+0	-5,042396E-3	1,107786E-5
20220531 11:03:21,642	c_0_365_20220531_11_03_21,642.bmp	3,368442E+0	1,678083E+0	4,902598E-5	2,557098E-3
20220531 11:03:27,647	c_0_366_20220531_11_03_27,647.bmp	3,320078E+0	1,703543E+0	-1,223829E-3	-5,080963E-3
20220531 11:03:33,651	c_0_367_20220531_11_03_33,651.bmp	3,292079E+0	1,718818E+0	-3,769540E-3	1,107786E-5
20220531 11:03:39,656	c_0_368_20220531_11_03_39,656.bmp	3,256442E+0	1,744278E+0	4,902598E-5	-3,807953E-3
20220531 11:03:45,661	c_0_369_20220531_11_03_45,661.bmp	3,228443E+0	1,755734E+0	3,867592E-3	2,557098E-3
20220531 11:03:51,662	c_0_370_20220531_11_03_51,662.bmp	3,216988E+0	1,778648E+0	4,902598E-5	1,284088E-3
20220531 11:03:57,665	c_0_371_20220531_11_03_57,665.bmp	3,205534E+0	1,802834E+0	-2,496685E-3	-3,807953E-3
20220531 11:04:03,666	c_0_372_20220531_11_04_03,666.bmp	3,190261E+0	1,823202E+0	-1,223829E-3	-2,534943E-3
20220531 11:04:09,668	c_0_373_20220531_11_04_09,668.bmp	3,191534E+0	1,838478E+0	-3,769540E-3	-1,261932E-3
20220531 11:04:15,670	c_0_374_20220531_11_04_15,670.bmp	3,185170E+0	1,858845E+0	2,594737E-3	1,107786E-5
20220531 11:04:21,671	c_0_375_20220531_11_04_21,671.bmp	3,192807E+0	1,883032E+0	-5,042396E-3	-3,807953E-3
20220531 11:04:27,677	c_0_376_20220531_11_04_27,677.bmp	3,194079E+0	1,903399E+0	-3,769540E-3	-3,807953E-3
20220531 11:04:33,685	c_0_377_20220531_11_04_33,685.bmp	3,194079E+0	1,921221E+0	1,321881E-3	-3,807953E-3
20220531 11:04:39,692	c_0_378_20220531_11_04_39,692.bmp	3,191534E+0	1,935224E+0	5,140448E-3	3,830109E-3
20220531 11:04:45,697	c_0_379_20220531_11_04_45,697.bmp	3,204261E+0	1,958137E+0	1,321881E-3	1,107786E-5
20220531 11:04:51,702	c_0_380_20220531_11_04_51,702.bmp	3,204261E+0	1,979778E+0	4,902598E-5	1,107786E-5
20220531 11:04:57,704	c_0_381_20220531_11_04_57,704.bmp	3,204261E+0	1,996326E+0	1,321881E-3	2,557098E-3
20220531 11:05:03,705	c_0_382_20220531_11_05_03,705.bmp	3,200443E+0	2,015421E+0	4,902598E-5	2,557098E-3
20220531 11:05:09,707	c_0_383_20220531_11_05_09,707.bmp	3,196625E+0	2,042153E+0	4,902598E-5	-3,807953E-3
20220531 11:05:15,708	c_0_384_20220531_11_05_15,708.bmp	3,187716E+0	2,059975E+0	1,321881E-3	-3,807953E-3
20220531 11:05:21,710	c_0_385_20220531_11_05_21,710.bmp	3,177534E+0	2,080343E+0	-1,223829E-3	1,107786E-5
20220531 11:05:27,711	c_0_386_20220531_11_05_27,711.bmp	3,177534E+0	2,099437E+0	4,902598E-5	-1,261932E-3
20220531 11:05:33,712	c_0_387_20220531_11_05_33,712.bmp	3,176261E+0	2,118532E+0	1,321881E-3	1,107786E-5
20220531 11:05:39,716	c_0_388_20220531_11_05_39,716.bmp	3,174989E+0	2,140172E+0	1,321881E-3	1,107786E-5
20220531 11:05:45,721	c_0_389_20220531_11_05_45,721.bmp	3,172443E+0	2,160540E+0	-1,223829E-3	1,107786E-5
20220531 11:05:51,726	c_0_390_20220531_11_05_51,726.bmp	3,149534E+0	2,179634E+0	4,902598E-5	1,107786E-5
20220531 11:05:57,735	c_0_391_20220531_11_05_57,735.bmp	3,116443E+0	2,202548E+0	4,902598E-5	-3,807953E-3
20220531 11:06:03,740	c_0_392_20220531_11_06_03,740.bmp	3,066807E+0	2,217824E+0	1,321881E-3	1,107786E-5
20220531 11:06:09,743	c_0_393_20220531_11_06_09,743.bmp	3,022262E+0	2,242010E+0	-5,042396E-3	-3,807953E-3
20220531 11:06:15,745	c_0_394_20220531_11_06_15,745.bmp	2,944627E+0	2,261105E+0	-1,223829E-3	-5,080963E-3
20220531 11:06:21,752	c_0_395_20220531_11_06_21,752.bmp	2,894991E+0	2,276380E+0	4,902598E-5	2,557098E-3
20220531 11:06:27,755	c_0_396_20220531_11_06_27,755.bmp	2,861900E+0	2,299294E+0	4,902598E-5	-1,261932E-3
20220531 11:06:33,759	c_0_397_20220531_11_06_33,759.bmp	2,836446E+0	2,322207E+0	-1,223829E-3	-2,534943E-3
20220531 11:06:39,762	c_0_398_20220531_11_06_39,762.bmp	2,812264E+0	2,338756E+0	-1,223829E-3	-3,807953E-3
20220531 11:06:45,766	c_0_399_20220531_11_06_45,766.bmp	2,788082E+0	2,357851E+0	4,902598E-5	1,284088E-3
20220531 11:06:51,771	c_0_400_20220531_11_06_51,771.bmp	2,776628E+0	2,374399E+0	4,902598E-5	2,557098E-3
20220531 11:06:57,772	c_0_401_20220531_11_06_57,772.bmp	2,771537E+0	2,399859E+0	4,902598E-5	-1,261932E-3
20220531 11:07:03,773	c_0_402_20220531_11_07_03,773.bmp	2,758810E+0	2,420226E+0	4,902598E-5	2,557098E-3
20220531 11:07:09,777	c_0_403_20220531_11_07_09,777.bmp	2,753719E+0	2,438048E+0	4,902598E-5	1,284088E-3
20220531 11:07:15,778	c_0_404_20220531_11_07_15,778.bmp	2,752446E+0	2,459688E+0	1,321881E-3	-3,807953E-3
20220531 11:07:21,783	c_0_405_20220531_11_07_21,783.bmp	2,747355E+0	2,478783E+0	2,594737E-3	1,107786E-5
20220531 11:07:27,785	c_0_406_20220531_11_07_27,785.bmp	2,749901E+0	2,499150E+0	-1,223829E-3	-2,534943E-3
20220531 11:07:33,788	c_0_407_20220531_11_07_33,788.bmp	2,744810E+0	2,519518E+0	4,902598E-5	1,107786E-5
20220531 11:07:39,789	c_0_408_20220531_11_07_39,789.bmp	2,743537E+0	2,538613E+0	-1,223829E-3	-1,261932E-3
20220531 11:07:45,792	c_0_409_20220531_11_07_45,792.bmp	2,730810E+0	2,556434E+0	1,321881E-3	3,830109E-3
20220531 11:07:51,796	c_0_410_20220531_11_07_51,796.bmp	2,719356E+0	2,579348E+0	-1,223829E-3	1,107786E-5
20220531 11:07:57,797	c_0_411_20220531_11_07_57,797.bmp	2,695174E+0	2,598442E+0	1,321881E-3	1,107786E-5
20220531 11:08:03,798	c_0_412_20220531_11_08_03,798.bmp	2,684992E+0	2,617537E+0	-1,223829E-3	1,107786E-5
20220531 11:08:09,799	c_0_413_20220531_11_08_09,799.bmp	2,653174E+0	2,637905E+0	2,594737E-3	2,557098E-3
20220531 11:08:15,805	c_0_414_20220531_11_08_15,805.bmp	2,636629E+0	2,662091E+0	-6,315251E-3	-3,807953E-3
20220531 11:08:21,810	c_0_415_20220531_11_08_21,810.bmp	2,612447E+0	2,674821E+0	2,594737E-3	1,284088E-3
20220531 11:08:27,811	c_0_416_20220531_11_08_27,811.bmp	2,602265E+0	2,697734E+0	1,321881E-3	1,107786E-5
20220531 11:08:33,815	c_0_417_20220531_11_08_33,815.bmp	2,585720E+0	2,715556E+0	2,594737E-3	2,557098E-3
20220531 11:08:39,819	c_0_418_20220531_11_08_39,819.bmp	2,578084E+0	2,735923E+0	1,321881E-3	2,557098E-3
20220531 11:08:45,820	c_0_419_20220531_11_08_45,820.bmp	2,572993E+0	2,761383E+0	4,902598E-5	-3,807953E-3
20220531 11:08:51,822	c_0_420_20220531_11_08_51,822.bmp	2,567902E+0	2,779204E+0	-2,496685E-3	1,107786E-5
20220531 11:08:57,824	c_0_421_20220531_11_08_57,824.bmp	2,558993E+0	2,798299E+0	4,902598E-5	1,107786E-5
20220531 11:09:03,830	c_0_422_20220531_11_09_03,830.bmp	2,558993E+0	2,819940E+0	4,902598E-5	1,107786E-5
20220531 11:09:09,833	c_0_423_20220531_11_09_09,833.bmp	2,560266E+0	2,839034E+0	4,902598E-5	1,107786E-5
20220531 11:09:15,835	c_0_424_20220531_11_09_15,835.bmp	2,561538E+0	2,863221E+0	-1,223829E-3	-3,807953E-3
20220531 11:09:21,836	c_0_425_20220531_11_09_21,836.bmp	2,565357E+0	2,881042E+0	4,902598E-5	-1,261932E-3
20220531 11:09:27,839	c_0_426_20220531_11_09_27,839.bmp	2,570448E+0	2,903956E+0	-2,496685E-3	-2,534943E-3
20220531 11:09:33,844	c_0_427_20220531_11_09_33,844.bmp	2,571720E+0	2,917958E+0	4,902598E-5	1,107786E-5
20220531 11:09:39,849	c_0_428_20220531_11_09_39,849.bmp	2,574266E+0	2,939599E+0	-2,496685E-3	1,107786E-5
20220531 11:09:45,850	c_0_429_20220531_11_09_45,850.bmp	2,580629E+0	2,958694E+0	1,321881E-3	-1,261932E-3
20220531 11:09:51,853	c_0_430_20220531_11_09_51,853.bmp	2,578084E+0	2,976515E+0	5,140448E-3	3,830109E-3
20220531 11:09:57,856	c_0_431_20220531_11_09_57,856.bmp	2,583175E+0	3,000702E+0	1,321881E-3	-1,261932E-3
20220531 11:10:03,858	c_0_432_20220531_11_10_03,858.bmp	2,597175E+0	3,023615E+0	-3,769540E-3	-3,807953E-3
20220531 11:10:09,861	c_0_433_20220531_11_10_09,861.bmp	2,597175E+0	3,037618E+0	-1,223829E-3	1,107786E-5
20220531 11:10:15,862	c_0_434_20220531_11_10_15,862.bmp	2,590811E+0	3,056712E+0	2,594737E-3	1,284088E-3
20220531 11:10:21,867	c_0_435_20220531_11_10_21,867.bmp	2,617538E+0	3,082172E+0	-5,042396E-3	-3,807953E-3
20220531 11:10:27,870	c_0_436_20220531_11_10_27,870.bmp	2,622629E+0	3,098721E+0	-2,496685E-3	-5,080963E-3
20220531 11:10:33,874	c_0_437_20220531_11_10_33,874.bmp	2,616265E+0	3,119088E+0	1,321881E-3	1,107786E-5
20220531 11:10:39,880	c_0_438_20220531_11_10_39,880.bmp	2,631538E+0	3,139456E+0	-1,223829E-3	-1,261932E-3
20220531 11:10:45,882	c_0_439_20220531_11_10_45,882.bmp	2,636629E+0	3,157277E+0	-2,496685E-3	1,107786E-5
20220531 11:10:51,887	c_0_440_20220531_11_10_51,887.bmp	2,641720E+0	3,180191E+0	4,902598E-5	1,107786E-5
20220531 11:10:57,891	c_0_441_20220531_11_10_57,891.bmp	2,644265E+0	3,199285E+0	-3,769540E-3	-1,261932E-3
20220531 11:11:03,895	c_0_442_20220531_11_11_03,895.bmp	2,637902E+0	3,220926E+0	1,321881E-3	1,107786E-5
20220531 11:11:09,898	c_0_443_20220531_11_11_09,898.bmp	2,637902E+0	3,238748E+0	4,902598E-5	2,557098E-3
20220531 11:11:15,903	c_0_444_20220531_11_11_15,903.bmp	2,640447E+0	3,260388E+0	-1,223829E-3	-3,807953E-3
20220531 11:11:21,908	c_0_445_20220531_11_11_21,908.bmp	2,645538E+0	3,279483E+0	1,321881E-3	-1,261932E-3
20220531 11:11:27,913	c_0_446_20220531_11_11_27,913.bmp	2,634083E+0	3,294758E+0	3,867592E-3	2,557098E-3
20220531 11:11:33,917	c_0_447_20220531_11_11_33,917.bmp	2,626447E+0	3,322764E+0	4,902598E-5	-3,807953E-3
20220531 11:11:39,922	c_0_448_20220531_11_11_39,922.bmp	2,617538E+0	3,338039E+0	4,902598E-5	1,107786E-5
20220531 11:11:45,930	c_0_449_20220531_11_11_45,930.bmp	2,600993E+0	3,359680E+0	-1,223829E-3	1,284088E-3
20220531 11:11:51,936	c_0_450_20220531_11_11_51,936.bmp	2,565357E+0	3,380048E+0	-1,223829E-3	1,107786E-5
20220531 11:11:57,942	c_0_451_20220531_11_11_57,942.bmp	2,551357E+0	3,397869E+0	4,902598E-5	1,107786E-5
20220531 11:12:03,946	c_0_452_20220531_11_12_03,946.bmp	2,530993E+0	3,419510E+0	-3,769540E-3	1,107786E-5
20220531 11:12:09,950	c_0_453_20220531_11_12_09,950.bmp	2,511902E+0	3,436058E+0	4,902598E-5	1,107786E-5
20220531 11:12:15,956	c_0_454_20220531_11_12_15,956.bmp	2,491539E+0	3,453880E+0	2,594737E-3	1,284088E-3
20220531 11:12:21,958	c_0_455_20220531_11_12_21,958.bmp	2,480085E+0	3,478066E+0	1,321881E-3	1,107786E-5
20220531 11:12:27,963	c_0_456_20220531_11_12_27,963.bmp	2,460994E+0	3,499707E+0	-2,496685E-3	-3,807953E-3
20220531 11:12:33,971	c_0_457_20220531_11_12_33,971.bmp	2,438085E+0	3,516256E+0	1,321881E-3	3,830109E-3
20220531 11:12:39,979	c_0_458_20220531_11_12_39,979.bmp	2,431721E+0	3,541715E+0	-1,223829E-3	-3,807953E-3
20220531 11:12:45,980	c_0_459_20220531_11_12_45,980.bmp	2,420267E+0	3,555718E+0	1,321881E-3	2,557098E-3
20220531 11:12:51,980	c_0_460_20220531_11_12_51,980.bmp	2,415176E+0	3,579904E+0	-1,223829E-3	1,107786E-5
20220531 11:12:57,985	c_0_461_20220531_11_12_57,985.bmp	2,421540E+0	3,597726E+0	-3,769540E-3	1,107786E-5
20220531 11:13:03,990	c_0_462_20220531_11_13_03,990.bmp	2,421540E+0	3,621912E+0	-1,223829E-3	-3,807953E-3
20220531 11:13:09,994	c_0_463_20220531_11_13_09,994.bmp	2,422812E+0	3,639734E+0	1,321881E-3	-1,261932E-3
20220531 11:13:15,997	c_0_464_20220531_11_13_15,997.bmp	2,422812E+0	3,655010E+0	4,902598E-5	2,557098E-3
20220531 11:13:22,000	c_0_465_20220531_11_13_22,000.bmp	2,424085E+0	3,677923E+0	-1,223829E-3	-1,261932E-3
20220531 11:13:28,004	c_0_466_20220531_11_13_28,004.bmp	2,424085E+0	3,699564E+0	4,902598E-5	1,284088E-3
20220531 11:13:34,009	c_0_467_20220531_11_13_34,009.bmp	2,427903E+0	3,718658E+0	-1,223829E-3	1,107786E-5
20220531 11:13:40,010	c_0_468_20220531_11_13_40,010.bmp	2,422812E+0	3,737753E+0	1,321881E-3	2,557098E-3
20220531 11:13:46,011	c_0_469_20220531_11_13_46,011.bmp	2,426630E+0	3,758120E+0	1,321881E-3	2,557098E-3
20220531 11:13:52,015	c_0_470_20220531_11_13_52,015.bmp	2,432994E+0	3,782307E+0	-3,769540E-3	-3,807953E-3
20220531 11:13:58,018	c_0_471_20220531_11_13_58,018.bmp	2,435539E+0	3,798856E+0	4,902598E-5	1,107786E-5
20220531 11:14:04,028	c_0_472_20220531_11_14_04,028.bmp	2,434267E+0	3,816677E+0	-3,769540E-3	1,107786E-5
20220531 11:14:10,033	c_0_473_20220531_11_14_10,033.bmp	2,429176E+0	3,842137E+0	-6,315251E-3	-3,807953E-3
20220531 11:14:16,034	c_0_474_20220531_11_14_16,034.bmp	2,425358E+0	3,854866E+0	4,902598E-5	2,557098E-3
20220531 11:14:22,035	c_0_475_20220531_11_14_22,035.bmp	2,421540E+0	3,875234E+0	4,902598E-5	2,557098E-3
20220531 11:14:28,039	c_0_476_20220531_11_14_28,039.bmp	2,430449E+0	3,901966E+0	-3,769540E-3	-3,807953E-3
20220531 11:14:34,043	c_0_477_20220531_11_14_34,043.bmp	2,425358E+0	3,915969E+0	2,594737E-3	2,557098E-3
20220531 11:14:40,046	c_0_478_20220531_11_14_40,046.bmp	2,425358E+0	3,936337E+0	3,867592E-3	2,557098E-3
20220531 11:14:46,049	c_0_479_20220531_11_14_46,049.bmp	2,432994E+0	3,961796E+0	-3,769540E-3	-3,807953E-3
20220531 11:14:52,050	c_0_480_20220531_11_14_52,050.bmp	2,427903E+0	3,980891E+0	3,867592E-3	1,107786E-5
20220531 11:14:58,055	c_0_481_20220531_11_14_58,055.bmp	2,429176E+0	3,996166E+0	2,594737E-3	2,557098E-3
20220531 11:15:04,059	c_0_482_20220531_11_15_04,059.bmp	2,420267E+0	4,017807E+0	-1,223829E-3	2,557098E-3
20220531 11:15:10,059	c_0_483_20220531_11_15_10,059.bmp	2,411358E+0	4,043266E+0	-3,769540E-3	-3,807953E-3
20220531 11:15:16,064	c_0_484_20220531_11_15_16,064.bmp	2,404994E+0	4,058542E+0	2,594737E-3	1,107786E-5
20220531 11:15:22,065	c_0_485_20220531_11_15_22,065.bmp	2,393540E+0	4,078909E+0	1,321881E-3	1,107786E-5
20220531 11:15:28,069	c_0_486_20220531_11_15_28,069.bmp	2,380813E+0	4,099277E+0	4,902598E-5	2,557098E-3
20220531 11:15:34,071	c_0_487_20220531_11_15_34,071.bmp	2,378267E+0	4,117099E+0	-1,223829E-3	1,107786E-5
20220531 11:15:40,076	c_0_488_20220531_11_15_40,076.bmp	2,370631E+0	4,140012E+0	4,902598E-5	1,107786E-5
20220531 11:15:46,081	c_0_489_20220531_11_15_46,081.bmp	2,369358E+0	4,162926E+0	4,902598E-5	-3,807953E-3
20220531 11:15:52,086	c_0_490_20220531_11_15_52,086.bmp	2,364267E+0	4,182020E+0	4,902598E-5	-3,807953E-3
20220531 11:15:58,087	c_0_491_20220531_11_15_58,087.bmp	2,354085E+0	4,193477E+0	1,321881E-3	3,830109E-3
20220531 11:16:04,092	c_0_492_20220531_11_16_04,092.bmp	2,343904E+0	4,220209E+0	1,321881E-3	1,107786E-5
20220531 11:16:10,093	c_0_493_20220531_11_16_10,093.bmp	2,343904E+0	4,236758E+0	-1,223829E-3	3,830109E-3
20220531 11:16:16,094	c_0_494_20220531_11_16_16,094.bmp	2,337540E+0	4,255853E+0	1,321881E-3	2,557098E-3
20220531 11:16:22,098	c_0_495_20220531_11_16_22,098.bmp	2,329904E+0	4,280039E+0	-1,223829E-3	-1,261932E-3
20220531 11:16:28,105	c_0_496_20220531_11_16_28,105.bmp	2,327358E+0	4,297861E+0	-1,223829E-3	1,107786E-5
20220531 11:16:34,109	c_0_497_20220531_11_16_34,109.bmp	2,323540E+0	4,318228E+0	4,902598E-5	-1,261932E-3
20220531 11:16:40,113	c_0_498_20220531_11_16_40,113.bmp	2,318449E+0	4,338596E+0	-1,223829E-3	-3,807953E-3
20220531 11:16:46,117	c_0_499_20220531_11_16_46,117.bmp	2,314631E+0	4,358963E+0	4,902598E-5	-1,261932E-3
20220531 11:16:52,118	c_0_500_20220531_11_16_52,118.bmp	2,308268E+0	4,379331E+0	4,902598E-5	1,107786E-5
20220531 11:16:58,121	c_0_501_20220531_11_16_58,121.bmp	2,287904E+0	4,399699E+0	5,140448E-3	1,107786E-5
20220531 11:17:04,122	c_0_502_20220531_11_17_04,122.bmp	2,267541E+0	4,421339E+0	-1,223829E-3	-1,261932E-3
20220531 11:17:10,124	c_0_503_20220531_11_17_10,124.bmp	2,130087E+0	4,439161E+0	-1,223829E-3	-1,261932E-3
20220531 11:17:16,126	c_0_504_20220531_11_17_16,126.bmp	2,011724E+0	4,459528E+0	1,321881E-3	-1,261932E-3
20220531 11:17:22,127	c_0_505_20220531_11_17_22,127.bmp	1,969725E+0	4,482442E+0	-3,769540E-3	-3,807953E-3
20220531 11:17:28,128	c_0_506_20220531_11_17_28,128.bmp	1,920089E+0	4,495172E+0	3,867592E-3	2,557098E-3
20220531 11:17:34,132	c_0_507_20220531_11_17_34,132.bmp	1,889543E+0	4,521904E+0	-2,496685E-3	-3,807953E-3
20220531 11:17:40,134	c_0_508_20220531_11_17_40,134.bmp	1,865362E+0	4,534634E+0	1,321881E-3	3,830109E-3
20220531 11:17:46,138	c_0_509_20220531_11_17_46,138.bmp	1,838635E+0	4,556274E+0	2,594737E-3	2,557098E-3
20220531 11:17:52,140	c_0_510_20220531_11_17_52,140.bmp	1,832271E+0	4,579188E+0	5,140448E-3	1,107786E-5
20220531 11:17:58,141	c_0_511_20220531_11_17_58,141.bmp	1,827180E+0	4,598282E+0	1,321881E-3	1,107786E-5
20220531 11:18:04,146	c_0_512_20220531_11_18_04,146.bmp	1,823362E+0	4,622469E+0	-5,042396E-3	1,284088E-3
20220531 11:18:10,151	c_0_513_20220531_11_18_10,151.bmp	1,823362E+0	4,639017E+0	4,902598E-5	1,107786E-5
20220531 11:18:16,152	c_0_514_20220531_11_18_16,152.bmp	1,823362E+0	4,659385E+0	-3,769540E-3	1,107786E-5
20220531 11:18:22,156	c_0_515_20220531_11_18_22,156.bmp	1,822089E+0	4,674661E+0	4,902598E-5	2,557098E-3
20220531 11:18:28,159	c_0_516_20220531_11_18_28,159.bmp	1,827180E+0	4,698847E+0	1,321881E-3	-1,261932E-3
20220531 11:18:34,160	c_0_517_20220531_11_18_34,160.bmp	1,825908E+0	4,719215E+0	2,594737E-3	1,107786E-5
20220531 11:18:40,165	c_0_518_20220531_11_18_40,165.bmp	1,828453E+0	4,738309E+0	-1,223829E-3	1,107786E-5
20220531 11:18:46,169	c_0_519_20220531_11_18_46,169.bmp	1,828453E+0	4,761223E+0	4,902598E-5	1,107786E-5
20220531 11:18:52,173	c_0_520_20220531_11_18_52,173.bmp	1,813180E+0	4,775226E+0	2,594737E-3	2,557098E-3
20220531 11:18:58,176	c_0_521_20220531_11_18_58,176.bmp	1,810635E+0	4,799412E+0	4,902598E-5	-1,261932E-3
20220531 11:19:04,178	c_0_522_20220531_11_19_04,178.bmp	1,806817E+0	4,822325E+0	-3,769540E-3	-3,807953E-3
20220531 11:19:10,182	c_0_523_20220531_11_19_10,182.bmp	1,794090E+0	4,835055E+0	5,140448E-3	3,830109E-3
20220531 11:19:16,186	c_0_524_20220531_11_19_16,186.bmp	1,786453E+0	4,859242E+0	2,594737E-3	-1,261932E-3
20220531 11:19:22,190	c_0_525_20220531_11_19_22,190.bmp	1,783908E+0	4,875790E+0	4,902598E-5	1,284088E-3
20220531 11:19:28,192	c_0_526_20220531_11_19_28,192.bmp	1,781362E+0	4,896158E+0	1,321881E-3	1,107786E-5
20220531 11:19:34,195	c_0_527_20220531_11_19_34,195.bmp	1,778817E+0	4,921617E+0	4,902598E-5	-3,807953E-3
20220531 11:19:40,200	c_0_528_20220531_11_19_40,200.bmp	1,783908E+0	4,936893E+0	-1,223829E-3	1,284088E-3
20220531 11:19:46,200	c_0_529_20220531_11_19_46,200.bmp	1,778817E+0	4,957261E+0	1,321881E-3	1,107786E-5
20220531 11:19:52,203	c_0_530_20220531_11_19_52,203.bmp	1,785181E+0	4,978901E+0	-3,769540E-3	1,284088E-3
20220531 11:19:58,204	c_0_531_20220531_11_19_58,204.bmp	1,781362E+0	4,999269E+0	-2,496685E-3	1,107786E-5
20220531 11:20:04,207	c_0_532_20220531_11_20_04,207.bmp	1,762272E+0	4,990358E+0	1,321881E-3	1,284088E-3
