20220531 10:54:51,378	c_1_280_20220531_10_54_51,378.bmp	8,301209E-4	-3,151903E-2	1,321881E-3	-1,261932E-3
20220531 10:54:57,390	c_1_281_20220531_10_54_57,390.bmp	-1,715315E-3	-3,151903E-2	4,902598E-5	1,107786E-5
20220531 10:55:03,395	c_1_282_20220531_10_55_03,395.bmp	1,102839E-1	2,449177E-2	-3,769540E-3	-3,807953E-3
20220531 10:55:09,396	c_1_283_20220531_10_55_09,396.bmp	2,566464E-1	4,358636E-2	4,902598E-5	-2,534943E-3
20220531 10:55:15,400	c_1_284_20220531_10_55_15,400.bmp	4,131907E-1	5,631608E-2	4,902598E-5	1,107786E-5
20220531 10:55:21,410	c_1_285_20220531_10_55_21,410.bmp	5,837349E-1	7,922959E-2	4,902598E-5	1,107786E-5
20220531 10:55:27,418	c_1_286_20220531_10_55_27,418.bmp	7,593700E-1	1,021431E-1	-3,769540E-3	1,107786E-5
20220531 10:55:33,419	c_1_287_20220531_10_55_33,419.bmp	9,388232E-1	1,199647E-1	4,902598E-5	-1,261932E-3
20220531 10:55:39,424	c_1_288_20220531_10_55_39,424.bmp	1,129731E+0	1,403323E-1	-3,769540E-3	1,107786E-5
20220531 10:55:45,429	c_1_289_20220531_10_55_45,429.bmp	1,310457E+0	1,606998E-1	-3,769540E-3	1,107786E-5
20220531 10:55:51,438	c_1_290_20220531_10_55_51,438.bmp	1,493728E+0	1,797944E-1	4,902598E-5	1,107786E-5
20220531 10:55:57,450	c_1_291_20220531_10_55_57,450.bmp	1,680818E+0	1,976160E-1	2,594737E-3	2,557098E-3
20220531 10:56:03,452	c_1_292_20220531_10_56_03,452.bmp	1,864089E+0	2,205295E-1	-3,769540E-3	-3,807953E-3
20220531 10:56:09,453	c_1_293_20220531_10_56_09,453.bmp	2,052451E+0	2,396241E-1	-1,223829E-3	1,107786E-5
20220531 10:56:15,454	c_1_294_20220531_10_56_15,454.bmp	2,235723E+0	2,625376E-1	-5,042396E-3	-3,807953E-3
20220531 10:56:21,456	c_1_295_20220531_10_56_21,456.bmp	2,404994E+0	2,816322E-1	1,321881E-3	-3,807953E-3
20220531 10:56:27,469	c_1_296_20220531_10_56_27,469.bmp	2,593356E+0	3,045457E-1	-2,496685E-3	-3,807953E-3
20220531 10:56:33,470	c_1_297_20220531_10_56_33,470.bmp	2,766446E+0	3,210944E-1	-3,769540E-3	1,107786E-5
20220531 10:56:39,473	c_1_298_20220531_10_56_39,473.bmp	2,933172E+0	3,363701E-1	3,867592E-3	-1,261932E-3
20220531 10:56:45,474	c_1_299_20220531_10_56_45,474.bmp	3,112625E+0	3,618295E-1	-1,223829E-3	-3,807953E-3
20220531 10:56:51,479	c_1_300_20220531_10_56_51,479.bmp	3,276806E+0	3,821971E-1	-2,496685E-3	-3,807953E-3
20220531 10:56:57,482	c_1_301_20220531_10_56_57,482.bmp	3,446077E+0	4,012917E-1	-5,042396E-3	-3,807953E-3
20220531 10:57:03,493	c_1_302_20220531_10_57_03,493.bmp	3,607713E+0	4,191133E-1	5,140448E-3	1,284088E-3
20220531 10:57:09,497	c_1_303_20220531_10_57_09,497.bmp	3,773166E+0	4,394808E-1	-2,496685E-3	1,107786E-5
20220531 10:57:15,499	c_1_304_20220531_10_57_15,499.bmp	3,936074E+0	4,598484E-1	4,902598E-5	2,557098E-3
20220531 10:57:21,501	c_1_305_20220531_10_57_21,501.bmp	4,095164E+0	4,751241E-1	2,594737E-3	3,830109E-3
20220531 10:57:27,502	c_1_306_20220531_10_57_27,502.bmp	4,260617E+0	5,005835E-1	4,902598E-5	-3,807953E-3
20220531 10:57:33,505	c_1_307_20220531_10_57_33,505.bmp	4,419707E+0	5,158592E-1	3,867592E-3	2,557098E-3
20220531 10:57:39,507	c_1_308_20220531_10_57_39,507.bmp	4,577524E+0	5,400457E-1	-2,496685E-3	1,107786E-5
20220531 10:57:45,520	c_1_309_20220531_10_57_45,520.bmp	4,734068E+0	5,591403E-1	-3,769540E-3	1,107786E-5
20220531 10:57:51,528	c_1_310_20220531_10_57_51,528.bmp	4,872794E+0	5,807808E-1	-3,769540E-3	1,107786E-5
20220531 10:57:57,535	c_1_311_20220531_10_57_57,535.bmp	4,989884E+0	6,024213E-1	4,902598E-5	-3,807953E-3
20220531 10:58:03,539	c_1_312_20220531_10_58_03,539.bmp	5,094247E+0	6,227889E-1	4,902598E-5	-3,807953E-3
20220531 10:58:09,548	c_1_313_20220531_10_58_09,548.bmp	5,185883E+0	6,393375E-1	4,902598E-5	-3,807953E-3
20220531 10:58:15,555	c_1_314_20220531_10_58_15,555.bmp	5,264791E+0	6,597051E-1	4,902598E-5	1,284088E-3
20220531 10:58:21,558	c_1_315_20220531_10_58_21,558.bmp	5,318245E+0	6,813456E-1	2,594737E-3	2,557098E-3
20220531 10:58:27,562	c_1_316_20220531_10_58_27,562.bmp	5,374245E+0	7,004402E-1	2,594737E-3	1,107786E-5
20220531 10:58:33,565	c_1_317_20220531_10_58_33,565.bmp	5,425154E+0	7,182618E-1	-5,042396E-3	1,107786E-5
20220531 10:58:39,566	c_1_318_20220531_10_58_39,566.bmp	5,439154E+0	7,386294E-1	1,321881E-3	-1,261932E-3
20220531 10:58:45,571	c_1_319_20220531_10_58_45,571.bmp	5,449335E+0	7,589970E-1	1,321881E-3	-1,261932E-3
20220531 10:58:51,581	c_1_320_20220531_10_58_51,581.bmp	5,454426E+0	7,793645E-1	1,321881E-3	1,107786E-5
20220531 10:58:57,582	c_1_321_20220531_10_58_57,582.bmp	5,458244E+0	8,022780E-1	-1,223829E-3	-3,807953E-3
20220531 10:59:03,584	c_1_322_20220531_10_59_03,584.bmp	5,427699E+0	8,188267E-1	-3,769540E-3	1,107786E-5
20220531 10:59:09,588	c_1_323_20220531_10_59_09,588.bmp	5,332245E+0	8,404672E-1	-1,223829E-3	-1,261932E-3
20220531 10:59:15,593	c_1_324_20220531_10_59_15,593.bmp	5,192246E+0	8,646537E-1	-3,769540E-3	-3,807953E-3
20220531 10:59:21,594	c_1_325_20220531_10_59_21,594.bmp	5,072611E+0	8,773834E-1	6,413303E-3	1,284088E-3
20220531 10:59:27,604	c_1_326_20220531_10_59_27,604.bmp	4,966975E+0	8,964780E-1	5,140448E-3	-1,261932E-3
20220531 10:59:33,612	c_1_327_20220531_10_59_33,612.bmp	4,876612E+0	9,168456E-1	1,321881E-3	2,557098E-3
20220531 10:59:39,613	c_1_328_20220531_10_59_39,613.bmp	4,787522E+0	9,423050E-1	-5,042396E-3	-3,807953E-3
20220531 10:59:45,618	c_1_329_20220531_10_59_45,618.bmp	4,723886E+0	9,588537E-1	4,902598E-5	-1,261932E-3
20220531 10:59:51,620	c_1_330_20220531_10_59_51,620.bmp	4,652614E+0	9,779482E-1	-2,496685E-3	3,830109E-3
20220531 10:59:57,624	c_1_331_20220531_10_59_57,624.bmp	4,541888E+0	1,000862E+0	1,321881E-3	1,107786E-5
20220531 11:00:03,626	c_1_332_20220531_11_00_03,626.bmp	4,280980E+0	1,019956E+0	1,321881E-3	1,107786E-5
20220531 11:00:09,627	c_1_333_20220531_11_00_09,627.bmp	4,120618E+0	1,035232E+0	3,867592E-3	1,284088E-3
20220531 11:00:15,640	c_1_334_20220531_11_00_15,640.bmp	4,084982E+0	1,054327E+0	3,867592E-3	2,557098E-3
20220531 11:00:21,641	c_1_335_20220531_11_00_21,641.bmp	4,062073E+0	1,079786E+0	1,321881E-3	1,107786E-5
20220531 11:00:27,645	c_1_336_20220531_11_00_27,645.bmp	4,041709E+0	1,100154E+0	-5,042396E-3	1,284088E-3
20220531 11:00:33,646	c_1_337_20220531_11_00_33,646.bmp	4,022619E+0	1,123067E+0	-5,042396E-3	-5,080963E-3
20220531 11:00:39,650	c_1_338_20220531_11_00_39,650.bmp	3,992073E+0	1,138343E+0	1,321881E-3	1,107786E-5
20220531 11:00:45,651	c_1_339_20220531_11_00_45,651.bmp	3,966619E+0	1,163802E+0	-5,042396E-3	-3,807953E-3
20220531 11:00:51,652	c_1_340_20220531_11_00_51,652.bmp	3,933528E+0	1,180351E+0	2,594737E-3	1,284088E-3
20220531 11:00:57,656	c_1_341_20220531_11_00_57,656.bmp	3,890256E+0	1,195627E+0	2,594737E-3	3,830109E-3
20220531 11:01:03,658	c_1_342_20220531_11_01_03,658.bmp	3,876256E+0	1,222359E+0	-2,496685E-3	-3,807953E-3
20220531 11:01:09,660	c_1_343_20220531_11_01_09,660.bmp	3,832984E+0	1,236362E+0	-2,496685E-3	2,557098E-3
20220531 11:01:15,666	c_1_344_20220531_11_01_15,666.bmp	3,804984E+0	1,259275E+0	1,321881E-3	-1,261932E-3
20220531 11:01:21,671	c_1_345_20220531_11_01_21,671.bmp	3,790984E+0	1,277097E+0	2,594737E-3	3,830109E-3
20220531 11:01:27,673	c_1_346_20220531_11_01_27,673.bmp	3,790984E+0	1,298737E+0	-3,769540E-3	1,107786E-5
20220531 11:01:33,679	c_1_347_20220531_11_01_33,679.bmp	3,783348E+0	1,324197E+0	-5,042396E-3	-3,807953E-3
20220531 11:01:39,681	c_1_348_20220531_11_01_39,681.bmp	3,770620E+0	1,338199E+0	1,321881E-3	1,107786E-5
20220531 11:01:45,685	c_1_349_20220531_11_01_45,685.bmp	3,754075E+0	1,361113E+0	1,321881E-3	1,107786E-5
20220531 11:01:51,692	c_1_350_20220531_11_01_51,692.bmp	3,724803E+0	1,378935E+0	4,902598E-5	1,107786E-5
20220531 11:01:57,693	c_1_351_20220531_11_01_57,693.bmp	3,701894E+0	1,400575E+0	4,902598E-5	1,107786E-5
20220531 11:02:03,695	c_1_352_20220531_11_02_03,695.bmp	3,663712E+0	1,415851E+0	5,140448E-3	2,557098E-3
20220531 11:02:09,698	c_1_353_20220531_11_02_09,698.bmp	3,638258E+0	1,441310E+0	4,902598E-5	1,107786E-5
20220531 11:02:15,699	c_1_354_20220531_11_02_15,699.bmp	3,598804E+0	1,462951E+0	-2,496685E-3	-3,807953E-3
20220531 11:02:21,706	c_1_355_20220531_11_02_21,706.bmp	3,560622E+0	1,482045E+0	-2,496685E-3	-3,807953E-3
20220531 11:02:27,713	c_1_356_20220531_11_02_27,713.bmp	3,542804E+0	1,498594E+0	-2,496685E-3	1,107786E-5
20220531 11:02:33,716	c_1_357_20220531_11_02_33,716.bmp	3,535168E+0	1,520235E+0	4,902598E-5	1,107786E-5
20220531 11:02:39,719	c_1_358_20220531_11_02_39,719.bmp	3,521168E+0	1,539329E+0	-2,496685E-3	1,107786E-5
20220531 11:02:45,720	c_1_359_20220531_11_02_45,720.bmp	3,504622E+0	1,560970E+0	-6,315251E-3	1,107786E-5
20220531 11:02:51,722	c_1_360_20220531_11_02_51,722.bmp	3,489350E+0	1,577518E+0	4,902598E-5	2,557098E-3
20220531 11:02:57,725	c_1_361_20220531_11_02_57,725.bmp	3,474077E+0	1,600432E+0	4,902598E-5	1,107786E-5
20220531 11:03:03,731	c_1_362_20220531_11_03_03,731.bmp	3,457532E+0	1,622072E+0	-1,223829E-3	1,107786E-5
20220531 11:03:09,737	c_1_363_20220531_11_03_09,737.bmp	3,447350E+0	1,641167E+0	-2,496685E-3	-3,807953E-3
20220531 11:03:15,744	c_1_364_20220531_11_03_15,744.bmp	3,419350E+0	1,656443E+0	4,902598E-5	2,557098E-3
20220531 11:03:21,748	c_1_365_20220531_11_03_21,748.bmp	3,367169E+0	1,679356E+0	4,902598E-5	-3,807953E-3
20220531 11:03:27,750	c_1_366_20220531_11_03_27,750.bmp	3,313715E+0	1,699724E+0	1,321881E-3	1,107786E-5
20220531 11:03:33,751	c_1_367_20220531_11_03_33,751.bmp	3,285715E+0	1,722637E+0	4,902598E-5	-3,807953E-3
20220531 11:03:39,754	c_1_368_20220531_11_03_39,754.bmp	3,264079E+0	1,743005E+0	-2,496685E-3	-3,807953E-3
20220531 11:03:45,761	c_1_369_20220531_11_03_45,761.bmp	3,233534E+0	1,760826E+0	1,321881E-3	1,107786E-5
20220531 11:03:51,764	c_1_370_20220531_11_03_51,764.bmp	3,219534E+0	1,777375E+0	4,902598E-5	3,830109E-3
20220531 11:03:57,766	c_1_371_20220531_11_03_57,766.bmp	3,204261E+0	1,796470E+0	4,902598E-5	1,284088E-3
20220531 11:04:03,767	c_1_372_20220531_11_04_03,767.bmp	3,196625E+0	1,819383E+0	-3,769540E-3	1,107786E-5
20220531 11:04:09,769	c_1_373_20220531_11_04_09,769.bmp	3,190261E+0	1,841024E+0	-3,769540E-3	-1,261932E-3
20220531 11:04:15,775	c_1_374_20220531_11_04_15,775.bmp	3,190261E+0	1,860118E+0	-1,223829E-3	1,107786E-5
20220531 11:04:21,776	c_1_375_20220531_11_04_21,776.bmp	3,194079E+0	1,876667E+0	4,902598E-5	2,557098E-3
20220531 11:04:27,779	c_1_376_20220531_11_04_27,779.bmp	3,192807E+0	1,900853E+0	-1,223829E-3	1,107786E-5
20220531 11:04:33,780	c_1_377_20220531_11_04_33,780.bmp	3,196625E+0	1,922494E+0	-3,769540E-3	-3,807953E-3
20220531 11:04:39,788	c_1_378_20220531_11_04_39,788.bmp	3,199170E+0	1,939043E+0	-2,496685E-3	-1,261932E-3
20220531 11:04:45,791	c_1_379_20220531_11_04_45,791.bmp	3,191534E+0	1,960683E+0	2,594737E-3	-1,261932E-3
20220531 11:04:51,797	c_1_380_20220531_11_04_51,797.bmp	3,209352E+0	1,979778E+0	-3,769540E-3	1,107786E-5
20220531 11:04:57,800	c_1_381_20220531_11_04_57,800.bmp	3,202988E+0	1,996326E+0	2,594737E-3	1,284088E-3
20220531 11:05:03,802	c_1_382_20220531_11_05_03,802.bmp	3,201716E+0	2,020513E+0	4,902598E-5	1,284088E-3
20220531 11:05:09,806	c_1_383_20220531_11_05_09,806.bmp	3,187716E+0	2,042153E+0	4,902598E-5	-3,807953E-3
20220531 11:05:15,815	c_1_384_20220531_11_05_15,815.bmp	3,186443E+0	2,062521E+0	-3,769540E-3	-2,534943E-3
20220531 11:05:21,822	c_1_385_20220531_11_05_21,822.bmp	3,173716E+0	2,080343E+0	-2,496685E-3	1,107786E-5
20220531 11:05:27,828	c_1_386_20220531_11_05_27,828.bmp	3,174989E+0	2,100710E+0	4,902598E-5	-3,807953E-3
20220531 11:05:33,830	c_1_387_20220531_11_05_33,830.bmp	3,180079E+0	2,123624E+0	-2,496685E-3	-3,807953E-3
20220531 11:05:39,834	c_1_388_20220531_11_05_39,834.bmp	3,176261E+0	2,138899E+0	4,902598E-5	1,107786E-5
20220531 11:05:45,844	c_1_389_20220531_11_05_45,844.bmp	3,167352E+0	2,159267E+0	2,594737E-3	-1,261932E-3
20220531 11:05:51,852	c_1_390_20220531_11_05_51,852.bmp	3,153352E+0	2,182180E+0	4,902598E-5	-3,807953E-3
20220531 11:05:57,860	c_1_391_20220531_11_05_57,860.bmp	3,107534E+0	2,200002E+0	3,867592E-3	1,107786E-5
20220531 11:06:03,864	c_1_392_20220531_11_06_03,864.bmp	3,065535E+0	2,220369E+0	-1,223829E-3	1,107786E-5
20220531 11:06:09,871	c_1_393_20220531_11_06_09,871.bmp	3,019717E+0	2,240737E+0	-3,769540E-3	1,107786E-5
20220531 11:06:15,883	c_1_394_20220531_11_06_15,883.bmp	2,939536E+0	2,259832E+0	1,321881E-3	-1,261932E-3
20220531 11:06:21,888	c_1_395_20220531_11_06_21,888.bmp	2,897536E+0	2,278926E+0	-6,315251E-3	1,107786E-5
20220531 11:06:27,893	c_1_396_20220531_11_06_27,893.bmp	2,854264E+0	2,295475E+0	2,594737E-3	3,830109E-3
20220531 11:06:33,899	c_1_397_20220531_11_06_33,899.bmp	2,836446E+0	2,318388E+0	1,321881E-3	2,557098E-3
20220531 11:06:39,901	c_1_398_20220531_11_06_39,901.bmp	2,802082E+0	2,340029E+0	4,902598E-5	1,107786E-5
20220531 11:06:45,911	c_1_399_20220531_11_06_45,911.bmp	2,790628E+0	2,359124E+0	4,902598E-5	-2,534943E-3
20220531 11:06:51,912	c_1_400_20220531_11_06_51,912.bmp	2,777901E+0	2,383310E+0	-1,223829E-3	-3,807953E-3
20220531 11:06:57,913	c_1_401_20220531_11_06_57,913.bmp	2,766446E+0	2,396040E+0	3,867592E-3	2,557098E-3
20220531 11:07:03,914	c_1_402_20220531_11_07_03,914.bmp	2,760082E+0	2,415134E+0	2,594737E-3	2,557098E-3
20220531 11:07:09,918	c_1_403_20220531_11_07_09,918.bmp	2,756264E+0	2,439321E+0	-2,496685E-3	1,107786E-5
20220531 11:07:15,927	c_1_404_20220531_11_07_15,927.bmp	2,748628E+0	2,460961E+0	-1,223829E-3	1,107786E-5
20220531 11:07:21,930	c_1_405_20220531_11_07_21,930.bmp	2,744810E+0	2,476237E+0	2,594737E-3	2,557098E-3
20220531 11:07:27,938	c_1_406_20220531_11_07_27,938.bmp	2,744810E+0	2,502969E+0	4,902598E-5	-3,807953E-3
20220531 11:07:33,941	c_1_407_20220531_11_07_33,941.bmp	2,740992E+0	2,519518E+0	-3,769540E-3	1,284088E-3
20220531 11:07:39,945	c_1_408_20220531_11_07_39,945.bmp	2,739719E+0	2,539886E+0	2,594737E-3	-1,261932E-3
20220531 11:07:45,950	c_1_409_20220531_11_07_45,950.bmp	2,735901E+0	2,560253E+0	4,902598E-5	1,107786E-5
20220531 11:07:51,953	c_1_410_20220531_11_07_51,953.bmp	2,721901E+0	2,583167E+0	-1,223829E-3	-1,261932E-3
20220531 11:07:57,960	c_1_411_20220531_11_07_57,960.bmp	2,695174E+0	2,599715E+0	-1,223829E-3	1,107786E-5
20220531 11:08:03,964	c_1_412_20220531_11_08_03,964.bmp	2,681174E+0	2,620083E+0	4,902598E-5	1,107786E-5
20220531 11:08:09,967	c_1_413_20220531_11_08_09,967.bmp	2,655720E+0	2,641723E+0	5,140448E-3	1,284088E-3
20220531 11:08:15,970	c_1_414_20220531_11_08_15,970.bmp	2,626447E+0	2,659545E+0	4,902598E-5	-1,261932E-3
20220531 11:08:21,974	c_1_415_20220531_11_08_21,974.bmp	2,612447E+0	2,676094E+0	2,594737E-3	3,830109E-3
20220531 11:08:27,985	c_1_416_20220531_11_08_27,985.bmp	2,594629E+0	2,700280E+0	4,902598E-5	1,107786E-5
20220531 11:08:33,992	c_1_417_20220531_11_08_33,992.bmp	2,586993E+0	2,716829E+0	2,594737E-3	3,830109E-3
20220531 11:08:39,997	c_1_418_20220531_11_08_39,997.bmp	2,579357E+0	2,742288E+0	4,902598E-5	-3,807953E-3
20220531 11:08:46,002	c_1_419_20220531_11_08_46,002.bmp	2,574266E+0	2,765202E+0	-2,496685E-3	-3,807953E-3
20220531 11:08:52,013	c_1_420_20220531_11_08_52,013.bmp	2,560266E+0	2,779204E+0	3,867592E-3	1,107786E-5
20220531 11:08:58,019	c_1_421_20220531_11_08_58,019.bmp	2,558993E+0	2,797026E+0	1,321881E-3	2,557098E-3
20220531 11:09:04,023	c_1_422_20220531_11_09_04,023.bmp	2,560266E+0	2,816121E+0	-1,223829E-3	2,557098E-3
20220531 11:09:10,025	c_1_423_20220531_11_09_10,025.bmp	2,562811E+0	2,840307E+0	-3,769540E-3	1,107786E-5
20220531 11:09:16,028	c_1_424_20220531_11_09_16,028.bmp	2,556448E+0	2,856856E+0	1,321881E-3	2,557098E-3
20220531 11:09:22,031	c_1_425_20220531_11_09_22,031.bmp	2,562811E+0	2,881042E+0	-1,223829E-3	1,107786E-5
20220531 11:09:28,035	c_1_426_20220531_11_09_28,035.bmp	2,566629E+0	2,902683E+0	-3,769540E-3	-3,807953E-3
20220531 11:09:34,041	c_1_427_20220531_11_09_34,041.bmp	2,564084E+0	2,915413E+0	1,321881E-3	2,557098E-3
20220531 11:09:40,045	c_1_428_20220531_11_09_40,045.bmp	2,569175E+0	2,935780E+0	2,594737E-3	-1,261932E-3
20220531 11:09:46,046	c_1_429_20220531_11_09_46,046.bmp	2,578084E+0	2,954875E+0	2,594737E-3	1,284088E-3
20220531 11:09:52,050	c_1_430_20220531_11_09_52,050.bmp	2,588266E+0	2,979061E+0	-3,769540E-3	1,107786E-5
20220531 11:09:58,054	c_1_431_20220531_11_09_58,054.bmp	2,585720E+0	2,999429E+0	2,594737E-3	-1,261932E-3
20220531 11:10:04,055	c_1_432_20220531_11_10_04,055.bmp	2,593356E+0	3,018523E+0	-1,223829E-3	1,107786E-5
20220531 11:10:10,056	c_1_433_20220531_11_10_10,056.bmp	2,597175E+0	3,038891E+0	2,594737E-3	1,107786E-5
20220531 11:10:16,067	c_1_434_20220531_11_10_16,067.bmp	2,608629E+0	3,060531E+0	-3,769540E-3	1,107786E-5
20220531 11:10:22,074	c_1_435_20220531_11_10_22,074.bmp	2,612447E+0	3,079626E+0	-1,223829E-3	-1,261932E-3
20220531 11:10:28,077	c_1_436_20220531_11_10_28,077.bmp	2,620084E+0	3,098721E+0	-3,769540E-3	1,107786E-5
20220531 11:10:34,080	c_1_437_20220531_11_10_34,080.bmp	2,622629E+0	3,116542E+0	1,321881E-3	1,284088E-3
20220531 11:10:40,081	c_1_438_20220531_11_10_40,081.bmp	2,631538E+0	3,135637E+0	3,867592E-3	2,557098E-3
20220531 11:10:46,084	c_1_439_20220531_11_10_46,084.bmp	2,636629E+0	3,157277E+0	2,594737E-3	1,107786E-5
20220531 11:10:52,089	c_1_440_20220531_11_10_52,089.bmp	2,634083E+0	3,175099E+0	3,867592E-3	1,107786E-5
20220531 11:10:58,092	c_1_441_20220531_11_10_58,092.bmp	2,642992E+0	3,195467E+0	3,867592E-3	1,284088E-3
20220531 11:11:04,094	c_1_442_20220531_11_11_04,094.bmp	2,640447E+0	3,215834E+0	3,867592E-3	2,557098E-3
20220531 11:11:10,099	c_1_443_20220531_11_11_10,099.bmp	2,642992E+0	3,238748E+0	1,321881E-3	-1,261932E-3
20220531 11:11:16,102	c_1_444_20220531_11_11_16,102.bmp	2,640447E+0	3,259115E+0	1,321881E-3	-1,261932E-3
20220531 11:11:22,105	c_1_445_20220531_11_11_22,105.bmp	2,637902E+0	3,274391E+0	3,867592E-3	2,557098E-3
20220531 11:11:28,110	c_1_446_20220531_11_11_28,110.bmp	2,634083E+0	3,298577E+0	3,867592E-3	2,557098E-3
20220531 11:11:34,114	c_1_447_20220531_11_11_34,114.bmp	2,628993E+0	3,320218E+0	-1,223829E-3	-1,261932E-3
20220531 11:11:40,120	c_1_448_20220531_11_11_40,120.bmp	2,621356E+0	3,341858E+0	-5,042396E-3	-3,807953E-3
20220531 11:11:46,126	c_1_449_20220531_11_11_46,126.bmp	2,597175E+0	3,362226E+0	-3,769540E-3	-3,807953E-3
20220531 11:11:52,131	c_1_450_20220531_11_11_52,131.bmp	2,567902E+0	3,374956E+0	1,321881E-3	3,830109E-3
20220531 11:11:58,133	c_1_451_20220531_11_11_58,133.bmp	2,537357E+0	3,397869E+0	5,140448E-3	1,284088E-3
20220531 11:12:04,140	c_1_452_20220531_11_12_04,140.bmp	2,528448E+0	3,418237E+0	4,902598E-5	1,107786E-5
20220531 11:12:10,143	c_1_453_20220531_11_12_10,143.bmp	2,511902E+0	3,439877E+0	4,902598E-5	1,107786E-5
20220531 11:12:16,151	c_1_454_20220531_11_12_16,151.bmp	2,494084E+0	3,461518E+0	4,902598E-5	1,107786E-5
20220531 11:12:22,156	c_1_455_20220531_11_12_22,156.bmp	2,480085E+0	3,478066E+0	4,902598E-5	1,107786E-5
20220531 11:12:28,161	c_1_456_20220531_11_12_28,161.bmp	2,455903E+0	3,499707E+0	4,902598E-5	1,107786E-5
20220531 11:12:34,165	c_1_457_20220531_11_12_34,165.bmp	2,439358E+0	3,522620E+0	-3,769540E-3	1,107786E-5
20220531 11:12:40,166	c_1_458_20220531_11_12_40,166.bmp	2,429176E+0	3,539169E+0	4,902598E-5	-1,261932E-3
20220531 11:12:46,169	c_1_459_20220531_11_12_46,169.bmp	2,426630E+0	3,562083E+0	-2,496685E-3	-3,807953E-3
20220531 11:12:52,177	c_1_460_20220531_11_12_52,177.bmp	2,418994E+0	3,579904E+0	-2,496685E-3	-1,261932E-3
20220531 11:12:58,185	c_1_461_20220531_11_12_58,185.bmp	2,416449E+0	3,598999E+0	4,902598E-5	1,107786E-5
20220531 11:13:04,187	c_1_462_20220531_11_13_04,187.bmp	2,418994E+0	3,618093E+0	-1,223829E-3	-1,261932E-3
20220531 11:13:10,192	c_1_463_20220531_11_13_10,192.bmp	2,424085E+0	3,642280E+0	-3,769540E-3	-3,807953E-3
20220531 11:13:16,196	c_1_464_20220531_11_13_16,196.bmp	2,424085E+0	3,655010E+0	-1,223829E-3	2,557098E-3
20220531 11:13:22,205	c_1_465_20220531_11_13_22,205.bmp	2,420267E+0	3,679196E+0	4,902598E-5	1,107786E-5
20220531 11:13:28,209	c_1_466_20220531_11_13_28,209.bmp	2,424085E+0	3,699564E+0	-3,769540E-3	1,284088E-3
20220531 11:13:34,211	c_1_467_20220531_11_13_34,211.bmp	2,427903E+0	3,722477E+0	-1,223829E-3	-2,534943E-3
20220531 11:13:40,214	c_1_468_20220531_11_13_40,214.bmp	2,426630E+0	3,742845E+0	4,902598E-5	-2,534943E-3
20220531 11:13:46,218	c_1_469_20220531_11_13_46,218.bmp	2,430449E+0	3,761939E+0	-3,769540E-3	-2,534943E-3
20220531 11:13:52,219	c_1_470_20220531_11_13_52,219.bmp	2,432994E+0	3,777215E+0	-2,496685E-3	-1,261932E-3
20220531 11:13:58,220	c_1_471_20220531_11_13_58,220.bmp	2,429176E+0	3,798856E+0	-2,496685E-3	-2,534943E-3
20220531 11:14:04,225	c_1_472_20220531_11_14_04,225.bmp	2,425358E+0	3,815404E+0	1,321881E-3	2,557098E-3
20220531 11:14:10,232	c_1_473_20220531_11_14_10,232.bmp	2,421540E+0	3,843410E+0	-1,223829E-3	-2,534943E-3
20220531 11:14:16,241	c_1_474_20220531_11_14_16,241.bmp	2,425358E+0	3,862504E+0	2,594737E-3	1,107786E-5
20220531 11:14:22,243	c_1_475_20220531_11_14_22,243.bmp	2,427903E+0	3,879053E+0	-5,042396E-3	1,284088E-3
20220531 11:14:28,247	c_1_476_20220531_11_14_28,247.bmp	2,425358E+0	3,895601E+0	2,594737E-3	3,830109E-3
20220531 11:14:34,250	c_1_477_20220531_11_14_34,250.bmp	2,426630E+0	3,921061E+0	1,321881E-3	-1,261932E-3
20220531 11:14:40,253	c_1_478_20220531_11_14_40,253.bmp	2,432994E+0	3,940155E+0	4,902598E-5	2,557098E-3
20220531 11:14:46,259	c_1_479_20220531_11_14_46,259.bmp	2,435539E+0	3,961796E+0	-1,223829E-3	-3,807953E-3
20220531 11:14:52,266	c_1_480_20220531_11_14_52,266.bmp	2,435539E+0	3,982164E+0	-3,769540E-3	-3,807953E-3
20220531 11:14:58,270	c_1_481_20220531_11_14_58,270.bmp	2,424085E+0	4,002531E+0	3,867592E-3	1,107786E-5
20220531 11:15:04,272	c_1_482_20220531_11_15_04,272.bmp	2,415176E+0	4,019080E+0	2,594737E-3	1,107786E-5
20220531 11:15:10,277	c_1_483_20220531_11_15_10,277.bmp	2,407540E+0	4,041993E+0	4,902598E-5	-3,807953E-3
20220531 11:15:16,282	c_1_484_20220531_11_15_16,282.bmp	2,408812E+0	4,062361E+0	-3,769540E-3	-3,807953E-3
20220531 11:15:22,289	c_1_485_20220531_11_15_22,289.bmp	2,396085E+0	4,084001E+0	-3,769540E-3	-3,807953E-3
20220531 11:15:28,295	c_1_486_20220531_11_15_28,295.bmp	2,379540E+0	4,096731E+0	2,594737E-3	2,557098E-3
20220531 11:15:34,296	c_1_487_20220531_11_15_34,296.bmp	2,373176E+0	4,120918E+0	-3,769540E-3	-1,261932E-3
20220531 11:15:40,299	c_1_488_20220531_11_15_40,299.bmp	2,370631E+0	4,142558E+0	4,902598E-5	2,557098E-3
20220531 11:15:46,303	c_1_489_20220531_11_15_46,303.bmp	2,368085E+0	4,160380E+0	1,321881E-3	1,284088E-3
20220531 11:15:52,305	c_1_490_20220531_11_15_52,305.bmp	2,364267E+0	4,182020E+0	-3,769540E-3	-3,807953E-3
20220531 11:15:58,314	c_1_491_20220531_11_15_58,314.bmp	2,357904E+0	4,204934E+0	4,902598E-5	-3,807953E-3
20220531 11:16:04,320	c_1_492_20220531_11_16_04,320.bmp	2,348995E+0	4,217664E+0	2,594737E-3	2,557098E-3
20220531 11:16:10,327	c_1_493_20220531_11_16_10,327.bmp	2,342631E+0	4,241850E+0	1,321881E-3	-3,807953E-3
20220531 11:16:16,329	c_1_494_20220531_11_16_16,329.bmp	2,333722E+0	4,257126E+0	3,867592E-3	2,557098E-3
20220531 11:16:22,333	c_1_495_20220531_11_16_22,333.bmp	2,333722E+0	4,280039E+0	-3,769540E-3	1,107786E-5
20220531 11:16:28,338	c_1_496_20220531_11_16_28,338.bmp	2,322268E+0	4,302953E+0	4,902598E-5	-3,807953E-3
20220531 11:16:34,345	c_1_497_20220531_11_16_34,345.bmp	2,318449E+0	4,322047E+0	4,902598E-5	1,107786E-5
20220531 11:16:40,350	c_1_498_20220531_11_16_40,350.bmp	2,313359E+0	4,337323E+0	2,594737E-3	2,557098E-3
20220531 11:16:46,354	c_1_499_20220531_11_16_46,354.bmp	2,310813E+0	4,355145E+0	3,867592E-3	1,284088E-3
20220531 11:16:52,357	c_1_500_20220531_11_16_52,357.bmp	2,304449E+0	4,379331E+0	4,902598E-5	-1,261932E-3
20220531 11:16:58,358	c_1_501_20220531_11_16_58,358.bmp	2,292995E+0	4,400972E+0	2,594737E-3	-1,261932E-3
20220531 11:17:04,360	c_1_502_20220531_11_17_04,360.bmp	2,256086E+0	4,420066E+0	3,867592E-3	1,107786E-5
20220531 11:17:10,364	c_1_503_20220531_11_17_10,364.bmp	2,123724E+0	4,437888E+0	4,902598E-5	-1,261932E-3
20220531 11:17:16,368	c_1_504_20220531_11_17_16,368.bmp	2,016815E+0	4,460801E+0	-3,769540E-3	-3,807953E-3
20220531 11:17:22,379	c_1_505_20220531_11_17_22,379.bmp	1,964634E+0	4,482442E+0	4,902598E-5	-3,807953E-3
20220531 11:17:28,383	c_1_506_20220531_11_17_28,383.bmp	1,916271E+0	4,498990E+0	2,594737E-3	1,107786E-5
20220531 11:17:34,387	c_1_507_20220531_11_17_34,387.bmp	1,884453E+0	4,515539E+0	2,594737E-3	2,557098E-3
20220531 11:17:40,391	c_1_508_20220531_11_17_40,391.bmp	1,865362E+0	4,538453E+0	4,902598E-5	1,107786E-5
20220531 11:17:46,399	c_1_509_20220531_11_17_46,399.bmp	1,848816E+0	4,558820E+0	4,902598E-5	1,107786E-5
20220531 11:17:52,406	c_1_510_20220531_11_17_52,406.bmp	1,838635E+0	4,583007E+0	-2,496685E-3	-3,807953E-3
20220531 11:17:58,407	c_1_511_20220531_11_17_58,407.bmp	1,825908E+0	4,600828E+0	-1,223829E-3	1,107786E-5
20220531 11:18:04,410	c_1_512_20220531_11_18_04,410.bmp	1,824635E+0	4,619923E+0	-2,496685E-3	1,107786E-5
20220531 11:18:10,412	c_1_513_20220531_11_18_10,412.bmp	1,818271E+0	4,639017E+0	4,902598E-5	1,107786E-5
20220531 11:18:16,417	c_1_514_20220531_11_18_16,417.bmp	1,822089E+0	4,660658E+0	1,321881E-3	1,107786E-5
20220531 11:18:22,429	c_1_515_20220531_11_18_22,429.bmp	1,822089E+0	4,679753E+0	1,321881E-3	1,107786E-5
20220531 11:18:28,430	c_1_516_20220531_11_18_28,430.bmp	1,827180E+0	4,700120E+0	4,902598E-5	1,107786E-5
20220531 11:18:34,437	c_1_517_20220531_11_18_34,437.bmp	1,822089E+0	4,719215E+0	3,867592E-3	1,107786E-5
20220531 11:18:40,440	c_1_518_20220531_11_18_40,440.bmp	1,834817E+0	4,743401E+0	-2,496685E-3	-3,807953E-3
20220531 11:18:46,445	c_1_519_20220531_11_18_46,445.bmp	1,825908E+0	4,756131E+0	-2,496685E-3	3,830109E-3
20220531 11:18:52,447	c_1_520_20220531_11_18_52,447.bmp	1,818271E+0	4,781590E+0	-1,223829E-3	1,107786E-5
20220531 11:18:58,448	c_1_521_20220531_11_18_58,448.bmp	1,815726E+0	4,801958E+0	-3,769540E-3	-2,534943E-3
20220531 11:19:04,452	c_1_522_20220531_11_19_04,452.bmp	1,802999E+0	4,819780E+0	-2,496685E-3	1,107786E-5
20220531 11:19:10,460	c_1_523_20220531_11_19_10,460.bmp	1,796635E+0	4,836328E+0	1,321881E-3	2,557098E-3
20220531 11:19:16,465	c_1_524_20220531_11_19_16,465.bmp	1,794090E+0	4,859242E+0	-1,223829E-3	1,107786E-5
20220531 11:19:22,467	c_1_525_20220531_11_19_22,467.bmp	1,786453E+0	4,883428E+0	-3,769540E-3	-3,807953E-3
20220531 11:19:28,468	c_1_526_20220531_11_19_28,468.bmp	1,776272E+0	4,898704E+0	4,902598E-5	1,107786E-5
20220531 11:19:34,471	c_1_527_20220531_11_19_34,471.bmp	1,783908E+0	4,919071E+0	4,902598E-5	1,107786E-5
20220531 11:19:40,473	c_1_528_20220531_11_19_40,473.bmp	1,776272E+0	4,935620E+0	2,594737E-3	3,830109E-3
20220531 11:19:46,483	c_1_529_20220531_11_19_46,483.bmp	1,772453E+0	4,959807E+0	4,902598E-5	-1,261932E-3
20220531 11:19:52,490	c_1_530_20220531_11_19_52,490.bmp	1,778817E+0	4,980174E+0	3,867592E-3	1,107786E-5
20220531 11:19:58,495	c_1_531_20220531_11_19_58,495.bmp	1,785181E+0	4,997996E+0	4,902598E-5	1,107786E-5
20220531 11:20:04,497	c_1_532_20220531_11_20_04,497.bmp	1,760999E+0	4,982720E+0	2,594737E-3	2,557098E-3
