1.485287693747358616e-04
-5.960791540477117711e-05
2.144602368096566042e-03
1.072517227817469665e-02
2.519199166198254902e-02
4.606007178167006999e-02
7.640647890655620500e-02
1.128074723616170616e-01
1.602975545290827031e-01
2.101276068400012575e-01
2.710380197380466982e-01
3.398804315765628359e-01
4.145358717517392821e-01
4.916553006964853867e-01
5.940164330911211765e-01
6.678542093452383144e-01
7.742427500138479024e-01
8.771705912121052773e-01
1.007384491998459364e+00
1.132013606733764055e+00
1.253289849635602637e+00
1.366004454411183788e+00
1.504379119651975572e+00
1.650843621546632667e+00
1.791928558251549619e+00
1.939646084935354509e+00
2.095924505623731005e+00
2.235793848109822513e+00
2.402216096905514853e+00
2.602981682707584454e+00
2.767886141173412362e+00
2.908603723838961042e+00
3.062710876315457575e+00
3.205555581804553356e+00
3.354016904720996450e+00
3.454732934785294418e+00
3.555882388762711344e+00
3.693057250771827338e+00
3.730232969032853507e+00
3.803972863922653325e+00
3.927006406821936579e+00
3.946852769125212657e+00
4.015374946063259287e+00
4.001413452633565626e+00
3.940860576563050888e+00
3.876203665591662517e+00
3.835938076094516536e+00
3.790489950356258131e+00
3.776162997086755180e+00
3.763130096215160147e+00
3.726190477232395715e+00
3.678120910272184130e+00
3.482470654551434563e+00
3.306313160069509927e+00
3.301216220614981101e+00
3.340609777834760763e+00
3.326112966576943109e+00
3.352904001481103347e+00
3.353190059852792171e+00
3.379428906277887279e+00
3.397261026061895173e+00
3.402592755801288504e+00
3.421809509099406732e+00
3.422048603285122059e+00
3.423710328856780727e+00
3.460305127320699725e+00
3.482572629124704111e+00
3.513039654884981378e+00
3.542597351284231699e+00
3.555208512979599167e+00
3.540147299589512464e+00
3.549941520384099825e+00
3.549102901213891492e+00
3.549862337328423934e+00
3.504108690916378777e+00
3.492113638898723504e+00
3.506942092262625099e+00
3.538764634027192990e+00
3.535329933410306325e+00
3.549164789762115024e+00
3.555809374275439971e+00
3.562674275799087908e+00
3.591580622843058457e+00
3.591223355609176604e+00
3.600798966098580856e+00
3.551063856934897345e+00
3.539284524333222937e+00
3.522535529656863673e+00
3.513234605242672171e+00
3.456904418426468784e+00
3.471949374454108561e+00
3.493382656667636255e+00
3.489649280125363351e+00
3.520292015707430000e+00
3.543335430262920749e+00
3.593566622691373613e+00
3.633882025303262875e+00
3.663345215016174716e+00
3.682525735283401769e+00
3.731714861478656164e+00
3.772957144994701917e+00
3.799785251642292749e+00
3.826823731793286942e+00
3.863405487728468035e+00
3.886260389237626622e+00
3.883421177036336047e+00
3.914273655464854507e+00
3.943472172123142716e+00
3.982157865954938814e+00
4.011934137171324188e+00
4.008386933627227755e+00
3.974128175528453433e+00
3.881769821835014511e+00
3.830667784327092651e+00
3.759626065593644650e+00
3.682236454300869433e+00
3.626135716085125971e+00
3.576323901095532776e+00
3.543049134803792910e+00
3.498078675200480436e+00
3.488819267806457791e+00
3.512019693709452550e+00
3.521687125538746965e+00
3.537186619894439943e+00
3.566932824569164939e+00
3.560617237821090075e+00
3.589290269932268185e+00
3.611843730588961243e+00
3.633575874935715433e+00
3.642109356360985206e+00
3.655368327009782092e+00
3.641773742825764604e+00
3.654676578026586853e+00
3.577458192637721801e+00
3.549942007858717830e+00
3.515681484494466602e+00
3.524589077444768570e+00
3.503330274359864660e+00
3.490159744159325061e+00
3.504843206707400238e+00
3.506070085964179128e+00
3.507143218713224098e+00
3.527068468691534786e+00
3.549102991477035562e+00
3.566605369957394522e+00
3.579648501177485009e+00
3.604368470392002699e+00
3.609017500226592734e+00
3.635740335048877725e+00
3.661073353321225632e+00
3.672156132345703039e+00
3.694573023186984440e+00
3.735541928642368781e+00
3.738024109177358500e+00
3.741224669479122245e+00
3.800082242032996049e+00
3.827916575228301532e+00
3.828698188183398798e+00
3.864863523352248365e+00
3.882968629617301382e+00
3.911099955384546245e+00
3.915587010112012045e+00
3.925017803391786853e+00
3.946735678093673094e+00
3.988454954914870232e+00
4.007943722179007295e+00
4.001474618358743740e+00
4.012227275252511660e+00
3.986453715410722243e+00
3.986937446674904795e+00
3.930003488763351704e+00
3.892410097479831688e+00
3.885935158995967864e+00
3.839373624959633968e+00
3.775518181110141924e+00
3.757006147508062721e+00
3.734339820436767710e+00
3.710368445194783149e+00
3.727477796701364809e+00
3.717883914292924974e+00
3.725240604387590082e+00
3.753651034162701183e+00
3.768736563234305947e+00
3.782498171445765056e+00
3.781477519283961808e+00
3.790322640461664339e+00
3.812625003034843640e+00
3.831551332734079995e+00
3.839755664543743396e+00
3.866762345460161399e+00
3.894973432274177583e+00
3.898917357153559138e+00
3.904877425896298160e+00
3.915847151577846574e+00
3.905576333637936326e+00
3.913220435667222663e+00
3.947851243899436646e+00
3.950293838044506067e+00
3.960544827751313779e+00
3.991810485892698601e+00
3.985464377552882631e+00
3.985734578590801380e+00
3.979007821394667133e+00
3.975923946959575961e+00
3.966931850318494490e+00
3.957798242152593904e+00
3.926566078447808472e+00
3.936120752558276870e+00
3.942016983799532692e+00
3.955087513972063817e+00
3.964691016623180797e+00
3.955127385112004124e+00
3.956520821910209929e+00
3.958840286040548051e+00
3.965885511744347003e+00
3.972095786353533331e+00
3.980973381268426259e+00
3.983368594027686171e+00
3.976941733755473773e+00
3.982470454647816904e+00
3.980260855613171778e+00
3.947304830397349029e+00
3.883821116983126931e+00
3.576503405217425158e+00
3.353625163227348160e+00
3.287681087008857528e+00
3.201516873272596708e+00
3.161990661358518917e+00
3.125494108819081518e+00
3.095413523618300022e+00
3.088325965809172846e+00
3.083129667381908412e+00
3.090508014091513544e+00
3.096840329737694297e+00
3.103336119872994736e+00
3.106608539786026579e+00
3.124284659548555165e+00
3.135643021619070492e+00
3.140812567620867135e+00
3.144128138444632015e+00
3.115315125718677081e+00
3.115024007962366781e+00
3.123295664624563095e+00
3.104845001977228680e+00
3.102467178327198205e+00
3.106284827950468674e+00
3.114809121875425024e+00
3.119569234553513315e+00
3.135879948156799824e+00
3.137503888588017098e+00
3.157792511637710575e+00
3.156917684130682300e+00
3.117519736638469485e+00
