-1.425853281369713719e-05
4.021865472044165322e-05
4.963939449087337308e-03
1.387670380667247773e-02
3.101144745937248898e-02
5.637506848142424115e-02
9.951830949976497864e-02
1.444232560721274705e-01
1.950273804828178692e-01
2.692021003928166678e-01
3.368212664193310779e-01
4.062745289338703936e-01
5.118152488604853501e-01
6.049727162455565965e-01
7.027859836811106709e-01
8.105364419646025054e-01
9.234381467427592582e-01
1.011738795996930396e+00
1.128115737455776202e+00
1.233520485784359355e+00
1.310602869351746413e+00
1.333740650844124520e+00
1.328098210790576550e+00
1.303367635452211459e+00
1.277478540177100275e+00
1.266777808468093847e+00
1.237171345828290026e+00
1.238957484893366212e+00
1.240570882641437223e+00
1.214265350872022031e+00
1.213389942773306140e+00
1.177464189113148096e+00
1.143547685393156321e+00
1.130504067436938653e+00
1.116995404307528750e+00
1.120703502533973994e+00
1.123746021594345779e+00
1.126976957199010254e+00
1.130616344093327452e+00
1.148456258959535958e+00
1.149979027277917565e+00
1.164209402105450319e+00
1.164190759579921686e+00
1.179800881208856511e+00
1.178202011827917284e+00
1.167233419986301035e+00
1.156097795000814221e+00
1.132205207674031655e+00
1.104475822191697931e+00
1.076300604898251745e+00
1.054113203041956659e+00
1.053369563558395283e+00
1.052874292684226498e+00
1.054938245061387114e+00
1.053620534065919268e+00
1.051768290223799696e+00
1.059537265997244848e+00
1.061201772513971964e+00
1.060370263352152786e+00
1.059367455952063608e+00
1.055363616167179552e+00
1.040582940074438856e+00
1.035892432553628728e+00
1.038048213253327079e+00
1.041199133904979757e+00
1.042727804305503714e+00
1.048504726574195800e+00
1.058930583666381819e+00
1.065723121790896677e+00
1.064658576977604243e+00
1.061727579201010796e+00
1.057299955623765442e+00
1.043592149267972724e+00
1.038865854638638675e+00
1.035959075996542911e+00
1.033912676135236186e+00
1.029977223349249238e+00
1.026840803953097847e+00
1.026348204642088646e+00
1.025354851570119408e+00
1.020799303455851348e+00
1.023195564530803958e+00
1.018723330634005109e+00
1.028549961398542711e+00
1.030538323288447966e+00
1.038622409724159423e+00
1.045743527506084014e+00
1.046933675247588846e+00
1.058932655826750668e+00
1.072240993787611396e+00
1.078765829710715218e+00
1.094073556669860281e+00
1.097538211519712981e+00
1.105871758186299791e+00
1.110713430599184148e+00
1.109128631030720680e+00
1.114990374403741935e+00
1.118312509481302008e+00
1.122053060898934973e+00
1.123759291871113453e+00
1.130588073168917296e+00
1.126041282420416234e+00
1.134038273692982379e+00
1.131331706392703307e+00
1.126944425491542168e+00
1.130602287570619868e+00
1.133520444864806631e+00
1.133943855205586715e+00
1.140489887251988632e+00
1.141572491195539163e+00
1.135908287248491133e+00
1.130695879564489026e+00
1.126326340677408222e+00
1.131754585351856468e+00
1.135842432013504766e+00
1.142072828374821603e+00
1.131179348734199896e+00
1.135598889879418927e+00
1.144675978155188290e+00
1.141053249670556990e+00
1.144669467172351185e+00
1.149065353075369167e+00
1.150137746175297293e+00
1.155628286797921733e+00
1.150242454588326524e+00
1.163535837720260036e+00
1.162473363085913647e+00
1.166660628591219329e+00
1.177455916362123434e+00
1.178608376817909864e+00
1.173687727751708820e+00
1.173037604779586296e+00
1.174092708295177312e+00
1.163119763712621157e+00
1.141816866273633213e+00
1.118643071289260327e+00
1.104644652950747208e+00
1.099087446492825970e+00
1.092449746727949256e+00
1.092074194306687396e+00
1.095908698050417795e+00
1.093698948587316311e+00
1.098147408549750237e+00
1.103264496071958201e+00
1.105522051354511870e+00
1.113353555315976573e+00
1.116245900674403213e+00
1.119438688440966390e+00
1.124498265099985295e+00
1.130960748561533613e+00
1.139883478849660126e+00
1.140709682407136993e+00
