20220325 11:35:43,484	b2_0_459_20220325_11_35_43,484.bmp	2,102839E-3	-7,332548E-3	-3,769540E-3	-3,807953E-3
20220325 11:35:49,500	b2_0_460_20220325_11_35_49,500.bmp	2,755720E-2	1,578260E-3	-1,223829E-3	1,107786E-5
20220325 11:35:55,505	b2_0_461_20220325_11_35_55,505.bmp	2,311921E-1	2,321879E-2	-2,496685E-3	1,107786E-5
20220325 11:36:01,510	b2_0_462_20220325_11_36_01,510.bmp	3,546457E-1	4,231338E-2	4,902598E-5	-1,261932E-3
20220325 11:36:07,510	b2_0_463_20220325_11_36_07,510.bmp	5,697350E-1	5,886203E-2	-2,496685E-3	2,557098E-3
20220325 11:36:13,518	b2_0_464_20220325_11_36_13,518.bmp	7,950061E-1	7,668364E-2	3,867592E-3	2,557098E-3
20220325 11:36:19,522	b2_0_465_20220325_11_36_19,522.bmp	1,040641E+0	1,034161E-1	4,902598E-5	1,107786E-5
20220325 11:36:25,526	b2_0_466_20220325_11_36_25,526.bmp	1,274821E+0	1,225107E-1	5,140448E-3	1,107786E-5
20220325 11:36:31,530	b2_0_467_20220325_11_36_31,530.bmp	1,516637E+0	1,390593E-1	4,902598E-5	2,557098E-3
20220325 11:36:37,533	b2_0_468_20220325_11_36_37,533.bmp	1,755908E+0	1,657917E-1	-3,769540E-3	-3,807953E-3
20220325 11:36:43,538	b2_0_469_20220325_11_36_43,538.bmp	1,983725E+0	1,836133E-1	-2,496685E-3	-3,807953E-3
20220325 11:36:49,542	b2_0_470_20220325_11_36_49,542.bmp	2,208996E+0	1,988890E-1	1,321881E-3	1,107786E-5
20220325 11:36:55,547	b2_0_471_20220325_11_36_55,547.bmp	2,439358E+0	2,268944E-1	-3,769540E-3	-3,807953E-3
20220325 11:37:01,551	b2_0_472_20220325_11_37_01,551.bmp	2,659538E+0	2,459890E-1	-3,769540E-3	1,284088E-3
20220325 11:37:07,554	b2_0_473_20220325_11_37_07,554.bmp	2,866991E+0	2,650836E-1	-2,496685E-3	-3,807953E-3
20220325 11:37:13,558	b2_0_474_20220325_11_37_13,558.bmp	3,070626E+0	2,854511E-1	4,902598E-5	-3,807953E-3
20220325 11:37:19,559	b2_0_475_20220325_11_37_19,559.bmp	3,265351E+0	3,058187E-1	-3,769540E-3	-3,807953E-3
20220325 11:37:25,568	b2_0_476_20220325_11_37_25,568.bmp	3,434623E+0	3,185484E-1	1,321881E-3	1,284088E-3
20220325 11:37:31,575	b2_0_477_20220325_11_37_31,575.bmp	3,586076E+0	3,401890E-1	4,902598E-5	2,557098E-3
20220325 11:37:37,579	b2_0_478_20220325_11_37_37,579.bmp	3,686621E+0	3,618295E-1	4,902598E-5	1,107786E-5
20220325 11:37:43,580	b2_0_479_20220325_11_37_43,580.bmp	3,708257E+0	3,821971E-1	3,867592E-3	2,557098E-3
20220325 11:37:49,583	b2_0_480_20220325_11_37_49,583.bmp	3,661167E+0	4,000187E-1	2,594737E-3	2,557098E-3
20220325 11:37:55,585	b2_0_481_20220325_11_37_55,585.bmp	3,550440E+0	4,216592E-1	-1,223829E-3	-1,261932E-3
20220325 11:38:01,588	b2_0_482_20220325_11_38_01,588.bmp	3,429532E+0	4,394808E-1	4,902598E-5	2,557098E-3
20220325 11:38:07,593	b2_0_483_20220325_11_38_07,593.bmp	3,298442E+0	4,623943E-1	-1,223829E-3	1,107786E-5
20220325 11:38:13,598	b2_0_484_20220325_11_38_13,598.bmp	3,209352E+0	4,827619E-1	-3,769540E-3	-1,261932E-3
20220325 11:38:19,602	b2_0_485_20220325_11_38_19,602.bmp	3,107534E+0	5,018565E-1	4,902598E-5	1,107786E-5
20220325 11:38:25,609	b2_0_486_20220325_11_38_25,609.bmp	3,040080E+0	5,247700E-1	-3,769540E-3	-3,807953E-3
20220325 11:38:31,610	b2_0_487_20220325_11_38_31,610.bmp	2,977717E+0	5,451376E-1	-3,769540E-3	-3,807953E-3
20220325 11:38:37,619	b2_0_488_20220325_11_38_37,619.bmp	2,896263E+0	5,616862E-1	1,321881E-3	1,107786E-5
20220325 11:38:43,627	b2_0_489_20220325_11_38_43,627.bmp	2,832627E+0	5,845997E-1	-3,769540E-3	-3,807953E-3
20220325 11:38:49,631	b2_0_490_20220325_11_38_49,631.bmp	2,729537E+0	5,986024E-1	4,902598E-5	1,284088E-3
20220325 11:38:55,637	b2_0_491_20220325_11_38_55,637.bmp	2,613720E+0	6,189700E-1	-1,223829E-3	2,557098E-3
20220325 11:39:01,639	b2_0_492_20220325_11_39_01,639.bmp	2,523357E+0	6,431564E-1	-2,496685E-3	2,557098E-3
20220325 11:39:07,640	b2_0_493_20220325_11_39_07,640.bmp	2,462266E+0	6,635240E-1	-2,496685E-3	1,107786E-5
20220325 11:39:13,642	b2_0_494_20220325_11_39_13,642.bmp	2,435539E+0	6,826186E-1	-1,223829E-3	-3,807953E-3
20220325 11:39:19,645	b2_0_495_20220325_11_39_19,645.bmp	2,411358E+0	7,029862E-1	4,902598E-5	1,107786E-5
20220325 11:39:25,651	b2_0_496_20220325_11_39_25,651.bmp	2,385903E+0	7,233537E-1	4,902598E-5	-1,261932E-3
20220325 11:39:31,654	b2_0_497_20220325_11_39_31,654.bmp	2,365540E+0	7,399024E-1	2,594737E-3	-1,261932E-3
20220325 11:39:37,658	b2_0_498_20220325_11_39_37,658.bmp	2,360449E+0	7,653618E-1	-2,496685E-3	-3,807953E-3
20220325 11:39:43,667	b2_0_499_20220325_11_39_43,667.bmp	2,342631E+0	7,793645E-1	2,594737E-3	2,557098E-3
20220325 11:39:49,672	b2_0_500_20220325_11_39_49,672.bmp	2,332449E+0	7,997321E-1	4,902598E-5	2,557098E-3
20220325 11:39:55,677	b2_0_501_20220325_11_39_55,677.bmp	2,308268E+0	8,175537E-1	1,321881E-3	1,284088E-3
20220325 11:40:01,679	b2_0_502_20220325_11_40_01,679.bmp	2,287904E+0	8,455591E-1	-1,223829E-3	-3,807953E-3
20220325 11:40:07,683	b2_0_503_20220325_11_40_07,683.bmp	2,263723E+0	8,621077E-1	-3,769540E-3	-1,261932E-3
20220325 11:40:13,686	b2_0_504_20220325_11_40_13,686.bmp	2,228086E+0	8,786564E-1	2,594737E-3	2,557098E-3
20220325 11:40:19,687	b2_0_505_20220325_11_40_19,687.bmp	2,179723E+0	9,028429E-1	1,321881E-3	-3,807953E-3
20220325 11:40:25,688	b2_0_506_20220325_11_40_25,688.bmp	2,123724E+0	9,219374E-1	4,902598E-5	1,107786E-5
20220325 11:40:31,693	b2_0_507_20220325_11_40_31,693.bmp	2,063906E+0	9,410320E-1	-3,769540E-3	-1,261932E-3
20220325 11:40:37,697	b2_0_508_20220325_11_40_37,697.bmp	1,991361E+0	9,639455E-1	-1,223829E-3	-1,261932E-3
20220325 11:40:43,699	b2_0_509_20220325_11_40_43,699.bmp	1,944270E+0	9,804942E-1	4,902598E-5	-1,261932E-3
20220325 11:40:49,706	b2_0_510_20220325_11_40_49,706.bmp	1,916271E+0	1,002135E+0	4,902598E-5	1,107786E-5
20220325 11:40:55,717	b2_0_511_20220325_11_40_55,717.bmp	1,898452E+0	1,023775E+0	1,321881E-3	1,284088E-3
20220325 11:41:01,723	b2_0_512_20220325_11_41_01,723.bmp	1,881907E+0	1,044143E+0	-5,042396E-3	-3,807953E-3
20220325 11:41:07,728	b2_0_513_20220325_11_41_07,728.bmp	1,862816E+0	1,059418E+0	2,594737E-3	3,830109E-3
20220325 11:41:13,731	b2_0_514_20220325_11_41_13,731.bmp	1,848816E+0	1,079786E+0	2,594737E-3	2,557098E-3
20220325 11:41:19,733	b2_0_515_20220325_11_41_19,733.bmp	1,839907E+0	1,101427E+0	4,902598E-5	-3,807953E-3
20220325 11:41:25,738	b2_0_516_20220325_11_41_25,738.bmp	1,827180E+0	1,120521E+0	4,902598E-5	-1,261932E-3
20220325 11:41:31,741	b2_0_517_20220325_11_41_31,741.bmp	1,814453E+0	1,140889E+0	1,321881E-3	1,284088E-3
20220325 11:41:37,749	b2_0_518_20220325_11_41_37,749.bmp	1,797908E+0	1,163802E+0	4,902598E-5	1,107786E-5
20220325 11:41:43,750	b2_0_519_20220325_11_41_43,750.bmp	1,778817E+0	1,185443E+0	-3,769540E-3	-3,807953E-3
20220325 11:41:49,752	b2_0_520_20220325_11_41_49,752.bmp	1,753363E+0	1,198173E+0	4,902598E-5	1,107786E-5
20220325 11:41:55,753	b2_0_521_20220325_11_41_55,753.bmp	1,730454E+0	1,218540E+0	1,321881E-3	1,284088E-3
20220325 11:42:01,763	b2_0_522_20220325_11_42_01,763.bmp	1,717727E+0	1,241454E+0	4,902598E-5	-1,261932E-3
20220325 11:42:07,769	b2_0_523_20220325_11_42_07,769.bmp	1,703727E+0	1,264367E+0	-3,769540E-3	-3,807953E-3
20220325 11:42:13,773	b2_0_524_20220325_11_42_13,773.bmp	1,690999E+0	1,283462E+0	-1,223829E-3	-3,807953E-3
20220325 11:42:19,778	b2_0_525_20220325_11_42_19,778.bmp	1,687181E+0	1,302556E+0	-2,496685E-3	1,107786E-5
20220325 11:42:25,780	b2_0_526_20220325_11_42_25,780.bmp	1,679545E+0	1,326743E+0	-1,223829E-3	1,107786E-5
20220325 11:42:31,784	b2_0_527_20220325_11_42_31,784.bmp	1,674454E+0	1,343291E+0	-2,496685E-3	1,107786E-5
20220325 11:42:37,789	b2_0_528_20220325_11_42_37,789.bmp	1,659182E+0	1,363659E+0	4,902598E-5	-1,261932E-3
20220325 11:42:43,793	b2_0_529_20220325_11_42_43,793.bmp	1,641363E+0	1,382754E+0	2,594737E-3	1,107786E-5
20220325 11:42:49,796	b2_0_530_20220325_11_42_49,796.bmp	1,623545E+0	1,405667E+0	-3,769540E-3	1,107786E-5
20220325 11:42:55,801	b2_0_531_20220325_11_42_55,801.bmp	1,601909E+0	1,418397E+0	4,902598E-5	2,557098E-3
20220325 11:43:01,805	b2_0_532_20220325_11_43_01,805.bmp	1,582818E+0	1,441310E+0	2,594737E-3	1,107786E-5
20220325 11:43:07,815	b2_0_533_20220325_11_43_07,815.bmp	1,572637E+0	1,461678E+0	4,902598E-5	1,107786E-5
20220325 11:43:13,820	b2_0_534_20220325_11_43_13,820.bmp	1,563728E+0	1,479499E+0	-1,223829E-3	1,284088E-3
20220325 11:43:19,824	b2_0_535_20220325_11_43_19,824.bmp	1,549728E+0	1,502413E+0	4,902598E-5	1,107786E-5
20220325 11:43:25,829	b2_0_536_20220325_11_43_25,829.bmp	1,538273E+0	1,521508E+0	4,902598E-5	1,107786E-5
20220325 11:43:31,830	b2_0_537_20220325_11_43_31,830.bmp	1,525546E+0	1,541875E+0	1,321881E-3	1,107786E-5
20220325 11:43:37,842	b2_0_538_20220325_11_43_37,842.bmp	1,516637E+0	1,563516E+0	-3,769540E-3	-2,534943E-3
20220325 11:43:43,849	b2_0_539_20220325_11_43_43,849.bmp	1,503910E+0	1,583883E+0	4,902598E-5	1,284088E-3
20220325 11:43:49,851	b2_0_540_20220325_11_43_49,851.bmp	1,496274E+0	1,604251E+0	4,902598E-5	-3,807953E-3
20220325 11:43:55,852	b2_0_541_20220325_11_43_55,852.bmp	1,483546E+0	1,619526E+0	3,867592E-3	2,557098E-3
20220325 11:44:01,856	b2_0_542_20220325_11_44_01,856.bmp	1,486092E+0	1,642440E+0	-3,769540E-3	-3,807953E-3
20220325 11:44:07,870	b2_0_543_20220325_11_44_07,870.bmp	1,477183E+0	1,662807E+0	4,902598E-5	-3,807953E-3
20220325 11:44:13,875	b2_0_544_20220325_11_44_13,875.bmp	1,477183E+0	1,683175E+0	1,321881E-3	1,107786E-5
20220325 11:44:19,879	b2_0_545_20220325_11_44_19,879.bmp	1,473365E+0	1,703543E+0	4,902598E-5	1,284088E-3
20220325 11:44:25,883	b2_0_546_20220325_11_44_25,883.bmp	1,469547E+0	1,718818E+0	2,594737E-3	2,557098E-3
20220325 11:44:31,887	b2_0_547_20220325_11_44_31,887.bmp	1,472092E+0	1,743005E+0	4,902598E-5	-1,261932E-3
20220325 11:44:37,901	b2_0_548_20220325_11_44_37,901.bmp	1,475910E+0	1,763372E+0	1,321881E-3	1,107786E-5
20220325 11:44:43,906	b2_0_549_20220325_11_44_43,906.bmp	1,478456E+0	1,778648E+0	-1,223829E-3	1,284088E-3
20220325 11:44:49,914	b2_0_550_20220325_11_44_49,914.bmp	1,483546E+0	1,805380E+0	-3,769540E-3	-2,534943E-3
20220325 11:44:55,914	b2_0_551_20220325_11_44_55,914.bmp	1,481001E+0	1,821929E+0	-3,769540E-3	-3,807953E-3
20220325 11:45:01,919	b2_0_552_20220325_11_45_01,919.bmp	1,479728E+0	1,843570E+0	-3,769540E-3	-1,261932E-3
20220325 11:45:07,924	b2_0_553_20220325_11_45_07,924.bmp	1,477183E+0	1,862664E+0	-5,042396E-3	1,107786E-5
20220325 11:45:13,926	b2_0_554_20220325_11_45_13,926.bmp	1,465728E+0	1,885578E+0	4,902598E-5	-3,807953E-3
20220325 11:45:19,931	b2_0_555_20220325_11_45_19,931.bmp	1,467001E+0	1,903399E+0	-3,769540E-3	-1,261932E-3
20220325 11:45:25,935	b2_0_556_20220325_11_45_25,935.bmp	1,460638E+0	1,923767E+0	4,902598E-5	-1,261932E-3
20220325 11:45:31,937	b2_0_557_20220325_11_45_31,937.bmp	1,458092E+0	1,941588E+0	4,902598E-5	-1,261932E-3
20220325 11:45:37,940	b2_0_558_20220325_11_45_37,940.bmp	1,453001E+0	1,959410E+0	4,902598E-5	2,557098E-3
20220325 11:45:43,945	b2_0_559_20220325_11_45_43,945.bmp	1,450456E+0	1,986143E+0	-3,769540E-3	-3,807953E-3
20220325 11:45:49,947	b2_0_560_20220325_11_45_49,947.bmp	1,441547E+0	2,000145E+0	1,321881E-3	2,557098E-3
20220325 11:45:55,949	b2_0_561_20220325_11_45_55,949.bmp	1,440274E+0	2,024332E+0	-3,769540E-3	-2,534943E-3
20220325 11:46:01,951	b2_0_562_20220325_11_46_01,951.bmp	1,432638E+0	2,043426E+0	4,902598E-5	-3,807953E-3
20220325 11:46:07,955	b2_0_563_20220325_11_46_07,955.bmp	1,422456E+0	2,059975E+0	2,594737E-3	2,557098E-3
20220325 11:46:13,962	b2_0_564_20220325_11_46_13,962.bmp	1,417365E+0	2,079070E+0	2,594737E-3	2,557098E-3
20220325 11:46:19,970	b2_0_565_20220325_11_46_19,970.bmp	1,412274E+0	2,101983E+0	4,902598E-5	-1,261932E-3
20220325 11:46:25,974	b2_0_566_20220325_11_46_25,974.bmp	1,408456E+0	2,118532E+0	4,902598E-5	1,284088E-3
20220325 11:46:31,979	b2_0_567_20220325_11_46_31,979.bmp	1,403365E+0	2,145264E+0	4,902598E-5	-3,807953E-3
20220325 11:46:37,984	b2_0_568_20220325_11_46_37,984.bmp	1,400820E+0	2,163086E+0	-5,042396E-3	1,107786E-5
20220325 11:46:43,989	b2_0_569_20220325_11_46_43,989.bmp	1,386820E+0	2,180907E+0	3,867592E-3	1,284088E-3
20220325 11:46:49,992	b2_0_570_20220325_11_46_49,992.bmp	1,384274E+0	2,203821E+0	4,902598E-5	1,107786E-5
20220325 11:46:55,995	b2_0_571_20220325_11_46_55,995.bmp	1,371547E+0	2,219097E+0	3,867592E-3	2,557098E-3
20220325 11:47:02,000	b2_0_572_20220325_11_47_02,000.bmp	1,367729E+0	2,239464E+0	4,902598E-5	1,284088E-3
20220325 11:47:08,003	b2_0_573_20220325_11_47_08,003.bmp	1,360093E+0	2,263651E+0	4,902598E-5	-1,261932E-3
20220325 11:47:14,012	b2_0_574_20220325_11_47_14,012.bmp	1,360093E+0	2,286564E+0	-2,496685E-3	-3,807953E-3
20220325 11:47:20,013	b2_0_575_20220325_11_47_20,013.bmp	1,349911E+0	2,299294E+0	3,867592E-3	1,284088E-3
20220325 11:47:26,019	b2_0_576_20220325_11_47_26,019.bmp	1,347366E+0	2,319661E+0	3,867592E-3	3,830109E-3
20220325 11:47:32,020	b2_0_577_20220325_11_47_32,020.bmp	1,348638E+0	2,341302E+0	4,902598E-5	-1,261932E-3
20220325 11:47:38,022	b2_0_578_20220325_11_47_38,022.bmp	1,342275E+0	2,359124E+0	-1,223829E-3	1,284088E-3
20220325 11:47:44,022	b2_0_579_20220325_11_47_44,022.bmp	1,339729E+0	2,378218E+0	3,867592E-3	2,557098E-3
20220325 11:47:50,028	b2_0_580_20220325_11_47_50,028.bmp	1,339729E+0	2,399859E+0	4,902598E-5	3,830109E-3
20220325 11:47:56,038	b2_0_581_20220325_11_47_56,038.bmp	1,333366E+0	2,418953E+0	3,867592E-3	1,284088E-3
20220325 11:48:02,041	b2_0_582_20220325_11_48_02,041.bmp	1,333366E+0	2,443140E+0	-1,223829E-3	-1,261932E-3
20220325 11:48:08,046	b2_0_583_20220325_11_48_08,046.bmp	1,325729E+0	2,458415E+0	3,867592E-3	2,557098E-3
20220325 11:48:14,047	b2_0_584_20220325_11_48_14,047.bmp	1,330820E+0	2,486421E+0	-3,769540E-3	-3,807953E-3
20220325 11:48:20,052	b2_0_585_20220325_11_48_20,052.bmp	1,327002E+0	2,500423E+0	-5,042396E-3	-1,261932E-3
20220325 11:48:26,062	b2_0_586_20220325_11_48_26,062.bmp	1,321911E+0	2,524610E+0	-1,223829E-3	-3,807953E-3
20220325 11:48:32,068	b2_0_587_20220325_11_48_32,068.bmp	1,329548E+0	2,546250E+0	-3,769540E-3	-3,807953E-3
20220325 11:48:38,072	b2_0_588_20220325_11_48_38,072.bmp	1,325729E+0	2,565345E+0	-2,496685E-3	-3,807953E-3
20220325 11:48:44,076	b2_0_589_20220325_11_48_44,076.bmp	1,319366E+0	2,578075E+0	1,321881E-3	2,557098E-3
20220325 11:48:50,085	b2_0_590_20220325_11_48_50,085.bmp	1,313002E+0	2,598442E+0	2,594737E-3	2,557098E-3
20220325 11:48:56,089	b2_0_591_20220325_11_48_56,089.bmp	1,310457E+0	2,622629E+0	4,902598E-5	1,107786E-5
20220325 11:49:02,091	b2_0_592_20220325_11_49_02,091.bmp	1,296457E+0	2,642996E+0	2,594737E-3	1,107786E-5
20220325 11:49:08,095	b2_0_593_20220325_11_49_08,095.bmp	1,276093E+0	2,662091E+0	2,594737E-3	1,107786E-5
20220325 11:49:14,097	b2_0_594_20220325_11_49_14,097.bmp	1,253185E+0	2,679913E+0	1,321881E-3	3,830109E-3
20220325 11:49:20,099	b2_0_595_20220325_11_49_20,099.bmp	1,234094E+0	2,704099E+0	4,902598E-5	-1,261932E-3
20220325 11:49:26,112	b2_0_596_20220325_11_49_26,112.bmp	1,222639E+0	2,723194E+0	-1,223829E-3	1,107786E-5
20220325 11:49:32,117	b2_0_597_20220325_11_49_32,117.bmp	1,213730E+0	2,739742E+0	4,902598E-5	2,557098E-3
20220325 11:49:38,122	b2_0_598_20220325_11_49_38,122.bmp	1,207367E+0	2,762656E+0	1,321881E-3	-1,261932E-3
20220325 11:49:44,127	b2_0_599_20220325_11_49_44,127.bmp	1,203549E+0	2,786842E+0	-3,769540E-3	-3,807953E-3
20220325 11:49:50,131	b2_0_600_20220325_11_49_50,131.bmp	1,199730E+0	2,799572E+0	4,902598E-5	1,284088E-3
20220325 11:49:56,136	b2_0_601_20220325_11_49_56,136.bmp	1,195912E+0	2,823759E+0	1,321881E-3	1,107786E-5
20220325 11:50:02,138	b2_0_602_20220325_11_50_02,138.bmp	1,197185E+0	2,841580E+0	4,902598E-5	-1,261932E-3
20220325 11:50:08,140	b2_0_603_20220325_11_50_08,140.bmp	1,195912E+0	2,858129E+0	2,594737E-3	1,284088E-3
20220325 11:50:14,145	b2_0_604_20220325_11_50_14,145.bmp	1,195912E+0	2,886134E+0	-1,223829E-3	-3,807953E-3
20220325 11:50:20,146	b2_0_605_20220325_11_50_20,146.bmp	1,195912E+0	2,901410E+0	4,902598E-5	1,107786E-5
20220325 11:50:26,147	b2_0_606_20220325_11_50_26,147.bmp	1,193367E+0	2,921777E+0	4,902598E-5	1,107786E-5
20220325 11:50:32,152	b2_0_607_20220325_11_50_32,152.bmp	1,193367E+0	2,940872E+0	4,902598E-5	-1,261932E-3
20220325 11:50:38,160	b2_0_608_20220325_11_50_38,160.bmp	1,194639E+0	2,962513E+0	4,902598E-5	-1,261932E-3
20220325 11:50:44,166	b2_0_609_20220325_11_50_44,166.bmp	1,198458E+0	2,980334E+0	-3,769540E-3	-1,261932E-3
20220325 11:50:50,168	b2_0_610_20220325_11_50_50,168.bmp	1,194639E+0	3,001975E+0	1,321881E-3	-1,261932E-3
