20220325 11:35:43,460	b2_1_459_20220325_11_35_43,460.bmp	8,301209E-4	-1,115147E-2	4,902598E-5	-1,261932E-3
20220325 11:35:49,466	b2_1_460_20220325_11_35_49,466.bmp	2,373904E-2	-2,240658E-3	3,867592E-3	1,284088E-3
20220325 11:35:55,474	b2_1_461_20220325_11_35_55,474.bmp	2,248285E-1	1,939988E-2	3,867592E-3	2,557098E-3
20220325 11:36:01,478	b2_1_462_20220325_11_36_01,478.bmp	3,533730E-1	4,358636E-2	4,902598E-5	-1,261932E-3
20220325 11:36:07,482	b2_1_463_20220325_11_36_07,482.bmp	5,697350E-1	5,886203E-2	-1,223829E-3	2,557098E-3
20220325 11:36:13,483	b2_1_464_20220325_11_36_13,483.bmp	7,937334E-1	7,922959E-2	2,594737E-3	-1,261932E-3
20220325 11:36:19,490	b2_1_465_20220325_11_36_19,490.bmp	1,038095E+0	1,021431E-1	-3,769540E-3	1,107786E-5
20220325 11:36:25,492	b2_1_466_20220325_11_36_25,492.bmp	1,272275E+0	1,186917E-1	2,594737E-3	1,284088E-3
20220325 11:36:31,494	b2_1_467_20220325_11_36_31,494.bmp	1,515364E+0	1,454242E-1	4,902598E-5	-3,807953E-3
20220325 11:36:37,498	b2_1_468_20220325_11_36_37,498.bmp	1,750817E+0	1,632458E-1	1,321881E-3	-1,261932E-3
20220325 11:36:43,502	b2_1_469_20220325_11_36_43,502.bmp	1,978634E+0	1,785215E-1	2,594737E-3	2,557098E-3
20220325 11:36:49,504	b2_1_470_20220325_11_36_49,504.bmp	2,210268E+0	2,039809E-1	4,902598E-5	1,107786E-5
20220325 11:36:55,508	b2_1_471_20220325_11_36_55,508.bmp	2,436812E+0	2,230755E-1	4,902598E-5	1,107786E-5
20220325 11:37:01,513	b2_1_472_20220325_11_37_01,513.bmp	2,655720E+0	2,459890E-1	-2,496685E-3	1,107786E-5
20220325 11:37:07,516	b2_1_473_20220325_11_37_07,516.bmp	2,861900E+0	2,625376E-1	3,867592E-3	1,284088E-3
20220325 11:37:13,521	b2_1_474_20220325_11_37_13,521.bmp	3,068080E+0	2,816322E-1	4,902598E-5	1,107786E-5
20220325 11:37:19,522	b2_1_475_20220325_11_37_19,522.bmp	3,258988E+0	3,019998E-1	2,594737E-3	2,557098E-3
20220325 11:37:25,526	b2_1_476_20220325_11_37_25,526.bmp	3,430805E+0	3,210944E-1	1,321881E-3	1,284088E-3
20220325 11:37:31,531	b2_1_477_20220325_11_37_31,531.bmp	3,584804E+0	3,414619E-1	4,902598E-5	1,284088E-3
20220325 11:37:37,539	b2_1_478_20220325_11_37_37,539.bmp	3,682803E+0	3,592836E-1	2,594737E-3	3,830109E-3
20220325 11:37:43,542	b2_1_479_20220325_11_37_43,542.bmp	3,714621E+0	3,860160E-1	-3,769540E-3	-3,807953E-3
20220325 11:37:49,545	b2_1_480_20220325_11_37_49,545.bmp	3,659894E+0	4,025646E-1	-1,223829E-3	1,107786E-5
20220325 11:37:55,550	b2_1_481_20220325_11_37_55,550.bmp	3,552986E+0	4,216592E-1	-1,223829E-3	1,107786E-5
20220325 11:38:01,551	b2_1_482_20220325_11_38_01,551.bmp	3,429532E+0	4,407538E-1	4,902598E-5	1,107786E-5
20220325 11:38:07,553	b2_1_483_20220325_11_38_07,553.bmp	3,299715E+0	4,623943E-1	3,867592E-3	1,107786E-5
20220325 11:38:13,554	b2_1_484_20220325_11_38_13,554.bmp	3,202988E+0	4,827619E-1	2,594737E-3	1,107786E-5
20220325 11:38:19,558	b2_1_485_20220325_11_38_19,558.bmp	3,104989E+0	4,993105E-1	3,867592E-3	2,557098E-3
20220325 11:38:25,563	b2_1_486_20220325_11_38_25,563.bmp	3,040080E+0	5,247700E-1	-3,769540E-3	-3,807953E-3
20220325 11:38:31,564	b2_1_487_20220325_11_38_31,564.bmp	2,975172E+0	5,451376E-1	-2,496685E-3	-3,807953E-3
20220325 11:38:37,573	b2_1_488_20220325_11_38_37,573.bmp	2,898809E+0	5,578673E-1	2,594737E-3	2,557098E-3
20220325 11:38:43,577	b2_1_489_20220325_11_38_43,577.bmp	2,827537E+0	5,820538E-1	4,902598E-5	1,107786E-5
20220325 11:38:49,581	b2_1_490_20220325_11_38_49,581.bmp	2,728265E+0	6,011484E-1	3,867592E-3	-1,261932E-3
20220325 11:38:55,584	b2_1_491_20220325_11_38_55,584.bmp	2,608629E+0	6,176970E-1	3,867592E-3	2,557098E-3
20220325 11:39:01,594	b2_1_492_20220325_11_39_01,594.bmp	2,527175E+0	6,469754E-1	-3,769540E-3	-5,080963E-3
20220325 11:39:07,600	b2_1_493_20220325_11_39_07,600.bmp	2,463539E+0	6,647970E-1	4,902598E-5	-3,807953E-3
20220325 11:39:13,603	b2_1_494_20220325_11_39_13,603.bmp	2,435539E+0	6,787997E-1	4,902598E-5	2,557098E-3
20220325 11:39:19,604	b2_1_495_20220325_11_39_19,604.bmp	2,410085E+0	7,029862E-1	4,902598E-5	-1,261932E-3
20220325 11:39:25,605	b2_1_496_20220325_11_39_25,605.bmp	2,388449E+0	7,220808E-1	4,902598E-5	1,107786E-5
20220325 11:39:31,608	b2_1_497_20220325_11_39_31,608.bmp	2,371904E+0	7,462672E-1	-3,769540E-3	-5,080963E-3
20220325 11:39:37,610	b2_1_498_20220325_11_39_37,610.bmp	2,360449E+0	7,653618E-1	-3,769540E-3	-3,807953E-3
20220325 11:39:43,611	b2_1_499_20220325_11_39_43,611.bmp	2,345176E+0	7,831834E-1	4,902598E-5	1,107786E-5
20220325 11:39:49,623	b2_1_500_20220325_11_39_49,623.bmp	2,329904E+0	8,010051E-1	-1,223829E-3	-1,261932E-3
20220325 11:39:55,632	b2_1_501_20220325_11_39_55,632.bmp	2,312086E+0	8,213726E-1	4,902598E-5	-1,261932E-3
20220325 11:40:01,634	b2_1_502_20220325_11_40_01,634.bmp	2,289177E+0	8,455591E-1	-3,769540E-3	-3,807953E-3
20220325 11:40:07,635	b2_1_503_20220325_11_40_07,635.bmp	2,256086E+0	8,595618E-1	2,594737E-3	2,557098E-3
20220325 11:40:13,639	b2_1_504_20220325_11_40_13,639.bmp	2,231905E+0	8,812023E-1	4,902598E-5	1,107786E-5
20220325 11:40:19,641	b2_1_505_20220325_11_40_19,641.bmp	2,177178E+0	9,015699E-1	2,594737E-3	1,107786E-5
20220325 11:40:25,650	b2_1_506_20220325_11_40_25,650.bmp	2,128814E+0	9,244834E-1	-2,496685E-3	1,284088E-3
20220325 11:40:31,658	b2_1_507_20220325_11_40_31,658.bmp	2,062633E+0	9,423050E-1	4,902598E-5	1,107786E-5
20220325 11:40:37,663	b2_1_508_20220325_11_40_37,663.bmp	1,990088E+0	9,626726E-1	4,902598E-5	1,107786E-5
20220325 11:40:43,668	b2_1_509_20220325_11_40_43,668.bmp	1,945543E+0	9,843131E-1	-3,769540E-3	-3,807953E-3
20220325 11:40:49,679	b2_1_510_20220325_11_40_49,679.bmp	1,914998E+0	1,002135E+0	4,902598E-5	-3,807953E-3
20220325 11:40:55,684	b2_1_511_20220325_11_40_55,684.bmp	1,900998E+0	1,025048E+0	-2,496685E-3	-3,807953E-3
20220325 11:41:01,685	b2_1_512_20220325_11_41_01,685.bmp	1,883180E+0	1,042870E+0	-3,769540E-3	1,107786E-5
20220325 11:41:07,688	b2_1_513_20220325_11_41_07,688.bmp	1,865362E+0	1,064510E+0	4,902598E-5	-3,807953E-3
20220325 11:41:13,689	b2_1_514_20220325_11_41_13,689.bmp	1,851362E+0	1,078513E+0	-1,223829E-3	1,284088E-3
20220325 11:41:19,694	b2_1_515_20220325_11_41_19,694.bmp	1,842453E+0	1,102700E+0	4,902598E-5	1,107786E-5
20220325 11:41:25,698	b2_1_516_20220325_11_41_25,698.bmp	1,828453E+0	1,124340E+0	-1,223829E-3	-3,807953E-3
20220325 11:41:31,703	b2_1_517_20220325_11_41_31,703.bmp	1,810635E+0	1,137070E+0	2,594737E-3	2,557098E-3
20220325 11:41:37,712	b2_1_518_20220325_11_41_37,712.bmp	1,799180E+0	1,161256E+0	4,902598E-5	1,107786E-5
20220325 11:41:43,714	b2_1_519_20220325_11_41_43,714.bmp	1,774999E+0	1,179078E+0	-1,223829E-3	2,557098E-3
20220325 11:41:49,719	b2_1_520_20220325_11_41_49,719.bmp	1,754635E+0	1,200718E+0	4,902598E-5	1,107786E-5
20220325 11:41:55,722	b2_1_521_20220325_11_41_55,722.bmp	1,731726E+0	1,221086E+0	4,902598E-5	1,107786E-5
20220325 11:42:01,733	b2_1_522_20220325_11_42_01,733.bmp	1,718999E+0	1,245272E+0	-3,769540E-3	-3,807953E-3
20220325 11:42:07,737	b2_1_523_20220325_11_42_07,737.bmp	1,697363E+0	1,258002E+0	1,321881E-3	2,557098E-3
20220325 11:42:13,742	b2_1_524_20220325_11_42_13,742.bmp	1,690999E+0	1,282189E+0	4,902598E-5	-1,261932E-3
20220325 11:42:19,747	b2_1_525_20220325_11_42_19,747.bmp	1,690999E+0	1,303829E+0	-3,769540E-3	1,107786E-5
20220325 11:42:25,749	b2_1_526_20220325_11_42_25,749.bmp	1,679545E+0	1,319105E+0	-1,223829E-3	3,830109E-3
20220325 11:42:31,753	b2_1_527_20220325_11_42_31,753.bmp	1,674454E+0	1,343291E+0	-1,223829E-3	1,107786E-5
20220325 11:42:37,755	b2_1_528_20220325_11_42_37,755.bmp	1,664272E+0	1,366205E+0	-3,769540E-3	-2,534943E-3
20220325 11:42:43,758	b2_1_529_20220325_11_42_43,758.bmp	1,645182E+0	1,384027E+0	-3,769540E-3	-1,261932E-3
20220325 11:42:49,763	b2_1_530_20220325_11_42_49,763.bmp	1,621000E+0	1,404394E+0	-1,223829E-3	1,107786E-5
20220325 11:42:55,767	b2_1_531_20220325_11_42_55,767.bmp	1,598091E+0	1,420943E+0	3,867592E-3	2,557098E-3
20220325 11:43:01,774	b2_1_532_20220325_11_43_01,774.bmp	1,590455E+0	1,443856E+0	-2,496685E-3	1,107786E-5
20220325 11:43:07,779	b2_1_533_20220325_11_43_07,779.bmp	1,579000E+0	1,461678E+0	-3,769540E-3	-1,261932E-3
20220325 11:43:13,785	b2_1_534_20220325_11_43_13,785.bmp	1,565000E+0	1,483318E+0	4,902598E-5	2,557098E-3
20220325 11:43:19,790	b2_1_535_20220325_11_43_19,790.bmp	1,553546E+0	1,504959E+0	-3,769540E-3	1,107786E-5
20220325 11:43:25,794	b2_1_536_20220325_11_43_25,794.bmp	1,537001E+0	1,527872E+0	4,902598E-5	-3,807953E-3
20220325 11:43:31,798	b2_1_537_20220325_11_43_31,798.bmp	1,526819E+0	1,541875E+0	-3,769540E-3	1,107786E-5
20220325 11:43:37,806	b2_1_538_20220325_11_43_37,806.bmp	1,516637E+0	1,560970E+0	-5,042396E-3	1,284088E-3
20220325 11:43:43,816	b2_1_539_20220325_11_43_43,816.bmp	1,506455E+0	1,581337E+0	-1,223829E-3	1,107786E-5
20220325 11:43:49,821	b2_1_540_20220325_11_43_49,821.bmp	1,491183E+0	1,599159E+0	2,594737E-3	1,284088E-3
20220325 11:43:55,822	b2_1_541_20220325_11_43_55,822.bmp	1,489910E+0	1,622072E+0	4,902598E-5	1,107786E-5
20220325 11:44:01,827	b2_1_542_20220325_11_44_01,827.bmp	1,481001E+0	1,638621E+0	4,902598E-5	2,557098E-3
20220325 11:44:07,836	b2_1_543_20220325_11_44_07,836.bmp	1,478456E+0	1,662807E+0	4,902598E-5	-1,261932E-3
20220325 11:44:13,840	b2_1_544_20220325_11_44_13,840.bmp	1,473365E+0	1,679356E+0	1,321881E-3	2,557098E-3
20220325 11:44:19,845	b2_1_545_20220325_11_44_19,845.bmp	1,477183E+0	1,702270E+0	-1,223829E-3	1,107786E-5
20220325 11:44:25,849	b2_1_546_20220325_11_44_25,849.bmp	1,478456E+0	1,722637E+0	1,321881E-3	1,107786E-5
20220325 11:44:31,855	b2_1_547_20220325_11_44_31,855.bmp	1,478456E+0	1,744278E+0	-3,769540E-3	1,107786E-5
20220325 11:44:37,868	b2_1_548_20220325_11_44_37,868.bmp	1,474637E+0	1,762099E+0	4,902598E-5	-1,261932E-3
20220325 11:44:43,872	b2_1_549_20220325_11_44_43,872.bmp	1,477183E+0	1,782467E+0	4,902598E-5	1,107786E-5
20220325 11:44:49,876	b2_1_550_20220325_11_44_49,876.bmp	1,477183E+0	1,802834E+0	3,867592E-3	3,830109E-3
20220325 11:44:55,877	b2_1_551_20220325_11_44_55,877.bmp	1,479728E+0	1,823202E+0	-2,496685E-3	-2,534943E-3
20220325 11:45:01,879	b2_1_552_20220325_11_45_01,879.bmp	1,478456E+0	1,846116E+0	-2,496685E-3	-3,807953E-3
20220325 11:45:07,880	b2_1_553_20220325_11_45_07,880.bmp	1,473365E+0	1,862664E+0	4,902598E-5	1,107786E-5
20220325 11:45:13,884	b2_1_554_20220325_11_45_13,884.bmp	1,470819E+0	1,883032E+0	-3,769540E-3	1,107786E-5
20220325 11:45:19,885	b2_1_555_20220325_11_45_19,885.bmp	1,459365E+0	1,903399E+0	2,594737E-3	-1,261932E-3
20220325 11:45:25,890	b2_1_556_20220325_11_45_25,890.bmp	1,463183E+0	1,921221E+0	-3,769540E-3	-1,261932E-3
20220325 11:45:31,894	b2_1_557_20220325_11_45_31,894.bmp	1,459365E+0	1,946680E+0	-3,769540E-3	-3,807953E-3
20220325 11:45:37,898	b2_1_558_20220325_11_45_37,898.bmp	1,450456E+0	1,958137E+0	3,867592E-3	2,557098E-3
20220325 11:45:43,901	b2_1_559_20220325_11_45_43,901.bmp	1,450456E+0	1,982324E+0	4,902598E-5	1,107786E-5
20220325 11:45:49,903	b2_1_560_20220325_11_45_49,903.bmp	1,442819E+0	2,002691E+0	4,902598E-5	1,107786E-5
20220325 11:45:55,908	b2_1_561_20220325_11_45_55,908.bmp	1,435183E+0	2,023059E+0	2,594737E-3	1,107786E-5
20220325 11:46:01,912	b2_1_562_20220325_11_46_01,912.bmp	1,431365E+0	2,040880E+0	4,902598E-5	1,107786E-5
20220325 11:46:07,921	b2_1_563_20220325_11_46_07,921.bmp	1,428820E+0	2,066340E+0	-3,769540E-3	-3,807953E-3
20220325 11:46:13,925	b2_1_564_20220325_11_46_13,925.bmp	1,419911E+0	2,082888E+0	-2,496685E-3	-1,261932E-3
20220325 11:46:19,930	b2_1_565_20220325_11_46_19,930.bmp	1,416092E+0	2,101983E+0	4,902598E-5	-3,807953E-3
20220325 11:46:25,940	b2_1_566_20220325_11_46_25,940.bmp	1,407183E+0	2,124897E+0	4,902598E-5	-2,534943E-3
20220325 11:46:31,947	b2_1_567_20220325_11_46_31,947.bmp	1,405911E+0	2,142718E+0	-3,769540E-3	1,107786E-5
20220325 11:46:37,951	b2_1_568_20220325_11_46_37,951.bmp	1,393183E+0	2,163086E+0	2,594737E-3	1,107786E-5
20220325 11:46:43,955	b2_1_569_20220325_11_46_43,955.bmp	1,388093E+0	2,182180E+0	-1,223829E-3	-1,261932E-3
20220325 11:46:49,960	b2_1_570_20220325_11_46_49,960.bmp	1,384274E+0	2,202548E+0	1,321881E-3	1,107786E-5
20220325 11:46:55,962	b2_1_571_20220325_11_46_55,962.bmp	1,375365E+0	2,219097E+0	-1,223829E-3	1,107786E-5
20220325 11:47:01,970	b2_1_572_20220325_11_47_01,970.bmp	1,369002E+0	2,242010E+0	-1,223829E-3	1,107786E-5
20220325 11:47:07,971	b2_1_573_20220325_11_47_07,971.bmp	1,358820E+0	2,261105E+0	1,321881E-3	1,107786E-5
20220325 11:47:13,977	b2_1_574_20220325_11_47_13,977.bmp	1,353729E+0	2,278926E+0	3,867592E-3	1,107786E-5
20220325 11:47:19,978	b2_1_575_20220325_11_47_19,978.bmp	1,353729E+0	2,304386E+0	-3,769540E-3	1,107786E-5
20220325 11:47:25,980	b2_1_576_20220325_11_47_25,980.bmp	1,348638E+0	2,322207E+0	3,867592E-3	1,107786E-5
20220325 11:47:31,980	b2_1_577_20220325_11_47_31,980.bmp	1,348638E+0	2,338756E+0	4,902598E-5	2,557098E-3
20220325 11:47:37,984	b2_1_578_20220325_11_47_37,984.bmp	1,346093E+0	2,360396E+0	4,902598E-5	1,107786E-5
20220325 11:47:43,988	b2_1_579_20220325_11_47_43,988.bmp	1,342275E+0	2,383310E+0	4,902598E-5	1,107786E-5
20220325 11:47:49,994	b2_1_580_20220325_11_47_49,994.bmp	1,338457E+0	2,402405E+0	-1,223829E-3	1,107786E-5
20220325 11:47:56,000	b2_1_581_20220325_11_47_56,000.bmp	1,338457E+0	2,422772E+0	-3,769540E-3	1,107786E-5
20220325 11:48:02,006	b2_1_582_20220325_11_48_02,006.bmp	1,335911E+0	2,440594E+0	4,902598E-5	1,107786E-5
20220325 11:48:08,010	b2_1_583_20220325_11_48_08,010.bmp	1,330820E+0	2,463507E+0	4,902598E-5	1,107786E-5
20220325 11:48:14,013	b2_1_584_20220325_11_48_14,013.bmp	1,327002E+0	2,483875E+0	4,902598E-5	1,107786E-5
20220325 11:48:20,021	b2_1_585_20220325_11_48_20,021.bmp	1,320639E+0	2,499150E+0	2,594737E-3	2,557098E-3
20220325 11:48:26,029	b2_1_586_20220325_11_48_26,029.bmp	1,327002E+0	2,525883E+0	1,321881E-3	-3,807953E-3
20220325 11:48:32,035	b2_1_587_20220325_11_48_32,035.bmp	1,329548E+0	2,544978E+0	-2,496685E-3	-2,534943E-3
20220325 11:48:38,039	b2_1_588_20220325_11_48_38,039.bmp	1,328275E+0	2,565345E+0	-2,496685E-3	-3,807953E-3
20220325 11:48:44,043	b2_1_589_20220325_11_48_44,043.bmp	1,319366E+0	2,581894E+0	1,321881E-3	1,107786E-5
20220325 11:48:50,051	b2_1_590_20220325_11_48_50,051.bmp	1,319366E+0	2,602261E+0	4,902598E-5	-1,261932E-3
20220325 11:48:56,052	b2_1_591_20220325_11_48_56,052.bmp	1,307911E+0	2,622629E+0	5,140448E-3	-1,261932E-3
20220325 11:49:02,054	b2_1_592_20220325_11_49_02,054.bmp	1,301548E+0	2,645542E+0	-3,769540E-3	-3,807953E-3
20220325 11:49:08,058	b2_1_593_20220325_11_49_08,058.bmp	1,274821E+0	2,663364E+0	3,867592E-3	1,107786E-5
20220325 11:49:14,060	b2_1_594_20220325_11_49_14,060.bmp	1,257003E+0	2,682459E+0	-3,769540E-3	1,284088E-3
20220325 11:49:20,064	b2_1_595_20220325_11_49_20,064.bmp	1,236639E+0	2,702826E+0	-3,769540E-3	-1,261932E-3
20220325 11:49:26,067	b2_1_596_20220325_11_49_26,067.bmp	1,218821E+0	2,723194E+0	1,321881E-3	1,107786E-5
20220325 11:49:32,072	b2_1_597_20220325_11_49_32,072.bmp	1,209912E+0	2,743561E+0	1,321881E-3	-1,261932E-3
20220325 11:49:38,073	b2_1_598_20220325_11_49_38,073.bmp	1,209912E+0	2,762656E+0	4,902598E-5	-3,807953E-3
20220325 11:49:44,075	b2_1_599_20220325_11_49_44,075.bmp	1,208639E+0	2,785569E+0	-3,769540E-3	-3,807953E-3
20220325 11:49:50,082	b2_1_600_20220325_11_49_50,082.bmp	1,197185E+0	2,803391E+0	2,594737E-3	2,557098E-3
20220325 11:49:56,087	b2_1_601_20220325_11_49_56,087.bmp	1,199730E+0	2,823759E+0	4,902598E-5	1,107786E-5
20220325 11:50:02,091	b2_1_602_20220325_11_50_02,091.bmp	1,201003E+0	2,846672E+0	-2,496685E-3	-3,807953E-3
20220325 11:50:08,095	b2_1_603_20220325_11_50_08,095.bmp	1,197185E+0	2,863221E+0	-1,223829E-3	1,107786E-5
20220325 11:50:14,104	b2_1_604_20220325_11_50_14,104.bmp	1,197185E+0	2,881042E+0	4,902598E-5	1,107786E-5
20220325 11:50:20,113	b2_1_605_20220325_11_50_20,113.bmp	1,197185E+0	2,905229E+0	-1,223829E-3	-3,807953E-3
20220325 11:50:26,117	b2_1_606_20220325_11_50_26,117.bmp	1,194639E+0	2,923050E+0	4,902598E-5	-1,261932E-3
20220325 11:50:32,122	b2_1_607_20220325_11_50_32,122.bmp	1,193367E+0	2,940872E+0	-1,223829E-3	1,107786E-5
20220325 11:50:38,123	b2_1_608_20220325_11_50_38,123.bmp	1,194639E+0	2,959967E+0	4,902598E-5	1,284088E-3
20220325 11:50:44,124	b2_1_609_20220325_11_50_44,124.bmp	1,199730E+0	2,982880E+0	-3,769540E-3	-1,261932E-3
20220325 11:50:50,127	b2_1_610_20220325_11_50_50,127.bmp	1,194639E+0	3,000702E+0	3,867592E-3	1,284088E-3
