20220411 10:38:43,107	c_1_335_20220411_10_38_43,107.bmp	-1,715315E-3	-4,042984E-2	2,594737E-3	2,557098E-3
20220411 10:38:49,111	c_1_336_20220411_10_38_49,111.bmp	2,246632E-2	4,124205E-3	-3,769540E-3	-3,807953E-3
20220411 10:38:55,115	c_1_337_20220411_10_38_55,115.bmp	1,230110E-1	2,576474E-2	1,321881E-3	-3,807953E-3
20220411 10:39:01,119	c_1_338_20220411_10_39_01,119.bmp	2,121013E-1	4,358636E-2	-3,769540E-3	-1,261932E-3
20220411 10:39:07,123	c_1_339_20220411_10_39_07,123.bmp	3,164642E-1	6,395392E-2	-2,496685E-3	1,107786E-5
20220411 10:39:13,124	c_1_340_20220411_10_39_13,124.bmp	4,208270E-1	8,304851E-2	4,902598E-5	1,107786E-5
20220411 10:39:19,135	c_1_341_20220411_10_39_19,135.bmp	5,557351E-1	1,046890E-1	4,902598E-5	1,107786E-5
20220411 10:39:25,137	c_1_342_20220411_10_39_25,137.bmp	6,957341E-1	1,212377E-1	4,902598E-5	2,557098E-3
20220411 10:39:31,142	c_1_343_20220411_10_39_31,142.bmp	8,357330E-1	1,454242E-1	-1,223829E-3	-3,807953E-3
20220411 10:39:37,147	c_1_344_20220411_10_39_37,147.bmp	9,820956E-1	1,632458E-1	4,902598E-5	1,107786E-5
20220411 10:39:43,150	c_1_345_20220411_10_39_43,150.bmp	1,132276E+0	1,874323E-1	4,902598E-5	-3,807953E-3
20220411 10:39:49,152	c_1_346_20220411_10_39_49,152.bmp	1,276093E+0	2,001620E-1	4,902598E-5	2,557098E-3
20220411 10:39:55,154	c_1_347_20220411_10_39_55,154.bmp	1,425001E+0	2,192566E-1	4,902598E-5	3,830109E-3
20220411 10:40:01,163	c_1_348_20220411_10_40_01,163.bmp	1,573909E+0	2,485349E-1	-3,769540E-3	-3,807953E-3
20220411 10:40:07,170	c_1_349_20220411_10_40_07,170.bmp	1,717727E+0	2,650836E-1	-1,223829E-3	1,107786E-5
20220411 10:40:13,171	c_1_350_20220411_10_40_13,171.bmp	1,857726E+0	2,829052E-1	2,594737E-3	1,107786E-5
20220411 10:40:19,172	c_1_351_20220411_10_40_19,172.bmp	2,011724E+0	3,032728E-1	-3,769540E-3	1,107786E-5
20220411 10:40:25,174	c_1_352_20220411_10_40_25,174.bmp	2,150451E+0	3,223674E-1	4,902598E-5	1,107786E-5
20220411 10:40:31,177	c_1_353_20220411_10_40_31,177.bmp	2,290450E+0	3,427349E-1	5,140448E-3	1,107786E-5
20220411 10:40:37,181	c_1_354_20220411_10_40_37,181.bmp	2,421540E+0	3,605565E-1	1,321881E-3	2,557098E-3
20220411 10:40:43,189	c_1_355_20220411_10_40_43,189.bmp	2,555175E+0	3,872890E-1	-3,769540E-3	-3,807953E-3
20220411 10:40:49,196	c_1_356_20220411_10_40_49,196.bmp	2,672265E+0	4,038376E-1	-1,223829E-3	-1,261932E-3
20220411 10:40:55,199	c_1_357_20220411_10_40_55,199.bmp	2,768992E+0	4,216592E-1	1,321881E-3	3,830109E-3
20220411 10:41:01,203	c_1_358_20220411_10_41_01,203.bmp	2,835173E+0	4,382079E-1	4,902598E-5	2,557098E-3
20220411 10:41:07,208	c_1_359_20220411_10_41_07,208.bmp	2,870809E+0	4,674862E-1	-1,223829E-3	-3,807953E-3
20220411 10:41:13,215	c_1_360_20220411_10_41_13,215.bmp	2,910263E+0	4,840349E-1	-5,042396E-3	1,107786E-5
20220411 10:41:19,216	c_1_361_20220411_10_41_19,216.bmp	2,933172E+0	5,044024E-1	4,902598E-5	1,107786E-5
20220411 10:41:25,225	c_1_362_20220411_10_41_25,225.bmp	2,912809E+0	5,234970E-1	3,867592E-3	1,107786E-5
20220411 10:41:31,232	c_1_363_20220411_10_41_31,232.bmp	2,878445E+0	5,438646E-1	-3,769540E-3	1,107786E-5
20220411 10:41:37,235	c_1_364_20220411_10_41_37,235.bmp	2,846627E+0	5,604132E-1	5,140448E-3	3,830109E-3
20220411 10:41:43,239	c_1_365_20220411_10_41_43,239.bmp	2,756264E+0	5,845997E-1	1,321881E-3	-1,261932E-3
20220411 10:41:49,246	c_1_366_20220411_10_41_49,246.bmp	2,701537E+0	5,986024E-1	2,594737E-3	3,830109E-3
20220411 10:41:55,249	c_1_367_20220411_10_41_55,249.bmp	2,547539E+0	6,202429E-1	3,867592E-3	2,557098E-3
20220411 10:42:01,254	c_1_368_20220411_10_42_01,254.bmp	2,518266E+0	6,444294E-1	-3,769540E-3	1,284088E-3
20220411 10:42:07,258	c_1_369_20220411_10_42_07,258.bmp	2,508084E+0	6,673429E-1	-3,769540E-3	-3,807953E-3
20220411 10:42:13,259	c_1_370_20220411_10_42_13,259.bmp	2,460994E+0	6,851645E-1	1,321881E-3	1,107786E-5
20220411 10:42:19,265	c_1_371_20220411_10_42_19,265.bmp	2,399903E+0	7,080781E-1	-3,769540E-3	-3,807953E-3
20220411 10:42:25,277	c_1_372_20220411_10_42_25,277.bmp	2,362995E+0	7,233537E-1	-1,223829E-3	1,107786E-5
20220411 10:42:31,282	c_1_373_20220411_10_42_31,282.bmp	2,355358E+0	7,462672E-1	-1,223829E-3	-3,807953E-3
20220411 10:42:37,286	c_1_374_20220411_10_42_37,286.bmp	2,355358E+0	7,666348E-1	-3,769540E-3	-3,807953E-3
20220411 10:42:43,290	c_1_375_20220411_10_42_43,290.bmp	2,351540E+0	7,844564E-1	-3,769540E-3	-1,261932E-3
20220411 10:42:49,291	c_1_376_20220411_10_42_49,291.bmp	2,332449E+0	7,997321E-1	2,594737E-3	2,557098E-3
20220411 10:42:55,294	c_1_377_20220411_10_42_55,294.bmp	2,318449E+0	8,226456E-1	2,594737E-3	-1,261932E-3
20220411 10:43:01,302	c_1_378_20220411_10_43_01,302.bmp	2,317177E+0	8,391942E-1	3,867592E-3	3,830109E-3
20220411 10:43:07,307	c_1_379_20220411_10_43_07,307.bmp	2,285359E+0	8,671996E-1	-1,223829E-3	1,107786E-5
20220411 10:43:13,311	c_1_380_20220411_10_43_13,311.bmp	2,242086E+0	8,862942E-1	-3,769540E-3	-3,807953E-3
20220411 10:43:19,312	c_1_381_20220411_10_43_19,312.bmp	2,196268E+0	9,028429E-1	2,594737E-3	-1,261932E-3
20220411 10:43:25,317	c_1_382_20220411_10_43_25,317.bmp	2,149178E+0	9,206645E-1	1,321881E-3	1,284088E-3
20220411 10:43:31,321	c_1_383_20220411_10_43_31,321.bmp	2,149178E+0	9,435780E-1	-3,769540E-3	-3,807953E-3
20220411 10:43:37,332	c_1_384_20220411_10_43_37,332.bmp	2,144087E+0	9,677645E-1	-2,496685E-3	-3,807953E-3
20220411 10:43:43,338	c_1_385_20220411_10_43_43,338.bmp	2,138996E+0	9,804942E-1	3,867592E-3	3,830109E-3
20220411 10:43:49,342	c_1_386_20220411_10_43_49,342.bmp	2,113542E+0	1,004681E+0	-3,769540E-3	-1,261932E-3
20220411 10:43:55,344	c_1_387_20220411_10_43_55,344.bmp	2,068997E+0	1,028867E+0	-1,223829E-3	-2,534943E-3
20220411 10:44:01,345	c_1_388_20220411_10_44_01,345.bmp	2,019361E+0	1,044143E+0	2,594737E-3	1,107786E-5
20220411 10:44:07,356	c_1_389_20220411_10_44_07,356.bmp	1,979906E+0	1,065783E+0	-1,223829E-3	-3,807953E-3
20220411 10:44:13,365	c_1_390_20220411_10_44_13,365.bmp	1,963361E+0	1,083605E+0	-3,769540E-3	1,107786E-5
20220411 10:44:19,368	c_1_391_20220411_10_44_19,368.bmp	1,946816E+0	1,105246E+0	-3,769540E-3	-5,080963E-3
20220411 10:44:25,369	c_1_392_20220411_10_44_25,369.bmp	1,934089E+0	1,120521E+0	-1,223829E-3	2,557098E-3
20220411 10:44:31,370	c_1_393_20220411_10_44_31,370.bmp	1,909907E+0	1,143435E+0	-3,769540E-3	-3,807953E-3
20220411 10:44:37,375	c_1_394_20220411_10_44_37,375.bmp	1,902271E+0	1,159983E+0	2,594737E-3	2,557098E-3
20220411 10:44:43,377	c_1_395_20220411_10_44_43,377.bmp	1,879362E+0	1,182897E+0	1,321881E-3	1,107786E-5
20220411 10:44:49,385	c_1_396_20220411_10_44_49,385.bmp	1,866635E+0	1,200718E+0	5,140448E-3	2,557098E-3
20220411 10:44:55,391	c_1_397_20220411_10_44_55,391.bmp	1,870453E+0	1,219813E+0	4,902598E-5	2,557098E-3
20220411 10:45:01,395	c_1_398_20220411_10_45_01,395.bmp	1,866635E+0	1,246545E+0	-1,223829E-3	-2,534943E-3
20220411 10:45:07,400	c_1_399_20220411_10_45_07,400.bmp	1,862816E+0	1,264367E+0	4,902598E-5	-1,261932E-3
20220411 10:45:13,405	c_1_400_20220411_10_45_13,405.bmp	1,842453E+0	1,279643E+0	1,321881E-3	1,107786E-5
20220411 10:45:19,416	c_1_401_20220411_10_45_19,416.bmp	1,818271E+0	1,298737E+0	2,594737E-3	2,557098E-3
20220411 10:45:25,421	c_1_402_20220411_10_45_25,421.bmp	1,759726E+0	1,322924E+0	-3,769540E-3	1,107786E-5
20220411 10:45:31,425	c_1_403_20220411_10_45_31,425.bmp	1,690999E+0	1,348383E+0	-5,042396E-3	-3,807953E-3
20220411 10:45:37,427	c_1_404_20220411_10_45_37,427.bmp	1,638818E+0	1,366205E+0	-2,496685E-3	-3,807953E-3
20220411 10:45:43,430	c_1_405_20220411_10_45_43,430.bmp	1,603182E+0	1,381481E+0	3,867592E-3	3,830109E-3
20220411 10:45:49,433	c_1_406_20220411_10_45_49,433.bmp	1,581546E+0	1,405667E+0	-3,769540E-3	-3,807953E-3
20220411 10:45:55,441	c_1_407_20220411_10_45_55,441.bmp	1,563728E+0	1,423489E+0	-1,223829E-3	1,107786E-5
20220411 10:46:01,447	c_1_408_20220411_10_46_01,447.bmp	1,561182E+0	1,442583E+0	4,902598E-5	1,284088E-3
20220411 10:46:07,450	c_1_409_20220411_10_46_07,450.bmp	1,571364E+0	1,468043E+0	-3,769540E-3	-3,807953E-3
20220411 10:46:13,454	c_1_410_20220411_10_46_13,454.bmp	1,571364E+0	1,487137E+0	-1,223829E-3	-3,807953E-3
20220411 10:46:19,455	c_1_411_20220411_10_46_19,455.bmp	1,568819E+0	1,498594E+0	4,902598E-5	2,557098E-3
20220411 10:46:25,459	c_1_412_20220411_10_46_25,459.bmp	1,570091E+0	1,524053E+0	-3,769540E-3	1,107786E-5
20220411 10:46:31,463	c_1_413_20220411_10_46_31,463.bmp	1,561182E+0	1,540602E+0	2,594737E-3	2,557098E-3
20220411 10:46:37,471	c_1_414_20220411_10_46_37,471.bmp	1,558637E+0	1,563516E+0	-1,223829E-3	1,107786E-5
20220411 10:46:43,478	c_1_415_20220411_10_46_43,478.bmp	1,523001E+0	1,581337E+0	3,867592E-3	2,557098E-3
20220411 10:46:49,482	c_1_416_20220411_10_46_49,482.bmp	1,507728E+0	1,604251E+0	-1,223829E-3	-3,807953E-3
20220411 10:46:55,484	c_1_417_20220411_10_46_55,484.bmp	1,497546E+0	1,625891E+0	-3,769540E-3	-3,807953E-3
20220411 10:47:01,488	c_1_418_20220411_10_47_01,488.bmp	1,483546E+0	1,643713E+0	4,902598E-5	1,107786E-5
20220411 10:47:07,495	c_1_419_20220411_10_47_07,495.bmp	1,469547E+0	1,667899E+0	-3,769540E-3	-3,807953E-3
20220411 10:47:13,503	c_1_420_20220411_10_47_13,503.bmp	1,456819E+0	1,688267E+0	-3,769540E-3	-3,807953E-3
20220411 10:47:19,507	c_1_421_20220411_10_47_19,507.bmp	1,447910E+0	1,703543E+0	2,594737E-3	2,557098E-3
20220411 10:47:25,510	c_1_422_20220411_10_47_25,510.bmp	1,441547E+0	1,727729E+0	4,902598E-5	-3,807953E-3
20220411 10:47:31,511	c_1_423_20220411_10_47_31,511.bmp	1,432638E+0	1,744278E+0	4,902598E-5	1,107786E-5
20220411 10:47:37,514	c_1_424_20220411_10_47_37,514.bmp	1,431365E+0	1,760826E+0	4,902598E-5	1,107786E-5
20220411 10:47:43,525	c_1_425_20220411_10_47_43,525.bmp	1,437729E+0	1,785013E+0	-1,223829E-3	1,107786E-5
20220411 10:47:49,532	c_1_426_20220411_10_47_49,532.bmp	1,442819E+0	1,801562E+0	2,594737E-3	2,557098E-3
20220411 10:47:55,537	c_1_427_20220411_10_47_55,537.bmp	1,444092E+0	1,820656E+0	5,140448E-3	3,830109E-3
20220411 10:48:01,538	c_1_428_20220411_10_48_01,538.bmp	1,451729E+0	1,844843E+0	-1,223829E-3	-3,807953E-3
20220411 10:48:07,542	c_1_429_20220411_10_48_07,542.bmp	1,449183E+0	1,861391E+0	2,594737E-3	2,557098E-3
20220411 10:48:13,545	c_1_430_20220411_10_48_13,545.bmp	1,453001E+0	1,883032E+0	4,902598E-5	-3,807953E-3
20220411 10:48:19,551	c_1_431_20220411_10_48_19,551.bmp	1,453001E+0	1,904672E+0	-1,223829E-3	1,107786E-5
20220411 10:48:25,559	c_1_432_20220411_10_48_25,559.bmp	1,456819E+0	1,926313E+0	-3,769540E-3	-3,807953E-3
20220411 10:48:31,563	c_1_433_20220411_10_48_31,563.bmp	1,453001E+0	1,946680E+0	-3,769540E-3	-3,807953E-3
20220411 10:48:37,567	c_1_434_20220411_10_48_37,567.bmp	1,449183E+0	1,960683E+0	-1,223829E-3	3,830109E-3
20220411 10:48:43,571	c_1_435_20220411_10_48_43,571.bmp	1,451729E+0	1,987416E+0	-2,496685E-3	-3,807953E-3
20220411 10:48:49,574	c_1_436_20220411_10_48_49,574.bmp	1,446638E+0	2,005237E+0	-1,223829E-3	-1,261932E-3
20220411 10:48:55,581	c_1_437_20220411_10_48_55,581.bmp	1,442819E+0	2,023059E+0	-1,223829E-3	1,107786E-5
20220411 10:49:01,587	c_1_438_20220411_10_49_01,587.bmp	1,437729E+0	2,044699E+0	4,902598E-5	1,107786E-5
20220411 10:49:07,590	c_1_439_20220411_10_49_07,590.bmp	1,439001E+0	2,066340E+0	-5,042396E-3	-3,807953E-3
20220411 10:49:13,594	c_1_440_20220411_10_49_13,594.bmp	1,418638E+0	2,081615E+0	5,140448E-3	1,284088E-3
20220411 10:49:19,598	c_1_441_20220411_10_49_19,598.bmp	1,408456E+0	2,108348E+0	-3,769540E-3	-3,807953E-3
20220411 10:49:25,599	c_1_442_20220411_10_49_25,599.bmp	1,371547E+0	2,126170E+0	-5,042396E-3	-3,807953E-3
20220411 10:49:31,609	c_1_443_20220411_10_49_31,609.bmp	1,349911E+0	2,147810E+0	-2,496685E-3	-2,534943E-3
20220411 10:49:37,621	c_1_444_20220411_10_49_37,621.bmp	1,319366E+0	2,163086E+0	2,594737E-3	1,284088E-3
20220411 10:49:43,624	c_1_445_20220411_10_49_43,624.bmp	1,309184E+0	2,179634E+0	1,321881E-3	2,557098E-3
20220411 10:49:49,629	c_1_446_20220411_10_49_49,629.bmp	1,300275E+0	2,206367E+0	-3,769540E-3	-3,807953E-3
20220411 10:49:55,638	c_1_447_20220411_10_49_55,638.bmp	1,288821E+0	2,225461E+0	3,867592E-3	1,107786E-5
20220411 10:50:01,640	c_1_448_20220411_10_50_01,640.bmp	1,283730E+0	2,239464E+0	1,321881E-3	2,557098E-3
20220411 10:50:07,642	c_1_449_20220411_10_50_07,642.bmp	1,282457E+0	2,266197E+0	-6,315251E-3	-3,807953E-3
20220411 10:50:13,647	c_1_450_20220411_10_50_13,647.bmp	1,278639E+0	2,284018E+0	4,902598E-5	1,107786E-5
20220411 10:50:19,651	c_1_451_20220411_10_50_19,651.bmp	1,278639E+0	2,305659E+0	-2,496685E-3	-3,807953E-3
20220411 10:50:25,656	c_1_452_20220411_10_50_25,656.bmp	1,278639E+0	2,323480E+0	-3,769540E-3	1,107786E-5
20220411 10:50:31,657	c_1_453_20220411_10_50_31,657.bmp	1,276093E+0	2,342575E+0	4,902598E-5	1,107786E-5
20220411 10:50:37,668	c_1_454_20220411_10_50_37,668.bmp	1,283730E+0	2,364215E+0	4,902598E-5	1,107786E-5
20220411 10:50:43,676	c_1_455_20220411_10_50_43,676.bmp	1,293911E+0	2,385856E+0	-2,496685E-3	1,107786E-5
20220411 10:50:49,679	c_1_456_20220411_10_50_49,679.bmp	1,291366E+0	2,403678E+0	-1,223829E-3	1,107786E-5
20220411 10:50:55,682	c_1_457_20220411_10_50_55,682.bmp	1,299002E+0	2,424045E+0	-3,769540E-3	-1,261932E-3
20220411 10:51:01,683	c_1_458_20220411_10_51_01,683.bmp	1,299002E+0	2,443140E+0	2,594737E-3	1,284088E-3
20220411 10:51:07,684	c_1_459_20220411_10_51_07,684.bmp	1,307911E+0	2,463507E+0	4,902598E-5	1,107786E-5
20220411 10:51:13,692	c_1_460_20220411_10_51_13,692.bmp	1,319366E+0	2,482602E+0	4,902598E-5	1,107786E-5
20220411 10:51:19,693	c_1_461_20220411_10_51_19,693.bmp	1,324457E+0	2,505515E+0	-1,223829E-3	-3,807953E-3
20220411 10:51:25,700	c_1_462_20220411_10_51_25,700.bmp	1,329548E+0	2,523337E+0	4,902598E-5	1,107786E-5
20220411 10:51:31,704	c_1_463_20220411_10_51_31,704.bmp	1,330820E+0	2,542432E+0	2,594737E-3	1,107786E-5
20220411 10:51:37,709	c_1_464_20220411_10_51_37,709.bmp	1,346093E+0	2,565345E+0	-3,769540E-3	-3,807953E-3
20220411 10:51:43,710	c_1_465_20220411_10_51_43,710.bmp	1,348638E+0	2,581894E+0	-1,223829E-3	1,107786E-5
20220411 10:51:49,712	c_1_466_20220411_10_51_49,712.bmp	1,352457E+0	2,603534E+0	2,594737E-3	1,107786E-5
20220411 10:51:55,723	c_1_467_20220411_10_51_55,723.bmp	1,360093E+0	2,621356E+0	2,594737E-3	2,557098E-3
20220411 10:52:01,730	c_1_468_20220411_10_52_01,730.bmp	1,374093E+0	2,644269E+0	-2,496685E-3	-3,807953E-3
20220411 10:52:07,734	c_1_469_20220411_10_52_07,734.bmp	1,381729E+0	2,663364E+0	-1,223829E-3	1,107786E-5
20220411 10:52:13,738	c_1_470_20220411_10_52_13,738.bmp	1,380456E+0	2,682459E+0	4,902598E-5	2,557098E-3
20220411 10:52:19,742	c_1_471_20220411_10_52_19,742.bmp	1,394456E+0	2,699007E+0	-1,223829E-3	2,557098E-3
20220411 10:52:25,749	c_1_472_20220411_10_52_25,749.bmp	1,395729E+0	2,724467E+0	1,321881E-3	1,107786E-5
20220411 10:52:31,754	c_1_473_20220411_10_52_31,754.bmp	1,399547E+0	2,742288E+0	4,902598E-5	1,107786E-5
20220411 10:52:37,758	c_1_474_20220411_10_52_37,758.bmp	1,407183E+0	2,758837E+0	2,594737E-3	2,557098E-3
20220411 10:52:43,762	c_1_475_20220411_10_52_43,762.bmp	1,414820E+0	2,784296E+0	3,867592E-3	2,557098E-3
20220411 10:52:49,765	c_1_476_20220411_10_52_49,765.bmp	1,422456E+0	2,800845E+0	4,902598E-5	2,557098E-3
20220411 10:52:55,770	c_1_477_20220411_10_52_55,770.bmp	1,430092E+0	2,825031E+0	4,902598E-5	-1,261932E-3
20220411 10:53:01,776	c_1_478_20220411_10_53_01,776.bmp	1,433910E+0	2,844126E+0	4,902598E-5	-1,261932E-3
20220411 10:53:07,783	c_1_479_20220411_10_53_07,783.bmp	1,441547E+0	2,864494E+0	2,594737E-3	1,107786E-5
20220411 10:53:13,785	c_1_480_20220411_10_53_13,785.bmp	1,449183E+0	2,884861E+0	-3,769540E-3	-2,534943E-3
20220411 10:53:19,788	c_1_481_20220411_10_53_19,788.bmp	1,456819E+0	2,906502E+0	-3,769540E-3	-2,534943E-3
20220411 10:53:25,792	c_1_482_20220411_10_53_25,792.bmp	1,463183E+0	2,923050E+0	-3,769540E-3	1,107786E-5
20220411 10:53:31,797	c_1_483_20220411_10_53_31,797.bmp	1,468274E+0	2,947237E+0	-3,769540E-3	-5,080963E-3
20220411 10:53:37,805	c_1_484_20220411_10_53_37,805.bmp	1,469547E+0	2,958694E+0	4,902598E-5	2,557098E-3
20220411 10:53:43,814	c_1_485_20220411_10_53_43,814.bmp	1,477183E+0	2,981607E+0	-2,496685E-3	2,557098E-3
20220411 10:53:49,815	c_1_486_20220411_10_53_49,815.bmp	1,486092E+0	3,001975E+0	4,902598E-5	1,107786E-5
20220411 10:53:55,820	c_1_487_20220411_10_53_55,820.bmp	1,491183E+0	3,024888E+0	-3,769540E-3	1,107786E-5
20220411 10:54:01,825	c_1_488_20220411_10_54_01,825.bmp	1,497546E+0	3,043983E+0	-1,223829E-3	1,107786E-5
20220411 10:54:07,832	c_1_489_20220411_10_54_07,832.bmp	1,500092E+0	3,064350E+0	-1,223829E-3	-1,261932E-3
20220411 10:54:13,838	c_1_490_20220411_10_54_13,838.bmp	1,506455E+0	3,080899E+0	2,594737E-3	2,557098E-3
20220411 10:54:19,839	c_1_491_20220411_10_54_19,839.bmp	1,520455E+0	3,105085E+0	-2,496685E-3	-3,807953E-3
20220411 10:54:25,843	c_1_492_20220411_10_54_25,843.bmp	1,523001E+0	3,122907E+0	3,867592E-3	1,107786E-5
20220411 10:54:31,849	c_1_493_20220411_10_54_31,849.bmp	1,530637E+0	3,145821E+0	-3,769540E-3	-2,534943E-3
20220411 10:54:37,854	c_1_494_20220411_10_54_37,854.bmp	1,540819E+0	3,162369E+0	1,321881E-3	-1,261932E-3
20220411 10:54:43,862	c_1_495_20220411_10_54_43,862.bmp	1,542091E+0	3,182737E+0	-1,223829E-3	1,107786E-5
20220411 10:54:49,866	c_1_496_20220411_10_54_49,866.bmp	1,549728E+0	3,203104E+0	4,902598E-5	-1,261932E-3
20220411 10:54:55,871	c_1_497_20220411_10_54_55,871.bmp	1,559910E+0	3,220926E+0	-3,769540E-3	-1,261932E-3
20220411 10:55:01,874	c_1_498_20220411_10_55_01,874.bmp	1,563728E+0	3,247658E+0	4,902598E-5	-3,807953E-3
20220411 10:55:07,878	c_1_499_20220411_10_55_07,878.bmp	1,565000E+0	3,265480E+0	2,594737E-3	-1,261932E-3
20220411 10:55:13,883	c_1_500_20220411_10_55_13,883.bmp	1,568819E+0	3,283302E+0	3,867592E-3	-1,261932E-3
20220411 10:55:19,891	c_1_501_20220411_10_55_19,891.bmp	1,579000E+0	3,303669E+0	1,321881E-3	-1,261932E-3
20220411 10:55:25,896	c_1_502_20220411_10_55_25,896.bmp	1,585364E+0	3,324037E+0	-3,769540E-3	1,107786E-5
20220411 10:55:31,901	c_1_503_20220411_10_55_31,901.bmp	1,587909E+0	3,344404E+0	4,902598E-5	1,107786E-5
20220411 10:55:37,904	c_1_504_20220411_10_55_37,904.bmp	1,594273E+0	3,363499E+0	4,902598E-5	-1,261932E-3
20220411 10:55:43,905	c_1_505_20220411_10_55_43,905.bmp	1,600636E+0	3,383866E+0	4,902598E-5	1,107786E-5
20220411 10:55:49,908	c_1_506_20220411_10_55_49,908.bmp	1,607000E+0	3,406780E+0	-3,769540E-3	-3,807953E-3
20220411 10:55:55,919	c_1_507_20220411_10_55_55,919.bmp	1,607000E+0	3,422056E+0	4,902598E-5	1,107786E-5
20220411 10:56:01,923	c_1_508_20220411_10_56_01,923.bmp	1,617182E+0	3,446242E+0	-3,769540E-3	-3,807953E-3
20220411 10:56:07,927	c_1_509_20220411_10_56_07,927.bmp	1,614636E+0	3,464064E+0	-2,496685E-3	1,107786E-5
20220411 10:56:13,931	c_1_510_20220411_10_56_13,931.bmp	1,612091E+0	3,484431E+0	2,594737E-3	1,107786E-5
20220411 10:56:19,932	c_1_511_20220411_10_56_19,932.bmp	1,624818E+0	3,507345E+0	1,321881E-3	-3,807953E-3
20220411 10:56:25,937	c_1_512_20220411_10_56_25,937.bmp	1,632454E+0	3,526439E+0	-5,042396E-3	-3,807953E-3
20220411 10:56:31,945	c_1_513_20220411_10_56_31,945.bmp	1,632454E+0	3,544261E+0	-1,223829E-3	1,107786E-5
20220411 10:56:37,950	c_1_514_20220411_10_56_37,950.bmp	1,636273E+0	3,567175E+0	-2,496685E-3	-2,534943E-3
20220411 10:56:43,952	c_1_515_20220411_10_56_43,952.bmp	1,636273E+0	3,583723E+0	-1,223829E-3	1,107786E-5
20220411 10:56:49,956	c_1_516_20220411_10_56_49,956.bmp	1,642636E+0	3,607910E+0	-3,769540E-3	-5,080963E-3
20220411 10:56:55,959	c_1_517_20220411_10_56_55,959.bmp	1,637545E+0	3,623185E+0	1,321881E-3	-1,261932E-3
20220411 10:57:01,962	c_1_518_20220411_10_57_01,962.bmp	1,643909E+0	3,638461E+0	1,321881E-3	3,830109E-3
20220411 10:57:07,964	c_1_519_20220411_10_57_07,964.bmp	1,650272E+0	3,666466E+0	-1,223829E-3	-3,807953E-3
20220411 10:57:13,965	c_1_520_20220411_10_57_13,965.bmp	1,654091E+0	3,683015E+0	2,594737E-3	1,107786E-5
20220411 10:57:19,973	c_1_521_20220411_10_57_19,973.bmp	1,652818E+0	3,703383E+0	2,594737E-3	-1,261932E-3
20220411 10:57:25,974	c_1_522_20220411_10_57_25,974.bmp	1,657909E+0	3,721204E+0	2,594737E-3	2,557098E-3
20220411 10:57:31,980	c_1_523_20220411_10_57_31,980.bmp	1,661727E+0	3,742845E+0	4,902598E-5	1,107786E-5
20220411 10:57:37,980	c_1_524_20220411_10_57_37,980.bmp	1,663000E+0	3,763212E+0	4,902598E-5	1,107786E-5
20220411 10:57:43,984	c_1_525_20220411_10_57_43,984.bmp	1,666818E+0	3,786126E+0	-1,223829E-3	-3,807953E-3
20220411 10:57:49,988	c_1_526_20220411_10_57_49,988.bmp	1,671909E+0	3,806493E+0	-3,769540E-3	-3,807953E-3
20220411 10:57:55,991	c_1_527_20220411_10_57_55,991.bmp	1,671909E+0	3,825588E+0	4,902598E-5	-3,807953E-3
20220411 10:58:01,996	c_1_528_20220411_10_58_01,996.bmp	1,674454E+0	3,838318E+0	2,594737E-3	1,284088E-3
20220411 10:58:08,004	c_1_529_20220411_10_58_08,004.bmp	1,678272E+0	3,863777E+0	2,594737E-3	1,107786E-5
20220411 10:58:14,005	c_1_530_20220411_10_58_14,005.bmp	1,685909E+0	3,882872E+0	4,902598E-5	-1,261932E-3
20220411 10:58:20,011	c_1_531_20220411_10_58_20,011.bmp	1,690999E+0	3,907058E+0	-3,769540E-3	-2,534943E-3
20220411 10:58:26,017	c_1_532_20220411_10_58_26,017.bmp	1,692272E+0	3,926153E+0	-5,042396E-3	-3,807953E-3
20220411 10:58:32,020	c_1_533_20220411_10_58_32,020.bmp	1,688454E+0	3,946520E+0	-5,042396E-3	-3,807953E-3
20220411 10:58:38,027	c_1_534_20220411_10_58_38,027.bmp	1,693545E+0	3,966888E+0	1,321881E-3	-3,807953E-3
20220411 10:58:44,033	c_1_535_20220411_10_58_44,033.bmp	1,696090E+0	3,985982E+0	4,902598E-5	1,107786E-5
20220411 10:58:50,039	c_1_536_20220411_10_58_50,039.bmp	1,692272E+0	4,001258E+0	-1,223829E-3	3,830109E-3
20220411 10:58:56,041	c_1_537_20220411_10_58_56,041.bmp	1,690999E+0	4,025445E+0	2,594737E-3	1,107786E-5
20220411 10:59:02,044	c_1_538_20220411_10_59_02,044.bmp	1,690999E+0	4,043266E+0	-1,223829E-3	1,107786E-5
20220411 10:59:08,046	c_1_539_20220411_10_59_08,046.bmp	1,689727E+0	4,063634E+0	6,413303E-3	2,557098E-3
20220411 10:59:14,054	c_1_540_20220411_10_59_14,054.bmp	1,697363E+0	4,084001E+0	-3,769540E-3	-3,807953E-3
20220411 10:59:20,061	c_1_541_20220411_10_59_20,061.bmp	1,698636E+0	4,104369E+0	-2,496685E-3	1,107786E-5
20220411 10:59:26,062	c_1_542_20220411_10_59_26,062.bmp	1,696090E+0	4,124737E+0	-1,223829E-3	1,107786E-5
20220411 10:59:32,066	c_1_543_20220411_10_59_32,066.bmp	1,694818E+0	4,143831E+0	4,902598E-5	-1,261932E-3
20220411 10:59:38,068	c_1_544_20220411_10_59_38,068.bmp	1,697363E+0	4,165472E+0	-3,769540E-3	-3,807953E-3
20220411 10:59:44,069	c_1_545_20220411_10_59_44,069.bmp	1,692272E+0	4,182020E+0	-1,223829E-3	1,107786E-5
20220411 10:59:50,070	c_1_546_20220411_10_59_50,070.bmp	1,692272E+0	4,207480E+0	4,902598E-5	-3,807953E-3
20220411 10:59:56,075	c_1_547_20220411_10_59_56,075.bmp	1,693545E+0	4,226574E+0	-3,769540E-3	-5,080963E-3
20220411 11:00:02,081	c_1_548_20220411_11_00_02,081.bmp	1,694818E+0	4,248215E+0	-6,315251E-3	-3,807953E-3
20220411 11:00:08,085	c_1_549_20220411_11_00_08,085.bmp	1,690999E+0	4,262218E+0	4,902598E-5	1,284088E-3
20220411 11:00:14,089	c_1_550_20220411_11_00_14,089.bmp	1,690999E+0	4,282585E+0	1,321881E-3	2,557098E-3
20220411 11:00:20,091	c_1_551_20220411_11_00_20,091.bmp	1,689727E+0	4,300407E+0	3,867592E-3	1,284088E-3
20220411 11:00:26,092	c_1_552_20220411_11_00_26,092.bmp	1,690999E+0	4,320774E+0	4,902598E-5	2,557098E-3
20220411 11:00:32,092	c_1_553_20220411_11_00_32,092.bmp	1,689727E+0	4,341142E+0	1,321881E-3	2,557098E-3
20220411 11:00:38,097	c_1_554_20220411_11_00_38,097.bmp	1,685909E+0	4,367874E+0	4,902598E-5	-3,807953E-3
20220411 11:00:44,098	c_1_555_20220411_11_00_44,098.bmp	1,683363E+0	4,379331E+0	-1,223829E-3	2,557098E-3
20220411 11:00:50,107	c_1_556_20220411_11_00_50,107.bmp	1,685909E+0	4,406063E+0	-2,496685E-3	-3,807953E-3
20220411 11:00:56,114	c_1_557_20220411_11_00_56,114.bmp	1,671909E+0	4,426431E+0	4,902598E-5	-3,807953E-3
20220411 11:01:02,119	c_1_558_20220411_11_01_02,119.bmp	1,665545E+0	4,440434E+0	2,594737E-3	2,557098E-3
20220411 11:01:08,121	c_1_559_20220411_11_01_08,121.bmp	1,665545E+0	4,465893E+0	4,902598E-5	-3,807953E-3
20220411 11:01:14,123	c_1_560_20220411_11_01_14,123.bmp	1,663000E+0	4,482442E+0	-2,496685E-3	-3,807953E-3
20220411 11:01:20,128	c_1_561_20220411_11_01_20,128.bmp	1,659182E+0	4,500263E+0	4,902598E-5	1,284088E-3
20220411 11:01:26,135	c_1_562_20220411_11_01_26,135.bmp	1,649000E+0	4,524450E+0	4,902598E-5	1,107786E-5
20220411 11:01:32,141	c_1_563_20220411_11_01_32,141.bmp	1,643909E+0	4,543544E+0	4,902598E-5	-1,261932E-3
20220411 11:01:38,147	c_1_564_20220411_11_01_38,147.bmp	1,631182E+0	4,561366E+0	3,867592E-3	3,830109E-3
20220411 11:01:44,148	c_1_565_20220411_11_01_44,148.bmp	1,626091E+0	4,585553E+0	2,594737E-3	-1,261932E-3
20220411 11:01:50,151	c_1_566_20220411_11_01_50,151.bmp	1,622273E+0	4,604647E+0	-1,223829E-3	-1,261932E-3
20220411 11:01:56,153	c_1_567_20220411_11_01_56,153.bmp	1,609546E+0	4,623742E+0	4,902598E-5	-1,261932E-3
20220411 11:02:02,164	c_1_568_20220411_11_02_02,164.bmp	1,600636E+0	4,644109E+0	4,902598E-5	1,107786E-5
20220411 11:02:08,165	c_1_569_20220411_11_02_08,165.bmp	1,591727E+0	4,665750E+0	-5,042396E-3	-3,807953E-3
20220411 11:02:14,173	c_1_570_20220411_11_02_14,173.bmp	1,584091E+0	4,687390E+0	-1,223829E-3	-3,807953E-3
20220411 11:02:20,176	c_1_571_20220411_11_02_20,176.bmp	1,575182E+0	4,706485E+0	-5,042396E-3	-3,807953E-3
20220411 11:02:26,180	c_1_572_20220411_11_02_26,180.bmp	1,562455E+0	4,721761E+0	-1,223829E-3	1,284088E-3
20220411 11:02:32,183	c_1_573_20220411_11_02_32,183.bmp	1,551000E+0	4,745947E+0	-3,769540E-3	-5,080963E-3
20220411 11:02:38,189	c_1_574_20220411_11_02_38,189.bmp	1,542091E+0	4,761223E+0	1,321881E-3	2,557098E-3
20220411 11:02:44,198	c_1_575_20220411_11_02_44,198.bmp	1,539546E+0	4,784136E+0	-3,769540E-3	1,107786E-5
20220411 11:02:50,201	c_1_576_20220411_11_02_50,201.bmp	1,533182E+0	4,803231E+0	4,902598E-5	-1,261932E-3
20220411 11:02:56,205	c_1_577_20220411_11_02_56,205.bmp	1,533182E+0	4,823598E+0	-5,042396E-3	1,107786E-5
20220411 11:03:02,208	c_1_578_20220411_11_03_02,208.bmp	1,529364E+0	4,840147E+0	4,902598E-5	2,557098E-3
20220411 11:03:08,219	c_1_579_20220411_11_03_08,219.bmp	1,530637E+0	4,864334E+0	4,902598E-5	-1,261932E-3
20220411 11:03:14,226	c_1_580_20220411_11_03_14,226.bmp	1,525546E+0	4,883428E+0	2,594737E-3	-1,261932E-3
20220411 11:03:20,227	c_1_581_20220411_11_03_20,227.bmp	1,533182E+0	4,906342E+0	-5,042396E-3	-3,807953E-3
20220411 11:03:26,229	c_1_582_20220411_11_03_26,229.bmp	1,537001E+0	4,924163E+0	-2,496685E-3	1,107786E-5
20220411 11:03:32,232	c_1_583_20220411_11_03_32,232.bmp	1,535728E+0	4,945804E+0	-3,769540E-3	-3,807953E-3
20220411 11:03:38,236	c_1_584_20220411_11_03_38,236.bmp	1,539546E+0	4,963625E+0	4,902598E-5	1,107786E-5
20220411 11:03:44,246	c_1_585_20220411_11_03_44,246.bmp	1,544637E+0	4,982720E+0	-3,769540E-3	1,107786E-5
20220411 11:03:50,254	c_1_586_20220411_11_03_50,254.bmp	1,544637E+0	5,004361E+0	1,321881E-3	-1,261932E-3
20220411 11:03:56,260	c_1_587_20220411_11_03_56,260.bmp	1,545910E+0	5,022182E+0	4,902598E-5	1,107786E-5
20220411 11:04:02,261	c_1_588_20220411_11_04_02,261.bmp	1,545910E+0	5,040004E+0	3,867592E-3	2,557098E-3
20220411 11:04:08,266	c_1_589_20220411_11_04_08,266.bmp	1,548455E+0	5,064190E+0	1,321881E-3	1,107786E-5
20220411 11:04:14,271	c_1_590_20220411_11_04_14,271.bmp	1,558637E+0	5,085831E+0	-3,769540E-3	-3,807953E-3
20220411 11:04:20,276	c_1_591_20220411_11_04_20,276.bmp	1,547182E+0	5,099834E+0	2,594737E-3	1,284088E-3
20220411 11:04:26,281	c_1_592_20220411_11_04_26,281.bmp	1,539546E+0	5,124020E+0	4,902598E-5	2,557098E-3
20220411 11:04:32,285	c_1_593_20220411_11_04_32,285.bmp	1,540819E+0	5,145661E+0	-3,769540E-3	-3,807953E-3
20220411 11:04:38,286	c_1_594_20220411_11_04_38,286.bmp	1,530637E+0	5,160936E+0	2,594737E-3	3,830109E-3
20220411 11:04:44,289	c_1_595_20220411_11_04_44,289.bmp	1,537001E+0	5,182577E+0	4,902598E-5	1,107786E-5
20220411 11:04:50,293	c_1_596_20220411_11_04_50,293.bmp	1,535728E+0	5,205490E+0	-3,769540E-3	-3,807953E-3
20220411 11:04:56,305	c_1_597_20220411_11_04_56,305.bmp	1,529364E+0	5,223312E+0	4,902598E-5	1,107786E-5
20220411 11:05:02,315	c_1_598_20220411_11_05_02,315.bmp	1,530637E+0	5,244952E+0	1,321881E-3	-1,261932E-3
20220411 11:05:08,319	c_1_599_20220411_11_05_08,319.bmp	1,531910E+0	5,265320E+0	-3,769540E-3	-3,807953E-3
20220411 11:05:14,322	c_1_600_20220411_11_05_14,322.bmp	1,531910E+0	5,285688E+0	-1,223829E-3	-3,807953E-3
20220411 11:05:20,328	c_1_601_20220411_11_05_20,328.bmp	1,539546E+0	5,307328E+0	-3,769540E-3	-3,807953E-3
20220411 11:05:26,333	c_1_602_20220411_11_05_26,333.bmp	1,535728E+0	5,320058E+0	2,594737E-3	2,557098E-3
20220411 11:05:32,340	c_1_603_20220411_11_05_32,340.bmp	1,543364E+0	5,345517E+0	-2,496685E-3	-3,807953E-3
20220411 11:05:38,342	c_1_604_20220411_11_05_38,342.bmp	1,542091E+0	5,362066E+0	3,867592E-3	-1,261932E-3
20220411 11:05:44,343	c_1_605_20220411_11_05_44,343.bmp	1,544637E+0	5,379887E+0	1,321881E-3	2,557098E-3
20220411 11:05:50,345	c_1_606_20220411_11_05_50,345.bmp	1,549728E+0	5,404074E+0	-3,769540E-3	-2,534943E-3
20220411 11:05:56,349	c_1_607_20220411_11_05_56,349.bmp	1,545910E+0	5,418077E+0	4,902598E-5	1,284088E-3
20220411 11:06:02,361	c_1_608_20220411_11_06_02,361.bmp	1,547182E+0	5,443536E+0	1,321881E-3	1,107786E-5
20220411 11:06:08,368	c_1_609_20220411_11_06_08,368.bmp	1,551000E+0	5,463904E+0	-5,042396E-3	-1,261932E-3
20220411 11:06:14,372	c_1_610_20220411_11_06_14,372.bmp	1,548455E+0	5,484271E+0	4,902598E-5	-5,080963E-3
20220411 11:06:20,374	c_1_611_20220411_11_06_20,374.bmp	1,551000E+0	5,502093E+0	4,902598E-5	1,107786E-5
20220411 11:06:26,375	c_1_612_20220411_11_06_26,375.bmp	1,551000E+0	5,527552E+0	4,902598E-5	-3,807953E-3
20220411 11:06:32,378	c_1_613_20220411_11_06_32,378.bmp	1,554819E+0	5,545374E+0	-3,769540E-3	1,107786E-5
20220411 11:06:38,387	c_1_614_20220411_11_06_38,387.bmp	1,562455E+0	5,565741E+0	-2,496685E-3	-3,807953E-3
20220411 11:06:44,392	c_1_615_20220411_11_06_44,392.bmp	1,566273E+0	5,582290E+0	4,902598E-5	-1,261932E-3
20220411 11:06:50,396	c_1_616_20220411_11_06_50,396.bmp	1,572637E+0	5,601385E+0	4,902598E-5	1,107786E-5
20220411 11:06:56,397	c_1_617_20220411_11_06_56,397.bmp	1,571364E+0	5,624298E+0	4,902598E-5	1,107786E-5
20220411 11:07:02,401	c_1_618_20220411_11_07_02,401.bmp	1,570091E+0	5,640847E+0	2,594737E-3	1,284088E-3
20220411 11:07:08,405	c_1_619_20220411_11_07_08,405.bmp	1,575182E+0	5,659941E+0	1,321881E-3	3,830109E-3
20220411 11:07:14,414	c_1_620_20220411_11_07_14,414.bmp	1,579000E+0	5,679036E+0	1,321881E-3	2,557098E-3
20220411 11:07:20,417	c_1_621_20220411_11_07_20,417.bmp	1,587909E+0	5,703223E+0	-3,769540E-3	1,107786E-5
20220411 11:07:26,423	c_1_622_20220411_11_07_26,423.bmp	1,585364E+0	5,724863E+0	1,321881E-3	-3,807953E-3
20220411 11:07:32,426	c_1_623_20220411_11_07_32,426.bmp	1,589182E+0	5,742685E+0	4,902598E-5	-1,261932E-3
20220411 11:07:38,430	c_1_624_20220411_11_07_38,430.bmp	1,594273E+0	5,763052E+0	4,902598E-5	-1,261932E-3
20220411 11:07:44,434	c_1_625_20220411_11_07_44,434.bmp	1,594273E+0	5,780874E+0	1,321881E-3	-1,261932E-3
20220411 11:07:50,442	c_1_626_20220411_11_07_50,442.bmp	1,594273E+0	5,799968E+0	1,321881E-3	2,557098E-3
20220411 11:07:56,450	c_1_627_20220411_11_07_56,450.bmp	1,600636E+0	5,822882E+0	-3,769540E-3	1,107786E-5
20220411 11:08:02,454	c_1_628_20220411_11_08_02,454.bmp	1,600636E+0	5,845795E+0	-2,496685E-3	-3,807953E-3
20220411 11:08:08,456	c_1_629_20220411_11_08_08,456.bmp	1,600636E+0	5,866163E+0	-3,769540E-3	-3,807953E-3
20220411 11:08:14,461	c_1_630_20220411_11_08_14,461.bmp	1,604455E+0	5,886531E+0	-3,769540E-3	-3,807953E-3
20220411 11:08:20,466	c_1_631_20220411_11_08_20,466.bmp	1,594273E+0	5,901806E+0	1,321881E-3	1,107786E-5
20220411 11:08:26,471	c_1_632_20220411_11_08_26,471.bmp	1,590455E+0	5,927266E+0	4,902598E-5	-2,534943E-3
20220411 11:08:32,478	c_1_633_20220411_11_08_32,478.bmp	1,590455E+0	5,945087E+0	-3,769540E-3	-5,080963E-3
20220411 11:08:38,482	c_1_634_20220411_11_08_38,482.bmp	1,590455E+0	5,964182E+0	-3,769540E-3	-3,807953E-3
20220411 11:08:44,485	c_1_635_20220411_11_08_44,485.bmp	1,582818E+0	5,983276E+0	-1,223829E-3	-3,807953E-3
20220411 11:08:50,486	c_1_636_20220411_11_08_50,486.bmp	1,581546E+0	6,004917E+0	-3,769540E-3	-3,807953E-3
20220411 11:08:56,490	c_1_637_20220411_11_08_56,490.bmp	1,579000E+0	6,024012E+0	-3,769540E-3	-3,807953E-3
20220411 11:09:02,499	c_1_638_20220411_11_09_02,499.bmp	1,568819E+0	6,040560E+0	4,902598E-5	2,557098E-3
20220411 11:09:08,508	c_1_639_20220411_11_09_08,508.bmp	1,561182E+0	6,064747E+0	4,902598E-5	-3,807953E-3
20220411 11:09:14,511	c_1_640_20220411_11_09_14,511.bmp	1,559910E+0	6,082568E+0	4,902598E-5	1,107786E-5
20220411 11:09:20,515	c_1_641_20220411_11_09_20,515.bmp	1,554819E+0	6,099117E+0	4,902598E-5	1,284088E-3
20220411 11:09:26,516	c_1_642_20220411_11_09_26,516.bmp	1,547182E+0	6,123303E+0	4,902598E-5	-1,261932E-3
20220411 11:09:32,520	c_1_643_20220411_11_09_32,520.bmp	1,540819E+0	6,146217E+0	4,902598E-5	-3,807953E-3
20220411 11:09:38,527	c_1_644_20220411_11_09_38,527.bmp	1,538273E+0	6,162766E+0	2,594737E-3	1,107786E-5
20220411 11:09:44,533	c_1_645_20220411_11_09_44,533.bmp	1,539546E+0	6,181860E+0	4,902598E-5	1,107786E-5
20220411 11:09:50,536	c_1_646_20220411_11_09_50,536.bmp	1,534455E+0	6,203501E+0	1,321881E-3	1,107786E-5
20220411 11:09:56,537	c_1_647_20220411_11_09_56,537.bmp	1,535728E+0	6,221322E+0	1,321881E-3	1,107786E-5
20220411 11:10:02,542	c_1_648_20220411_11_10_02,542.bmp	1,531910E+0	6,239144E+0	3,867592E-3	2,557098E-3
20220411 11:10:08,543	c_1_649_20220411_11_10_08,543.bmp	1,529364E+0	6,265876E+0	4,902598E-5	-3,807953E-3
20220411 11:10:14,545	c_1_650_20220411_11_10_14,545.bmp	1,534455E+0	6,286244E+0	-3,769540E-3	-2,534943E-3
20220411 11:10:20,546	c_1_651_20220411_11_10_20,546.bmp	1,526819E+0	6,298974E+0	1,321881E-3	1,107786E-5
20220411 11:10:26,556	c_1_652_20220411_11_10_26,556.bmp	1,526819E+0	6,321887E+0	4,902598E-5	-1,261932E-3
20220411 11:10:32,563	c_1_653_20220411_11_10_32,563.bmp	1,519183E+0	6,342255E+0	3,867592E-3	2,557098E-3
20220411 11:10:38,567	c_1_654_20220411_11_10_38,567.bmp	1,516637E+0	6,360076E+0	1,321881E-3	1,107786E-5
20220411 11:10:44,571	c_1_655_20220411_11_10_44,571.bmp	1,517910E+0	6,382990E+0	4,902598E-5	1,107786E-5
20220411 11:10:50,572	c_1_656_20220411_11_10_50,572.bmp	1,519183E+0	6,405903E+0	-3,769540E-3	-3,807953E-3
20220411 11:10:56,580	c_1_657_20220411_11_10_56,580.bmp	1,511546E+0	6,421179E+0	1,321881E-3	-3,807953E-3
20220411 11:11:02,585	c_1_658_20220411_11_11_02,585.bmp	1,510274E+0	6,445366E+0	-3,769540E-3	-3,807953E-3
20220411 11:11:08,590	c_1_659_20220411_11_11_08,590.bmp	1,507728E+0	6,465733E+0	-3,769540E-3	-3,807953E-3
20220411 11:11:14,591	c_1_660_20220411_11_11_14,591.bmp	1,500092E+0	6,477190E+0	4,902598E-5	2,557098E-3
20220411 11:11:20,595	c_1_661_20220411_11_11_20,595.bmp	1,500092E+0	6,502649E+0	4,902598E-5	1,107786E-5
20220411 11:11:26,599	c_1_662_20220411_11_11_26,599.bmp	1,496274E+0	6,526836E+0	-3,769540E-3	-3,807953E-3
20220411 11:11:32,603	c_1_663_20220411_11_11_32,603.bmp	1,489910E+0	6,543384E+0	4,902598E-5	1,107786E-5
20220411 11:11:38,610	c_1_664_20220411_11_11_38,610.bmp	1,489910E+0	6,563752E+0	4,902598E-5	1,107786E-5
20220411 11:11:44,618	c_1_665_20220411_11_11_44,618.bmp	1,481001E+0	6,579028E+0	3,867592E-3	2,557098E-3
20220411 11:11:50,622	c_1_666_20220411_11_11_50,622.bmp	1,475910E+0	6,603214E+0	4,902598E-5	-1,261932E-3
20220411 11:11:56,625	c_1_667_20220411_11_11_56,625.bmp	1,456819E+0	6,619763E+0	1,321881E-3	2,557098E-3
20220411 11:12:02,627	c_1_668_20220411_11_12_02,627.bmp	1,446638E+0	6,640130E+0	1,321881E-3	2,557098E-3
20220411 11:12:08,636	c_1_669_20220411_11_12_08,636.bmp	1,437729E+0	6,666863E+0	4,902598E-5	-3,807953E-3
20220411 11:12:14,644	c_1_670_20220411_11_12_14,644.bmp	1,431365E+0	6,679593E+0	3,867592E-3	1,284088E-3
20220411 11:12:20,648	c_1_671_20220411_11_12_20,648.bmp	1,425001E+0	6,705052E+0	4,902598E-5	-1,261932E-3
20220411 11:12:26,651	c_1_672_20220411_11_12_26,651.bmp	1,412274E+0	6,722874E+0	2,594737E-3	1,284088E-3
20220411 11:12:32,655	c_1_673_20220411_11_12_32,655.bmp	1,400820E+0	6,744514E+0	-1,223829E-3	-3,807953E-3
20220411 11:12:38,667	c_1_674_20220411_11_12_38,667.bmp	1,386820E+0	6,758517E+0	-1,223829E-3	2,557098E-3
20220411 11:12:44,672	c_1_675_20220411_11_12_44,672.bmp	1,337184E+0	6,780157E+0	4,902598E-5	1,107786E-5
20220411 11:12:50,678	c_1_676_20220411_11_12_50,678.bmp	1,248094E+0	6,800525E+0	3,867592E-3	-1,261932E-3
20220411 11:12:56,680	c_1_677_20220411_11_12_56,680.bmp	1,207367E+0	6,824711E+0	-2,496685E-3	-3,807953E-3
20220411 11:13:02,684	c_1_678_20220411_11_13_02,684.bmp	1,159003E+0	6,841260E+0	-2,496685E-3	1,107786E-5
20220411 11:13:08,685	c_1_679_20220411_11_13_08,685.bmp	1,103004E+0	6,857809E+0	2,594737E-3	1,284088E-3
20220411 11:13:14,692	c_1_680_20220411_11_13_14,692.bmp	1,034277E+0	6,885814E+0	1,321881E-3	1,107786E-5
20220411 11:13:20,694	c_1_681_20220411_11_13_20,694.bmp	1,003732E+0	6,899817E+0	3,867592E-3	2,557098E-3
20220411 11:13:26,701	c_1_682_20220411_11_13_26,701.bmp	9,871865E-1	6,918911E+0	3,867592E-3	2,557098E-3
20220411 11:13:32,705	c_1_683_20220411_11_13_32,705.bmp	9,680957E-1	6,943098E+0	-1,223829E-3	-1,261932E-3
20220411 11:13:38,708	c_1_684_20220411_11_13_38,708.bmp	9,464595E-1	6,959646E+0	1,321881E-3	2,557098E-3
20220411 11:13:44,711	c_1_685_20220411_11_13_44,711.bmp	8,700964E-1	6,980014E+0	3,867592E-3	1,284088E-3
20220411 11:13:50,712	c_1_686_20220411_11_13_50,712.bmp	8,599147E-1	7,001655E+0	-1,223829E-3	1,107786E-5
20220411 11:13:56,721	c_1_687_20220411_11_13_56,721.bmp	8,497329E-1	7,022022E+0	1,321881E-3	3,830109E-3
20220411 11:14:02,728	c_1_688_20220411_11_14_02,728.bmp	8,497329E-1	7,042390E+0	-2,496685E-3	-1,261932E-3
20220411 11:14:08,730	c_1_689_20220411_11_14_08,730.bmp	8,471875E-1	7,058938E+0	3,867592E-3	2,557098E-3
20220411 11:14:14,735	c_1_690_20220411_11_14_14,735.bmp	8,522784E-1	7,085671E+0	-5,042396E-3	-3,807953E-3
20220411 11:14:20,740	c_1_691_20220411_11_14_20,740.bmp	8,484602E-1	7,098400E+0	3,867592E-3	2,557098E-3
20220411 11:14:26,754	c_1_692_20220411_11_14_26,754.bmp	8,510057E-1	7,120041E+0	2,594737E-3	2,557098E-3
20220411 11:14:32,760	c_1_693_20220411_11_14_32,760.bmp	8,535511E-1	7,144228E+0	3,867592E-3	1,284088E-3
20220411 11:14:38,765	c_1_694_20220411_11_14_38,765.bmp	8,560965E-1	7,165868E+0	-3,769540E-3	-3,807953E-3
20220411 11:14:44,770	c_1_695_20220411_11_14_44,770.bmp	8,535511E-1	7,183690E+0	-5,042396E-3	1,107786E-5
20220411 11:14:50,771	c_1_696_20220411_11_14_50,771.bmp	8,560965E-1	7,196419E+0	4,902598E-5	1,107786E-5
