2.290428451879745037e-06
2.557733724171226470e-06
6.367358482004475224e-04
4.541528396930180969e-03
1.122500352532548526e-02
1.989642100237365777e-02
3.420085440548165101e-02
4.937028880243584522e-02
6.780896052481040492e-02
8.568962696670144596e-02
1.104487181461815404e-01
1.372905194964826603e-01
1.645258416238109811e-01
1.925217139713426007e-01
2.239294638749037003e-01
2.623226989341538862e-01
2.915028667343079749e-01
3.345066378859560263e-01
3.739357781791823876e-01
4.202405808009440080e-01
4.511934199790987310e-01
4.993579757382382023e-01
5.230524578294283300e-01
5.702638010704901284e-01
6.090404418895521976e-01
6.130643248758738117e-01
6.461086872552697091e-01
6.550930324424429907e-01
7.117635682516859630e-01
7.380788679956894471e-01
7.791025754450032759e-01
7.934791119161285211e-01
7.800550354167218314e-01
8.014254289360946970e-01
8.327018268314905214e-01
8.668866839455657836e-01
9.127581021608924816e-01
9.599556279120965430e-01
9.955584662776206795e-01
1.052277116275562197e+00
1.096088751451377963e+00
1.143395363700114409e+00
1.192605798764784897e+00
1.253962565161518050e+00
1.288240553069373018e+00
1.354630445821081608e+00
1.404708648604866106e+00
1.484004182125348459e+00
1.547214866853628079e+00
1.607057473820225679e+00
1.650750371318995713e+00
1.722319116337541756e+00
1.770872557283052151e+00
1.807378418340593207e+00
1.843463456712976400e+00
1.852705131353284296e+00
1.787542081801908767e+00
1.794723863255724750e+00
1.420083426091826251e+00
1.304879341513446533e+00
1.298119151400650040e+00
1.303502054172144264e+00
1.316980431028811571e+00
1.279778102642665560e+00
1.309072648936924210e+00
1.311145044421109240e+00
1.324215828960938479e+00
1.354890194382619262e+00
1.357555426646440244e+00
1.397458444094642038e+00
1.431752840030168672e+00
1.461061386784468619e+00
1.496679103413895318e+00
1.536420911698644254e+00
1.564232768561987674e+00
1.594216681313737949e+00
1.628975253461038442e+00
1.662941388587097613e+00
1.703593571091257752e+00
1.746394041564431898e+00
1.779377763259134326e+00
1.830047423627818137e+00
1.881474992862369078e+00
1.924418461540088332e+00
1.941089898386699986e+00
1.969497652121480646e+00
2.025175444280110426e+00
2.055731195592921612e+00
2.103515365363457956e+00
2.139580144457597033e+00
2.186628316793329141e+00
2.225052422638961858e+00
2.266889849602313323e+00
2.297027889734104988e+00
2.306874863476837678e+00
2.250281006074154710e+00
2.205245745468038532e+00
2.126546722560832769e+00
1.342488089644257476e+00
1.239854143788824636e+00
1.241311443952753280e+00
1.245891737479031924e+00
1.270514764793716722e+00
1.293288250661435823e+00
1.308252816684151387e+00
1.327271556496472549e+00
1.346246046533531748e+00
1.368023823828869778e+00
1.375604874900090424e+00
1.417837877737117447e+00
1.434178024352763980e+00
1.461012878062313280e+00
1.482559109113932738e+00
1.511453944887161782e+00
1.533362837318421601e+00
1.568533030616512169e+00
1.589894350875906248e+00
1.614063111275966245e+00
1.637311256432130158e+00
1.626232988078252673e+00
1.335316170007913028e+00
1.288971208114845224e+00
1.250246634947858926e+00
1.265000090217498929e+00
1.277815956381576079e+00
1.299705985800577501e+00
1.303474217630497867e+00
1.317851435827146034e+00
1.338989150216987278e+00
1.358875065317318942e+00
1.368715742298558524e+00
1.372001071102255221e+00
1.383975427256032509e+00
1.408089135320715002e+00
1.417742699570571530e+00
1.414170757841513693e+00
1.430264523130897913e+00
1.423167616722265771e+00
1.415530115490480023e+00
1.423120160100381115e+00
1.432701156047658131e+00
1.443893434925915820e+00
1.460625880862258974e+00
1.487695681560873284e+00
1.498116404862088968e+00
1.523506151666395469e+00
1.527659539008517031e+00
1.553564582544115336e+00
1.553208368301425057e+00
1.563046824279177072e+00
1.575757938259121804e+00
1.597383481723034793e+00
1.629608455368062536e+00
1.641844064860190189e+00
1.660112074691403317e+00
1.676206543356763001e+00
1.705353446724612088e+00
1.718102836915940790e+00
1.741419117916365167e+00
1.772602580594895727e+00
1.784220610539091423e+00
1.822357630821445529e+00
1.846565270021223393e+00
1.865269121162687949e+00
1.889789111853926507e+00
1.906127675460322468e+00
1.935365585097451602e+00
1.961787260293959223e+00
1.975839217388976277e+00
1.997963406043256285e+00
2.017410557615592737e+00
2.053472043349080955e+00
2.072427193102018617e+00
2.097128314746901978e+00
2.125107722704139501e+00
2.145679067163404952e+00
2.165048732702411716e+00
2.187399262388286747e+00
2.222662893057634648e+00
2.245602284781849534e+00
2.269268955893793294e+00
2.282519311264621376e+00
2.304115830282581712e+00
2.331381551174569911e+00
2.365799026152027196e+00
2.395409352856766816e+00
2.400818207186337094e+00
2.425204486160141393e+00
2.424516063365022234e+00
2.438577819945012326e+00
2.461624968669519298e+00
2.488875335219578933e+00
2.473741631432767818e+00
2.298599418552205620e+00
1.845020731258688595e+00
1.779062314589048954e+00
1.781001810627384607e+00
1.770118778773852375e+00
1.770961468774212344e+00
1.794474126050048524e+00
1.785665570545158509e+00
1.804735649485123217e+00
1.807230273750543903e+00
1.793334785975138512e+00
1.813931418904625170e+00
1.802962263340039284e+00
1.819938076856379983e+00
1.807619212438977829e+00
1.823227769656262431e+00
1.854431276172618714e+00
1.857907104160239742e+00
1.880397742723060928e+00
1.881030325318176155e+00
1.908366559569626864e+00
1.904317277586576651e+00
1.926308725167593439e+00
1.942032501434323599e+00
1.953837991354627102e+00
1.952675414384640096e+00
1.909290320690186560e+00
1.886223400123060223e+00
1.889967493955897027e+00
1.855835562835259411e+00
1.857845506394800728e+00
1.868520746802323051e+00
1.879747234641045761e+00
1.882439028183651608e+00
1.896347993569144075e+00
1.906173981027605269e+00
1.884119248758518550e+00
1.910615963301368847e+00
1.908198146052623834e+00
1.910656708866394826e+00
1.925499315663415700e+00
1.933964762404012605e+00
1.921017387978242397e+00
1.798550446055273699e+00
1.780733284823199813e+00
1.769882789704872783e+00
1.766380538610307305e+00
1.781844622884455553e+00
1.791297403743417282e+00
1.811384444083312673e+00
1.820012040152017452e+00
1.840024863921871034e+00
1.863384731736264399e+00
1.862941608893462719e+00
1.889403999504560172e+00
1.899450575605169389e+00
1.925910028177640898e+00
1.939832749421012359e+00
1.950687810489495799e+00
1.978406340652470119e+00
1.999110106351412952e+00
2.025223019749734288e+00
2.052002497712434703e+00
2.084887242119672912e+00
2.107021346651561711e+00
2.127383447188011534e+00
2.160245162461585267e+00
2.186317831414184898e+00
2.211520400585569313e+00
2.242388662489545048e+00
2.279282760140113773e+00
2.299777781687134315e+00
2.321445335673134824e+00
2.356350946093345389e+00
2.386052772938903388e+00
2.422523029401057126e+00
2.449676164160421887e+00
2.466832286466187352e+00
2.499768526811591673e+00
2.531445346223086368e+00
2.546502831765183217e+00
2.581700319613733363e+00
2.592795595869639591e+00
2.627685750899174444e+00
2.632920466003528581e+00
2.646393907396860978e+00
2.666864125435626676e+00
2.670699794306649721e+00
2.604307129866885617e+00
2.559446488703380762e+00
2.549651136457459444e+00
2.561091206699132705e+00
2.572052881017106607e+00
2.590529413232326217e+00
2.612563004529549371e+00
2.631184101694912236e+00
2.645493665296036134e+00
2.644982344625753434e+00
2.619704543435247501e+00
2.610037627286086792e+00
2.617527762487034781e+00
2.465350955804571420e+00
2.256720679203398916e+00
2.241264878612009070e+00
2.235816089049145194e+00
2.230943166506439201e+00
2.208830386052136774e+00
1.831654146742082823e+00
1.656114948072307191e+00
1.626765574130913494e+00
1.651498203350619365e+00
1.676723824689941411e+00
1.686635528135707940e+00
1.694612354546493282e+00
1.729320433593109163e+00
1.753945473694661139e+00
1.761745253597465366e+00
