0.000000000000000000e+00 -7.147415443522654862e-04
1.000000000000000000e+00 -6.253988513082323411e-04
2.000000000000000000e+00 -5.360561582641990876e-04
3.000000000000000000e+00 -4.467134652201659424e-04
4.000000000000000000e+00 -4.467134652201659424e-04
5.000000000000000000e+00 -3.573707721761327431e-04
6.000000000000000000e+00 -2.680280791320995438e-04
7.000000000000000000e+00 -1.786853860880663716e-04
8.000000000000000000e+00 -8.934269304403318578e-05
9.000000000000000000e+00 0.000000000000000000e+00
1.000000000000000000e+01 8.934269304403318578e-05
1.100000000000000000e+01 1.786853860880663716e-04
1.200000000000000000e+01 1.786853860880663716e-04
1.300000000000000000e+01 2.680280791320995438e-04
1.400000000000000000e+01 3.573707721761327431e-04
1.500000000000000000e+01 4.467134652201659424e-04
1.600000000000000000e+01 5.360561582641990876e-04
1.700000000000000000e+01 6.253988513082323411e-04
1.800000000000000000e+01 7.147415443522654862e-04
1.900000000000000000e+01 7.147415443522654862e-04
2.000000000000000000e+01 8.040842373962986313e-04
2.100000000000000000e+01 8.934269304403318849e-04
2.200000000000000000e+01 1.965539246968730277e-03
2.300000000000000000e+01 2.054881940012763097e-03
2.400000000000000000e+01 2.144224633056796350e-03
2.500000000000000000e+01 5.807275047862156710e-03
2.600000000000000000e+01 5.896617740906190397e-03
2.700000000000000000e+01 8.844926611359285595e-03
2.800000000000000000e+01 8.755583918315252775e-03
2.900000000000000000e+01 8.844926611359285595e-03
3.000000000000000000e+01 8.934269304403318415e-03
3.100000000000000000e+01 9.023611997447351235e-03
3.200000000000000000e+01 9.112954690491385790e-03
3.300000000000000000e+01 8.844926611359285595e-03
3.400000000000000000e+01 8.934269304403318415e-03
3.500000000000000000e+01 8.934269304403318415e-03
3.600000000000000000e+01 8.576898532227185401e-03
3.700000000000000000e+01 8.666241225271218221e-03
3.800000000000000000e+01 8.755583918315252775e-03
3.900000000000000000e+01 8.844926611359285595e-03
4.000000000000000000e+01 8.934269304403318415e-03
4.100000000000000000e+01 9.023611997447351235e-03
4.200000000000000000e+01 9.023611997447351235e-03
4.300000000000000000e+01 9.112954690491385790e-03
4.400000000000000000e+01 9.202297383535418610e-03
4.500000000000000000e+01 9.291640076579451429e-03
4.600000000000000000e+01 9.380982769623484249e-03
4.700000000000000000e+01 8.398213146139119761e-03
4.800000000000000000e+01 8.487555839183152581e-03
4.900000000000000000e+01 8.576898532227185401e-03
5.000000000000000000e+01 8.934269304403318415e-03
5.100000000000000000e+01 9.023611997447351235e-03
5.200000000000000000e+01 9.112954690491385790e-03
5.300000000000000000e+01 9.291640076579451429e-03
5.400000000000000000e+01 9.380982769623484249e-03
5.500000000000000000e+01 9.917038927887682903e-03
5.600000000000000000e+01 1.313337587747287830e-02
5.700000000000000000e+01 1.313337587747287830e-02
5.800000000000000000e+01 1.572431397574984221e-02
5.900000000000000000e+01 1.599234205488193894e-02
6.000000000000000000e+01 1.634971282705807369e-02
6.100000000000000000e+01 1.742182514358647100e-02
6.200000000000000000e+01 1.742182514358647100e-02
6.300000000000000000e+01 2.045947670708360075e-02
6.400000000000000000e+01 2.063816209317166639e-02
6.500000000000000000e+01 2.179961710274409825e-02
6.600000000000000000e+01 2.260370134014039536e-02
6.700000000000000000e+01 2.269304403318442992e-02
6.800000000000000000e+01 2.430121250797702762e-02
6.900000000000000000e+01 2.439055520102105870e-02
7.000000000000000000e+01 2.447989789406509326e-02
7.100000000000000000e+01 2.456924058710912781e-02
7.200000000000000000e+01 2.456924058710912781e-02
7.300000000000000000e+01 2.465858328015315890e-02
7.400000000000000000e+01 2.474792597319719345e-02
7.500000000000000000e+01 2.483726866624122454e-02
7.600000000000000000e+01 2.492661135928525909e-02
7.700000000000000000e+01 2.501595405232929364e-02
7.800000000000000000e+01 2.510529674537332473e-02
7.900000000000000000e+01 2.519463943841735928e-02
8.000000000000000000e+01 2.519463943841735928e-02
8.100000000000000000e+01 2.528398213146139037e-02
8.200000000000000000e+01 2.421186981493299306e-02
8.300000000000000000e+01 2.439055520102105870e-02
8.400000000000000000e+01 2.528398213146139037e-02
8.500000000000000000e+01 2.546266751754945948e-02
8.600000000000000000e+01 2.546266751754945948e-02
8.700000000000000000e+01 2.537332482450542492e-02
8.800000000000000000e+01 2.537332482450542492e-02
8.900000000000000000e+01 2.537332482450542492e-02
9.000000000000000000e+01 2.537332482450542492e-02
9.100000000000000000e+01 2.537332482450542492e-02
9.200000000000000000e+01 2.537332482450542492e-02
9.300000000000000000e+01 2.537332482450542492e-02
9.400000000000000000e+01 2.537332482450542492e-02
9.500000000000000000e+01 2.698149329929802262e-02
9.600000000000000000e+01 2.814294830887045448e-02
9.700000000000000000e+01 2.841097638800255468e-02
9.800000000000000000e+01 3.207402680280791590e-02
9.900000000000000000e+01 3.511167836630504219e-02
1.000000000000000000e+02 3.555839183152520455e-02
1.010000000000000000e+02 3.555839183152520455e-02
1.020000000000000000e+02 3.555839183152520455e-02
1.030000000000000000e+02 3.573707721761327366e-02
1.040000000000000000e+02 3.582641991065730475e-02
1.050000000000000000e+02 3.582641991065730475e-02
1.060000000000000000e+02 3.636247606892150513e-02
1.070000000000000000e+02 3.582641991065730475e-02
1.080000000000000000e+02 3.654116145500957424e-02
1.090000000000000000e+02 3.573707721761327366e-02
1.100000000000000000e+02 3.654116145500957424e-02
1.110000000000000000e+02 3.654116145500957424e-02
1.120000000000000000e+02 3.654116145500957424e-02
1.130000000000000000e+02 3.654116145500957424e-02
1.140000000000000000e+02 3.654116145500957424e-02
1.150000000000000000e+02 3.663050414805360533e-02
1.160000000000000000e+02 3.689853222718570552e-02
1.170000000000000000e+02 3.698787492022973661e-02
1.180000000000000000e+02 3.698787492022973661e-02
1.190000000000000000e+02 3.716656030631780572e-02
1.200000000000000000e+02 4.082961072112316347e-02
1.210000000000000000e+02 4.449266113592852817e-02
1.220000000000000000e+02 4.815571155073388593e-02
1.230000000000000000e+02 4.842373962986598612e-02
1.240000000000000000e+02 4.842373962986598612e-02
1.250000000000000000e+02 4.878111040204211740e-02
1.260000000000000000e+02 4.976388002552648709e-02
1.270000000000000000e+02 4.985322271857051818e-02
1.280000000000000000e+02 4.976388002552648709e-02
1.290000000000000000e+02 4.976388002552648709e-02
1.300000000000000000e+02 5.021059349074664946e-02
1.310000000000000000e+02 5.083599234205488093e-02
1.320000000000000000e+02 5.083599234205488093e-02
1.330000000000000000e+02 5.074664964901084985e-02
1.340000000000000000e+02 5.074664964901084985e-02
1.350000000000000000e+02 5.172941927249521260e-02
1.360000000000000000e+02 5.172941927249521260e-02
1.370000000000000000e+02 5.181876196553925062e-02
1.380000000000000000e+02 5.190810465858328171e-02
1.390000000000000000e+02 5.199744735162731279e-02
1.400000000000000000e+02 5.199744735162731279e-02
1.410000000000000000e+02 5.199744735162731279e-02
1.420000000000000000e+02 5.199744735162731279e-02
1.430000000000000000e+02 5.199744735162731279e-02
1.440000000000000000e+02 5.199744735162731279e-02
1.450000000000000000e+02 5.199744735162731279e-02
1.460000000000000000e+02 5.199744735162731279e-02
1.470000000000000000e+02 5.199744735162731279e-02
1.480000000000000000e+02 5.289087428206764446e-02
1.490000000000000000e+02 5.298021697511168249e-02
1.500000000000000000e+02 5.315890236119974466e-02
1.510000000000000000e+02 5.315890236119974466e-02
1.520000000000000000e+02 5.315890236119974466e-02
1.530000000000000000e+02 5.387364390555201416e-02
1.540000000000000000e+02 5.396298659859604524e-02
1.550000000000000000e+02 5.396298659859604524e-02
1.560000000000000000e+02 5.378430121250797613e-02
1.570000000000000000e+02 5.387364390555201416e-02
1.580000000000000000e+02 5.378430121250797613e-02
1.590000000000000000e+02 5.378430121250797613e-02
1.600000000000000000e+02 5.396298659859604524e-02
1.610000000000000000e+02 5.387364390555201416e-02
1.620000000000000000e+02 5.396298659859604524e-02
1.630000000000000000e+02 5.396298659859604524e-02
1.640000000000000000e+02 5.378430121250797613e-02
1.650000000000000000e+02 5.396298659859604524e-02
1.660000000000000000e+02 5.369495851946394505e-02
1.670000000000000000e+02 5.378430121250797613e-02
1.680000000000000000e+02 5.387364390555201416e-02
1.690000000000000000e+02 5.378430121250797613e-02
1.700000000000000000e+02 5.387364390555201416e-02
1.710000000000000000e+02 5.387364390555201416e-02
1.720000000000000000e+02 5.387364390555201416e-02
1.730000000000000000e+02 5.387364390555201416e-02
1.740000000000000000e+02 5.387364390555201416e-02
1.750000000000000000e+02 5.387364390555201416e-02
1.760000000000000000e+02 5.387364390555201416e-02
1.770000000000000000e+02 5.387364390555201416e-02
1.780000000000000000e+02 5.378430121250797613e-02
1.790000000000000000e+02 5.378430121250797613e-02
1.800000000000000000e+02 5.369495851946394505e-02
1.810000000000000000e+02 5.387364390555201416e-02
1.820000000000000000e+02 5.387364390555201416e-02
1.830000000000000000e+02 5.378430121250797613e-02
1.840000000000000000e+02 5.378430121250797613e-02
1.850000000000000000e+02 5.369495851946394505e-02
1.860000000000000000e+02 5.360561582641991396e-02
1.870000000000000000e+02 5.360561582641991396e-02
1.880000000000000000e+02 5.449904275686024563e-02
1.890000000000000000e+02 5.449904275686024563e-02
1.900000000000000000e+02 5.449904275686024563e-02
1.910000000000000000e+02 5.351627313337587594e-02
1.920000000000000000e+02 5.449904275686024563e-02
1.930000000000000000e+02 5.458838544990427671e-02
1.940000000000000000e+02 5.700063816209317152e-02
1.950000000000000000e+02 5.887683471601787288e-02
1.960000000000000000e+02 5.905552010210593505e-02
1.970000000000000000e+02 6.003828972559029781e-02
1.980000000000000000e+02 6.048500319081046711e-02
1.990000000000000000e+02 6.066368857689853622e-02
2.000000000000000000e+02 6.084237396298659839e-02
2.010000000000000000e+02 6.075303126994256731e-02
2.020000000000000000e+02 6.102105934907466750e-02
2.030000000000000000e+02 6.128908742820676769e-02
2.040000000000000000e+02 6.137843012125079878e-02
2.050000000000000000e+02 6.173580089342693006e-02
2.060000000000000000e+02 6.173580089342693006e-02
2.070000000000000000e+02 6.227185705169113045e-02
2.080000000000000000e+02 6.262922782386726173e-02
2.090000000000000000e+02 6.236119974473516153e-02
2.100000000000000000e+02 6.262922782386726173e-02
2.110000000000000000e+02 6.245054243777919956e-02
2.120000000000000000e+02 6.253988513082323064e-02
2.130000000000000000e+02 6.236119974473516153e-02
2.140000000000000000e+02 6.316528398213146211e-02
2.150000000000000000e+02 6.316528398213146211e-02
2.160000000000000000e+02 6.316528398213146211e-02
2.170000000000000000e+02 6.325462667517549320e-02
2.180000000000000000e+02 6.414805360561583181e-02
2.190000000000000000e+02 6.584556477345246406e-02
2.200000000000000000e+02 6.682833439693681987e-02
2.210000000000000000e+02 6.691767708998085096e-02
2.220000000000000000e+02 6.932992980216974577e-02
2.230000000000000000e+02 6.941927249521379073e-02
2.240000000000000000e+02 6.950861518825782182e-02
2.250000000000000000e+02 6.950861518825782182e-02
2.260000000000000000e+02 7.031269942565411546e-02
2.270000000000000000e+02 7.031269942565411546e-02
2.280000000000000000e+02 7.031269942565411546e-02
2.290000000000000000e+02 7.201021059349074771e-02
2.300000000000000000e+02 7.201021059349074771e-02
2.310000000000000000e+02 7.201021059349074771e-02
2.320000000000000000e+02 7.263560944479897918e-02
2.330000000000000000e+02 7.308232291001914849e-02
2.340000000000000000e+02 7.308232291001914849e-02
2.350000000000000000e+02 7.326100829610721066e-02
2.360000000000000000e+02 7.665603063178047516e-02
2.370000000000000000e+02 7.683471601786853733e-02
2.380000000000000000e+02 7.781748564135290702e-02
2.390000000000000000e+02 7.781748564135290702e-02
2.400000000000000000e+02 7.781748564135290702e-02
2.410000000000000000e+02 7.781748564135290702e-02
2.420000000000000000e+02 7.772814294830887594e-02
2.430000000000000000e+02 7.772814294830887594e-02
2.440000000000000000e+02 7.781748564135290702e-02
2.450000000000000000e+02 7.781748564135290702e-02
2.460000000000000000e+02 7.772814294830887594e-02
2.470000000000000000e+02 7.781748564135290702e-02
2.480000000000000000e+02 7.817485641352903136e-02
2.490000000000000000e+02 7.808551372048500028e-02
2.500000000000000000e+02 7.835354179961710741e-02
2.510000000000000000e+02 7.835354179961710741e-02
2.520000000000000000e+02 7.826419910657307633e-02
2.530000000000000000e+02 7.826419910657307633e-02
2.540000000000000000e+02 7.808551372048500028e-02
2.550000000000000000e+02 7.808551372048500028e-02
2.560000000000000000e+02 7.808551372048500028e-02
2.570000000000000000e+02 7.808551372048500028e-02
2.580000000000000000e+02 7.799617102744096919e-02
2.590000000000000000e+02 7.799617102744096919e-02
2.600000000000000000e+02 7.799617102744096919e-02
2.610000000000000000e+02 7.781748564135290702e-02
2.620000000000000000e+02 7.781748564135290702e-02
2.630000000000000000e+02 7.781748564135290702e-02
2.640000000000000000e+02 7.781748564135290702e-02
2.650000000000000000e+02 7.772814294830887594e-02
2.660000000000000000e+02 7.772814294830887594e-02
2.670000000000000000e+02 7.772814294830887594e-02
2.680000000000000000e+02 7.772814294830887594e-02
2.690000000000000000e+02 7.754945756222079989e-02
2.700000000000000000e+02 7.754945756222079989e-02
2.710000000000000000e+02 7.754945756222079989e-02
2.720000000000000000e+02 7.754945756222079989e-02
2.730000000000000000e+02 7.754945756222079989e-02
2.740000000000000000e+02 7.754945756222079989e-02
2.750000000000000000e+02 7.754945756222079989e-02
2.760000000000000000e+02 7.754945756222079989e-02
2.770000000000000000e+02 7.754945756222079989e-02
2.780000000000000000e+02 7.763880025526484485e-02
2.790000000000000000e+02 7.772814294830887594e-02
2.800000000000000000e+02 7.799617102744096919e-02
2.810000000000000000e+02 7.799617102744096919e-02
2.820000000000000000e+02 7.799617102744096919e-02
2.830000000000000000e+02 7.862156987874920067e-02
2.840000000000000000e+02 7.853222718570516958e-02
2.850000000000000000e+02 7.853222718570516958e-02
2.860000000000000000e+02 7.853222718570516958e-02
2.870000000000000000e+02 7.853222718570516958e-02
2.880000000000000000e+02 7.853222718570516958e-02
2.890000000000000000e+02 7.853222718570516958e-02
2.900000000000000000e+02 7.871091257179323175e-02
2.910000000000000000e+02 7.871091257179323175e-02
2.920000000000000000e+02 7.862156987874920067e-02
2.930000000000000000e+02 7.862156987874920067e-02
2.940000000000000000e+02 7.871091257179323175e-02
2.950000000000000000e+02 7.888959795788130780e-02
2.960000000000000000e+02 7.924696873005743214e-02
2.970000000000000000e+02 7.951499680918953927e-02
2.980000000000000000e+02 8.058710912571794005e-02
2.990000000000000000e+02 8.103382259093809548e-02
3.000000000000000000e+02 8.469687300574345323e-02
3.010000000000000000e+02 8.835992342054882487e-02
3.020000000000000000e+02 9.104020421186981293e-02
3.030000000000000000e+02 9.104020421186981293e-02
3.040000000000000000e+02 9.104020421186981293e-02
3.050000000000000000e+02 9.104020421186981293e-02
3.060000000000000000e+02 9.104020421186981293e-02
3.070000000000000000e+02 9.086151882578175076e-02
3.080000000000000000e+02 9.086151882578175076e-02
3.090000000000000000e+02 9.086151882578175076e-02
