20220916 16:10:19,271	c_0_628_20220916_16_10_19,271.bmp	-1,056110E-4	-2,143211E-2	6,245971E-3	7,112750E-3	-1,698689E-3	2,187256E-3	1,382857E+0	1,388463E+0
20220916 16:10:25,274	c_0_629_20220916_16_10_25,274.bmp	-1,056110E-4	-2,397843E-2	2,427377E-3	7,112750E-3	-6,786918E-3	1,493596E-2	1,385405E+0	1,383347E+0
20220916 16:10:31,276	c_0_630_20220916_16_10_31,276.bmp	4,442851E-2	1,421634E-2	4,973106E-3	9,664739E-3	-9,331032E-3	-1,056144E-2	1,387954E+0	1,388463E+0
20220916 16:10:37,276	c_0_631_20220916_16_10_37,276.bmp	1,258623E-1	3,586004E-2	7,518835E-3	1,349272E-2	-6,786918E-3	-1,821066E-2	1,390502E+0	1,393578E+0
20220916 16:10:43,281	c_0_632_20220916_16_10_43,281.bmp	1,983893E-1	5,623059E-2	7,518835E-3	9,664739E-3	-4,242803E-3	-1,056144E-2	1,387954E+0	1,388463E+0
20220916 16:10:49,284	c_0_633_20220916_16_10_49,284.bmp	2,721887E-1	7,278165E-2	1,006456E-2	1,349272E-2	-1,696338E-2	-1,311118E-2	1,398148E+0	1,396136E+0
20220916 16:10:55,286	c_0_634_20220916_16_10_55,286.bmp	3,472605E-1	9,824483E-2	3,700242E-3	1,094073E-2	-1,698689E-3	-5,461963E-3	1,385405E+0	1,385905E+0
20220916 16:11:01,288	c_0_635_20220916_16_11_01,288.bmp	4,159703E-1	1,186154E-1	6,245971E-3	8,388745E-3	3,389540E-3	1,238622E-2	1,385405E+0	1,385905E+0
20220916 16:11:07,291	c_0_636_20220916_16_11_07,291.bmp	4,884973E-1	1,389859E-1	3,700242E-3	8,388745E-3	-1,698689E-3	-2,912223E-3	1,382857E+0	1,380789E+0
20220916 16:11:13,293	c_0_637_20220916_16_11_13,293.bmp	5,572071E-1	1,542638E-1	7,518835E-3	1,094073E-2	8,454256E-4	-1,821066E-2	1,387954E+0	1,396136E+0
20220916 16:11:19,295	c_0_638_20220916_16_11_19,295.bmp	6,310065E-1	1,759075E-1	6,245971E-3	1,094073E-2	-1,441926E-2	2,187256E-3	1,387954E+0	1,383347E+0
20220916 16:11:25,297	c_0_639_20220916_16_11_25,297.bmp	6,997163E-1	1,975512E-1	7,518835E-3	8,388745E-3	-6,786918E-3	4,736996E-3	1,385405E+0	1,380789E+0
20220916 16:11:31,299	c_0_640_20220916_16_11_31,299.bmp	7,646089E-1	2,166486E-1	6,245971E-3	8,388745E-3	-4,242803E-3	4,736996E-3	1,387954E+0	1,383347E+0
20220916 16:11:37,304	c_0_641_20220916_16_11_37,304.bmp	8,282291E-1	2,344728E-1	8,791700E-3	1,094073E-2	8,454256E-4	-8,011703E-3	1,387954E+0	1,380789E+0
20220916 16:11:43,308	c_0_642_20220916_16_11_43,308.bmp	8,969389E-1	2,522971E-1	7,518835E-3	1,476871E-2	-1,698689E-3	-1,311118E-2	1,395599E+0	1,396136E+0
20220916 16:11:49,312	c_0_643_20220916_16_11_49,312.bmp	9,605590E-1	2,764871E-1	6,245971E-3	1,094073E-2	1,356600E-2	-8,011703E-3	1,390502E+0	1,388463E+0
20220916 16:11:55,316	c_0_644_20220916_16_11_55,316.bmp	1,017817E+0	2,904918E-1	8,791700E-3	1,221673E-2	-1,441926E-2	-2,076040E-2	1,398148E+0	1,393578E+0
20220916 16:12:01,321	c_0_645_20220916_16_12_01,321.bmp	1,080165E+0	3,146818E-1	7,518835E-3	1,094073E-2	-1,950749E-2	-8,011703E-3	1,390502E+0	1,396136E+0
20220916 16:12:07,323	c_0_646_20220916_16_12_07,323.bmp	1,136151E+0	3,350524E-1	7,518835E-3	1,094073E-2	-9,331032E-3	-8,011703E-3	1,390502E+0	1,393578E+0
20220916 16:12:13,328	c_0_647_20220916_16_12_13,328.bmp	1,190864E+0	3,592424E-1	3,700242E-3	8,388745E-3	-4,242803E-3	2,187256E-3	1,385405E+0	1,383347E+0
20220916 16:12:19,332	c_0_648_20220916_16_12_19,332.bmp	1,232853E+0	3,732472E-1	1,006456E-2	1,349272E-2	-1,696338E-2	-3,624835E-4	1,395599E+0	1,396136E+0
20220916 16:12:25,335	c_0_649_20220916_16_12_25,335.bmp	1,283750E+0	3,974372E-1	3,700242E-3	1,094073E-2	8,454256E-4	-1,311118E-2	1,382857E+0	1,388463E+0
20220916 16:12:31,339	c_0_650_20220916_16_12_31,339.bmp	1,323194E+0	4,127151E-1	1,006456E-2	1,094073E-2	-1,950749E-2	-8,011703E-3	1,398148E+0	1,388463E+0
20220916 16:12:37,341	c_0_651_20220916_16_12_37,341.bmp	1,365183E+0	4,369051E-1	7,518835E-3	1,094073E-2	-9,331032E-3	-8,011703E-3	1,387954E+0	1,385905E+0
20220916 16:12:43,343	c_0_652_20220916_16_12_43,343.bmp	1,403355E+0	4,547293E-1	6,245971E-3	7,112750E-3	-1,696338E-2	-2,912223E-3	1,387954E+0	1,383347E+0
20220916 16:12:49,346	c_0_653_20220916_16_12_49,346.bmp	1,442800E+0	4,776462E-1	8,791700E-3	1,476871E-2	-9,331032E-3	-1,056144E-2	1,390502E+0	1,396136E+0
20220916 16:12:55,349	c_0_654_20220916_16_12_55,349.bmp	1,479700E+0	4,916509E-1	8,791700E-3	1,094073E-2	-9,331032E-3	4,736996E-3	1,398148E+0	1,385905E+0
20220916 16:13:01,352	c_0_655_20220916_16_13_01,352.bmp	1,522961E+0	5,107483E-1	8,791700E-3	1,094073E-2	-1,187515E-2	-1,056144E-2	1,395599E+0	1,385905E+0
20220916 16:13:07,353	c_0_656_20220916_16_13_07,353.bmp	1,566223E+0	5,387578E-1	4,973106E-3	8,388745E-3	-6,786918E-3	1,238622E-2	1,382857E+0	1,383347E+0
20220916 16:13:13,355	c_0_657_20220916_16_13_13,355.bmp	1,589126E+0	5,514894E-1	8,791700E-3	1,094073E-2	-1,696338E-2	-5,461963E-3	1,395599E+0	1,388463E+0
20220916 16:13:19,358	c_0_658_20220916_16_13_19,358.bmp	1,609485E+0	5,756794E-1	8,791700E-3	9,664739E-3	-9,331032E-3	-2,840962E-2	1,387954E+0	1,383347E+0
20220916 16:13:25,359	c_0_659_20220916_16_13_25,359.bmp	1,599306E+0	5,909573E-1	8,791700E-3	1,349272E-2	-2,968395E-2	-1,311118E-2	1,395599E+0	1,396136E+0
20220916 16:13:31,362	c_0_660_20220916_16_13_31,362.bmp	1,512782E+0	6,151474E-1	7,518835E-3	7,112750E-3	-9,331032E-3	4,736996E-3	1,390502E+0	1,380789E+0
20220916 16:13:37,367	c_0_661_20220916_16_13_37,367.bmp	1,506420E+0	6,316984E-1	1,006456E-2	1,094073E-2	-2,968395E-2	-8,011703E-3	1,398148E+0	1,388463E+0
20220916 16:13:43,371	c_0_662_20220916_16_13_43,371.bmp	1,512782E+0	6,546153E-1	1,006456E-2	1,094073E-2	-9,331032E-3	-5,461963E-3	1,387954E+0	1,388463E+0
20220916 16:13:49,371	c_0_663_20220916_16_13_49,371.bmp	1,533141E+0	6,724395E-1	8,791700E-3	1,094073E-2	-2,459572E-2	2,187256E-3	1,395599E+0	1,388463E+0
20220916 16:13:55,373	c_0_664_20220916_16_13_55,373.bmp	1,559861E+0	6,915369E-1	6,245971E-3	1,476871E-2	-6,786918E-3	-1,311118E-2	1,395599E+0	1,396136E+0
20220916 16:14:01,373	c_0_665_20220916_16_14_01,373.bmp	1,590399E+0	7,144537E-1	6,245971E-3	1,349272E-2	8,477769E-3	-1,311118E-2	1,387954E+0	1,396136E+0
20220916 16:14:07,375	c_0_666_20220916_16_14_07,375.bmp	1,614574E+0	7,310048E-1	8,791700E-3	1,094073E-2	-1,441926E-2	-8,011703E-3	1,398148E+0	1,388463E+0
20220916 16:14:13,377	c_0_667_20220916_16_14_13,377.bmp	1,648929E+0	7,577412E-1	1,154512E-3	7,112750E-3	-6,786918E-3	4,736996E-3	1,385405E+0	1,388463E+0
20220916 16:14:19,377	c_0_668_20220916_16_14_19,377.bmp	1,680739E+0	7,755654E-1	7,518835E-3	9,664739E-3	-1,187515E-2	-1,311118E-2	1,390502E+0	1,396136E+0
20220916 16:14:25,377	c_0_669_20220916_16_14_25,377.bmp	1,713822E+0	7,946628E-1	6,245971E-3	1,349272E-2	-6,786918E-3	-1,311118E-2	1,387954E+0	1,396136E+0
20220916 16:14:31,381	c_0_670_20220916_16_14_31,381.bmp	1,745632E+0	8,137601E-1	6,245971E-3	1,349272E-2	-4,242803E-3	-1,821066E-2	1,390502E+0	1,396136E+0
20220916 16:14:37,384	c_0_671_20220916_16_14_37,384.bmp	1,782532E+0	8,392233E-1	3,700242E-3	8,388745E-3	-6,786918E-3	-3,624835E-4	1,382857E+0	1,383347E+0
20220916 16:14:43,388	c_0_672_20220916_16_14_43,388.bmp	1,806707E+0	8,519549E-1	1,006456E-2	1,094073E-2	-9,331032E-3	-2,912223E-3	1,395599E+0	1,388463E+0
20220916 16:14:49,389	c_0_673_20220916_16_14_49,389.bmp	1,844879E+0	8,786913E-1	6,245971E-3	7,112750E-3	-6,786918E-3	-3,624835E-4	1,385405E+0	1,383347E+0
20220916 16:14:55,391	c_0_674_20220916_16_14_55,391.bmp	1,877962E+0	8,965155E-1	7,518835E-3	1,094073E-2	-1,696338E-2	1,493596E-2	1,390502E+0	1,388463E+0
20220916 16:15:01,393	c_0_675_20220916_16_15_01,393.bmp	1,917406E+0	9,117934E-1	6,245971E-3	1,349272E-2	-1,187515E-2	-1,311118E-2	1,395599E+0	1,388463E+0
20220916 16:15:07,398	c_0_676_20220916_16_15_07,398.bmp	1,950489E+0	9,359834E-1	7,518835E-3	7,112750E-3	-9,331032E-3	2,187256E-3	1,390502E+0	1,383347E+0
20220916 16:15:13,402	c_0_677_20220916_16_15_13,402.bmp	1,991206E+0	9,538076E-1	3,700242E-3	1,094073E-2	-9,331032E-3	-8,011703E-3	1,390502E+0	1,393578E+0
20220916 16:15:19,405	c_0_678_20220916_16_15_19,405.bmp	2,020471E+0	9,716319E-1	1,006456E-2	1,349272E-2	-1,441926E-2	-1,056144E-2	1,395599E+0	1,393578E+0
20220916 16:15:25,408	c_0_679_20220916_16_15_25,408.bmp	2,054826E+0	9,983682E-1	2,427377E-3	8,388745E-3	8,477769E-3	-3,624835E-4	1,382857E+0	1,383347E+0
20220916 16:15:31,409	c_0_680_20220916_16_15_31,409.bmp	2,081547E+0	1,014919E+0	6,245971E-3	1,094073E-2	-4,242803E-3	-8,011703E-3	1,390502E+0	1,396136E+0
20220916 16:15:37,409	c_0_681_20220916_16_15_37,409.bmp	2,091726E+0	1,034017E+0	6,245971E-3	1,094073E-2	-2,968395E-2	-2,912223E-3	1,390502E+0	1,396136E+0
20220916 16:15:43,411	c_0_682_20220916_16_15_43,411.bmp	2,092998E+0	1,055660E+0	7,518835E-3	1,094073E-2	-1,187515E-2	-8,011703E-3	1,390502E+0	1,388463E+0
20220916 16:15:49,415	c_0_683_20220916_16_15_49,415.bmp	2,085364E+0	1,074758E+0	6,245971E-3	1,094073E-2	-9,331032E-3	-5,461963E-3	1,387954E+0	1,388463E+0
20220916 16:15:55,419	c_0_684_20220916_16_15_55,419.bmp	2,081547E+0	1,096401E+0	7,518835E-3	5,836756E-3	-1,696338E-2	2,187256E-3	1,387954E+0	1,383347E+0
20220916 16:16:01,420	c_0_685_20220916_16_16_01,420.bmp	2,061188E+0	1,111679E+0	8,791700E-3	1,349272E-2	-1,950749E-2	-1,056144E-2	1,395599E+0	1,396136E+0
20220916 16:16:07,420	c_0_686_20220916_16_16_07,420.bmp	1,669288E+0	1,132050E+0	6,245971E-3	1,349272E-2	-1,187515E-2	-8,011703E-3	1,395599E+0	1,393578E+0
20220916 16:16:13,421	c_0_687_20220916_16_16_13,421.bmp	1,506420E+0	1,157513E+0	3,700242E-3	8,388745E-3	1,356600E-2	-2,912223E-3	1,385405E+0	1,380789E+0
20220916 16:16:19,425	c_0_688_20220916_16_16_19,425.bmp	1,487334E+0	1,172791E+0	1,006456E-2	1,221673E-2	-1,950749E-2	-8,011703E-3	1,395599E+0	1,391021E+0
20220916 16:16:25,428	c_0_689_20220916_16_16_25,428.bmp	1,486062E+0	1,198254E+0	3,700242E-3	1,094073E-2	8,477769E-3	-2,912223E-3	1,382857E+0	1,388463E+0
20220916 16:16:31,429	c_0_690_20220916_16_16_31,429.bmp	1,480972E+0	1,214805E+0	6,245971E-3	1,094073E-2	-6,786918E-3	2,187256E-3	1,390502E+0	1,385905E+0
20220916 16:16:37,431	c_0_691_20220916_16_16_37,431.bmp	1,480972E+0	1,235176E+0	6,245971E-3	9,664739E-3	-9,331032E-3	1,238622E-2	1,390502E+0	1,388463E+0
20220916 16:16:43,433	c_0_692_20220916_16_16_43,433.bmp	1,491151E+0	1,258093E+0	3,700242E-3	5,836756E-3	8,454256E-4	1,493596E-2	1,382857E+0	1,383347E+0
20220916 16:16:49,438	c_0_693_20220916_16_16_49,438.bmp	1,497513E+0	1,275917E+0	7,518835E-3	1,094073E-2	-9,331032E-3	-1,566092E-2	1,387954E+0	1,396136E+0
20220916 16:16:55,439	c_0_694_20220916_16_16_55,439.bmp	1,510237E+0	1,292468E+0	7,518835E-3	1,476871E-2	-9,331032E-3	-1,311118E-2	1,395599E+0	1,393578E+0
20220916 16:17:01,440	c_0_695_20220916_16_17_01,440.bmp	1,521689E+0	1,314112E+0	8,791700E-3	1,094073E-2	-9,331032E-3	-5,461963E-3	1,387954E+0	1,385905E+0
20220916 16:17:07,443	c_0_696_20220916_16_17_07,443.bmp	1,536958E+0	1,333209E+0	8,791700E-3	9,664739E-3	-6,786918E-3	-3,624835E-4	1,395599E+0	1,385905E+0
20220916 16:17:13,443	c_0_697_20220916_16_17_13,443.bmp	1,557316E+0	1,356126E+0	6,245971E-3	8,388745E-3	-6,786918E-3	7,286736E-3	1,390502E+0	1,383347E+0
20220916 16:17:19,443	c_0_698_20220916_16_17_19,443.bmp	1,573858E+0	1,376496E+0	3,700242E-3	1,094073E-2	-4,242803E-3	-3,624835E-4	1,382857E+0	1,388463E+0
20220916 16:17:25,446	c_0_699_20220916_16_17_25,446.bmp	1,590399E+0	1,391774E+0	7,518835E-3	1,476871E-2	-1,696338E-2	-1,566092E-2	1,387954E+0	1,396136E+0
20220916 16:17:31,449	c_0_700_20220916_16_17_31,449.bmp	1,605668E+0	1,412145E+0	8,791700E-3	1,476871E-2	-4,242803E-3	-8,011703E-3	1,398148E+0	1,393578E+0
20220916 16:17:37,449	c_0_701_20220916_16_17_37,449.bmp	1,619664E+0	1,438881E+0	3,700242E-3	8,388745E-3	-9,331032E-3	7,286736E-3	1,382857E+0	1,383347E+0
20220916 16:17:43,453	c_0_702_20220916_16_17_43,453.bmp	1,633660E+0	1,454159E+0	6,245971E-3	7,112750E-3	-4,242803E-3	-2,912223E-3	1,390502E+0	1,383347E+0
20220916 16:17:49,455	c_0_703_20220916_16_17_49,455.bmp	1,642567E+0	1,475803E+0	4,973106E-3	1,094073E-2	-9,331032E-3	-3,624835E-4	1,390502E+0	1,388463E+0
20220916 16:17:55,458	c_0_704_20220916_16_17_55,458.bmp	1,660381E+0	1,493627E+0	1,006456E-2	1,094073E-2	-4,242803E-3	-5,461963E-3	1,387954E+0	1,383347E+0
20220916 16:18:01,460	c_0_705_20220916_16_18_01,460.bmp	1,675650E+0	1,512724E+0	8,791700E-3	1,349272E-2	-1,441926E-2	-1,311118E-2	1,398148E+0	1,396136E+0
20220916 16:18:07,463	c_0_706_20220916_16_18_07,463.bmp	1,697281E+0	1,531822E+0	6,245971E-3	1,349272E-2	-1,441926E-2	-1,311118E-2	1,398148E+0	1,385905E+0
20220916 16:18:13,466	c_0_707_20220916_16_18_13,466.bmp	1,716367E+0	1,554739E+0	7,518835E-3	8,388745E-3	-6,786918E-3	-1,311118E-2	1,387954E+0	1,380789E+0
20220916 16:18:19,472	c_0_708_20220916_16_18_19,472.bmp	1,730363E+0	1,571290E+0	1,006456E-2	1,349272E-2	-1,187515E-2	-5,461963E-3	1,395599E+0	1,388463E+0
20220916 16:18:25,474	c_0_709_20220916_16_18_25,474.bmp	1,751994E+0	1,598026E+0	4,973106E-3	5,836756E-3	-1,698689E-3	-8,011703E-3	1,382857E+0	1,388463E+0
20220916 16:18:31,474	c_0_710_20220916_16_18_31,474.bmp	1,760901E+0	1,610758E+0	8,791700E-3	1,349272E-2	-1,696338E-2	-5,461963E-3	1,395599E+0	1,396136E+0
20220916 16:18:37,475	c_0_711_20220916_16_18_37,475.bmp	1,777442E+0	1,636221E+0	8,791700E-3	1,094073E-2	-1,696338E-2	-5,461963E-3	1,387954E+0	1,388463E+0
20220916 16:18:43,477	c_0_712_20220916_16_18_43,477.bmp	1,793983E+0	1,655318E+0	6,245971E-3	1,349272E-2	-4,242803E-3	-1,056144E-2	1,390502E+0	1,393578E+0
20220916 16:18:49,478	c_0_713_20220916_16_18_49,478.bmp	1,807980E+0	1,670596E+0	7,518835E-3	1,349272E-2	-6,786918E-3	-1,821066E-2	1,395599E+0	1,396136E+0
20220916 16:18:55,479	c_0_714_20220916_16_18_55,479.bmp	1,827066E+0	1,699879E+0	4,973106E-3	8,388745E-3	-4,242803E-3	7,286736E-3	1,382857E+0	1,383347E+0
20220916 16:19:01,479	c_0_715_20220916_16_19_01,479.bmp	1,837245E+0	1,713884E+0	6,245971E-3	9,664739E-3	-1,187515E-2	-8,011703E-3	1,390502E+0	1,393578E+0
20220916 16:19:07,479	c_0_716_20220916_16_19_07,479.bmp	1,853786E+0	1,738074E+0	7,518835E-3	7,112750E-3	-1,698689E-3	-3,624835E-4	1,382857E+0	1,388463E+0
20220916 16:19:13,484	c_0_717_20220916_16_19_13,484.bmp	1,867783E+0	1,754625E+0	6,245971E-3	1,094073E-2	-1,698689E-3	-8,011703E-3	1,390502E+0	1,388463E+0
20220916 16:19:19,484	c_0_718_20220916_16_19_19,484.bmp	1,885596E+0	1,776268E+0	3,700242E-3	1,094073E-2	8,454256E-4	2,187256E-3	1,382857E+0	1,388463E+0
20220916 16:19:25,484	c_0_719_20220916_16_19_25,484.bmp	1,898320E+0	1,795366E+0	7,518835E-3	1,094073E-2	-1,441926E-2	-3,624835E-4	1,387954E+0	1,385905E+0
20220916 16:19:31,488	c_0_720_20220916_16_19_31,488.bmp	1,912317E+0	1,815736E+0	6,245971E-3	1,094073E-2	-9,331032E-3	-8,011703E-3	1,390502E+0	1,385905E+0
20220916 16:19:37,488	c_0_721_20220916_16_19_37,488.bmp	1,913589E+0	1,838653E+0	6,245971E-3	7,112750E-3	-1,698689E-3	4,736996E-3	1,387954E+0	1,383347E+0
20220916 16:19:43,488	c_0_722_20220916_16_19_43,488.bmp	1,905955E+0	1,853931E+0	4,973106E-3	1,349272E-2	-6,786918E-3	-2,076040E-2	1,398148E+0	1,393578E+0
20220916 16:19:49,489	c_0_723_20220916_16_19_49,489.bmp	1,883052E+0	1,870482E+0	8,791700E-3	1,349272E-2	-1,441926E-2	-8,011703E-3	1,398148E+0	1,396136E+0
20220916 16:19:55,491	c_0_724_20220916_16_19_55,491.bmp	1,849969E+0	1,894672E+0	6,245971E-3	7,112750E-3	-6,786918E-3	2,187256E-3	1,390502E+0	1,380789E+0
20220916 16:20:01,494	c_0_725_20220916_16_20_01,494.bmp	1,772352E+0	1,913769E+0	4,973106E-3	1,094073E-2	-9,331032E-3	-8,011703E-3	1,390502E+0	1,388463E+0
20220916 16:20:07,495	c_0_726_20220916_16_20_07,495.bmp	1,161599E+0	1,931594E+0	1,006456E-2	1,476871E-2	-2,713983E-2	-5,461963E-3	1,398148E+0	1,388463E+0
20220916 16:20:13,495	c_0_727_20220916_16_20_13,495.bmp	1,101796E+0	1,951964E+0	8,791700E-3	1,349272E-2	-1,696338E-2	-8,011703E-3	1,398148E+0	1,396136E+0
20220916 16:20:19,498	c_0_728_20220916_16_20_19,498.bmp	1,095434E+0	1,976154E+0	3,700242E-3	1,094073E-2	-6,786918E-3	-1,311118E-2	1,387954E+0	1,391021E+0
20220916 16:20:25,499	c_0_729_20220916_16_20_25,499.bmp	1,090344E+0	1,992705E+0	1,006456E-2	1,349272E-2	-1,696338E-2	-8,011703E-3	1,398148E+0	1,396136E+0
20220916 16:20:31,503	c_0_730_20220916_16_20_31,503.bmp	1,099251E+0	2,015622E+0	7,518835E-3	1,094073E-2	-6,786918E-3	-2,076040E-2	1,387954E+0	1,393578E+0
20220916 16:20:37,505	c_0_731_20220916_16_20_37,505.bmp	1,109430E+0	2,037266E+0	3,700242E-3	7,112750E-3	-1,696338E-2	-1,056144E-2	1,385405E+0	1,383347E+0
20220916 16:20:43,506	c_0_732_20220916_16_20_43,506.bmp	1,115792E+0	2,051271E+0	6,245971E-3	1,349272E-2	-1,187515E-2	-1,566092E-2	1,398148E+0	1,388463E+0
20220916 16:20:49,506	c_0_733_20220916_16_20_49,506.bmp	1,120882E+0	2,071641E+0	8,791700E-3	1,094073E-2	-1,187515E-2	-1,311118E-2	1,395599E+0	1,388463E+0
20220916 16:20:55,510	c_0_734_20220916_16_20_55,510.bmp	1,132333E+0	2,093285E+0	4,973106E-3	1,221673E-2	3,389540E-3	-1,311118E-2	1,395599E+0	1,396136E+0
20220916 16:21:01,512	c_0_735_20220916_16_21_01,512.bmp	1,132333E+0	2,113655E+0	6,245971E-3	1,349272E-2	-6,786918E-3	-1,056144E-2	1,390502E+0	1,396136E+0
20220916 16:21:07,516	c_0_736_20220916_16_21_07,516.bmp	1,138696E+0	2,131480E+0	1,006456E-2	1,349272E-2	-1,950749E-2	-5,461963E-3	1,398148E+0	1,393578E+0
20220916 16:21:13,522	c_0_737_20220916_16_21_13,522.bmp	1,150147E+0	2,154396E+0	6,245971E-3	1,094073E-2	-4,242803E-3	1,238622E-2	1,387954E+0	1,385905E+0
20220916 16:21:19,524	c_0_738_20220916_16_21_19,524.bmp	1,162871E+0	2,176040E+0	7,518835E-3	1,094073E-2	8,454256E-4	2,187256E-3	1,387954E+0	1,388463E+0
20220916 16:21:25,529	c_0_739_20220916_16_21_25,529.bmp	1,174323E+0	2,195138E+0	2,427377E-3	1,094073E-2	-1,187515E-2	-2,912223E-3	1,387954E+0	1,388463E+0
20220916 16:21:31,531	c_0_740_20220916_16_21_31,531.bmp	1,180685E+0	2,215508E+0	6,245971E-3	1,094073E-2	-9,331032E-3	-2,076040E-2	1,390502E+0	1,396136E+0
20220916 16:21:37,531	c_0_741_20220916_16_21_37,531.bmp	1,193409E+0	2,234606E+0	8,791700E-3	1,476871E-2	-1,187515E-2	-1,056144E-2	1,387954E+0	1,396136E+0
20220916 16:21:43,533	c_0_742_20220916_16_21_43,533.bmp	1,199771E+0	2,254976E+0	6,245971E-3	1,094073E-2	-4,242803E-3	-8,011703E-3	1,390502E+0	1,388463E+0
20220916 16:21:49,534	c_0_743_20220916_16_21_49,534.bmp	1,217585E+0	2,275347E+0	3,700242E-3	9,664739E-3	-1,698689E-3	-1,056144E-2	1,387954E+0	1,388463E+0
20220916 16:21:55,538	c_0_744_20220916_16_21_55,538.bmp	1,227764E+0	2,294444E+0	7,518835E-3	1,094073E-2	-9,331032E-3	1,493596E-2	1,387954E+0	1,393578E+0
20220916 16:22:01,540	c_0_745_20220916_16_22_01,540.bmp	1,235398E+0	2,317361E+0	7,518835E-3	7,112750E-3	-1,698689E-3	2,187256E-3	1,382857E+0	1,388463E+0
20220916 16:22:07,545	c_0_746_20220916_16_22_07,545.bmp	1,244305E+0	2,333912E+0	3,700242E-3	1,094073E-2	-1,950749E-2	-2,912223E-3	1,387954E+0	1,396136E+0
20220916 16:22:13,549	c_0_747_20220916_16_22_13,549.bmp	1,227764E+0	2,354282E+0	3,700242E-3	1,094073E-2	-4,242803E-3	-1,056144E-2	1,385405E+0	1,388463E+0
20220916 16:22:19,551	c_0_748_20220916_16_22_19,551.bmp	1,040720E+0	2,378472E+0	3,700242E-3	1,094073E-2	-6,786918E-3	-1,311118E-2	1,382857E+0	1,391021E+0
20220916 16:22:25,554	c_0_749_20220916_16_22_25,554.bmp	1,038176E+0	2,396297E+0	7,518835E-3	8,388745E-3	-1,187515E-2	-8,011703E-3	1,382857E+0	1,383347E+0
20220916 16:22:31,555	c_0_750_20220916_16_22_31,555.bmp	1,040720E+0	2,410301E+0	7,518835E-3	1,349272E-2	-1,187515E-2	-8,011703E-3	1,398148E+0	1,388463E+0
20220916 16:22:37,558	c_0_751_20220916_16_22_37,558.bmp	1,047082E+0	2,430672E+0	6,245971E-3	1,349272E-2	-4,242803E-3	-1,056144E-2	1,395599E+0	1,398694E+0
20220916 16:22:43,562	c_0_752_20220916_16_22_43,562.bmp	1,048355E+0	2,452316E+0	8,791700E-3	1,349272E-2	-1,187515E-2	-1,056144E-2	1,395599E+0	1,388463E+0
20220916 16:22:49,566	c_0_753_20220916_16_22_49,566.bmp	1,059806E+0	2,476506E+0	3,700242E-3	1,094073E-2	8,454256E-4	-8,011703E-3	1,382857E+0	1,388463E+0
20220916 16:22:55,567	c_0_754_20220916_16_22_55,567.bmp	1,064896E+0	2,496876E+0	3,700242E-3	8,388745E-3	-1,698689E-3	-8,011703E-3	1,385405E+0	1,380789E+0
20220916 16:23:01,568	c_0_755_20220916_16_23_01,568.bmp	1,069986E+0	2,514700E+0	6,245971E-3	1,221673E-2	-6,786918E-3	-1,311118E-2	1,387954E+0	1,393578E+0
20220916 16:23:07,573	c_0_756_20220916_16_23_07,573.bmp	1,076348E+0	2,537617E+0	7,518835E-3	8,388745E-3	-9,331032E-3	-5,461963E-3	1,390502E+0	1,383347E+0
20220916 16:23:13,575	c_0_757_20220916_16_23_13,575.bmp	1,085255E+0	2,554168E+0	4,973106E-3	1,094073E-2	-6,786918E-3	-2,076040E-2	1,390502E+0	1,388463E+0
20220916 16:23:19,576	c_0_758_20220916_16_23_19,576.bmp	1,087799E+0	2,578358E+0	7,518835E-3	8,388745E-3	-9,331032E-3	2,187256E-3	1,382857E+0	1,388463E+0
20220916 16:23:25,576	c_0_759_20220916_16_23_25,576.bmp	1,090344E+0	2,594909E+0	7,518835E-3	8,388745E-3	1,356600E-2	2,187256E-3	1,387954E+0	1,383347E+0
20220916 16:23:31,581	c_0_760_20220916_16_23_31,581.bmp	1,092889E+0	2,611461E+0	8,791700E-3	1,349272E-2	-6,786918E-3	-1,566092E-2	1,398148E+0	1,393578E+0
20220916 16:23:37,581	c_0_761_20220916_16_23_37,581.bmp	1,101796E+0	2,633104E+0	2,427377E-3	1,094073E-2	-9,331032E-3	-1,311118E-2	1,390502E+0	1,388463E+0
20220916 16:23:43,581	c_0_762_20220916_16_23_43,581.bmp	1,099251E+0	2,657294E+0	6,245971E-3	8,388745E-3	-1,187515E-2	2,187256E-3	1,385405E+0	1,383347E+0
20220916 16:23:49,586	c_0_763_20220916_16_23_49,586.bmp	1,100523E+0	2,673845E+0	8,791700E-3	8,388745E-3	-6,786918E-3	2,187256E-3	1,387954E+0	1,383347E+0
20220916 16:23:55,586	c_0_764_20220916_16_23_55,586.bmp	1,103068E+0	2,698035E+0	4,973106E-3	8,388745E-3	8,454256E-4	-8,011703E-3	1,382857E+0	1,385905E+0
20220916 16:24:01,587	c_0_765_20220916_16_24_01,587.bmp	1,090344E+0	2,718406E+0	3,700242E-3	7,112750E-3	-1,696338E-2	-2,912223E-3	1,382857E+0	1,380789E+0
20220916 16:24:07,592	c_0_766_20220916_16_24_07,592.bmp	1,078893E+0	2,734957E+0	4,973106E-3	1,094073E-2	-6,786918E-3	-1,311118E-2	1,390502E+0	1,396136E+0
20220916 16:24:13,595	c_0_767_20220916_16_24_13,595.bmp	1,077620E+0	2,755328E+0	8,791700E-3	9,664739E-3	8,477769E-3	-5,461963E-3	1,387954E+0	1,388463E+0
20220916 16:24:19,598	c_0_768_20220916_16_24_19,598.bmp	1,078893E+0	2,770605E+0	6,245971E-3	1,349272E-2	-1,187515E-2	-2,076040E-2	1,395599E+0	1,388463E+0
20220916 16:24:25,600	c_0_769_20220916_16_24_25,600.bmp	1,078893E+0	2,792249E+0	1,006456E-2	1,349272E-2	-1,187515E-2	9,836476E-3	1,395599E+0	1,388463E+0
20220916 16:24:31,600	c_0_770_20220916_16_24_31,600.bmp	1,083982E+0	2,811346E+0	1,006456E-2	1,349272E-2	-1,696338E-2	-1,056144E-2	1,398148E+0	1,393578E+0
20220916 16:24:37,602	c_0_771_20220916_16_24_37,602.bmp	1,094161E+0	2,836810E+0	3,700242E-3	1,094073E-2	-6,786918E-3	-8,011703E-3	1,385405E+0	1,385905E+0
20220916 16:24:43,603	c_0_772_20220916_16_24_43,603.bmp	1,095434E+0	2,853361E+0	6,245971E-3	1,094073E-2	-1,187515E-2	-2,912223E-3	1,390502E+0	1,388463E+0
20220916 16:24:49,607	c_0_773_20220916_16_24_49,607.bmp	1,105613E+0	2,875004E+0	3,700242E-3	1,094073E-2	-1,696338E-2	-5,461963E-3	1,390502E+0	1,388463E+0
20220916 16:24:55,608	c_0_774_20220916_16_24_55,608.bmp	1,101796E+0	2,892829E+0	8,791700E-3	1,476871E-2	-1,441926E-2	-8,011703E-3	1,398148E+0	1,388463E+0
20220916 16:25:01,612	c_0_775_20220916_16_25_01,612.bmp	1,110703E+0	2,918292E+0	7,518835E-3	8,388745E-3	-6,786918E-3	-2,912223E-3	1,382857E+0	1,383347E+0
20220916 16:25:07,613	c_0_776_20220916_16_25_07,613.bmp	1,114520E+0	2,933570E+0	8,791700E-3	1,476871E-2	-6,786918E-3	2,187256E-3	1,387954E+0	1,396136E+0
20220916 16:25:13,613	c_0_777_20220916_16_25_13,613.bmp	1,115792E+0	2,951394E+0	1,133743E-2	1,349272E-2	-6,786918E-3	-1,056144E-2	1,395599E+0	1,396136E+0
20220916 16:25:19,618	c_0_778_20220916_16_25_19,618.bmp	1,119609E+0	2,970491E+0	1,006456E-2	1,094073E-2	-1,950749E-2	-2,912223E-3	1,395599E+0	1,388463E+0
20220916 16:25:25,623	c_0_779_20220916_16_25_25,623.bmp	1,127244E+0	2,990862E+0	8,791700E-3	1,476871E-2	-9,331032E-3	-1,311118E-2	1,395599E+0	1,385905E+0
20220916 16:25:31,624	c_0_780_20220916_16_25_31,624.bmp	1,141240E+0	3,013779E+0	7,518835E-3	1,094073E-2	-6,786918E-3	2,187256E-3	1,390502E+0	1,388463E+0
20220916 16:25:37,628	c_0_781_20220916_16_25_37,628.bmp	1,150147E+0	3,034149E+0	7,518835E-3	1,094073E-2	3,389540E-3	-8,011703E-3	1,387954E+0	1,391021E+0
20220916 16:25:43,632	c_0_782_20220916_16_25_43,632.bmp	1,155237E+0	3,057066E+0	7,518835E-3	8,388745E-3	-1,698689E-3	4,736996E-3	1,385405E+0	1,388463E+0
20220916 16:25:49,634	c_0_783_20220916_16_25_49,634.bmp	1,161599E+0	3,069798E+0	7,518835E-3	1,349272E-2	-4,242803E-3	-1,311118E-2	1,387954E+0	1,396136E+0
20220916 16:25:55,636	c_0_784_20220916_16_25_55,636.bmp	1,170506E+0	3,093988E+0	7,518835E-3	1,094073E-2	8,454256E-4	-5,461963E-3	1,390502E+0	1,380789E+0
20220916 16:26:01,640	c_0_785_20220916_16_26_01,640.bmp	1,173050E+0	3,113085E+0	8,791700E-3	1,349272E-2	-2,459572E-2	-8,011703E-3	1,398148E+0	1,396136E+0
20220916 16:26:07,643	c_0_786_20220916_16_26_07,643.bmp	1,180685E+0	3,132183E+0	1,006456E-2	1,094073E-2	-6,786918E-3	-1,311118E-2	1,390502E+0	1,388463E+0
20220916 16:26:13,646	c_0_787_20220916_16_26_13,646.bmp	1,192136E+0	3,157646E+0	6,245971E-3	8,388745E-3	-6,786918E-3	2,187256E-3	1,390502E+0	1,383347E+0
20220916 16:26:19,646	c_0_788_20220916_16_26_19,646.bmp	1,197226E+0	3,170377E+0	8,791700E-3	1,094073E-2	-1,696338E-2	-5,461963E-3	1,398148E+0	1,388463E+0
20220916 16:26:25,649	c_0_789_20220916_16_26_25,649.bmp	1,212495E+0	3,194567E+0	4,973106E-3	1,094073E-2	-6,786918E-3	-1,056144E-2	1,390502E+0	1,385905E+0
20220916 16:26:31,654	c_0_790_20220916_16_26_31,654.bmp	1,221402E+0	3,216211E+0	3,700242E-3	1,094073E-2	-6,786918E-3	-8,011703E-3	1,385405E+0	1,391021E+0
20220916 16:26:37,657	c_0_791_20220916_16_26_37,657.bmp	1,226491E+0	3,235308E+0	7,518835E-3	1,094073E-2	-9,331032E-3	-1,311118E-2	1,387954E+0	1,385905E+0
20220916 16:26:43,660	c_0_792_20220916_16_26_43,660.bmp	1,234126E+0	3,251859E+0	7,518835E-3	7,112750E-3	-4,242803E-3	2,187256E-3	1,390502E+0	1,380789E+0
20220916 16:26:49,661	c_0_793_20220916_16_26_49,661.bmp	1,239215E+0	3,272230E+0	7,518835E-3	1,476871E-2	-1,698689E-3	-1,311118E-2	1,395599E+0	1,396136E+0
20220916 16:26:55,662	c_0_794_20220916_16_26_55,662.bmp	1,248122E+0	3,290054E+0	7,518835E-3	1,349272E-2	-9,331032E-3	-1,311118E-2	1,395599E+0	1,388463E+0
20220916 16:27:01,664	c_0_795_20220916_16_27_01,664.bmp	1,257029E+0	3,314244E+0	2,427377E-3	1,094073E-2	8,454256E-4	-2,912223E-3	1,390502E+0	1,388463E+0
20220916 16:27:07,664	c_0_796_20220916_16_27_07,664.bmp	1,260846E+0	3,330795E+0	7,518835E-3	1,349272E-2	-6,786918E-3	-1,311118E-2	1,395599E+0	1,393578E+0
20220916 16:27:13,668	c_0_797_20220916_16_27_13,668.bmp	1,264663E+0	3,354985E+0	6,245971E-3	9,664739E-3	-1,696338E-2	-8,011703E-3	1,387954E+0	1,388463E+0
20220916 16:27:19,670	c_0_798_20220916_16_27_19,670.bmp	1,272298E+0	3,370263E+0	1,006456E-2	1,349272E-2	-1,696338E-2	-1,056144E-2	1,395599E+0	1,396136E+0
20220916 16:27:25,675	c_0_799_20220916_16_27_25,675.bmp	1,286294E+0	3,393180E+0	3,700242E-3	9,664739E-3	8,454256E-4	-2,912223E-3	1,390502E+0	1,388463E+0
20220916 16:27:31,676	c_0_800_20220916_16_27_31,676.bmp	1,291384E+0	3,411004E+0	6,245971E-3	1,349272E-2	-9,331032E-3	-8,011703E-3	1,387954E+0	1,393578E+0
20220916 16:27:37,678	c_0_801_20220916_16_27_37,678.bmp	1,299018E+0	3,431375E+0	6,245971E-3	1,349272E-2	-2,713983E-2	-2,912223E-3	1,395599E+0	1,396136E+0
20220916 16:27:43,681	c_0_802_20220916_16_27_43,681.bmp	1,306653E+0	3,456838E+0	7,518835E-3	7,112750E-3	8,454256E-4	4,736996E-3	1,382857E+0	1,388463E+0
20220916 16:27:49,685	c_0_803_20220916_16_27_49,685.bmp	1,313015E+0	3,473389E+0	7,518835E-3	1,476871E-2	-9,331032E-3	-2,912223E-3	1,390502E+0	1,396136E+0
20220916 16:27:55,686	c_0_804_20220916_16_27_55,686.bmp	1,318104E+0	3,491213E+0	1,006456E-2	1,094073E-2	8,454256E-4	-2,912223E-3	1,395599E+0	1,388463E+0
20220916 16:28:01,690	c_0_805_20220916_16_28_01,690.bmp	1,324466E+0	3,510311E+0	1,006456E-2	1,094073E-2	-4,242803E-3	-3,624835E-4	1,398148E+0	1,388463E+0
20220916 16:28:07,691	c_0_806_20220916_16_28_07,691.bmp	1,335918E+0	3,533228E+0	7,518835E-3	1,094073E-2	-1,187515E-2	-2,912223E-3	1,390502E+0	1,396136E+0
20220916 16:28:13,696	c_0_807_20220916_16_28_13,696.bmp	1,341008E+0	3,556144E+0	4,973106E-3	7,112750E-3	8,454256E-4	2,187256E-3	1,382857E+0	1,383347E+0
20220916 16:28:19,700	c_0_808_20220916_16_28_19,700.bmp	1,348642E+0	3,570149E+0	6,245971E-3	1,349272E-2	-1,950749E-2	-1,311118E-2	1,398148E+0	1,385905E+0
20220916 16:28:25,704	c_0_809_20220916_16_28_25,704.bmp	1,351187E+0	3,590520E+0	1,006456E-2	1,094073E-2	-1,441926E-2	-8,011703E-3	1,398148E+0	1,388463E+0
20220916 16:28:31,708	c_0_810_20220916_16_28_31,708.bmp	1,356277E+0	3,610890E+0	8,791700E-3	1,221673E-2	-1,441926E-2	-8,011703E-3	1,398148E+0	1,393578E+0
20220916 16:28:37,708	c_0_811_20220916_16_28_37,708.bmp	1,363911E+0	3,629988E+0	8,791700E-3	1,094073E-2	-9,331032E-3	-1,311118E-2	1,395599E+0	1,388463E+0
20220916 16:28:43,710	c_0_812_20220916_16_28_43,710.bmp	1,375363E+0	3,652905E+0	6,245971E-3	1,094073E-2	-4,242803E-3	-1,566092E-2	1,393051E+0	1,388463E+0
20220916 16:28:49,713	c_0_813_20220916_16_28_49,713.bmp	1,381725E+0	3,678368E+0	3,700242E-3	5,836756E-3	3,389540E-3	-5,461963E-3	1,382857E+0	1,383347E+0
20220916 16:28:55,713	c_0_814_20220916_16_28_55,713.bmp	1,377907E+0	3,693646E+0	1,006456E-2	1,094073E-2	-1,187515E-2	-8,011703E-3	1,390502E+0	1,388463E+0
20220916 16:29:01,716	c_0_815_20220916_16_29_01,716.bmp	1,384269E+0	3,714016E+0	7,518835E-3	1,349272E-2	-1,187515E-2	-1,821066E-2	1,390502E+0	1,396136E+0
20220916 16:29:07,725	c_0_816_20220916_16_29_07,725.bmp	1,389359E+0	3,731840E+0	8,791700E-3	1,349272E-2	-6,786918E-3	-2,076040E-2	1,387954E+0	1,396136E+0
20220916 16:29:13,727	c_0_817_20220916_16_29_13,727.bmp	1,389359E+0	3,753484E+0	1,006456E-2	1,094073E-2	5,933654E-3	-8,011703E-3	1,387954E+0	1,380789E+0
20220916 16:29:19,727	c_0_818_20220916_16_29_19,727.bmp	1,394449E+0	3,775128E+0	6,245971E-3	8,388745E-3	-9,331032E-3	1,238622E-2	1,385405E+0	1,383347E+0
20220916 16:29:25,729	c_0_819_20220916_16_29_25,729.bmp	1,389359E+0	3,794225E+0	7,518835E-3	9,664739E-3	-9,331032E-3	-8,011703E-3	1,387954E+0	1,383347E+0
20220916 16:29:31,729	c_0_820_20220916_16_29_31,729.bmp	1,386814E+0	3,814596E+0	3,700242E-3	1,094073E-2	-1,441926E-2	-3,624835E-4	1,390502E+0	1,396136E+0
20220916 16:29:37,730	c_0_821_20220916_16_29_37,730.bmp	1,283750E+0	3,832420E+0	4,973106E-3	1,476871E-2	-6,786918E-3	-2,076040E-2	1,390502E+0	1,393578E+0
20220916 16:29:43,731	c_0_822_20220916_16_29_43,731.bmp	1,048355E+0	3,855337E+0	3,700242E-3	7,112750E-3	3,389540E-3	7,286736E-3	1,385405E+0	1,383347E+0
20220916 16:29:49,731	c_0_823_20220916_16_29_49,731.bmp	1,024179E+0	3,873161E+0	6,245971E-3	1,094073E-2	-9,331032E-3	-8,011703E-3	1,390502E+0	1,385905E+0
20220916 16:29:55,735	c_0_824_20220916_16_29_55,735.bmp	1,021634E+0	3,893532E+0	7,518835E-3	7,112750E-3	-4,494863E-2	-3,624835E-4	1,387954E+0	1,383347E+0
20220916 16:30:01,736	c_0_825_20220916_16_30_01,736.bmp	1,020362E+0	3,910083E+0	7,518835E-3	1,349272E-2	-6,786918E-3	-2,840962E-2	1,395599E+0	1,396136E+0
20220916 16:30:07,737	c_0_826_20220916_16_30_07,737.bmp	1,019090E+0	3,933000E+0	7,518835E-3	1,221673E-2	-1,187515E-2	-1,056144E-2	1,390502E+0	1,396136E+0
20220916 16:30:13,739	c_0_827_20220916_16_30_13,739.bmp	1,027996E+0	3,957190E+0	4,973106E-3	1,094073E-2	-4,242803E-3	-8,011703E-3	1,385405E+0	1,388463E+0
20220916 16:30:19,740	c_0_828_20220916_16_30_19,740.bmp	1,020362E+0	3,973741E+0	4,973106E-3	1,094073E-2	-6,786918E-3	-3,624835E-4	1,387954E+0	1,385905E+0
20220916 16:30:25,740	c_0_829_20220916_16_30_25,740.bmp	1,024179E+0	3,997931E+0	3,700242E-3	5,836756E-3	8,454256E-4	-8,011703E-3	1,385405E+0	1,388463E+0
20220916 16:30:31,741	c_0_830_20220916_16_30_31,741.bmp	1,022907E+0	4,018301E+0	3,700242E-3	7,112750E-3	3,389540E-3	2,187256E-3	1,385405E+0	1,383347E+0
20220916 16:30:37,741	c_0_831_20220916_16_30_37,741.bmp	1,014000E+0	4,032306E+0	8,791700E-3	1,349272E-2	-1,441926E-2	-1,566092E-2	1,395599E+0	1,393578E+0
20220916 16:30:43,744	c_0_832_20220916_16_30_43,744.bmp	1,020362E+0	4,056496E+0	3,700242E-3	8,388745E-3	-1,698689E-3	2,187256E-3	1,382857E+0	1,383347E+0
20220916 16:30:49,747	c_0_833_20220916_16_30_49,747.bmp	1,014000E+0	4,070501E+0	8,791700E-3	9,664739E-3	-1,698689E-3	-2,912223E-3	1,395599E+0	1,388463E+0
20220916 16:30:55,747	c_0_834_20220916_16_30_55,747.bmp	1,017817E+0	4,093418E+0	6,245971E-3	1,094073E-2	-6,786918E-3	2,187256E-3	1,390502E+0	1,383347E+0
20220916 16:31:01,747	c_0_835_20220916_16_31_01,747.bmp	1,011455E+0	4,111242E+0	1,006456E-2	1,094073E-2	-1,696338E-2	-4,370806E-2	1,398148E+0	1,388463E+0
20220916 16:31:07,750	c_0_836_20220916_16_31_07,750.bmp	1,017817E+0	4,134159E+0	1,006456E-2	1,094073E-2	-9,331032E-3	-8,011703E-3	1,390502E+0	1,385905E+0
20220916 16:31:13,751	c_0_837_20220916_16_31_13,751.bmp	1,026724E+0	4,158349E+0	3,700242E-3	8,388745E-3	-9,331032E-3	-8,011703E-3	1,382857E+0	1,388463E+0
20220916 16:31:19,751	c_0_838_20220916_16_31_19,751.bmp	1,027996E+0	4,171080E+0	8,791700E-3	1,349272E-2	-1,696338E-2	-8,011703E-3	1,395599E+0	1,388463E+0
20220916 16:31:25,753	c_0_839_20220916_16_31_25,753.bmp	1,033086E+0	4,193997E+0	2,427377E-3	1,094073E-2	8,454256E-4	-8,011703E-3	1,387954E+0	1,385905E+0
20220916 16:31:31,755	c_0_840_20220916_16_31_31,755.bmp	1,029269E+0	4,214368E+0	8,791700E-3	9,664739E-3	-1,187515E-2	-2,912223E-3	1,387954E+0	1,388463E+0
20220916 16:31:37,756	c_0_841_20220916_16_31_37,756.bmp	1,036903E+0	4,237284E+0	2,427377E-3	7,112750E-3	8,454256E-4	-2,912223E-3	1,382857E+0	1,383347E+0
20220916 16:31:43,760	c_0_842_20220916_16_31_43,760.bmp	1,038176E+0	4,253836E+0	1,006456E-2	9,664739E-3	-1,441926E-2	-5,461963E-3	1,387954E+0	1,388463E+0
20220916 16:31:49,760	c_0_843_20220916_16_31_49,760.bmp	1,044538E+0	4,276752E+0	7,518835E-3	8,388745E-3	-6,786918E-3	2,187256E-3	1,387954E+0	1,383347E+0
20220916 16:31:55,764	c_0_844_20220916_16_31_55,764.bmp	1,049627E+0	4,290757E+0	6,245971E-3	1,349272E-2	-9,331032E-3	-8,011703E-3	1,398148E+0	1,385905E+0
20220916 16:32:01,765	c_0_845_20220916_16_32_01,765.bmp	1,052172E+0	4,309855E+0	8,791700E-3	1,476871E-2	-1,696338E-2	-5,461963E-3	1,398148E+0	1,388463E+0
20220916 16:32:07,769	c_0_846_20220916_16_32_07,769.bmp	1,053444E+0	4,336591E+0	2,427377E-3	8,388745E-3	8,454256E-4	9,836476E-3	1,382857E+0	1,380789E+0
20220916 16:32:13,769	c_0_847_20220916_16_32_13,769.bmp	1,040720E+0	4,356961E+0	7,518835E-3	7,112750E-3	-1,696338E-2	9,836476E-3	1,382857E+0	1,380789E+0
20220916 16:32:19,775	c_0_848_20220916_16_32_19,775.bmp	1,033086E+0	4,373512E+0	6,245971E-3	1,094073E-2	-4,242803E-3	-8,011703E-3	1,387954E+0	1,388463E+0
20220916 16:32:25,778	c_0_849_20220916_16_32_25,778.bmp	1,030541E+0	4,396429E+0	3,700242E-3	7,112750E-3	-4,242803E-3	-5,461963E-3	1,382857E+0	1,388463E+0
20220916 16:32:31,779	c_0_850_20220916_16_32_31,779.bmp	1,029269E+0	4,412980E+0	7,518835E-3	9,664739E-3	-1,698689E-3	2,187256E-3	1,390502E+0	1,388463E+0
20220916 16:32:37,781	c_0_851_20220916_16_32_37,781.bmp	1,026724E+0	4,432078E+0	1,006456E-2	1,476871E-2	-9,331032E-3	-5,461963E-3	1,398148E+0	1,388463E+0
20220916 16:32:43,781	c_0_852_20220916_16_32_43,781.bmp	1,029269E+0	4,449902E+0	7,518835E-3	1,349272E-2	-1,696338E-2	-1,821066E-2	1,395599E+0	1,396136E+0
20220916 16:32:49,781	c_0_853_20220916_16_32_49,781.bmp	1,029269E+0	4,476638E+0	3,700242E-3	8,388745E-3	-9,331032E-3	9,836476E-3	1,385405E+0	1,380789E+0
20220916 16:32:55,785	c_0_854_20220916_16_32_55,785.bmp	1,033086E+0	4,497009E+0	3,700242E-3	1,094073E-2	8,454256E-4	-3,624835E-4	1,382857E+0	1,388463E+0
20220916 16:33:01,785	c_0_855_20220916_16_33_01,785.bmp	1,036903E+0	4,513560E+0	3,700242E-3	1,094073E-2	-9,331032E-3	-5,461963E-3	1,390502E+0	1,388463E+0
20220916 16:33:07,787	c_0_856_20220916_16_33_07,787.bmp	1,038176E+0	4,531384E+0	6,245971E-3	1,349272E-2	-1,187515E-2	-1,566092E-2	1,398148E+0	1,396136E+0
20220916 16:33:13,790	c_0_857_20220916_16_33_13,790.bmp	1,035631E+0	4,554301E+0	1,006456E-2	1,094073E-2	-4,242803E-3	-1,056144E-2	1,387954E+0	1,385905E+0
20220916 16:33:19,794	c_0_858_20220916_16_33_19,794.bmp	1,045810E+0	4,573398E+0	6,245971E-3	1,094073E-2	-9,331032E-3	-1,311118E-2	1,387954E+0	1,388463E+0
20220916 16:33:25,795	c_0_859_20220916_16_33_25,795.bmp	1,040720E+0	4,589950E+0	8,791700E-3	1,349272E-2	-6,786918E-3	-1,056144E-2	1,395599E+0	1,396136E+0
20220916 16:33:31,795	c_0_860_20220916_16_33_31,795.bmp	1,041993E+0	4,614140E+0	1,006456E-2	1,094073E-2	-4,242803E-3	-8,011703E-3	1,387954E+0	1,380789E+0
20220916 16:33:37,795	c_0_861_20220916_16_33_37,795.bmp	1,049627E+0	4,633237E+0	3,700242E-3	1,094073E-2	-1,187515E-2	-1,056144E-2	1,387954E+0	1,396136E+0
20220916 16:33:43,800	c_0_862_20220916_16_33_43,800.bmp	1,049627E+0	4,653607E+0	3,700242E-3	9,664739E-3	-1,187515E-2	2,187256E-3	1,387954E+0	1,396136E+0
20220916 16:33:49,804	c_0_863_20220916_16_33_49,804.bmp	1,040720E+0	4,668885E+0	8,791700E-3	9,664739E-3	-6,786918E-3	-5,461963E-3	1,398148E+0	1,388463E+0
20220916 16:33:55,805	c_0_864_20220916_16_33_55,805.bmp	9,961863E-1	4,694349E+0	7,518835E-3	1,094073E-2	-1,698689E-3	-1,311118E-2	1,387954E+0	1,380789E+0
20220916 16:34:01,808	c_0_865_20220916_16_34_01,808.bmp	9,834623E-1	4,714719E+0	3,700242E-3	1,094073E-2	-1,698689E-3	-5,461963E-3	1,390502E+0	1,388463E+0
20220916 16:34:07,812	c_0_866_20220916_16_34_07,812.bmp	9,809175E-1	4,735090E+0	3,700242E-3	1,094073E-2	8,477769E-3	-2,912223E-3	1,382857E+0	1,388463E+0
20220916 16:34:13,814	c_0_867_20220916_16_34_13,814.bmp	9,758279E-1	4,750368E+0	6,245971E-3	1,349272E-2	-4,242803E-3	-1,311118E-2	1,395599E+0	1,393578E+0
20220916 16:34:19,818	c_0_868_20220916_16_34_19,818.bmp	9,796451E-1	4,773284E+0	3,700242E-3	1,094073E-2	-6,786918E-3	-5,461963E-3	1,387954E+0	1,385905E+0
20220916 16:34:25,820	c_0_869_20220916_16_34_25,820.bmp	9,809175E-1	4,792382E+0	8,791700E-3	1,094073E-2	-1,441926E-2	-2,912223E-3	1,387954E+0	1,388463E+0
20220916 16:34:31,827	c_0_870_20220916_16_34_31,827.bmp	9,872795E-1	4,811479E+0	6,245971E-3	1,349272E-2	-1,441926E-2	-2,912223E-3	1,395599E+0	1,388463E+0
20220916 16:34:37,831	c_0_871_20220916_16_34_37,831.bmp	9,872795E-1	4,834396E+0	8,791700E-3	1,094073E-2	8,477769E-3	-3,624835E-4	1,387954E+0	1,383347E+0
20220916 16:34:43,831	c_0_872_20220916_16_34_43,831.bmp	9,949139E-1	4,853493E+0	7,518835E-3	1,349272E-2	-1,698689E-3	-2,076040E-2	1,390502E+0	1,393578E+0
20220916 16:34:49,831	c_0_873_20220916_16_34_49,831.bmp	1,002548E+0	4,877683E+0	3,700242E-3	7,112750E-3	-1,698689E-3	-5,461963E-3	1,385405E+0	1,383347E+0
20220916 16:34:55,836	c_0_874_20220916_16_34_55,836.bmp	9,987311E-1	4,891688E+0	1,006456E-2	1,094073E-2	3,389540E-3	-5,461963E-3	1,390502E+0	1,388463E+0
20220916 16:35:01,840	c_0_875_20220916_16_35_01,840.bmp	1,008910E+0	4,914605E+0	7,518835E-3	1,094073E-2	-6,786918E-3	-2,331014E-2	1,387954E+0	1,388463E+0
20220916 16:35:07,840	c_0_876_20220916_16_35_07,840.bmp	1,014000E+0	4,929883E+0	8,791700E-3	1,349272E-2	1,356600E-2	-1,056144E-2	1,398148E+0	1,385905E+0
20220916 16:35:13,844	c_0_877_20220916_16_35_13,844.bmp	1,022907E+0	4,951527E+0	3,700242E-3	1,094073E-2	-4,242803E-3	-5,461963E-3	1,390502E+0	1,396136E+0
20220916 16:35:19,846	c_0_878_20220916_16_35_19,846.bmp	1,027996E+0	4,973170E+0	2,427377E-3	1,094073E-2	-6,786918E-3	-8,011703E-3	1,387954E+0	1,396136E+0
20220916 16:35:25,846	c_0_879_20220916_16_35_25,846.bmp	1,029269E+0	4,994814E+0	7,518835E-3	8,388745E-3	8,454256E-4	2,187256E-3	1,385405E+0	1,388463E+0
20220916 16:35:31,851	c_0_880_20220916_16_35_31,851.bmp	1,039448E+0	5,012638E+0	7,518835E-3	1,094073E-2	-6,786918E-3	4,736996E-3	1,387954E+0	1,383347E+0
20220916 16:35:37,851	c_0_881_20220916_16_35_37,851.bmp	1,045810E+0	5,034282E+0	6,245971E-3	7,112750E-3	-9,331032E-3	-2,912223E-3	1,387954E+0	1,380789E+0
20220916 16:35:43,854	c_0_882_20220916_16_35_43,854.bmp	1,053444E+0	5,055926E+0	6,245971E-3	8,388745E-3	-6,786918E-3	-2,912223E-3	1,385405E+0	1,383347E+0
20220916 16:35:49,855	c_0_883_20220916_16_35_49,855.bmp	1,063624E+0	5,073750E+0	7,518835E-3	1,349272E-2	-1,698689E-3	-1,056144E-2	1,387954E+0	1,396136E+0
20220916 16:35:55,855	c_0_884_20220916_16_35_55,855.bmp	1,076348E+0	5,094120E+0	7,518835E-3	1,094073E-2	-6,786918E-3	-8,011703E-3	1,387954E+0	1,388463E+0
20220916 16:36:01,858	c_0_885_20220916_16_36_01,858.bmp	1,083982E+0	5,111945E+0	7,518835E-3	1,094073E-2	-9,331032E-3	-8,011703E-3	1,390502E+0	1,388463E+0
20220916 16:36:07,863	c_0_886_20220916_16_36_07,863.bmp	1,089072E+0	5,133588E+0	1,006456E-2	1,094073E-2	-1,187515E-2	-1,311118E-2	1,390502E+0	1,388463E+0
20220916 16:36:13,863	c_0_887_20220916_16_36_13,863.bmp	1,101796E+0	5,152686E+0	7,518835E-3	1,094073E-2	-9,331032E-3	-8,011703E-3	1,387954E+0	1,388463E+0
20220916 16:36:19,864	c_0_888_20220916_16_36_19,864.bmp	1,110703E+0	5,173056E+0	7,518835E-3	1,094073E-2	-6,786918E-3	7,286736E-3	1,387954E+0	1,383347E+0
20220916 16:36:25,869	c_0_889_20220916_16_36_25,869.bmp	1,118337E+0	5,189607E+0	1,006456E-2	1,094073E-2	-1,696338E-2	-1,821066E-2	1,395599E+0	1,385905E+0
20220916 16:36:31,875	c_0_890_20220916_16_36_31,875.bmp	1,129789E+0	5,208705E+0	6,245971E-3	1,349272E-2	-9,331032E-3	-8,011703E-3	1,395599E+0	1,388463E+0
20220916 16:36:37,877	c_0_891_20220916_16_36_37,877.bmp	1,142513E+0	5,235441E+0	2,427377E-3	5,836756E-3	-4,242803E-3	4,736996E-3	1,385405E+0	1,380789E+0
20220916 16:36:43,880	c_0_892_20220916_16_36_43,880.bmp	1,148875E+0	5,253265E+0	7,518835E-3	1,094073E-2	-6,786918E-3	-8,011703E-3	1,387954E+0	1,388463E+0
20220916 16:36:49,880	c_0_893_20220916_16_36_49,880.bmp	1,155237E+0	5,269816E+0	1,006456E-2	1,094073E-2	-1,187515E-2	-8,011703E-3	1,398148E+0	1,385905E+0
20220916 16:36:55,885	c_0_894_20220916_16_36_55,885.bmp	1,166688E+0	5,296553E+0	4,973106E-3	8,388745E-3	-6,786918E-3	2,187256E-3	1,382857E+0	1,380789E+0
20220916 16:37:01,885	c_0_895_20220916_16_37_01,885.bmp	1,176868E+0	5,316923E+0	7,518835E-3	7,112750E-3	8,454256E-4	4,736996E-3	1,385405E+0	1,380789E+0
20220916 16:37:07,889	c_0_896_20220916_16_37_07,889.bmp	1,190864E+0	5,334747E+0	3,700242E-3	7,112750E-3	8,454256E-4	4,736996E-3	1,382857E+0	1,380789E+0
20220916 16:37:13,890	c_0_897_20220916_16_37_13,890.bmp	1,198498E+0	5,352572E+0	7,518835E-3	1,094073E-2	-9,331032E-3	-1,056144E-2	1,387954E+0	1,388463E+0
20220916 16:37:19,890	c_0_898_20220916_16_37_19,890.bmp	1,202316E+0	5,372942E+0	7,518835E-3	1,094073E-2	3,389540E-3	-8,011703E-3	1,390502E+0	1,388463E+0
20220916 16:37:25,890	c_0_899_20220916_16_37_25,890.bmp	1,213767E+0	5,393313E+0	6,245971E-3	1,094073E-2	-6,786918E-3	-1,056144E-2	1,390502E+0	1,393578E+0
20220916 16:37:31,895	c_0_900_20220916_16_37_31,895.bmp	1,223947E+0	5,416230E+0	3,700242E-3	9,664739E-3	-1,698689E-3	-1,311118E-2	1,382857E+0	1,388463E+0
20220916 16:37:37,899	c_0_901_20220916_16_37_37,899.bmp	1,227764E+0	5,431508E+0	6,245971E-3	9,664739E-3	-4,242803E-3	-2,912223E-3	1,387954E+0	1,388463E+0
20220916 16:37:43,899	c_0_902_20220916_16_37_43,899.bmp	1,239215E+0	5,455698E+0	3,700242E-3	8,388745E-3	-1,187515E-2	-3,624835E-4	1,382857E+0	1,385905E+0
20220916 16:37:49,904	c_0_903_20220916_16_37_49,904.bmp	1,240488E+0	5,473522E+0	1,006456E-2	9,664739E-3	-1,187515E-2	-3,624835E-4	1,390502E+0	1,388463E+0
20220916 16:37:55,905	c_0_904_20220916_16_37_55,905.bmp	1,251939E+0	5,496439E+0	3,700242E-3	8,388745E-3	-1,698689E-3	-8,011703E-3	1,382857E+0	1,391021E+0
20220916 16:38:01,905	c_0_905_20220916_16_38_01,905.bmp	1,250667E+0	5,512990E+0	7,518835E-3	8,388745E-3	-1,698689E-3	-2,912223E-3	1,387954E+0	1,380789E+0
20220916 16:38:07,909	c_0_906_20220916_16_38_07,909.bmp	1,254484E+0	5,528268E+0	1,006456E-2	1,349272E-2	-1,696338E-2	-8,011703E-3	1,398148E+0	1,396136E+0
20220916 16:38:13,913	c_0_907_20220916_16_38_13,913.bmp	1,259574E+0	5,552458E+0	3,700242E-3	1,094073E-2	-1,698689E-3	-2,912223E-3	1,390502E+0	1,388463E+0
20220916 16:38:19,913	c_0_908_20220916_16_38_19,913.bmp	1,258301E+0	5,577921E+0	2,427377E-3	1,094073E-2	8,454256E-4	2,187256E-3	1,385405E+0	1,388463E+0
20220916 16:38:25,914	c_0_909_20220916_16_38_25,914.bmp	1,223947E+0	5,591926E+0	3,700242E-3	1,094073E-2	8,454256E-4	-8,011703E-3	1,390502E+0	1,388463E+0
20220916 16:38:31,918	c_0_910_20220916_16_38_31,918.bmp	1,198498E+0	5,612296E+0	7,518835E-3	8,388745E-3	-9,331032E-3	-5,461963E-3	1,390502E+0	1,383347E+0
20220916 16:38:37,922	c_0_911_20220916_16_38_37,922.bmp	1,194681E+0	5,636486E+0	3,700242E-3	1,094073E-2	-6,786918E-3	-8,011703E-3	1,385405E+0	1,388463E+0
20220916 16:38:43,926	c_0_912_20220916_16_38_43,926.bmp	1,195954E+0	5,651764E+0	3,700242E-3	1,094073E-2	-4,242803E-3	-5,461963E-3	1,390502E+0	1,391021E+0
20220916 16:38:49,927	c_0_913_20220916_16_38_49,927.bmp	1,195954E+0	5,675954E+0	3,700242E-3	8,388745E-3	-6,786918E-3	-1,311118E-2	1,385405E+0	1,388463E+0
20220916 16:38:55,927	c_0_914_20220916_16_38_55,927.bmp	1,201043E+0	5,692505E+0	6,245971E-3	1,476871E-2	-6,786918E-3	-1,056144E-2	1,387954E+0	1,396136E+0
20220916 16:39:01,929	c_0_915_20220916_16_39_01,929.bmp	1,206133E+0	5,716695E+0	6,245971E-3	7,112750E-3	-1,441926E-2	-8,011703E-3	1,382857E+0	1,380789E+0
20220916 16:39:07,930	c_0_916_20220916_16_39_07,930.bmp	1,211223E+0	5,733246E+0	7,518835E-3	1,094073E-2	-6,786918E-3	2,187256E-3	1,390502E+0	1,388463E+0
20220916 16:39:13,930	c_0_917_20220916_16_39_13,930.bmp	1,213767E+0	5,752344E+0	6,245971E-3	7,112750E-3	-6,786918E-3	2,187256E-3	1,387954E+0	1,383347E+0
20220916 16:39:19,931	c_0_918_20220916_16_39_19,931.bmp	1,211223E+0	5,771441E+0	7,518835E-3	1,094073E-2	-6,786918E-3	2,187256E-3	1,390502E+0	1,396136E+0
20220916 16:39:25,934	c_0_919_20220916_16_39_25,934.bmp	1,195954E+0	5,789265E+0	8,791700E-3	1,221673E-2	-1,187515E-2	7,286736E-3	1,398148E+0	1,388463E+0
20220916 16:39:31,935	c_0_920_20220916_16_39_31,935.bmp	1,187047E+0	5,807089E+0	8,791700E-3	1,349272E-2	8,454256E-4	-8,011703E-3	1,398148E+0	1,388463E+0
20220916 16:39:37,940	c_0_921_20220916_16_39_37,940.bmp	1,185774E+0	5,830006E+0	1,006456E-2	1,349272E-2	-1,696338E-2	-2,076040E-2	1,398148E+0	1,393578E+0
20220916 16:39:43,944	c_0_922_20220916_16_39_43,944.bmp	1,113247E+0	5,852923E+0	1,133743E-2	1,094073E-2	-1,696338E-2	2,187256E-3	1,387954E+0	1,385905E+0
20220916 16:39:49,946	c_0_923_20220916_16_39_49,946.bmp	1,017817E+0	5,868201E+0	1,006456E-2	1,349272E-2	-1,187515E-2	-8,011703E-3	1,395599E+0	1,388463E+0
20220916 16:39:55,950	c_0_924_20220916_16_39_55,950.bmp	1,010183E+0	5,888572E+0	8,791700E-3	1,349272E-2	-1,441926E-2	-1,056144E-2	1,395599E+0	1,396136E+0
20220916 16:40:01,954	c_0_925_20220916_16_40_01,954.bmp	1,006366E+0	5,908942E+0	1,006456E-2	1,349272E-2	-1,187515E-2	-5,461963E-3	1,395599E+0	1,388463E+0
20220916 16:40:07,955	c_0_926_20220916_16_40_07,955.bmp	1,008910E+0	5,930586E+0	7,518835E-3	1,094073E-2	-9,331032E-3	-8,011703E-3	1,390502E+0	1,388463E+0
20220916 16:40:13,958	c_0_927_20220916_16_40_13,958.bmp	9,987311E-1	5,952230E+0	6,245971E-3	8,388745E-3	-9,331032E-3	-2,912223E-3	1,390502E+0	1,383347E+0
20220916 16:40:19,959	c_0_928_20220916_16_40_19,959.bmp	8,485875E-1	5,973873E+0	1,006456E-2	1,094073E-2	-6,786918E-3	-5,461963E-3	1,390502E+0	1,388463E+0
20220916 16:40:25,964	c_0_929_20220916_16_40_25,964.bmp	7,862397E-1	5,990424E+0	6,245971E-3	1,094073E-2	-1,187515E-2	-5,461963E-3	1,387954E+0	1,383347E+0
20220916 16:40:31,964	c_0_930_20220916_16_40_31,964.bmp	7,849673E-1	6,009522E+0	1,006456E-2	1,349272E-2	-1,187515E-2	-5,461963E-3	1,395599E+0	1,388463E+0
20220916 16:40:37,968	c_0_931_20220916_16_40_37,968.bmp	7,938742E-1	6,032439E+0	7,518835E-3	1,094073E-2	-1,441926E-2	-8,011703E-3	1,390502E+0	1,396136E+0
20220916 16:40:43,973	c_0_932_20220916_16_40_43,973.bmp	8,027810E-1	6,056629E+0	3,700242E-3	5,836756E-3	-9,331032E-3	1,238622E-2	1,385405E+0	1,383347E+0
20220916 16:40:49,978	c_0_933_20220916_16_40_49,978.bmp	8,053258E-1	6,073180E+0	4,973106E-3	7,112750E-3	-4,242803E-3	-3,624835E-4	1,393051E+0	1,383347E+0
20220916 16:40:55,980	c_0_934_20220916_16_40_55,980.bmp	8,065982E-1	6,092277E+0	7,518835E-3	1,094073E-2	-2,459572E-2	-2,912223E-3	1,390502E+0	1,385905E+0
20220916 16:41:01,982	c_0_935_20220916_16_41_01,982.bmp	8,193222E-1	6,112648E+0	3,700242E-3	1,094073E-2	-1,698689E-3	-8,011703E-3	1,390502E+0	1,385905E+0
20220916 16:41:07,984	c_0_936_20220916_16_41_07,984.bmp	8,282291E-1	6,133018E+0	6,245971E-3	1,094073E-2	-9,331032E-3	-5,461963E-3	1,387954E+0	1,388463E+0
20220916 16:41:13,984	c_0_937_20220916_16_41_13,984.bmp	8,295015E-1	6,150842E+0	6,245971E-3	7,112750E-3	8,454256E-4	-3,624835E-4	1,385405E+0	1,388463E+0
