20220916 16:10:19,290	c_1_628_20220916_16_10_19,290.bmp	3,711599E-3	-2,143211E-2	3,700242E-3	8,388745E-3	8,477769E-3	4,736996E-3	1,385405E+0	1,383347E+0
20220916 16:10:25,292	c_1_629_20220916_16_10_25,292.bmp	3,711599E-3	-2,652474E-2	7,518835E-3	1,349272E-2	-1,698689E-3	-3,624835E-4	1,387954E+0	1,393578E+0
20220916 16:10:31,293	c_1_630_20220916_16_10_31,293.bmp	4,570091E-2	1,548950E-2	6,245971E-3	1,094073E-2	8,454256E-4	-2,331014E-2	1,387954E+0	1,388463E+0
20220916 16:10:37,295	c_1_631_20220916_16_10_37,295.bmp	1,284071E-1	3,458688E-2	6,245971E-3	1,094073E-2	1,102188E-2	-1,056144E-2	1,390502E+0	1,393578E+0
20220916 16:10:43,312	c_1_632_20220916_16_10_43,312.bmp	1,983893E-1	5,623059E-2	8,791700E-3	1,094073E-2	-9,331032E-3	2,187256E-3	1,387954E+0	1,385905E+0
20220916 16:10:49,312	c_1_633_20220916_16_10_49,312.bmp	2,747335E-1	7,787429E-2	2,427377E-3	5,836756E-3	-4,242803E-3	4,736996E-3	1,382857E+0	1,383347E+0
20220916 16:10:55,312	c_1_634_20220916_16_10_55,312.bmp	3,459881E-1	9,315219E-2	7,518835E-3	1,349272E-2	-1,441926E-2	-1,311118E-2	1,398148E+0	1,396136E+0
20220916 16:11:01,316	c_1_635_20220916_16_11_01,316.bmp	4,172427E-1	1,122496E-1	6,245971E-3	1,349272E-2	-6,786918E-3	-1,311118E-2	1,395599E+0	1,385905E+0
20220916 16:11:07,317	c_1_636_20220916_16_11_07,317.bmp	4,897697E-1	1,389859E-1	6,245971E-3	7,112750E-3	-6,786918E-3	-3,624835E-4	1,387954E+0	1,380789E+0
20220916 16:11:13,322	c_1_637_20220916_16_11_13,322.bmp	5,559347E-1	1,555370E-1	8,791700E-3	1,094073E-2	-6,786918E-3	1,748570E-2	1,390502E+0	1,383347E+0
20220916 16:11:19,325	c_1_638_20220916_16_11_19,325.bmp	6,284617E-1	1,733612E-1	1,006456E-2	1,476871E-2	-1,696338E-2	-2,912223E-3	1,393051E+0	1,393578E+0
20220916 16:11:25,326	c_1_639_20220916_16_11_25,326.bmp	6,971715E-1	1,924586E-1	8,791700E-3	1,094073E-2	-9,331032E-3	-8,011703E-3	1,395599E+0	1,388463E+0
20220916 16:11:31,328	c_1_640_20220916_16_11_31,328.bmp	7,671537E-1	2,153755E-1	7,518835E-3	7,112750E-3	-6,786918E-3	-3,624835E-4	1,387954E+0	1,383347E+0
20220916 16:11:37,332	c_1_641_20220916_16_11_37,332.bmp	8,358635E-1	2,344728E-1	3,700242E-3	1,094073E-2	8,477769E-3	2,187256E-3	1,387954E+0	1,388463E+0
20220916 16:11:43,333	c_1_642_20220916_16_11_43,333.bmp	9,007561E-1	2,586629E-1	2,427377E-3	1,094073E-2	1,102188E-2	-3,624835E-4	1,382857E+0	1,388463E+0
20220916 16:11:49,333	c_1_643_20220916_16_11_49,333.bmp	9,631038E-1	2,777602E-1	2,427377E-3	8,388745E-3	-4,242803E-3	-2,912223E-3	1,385405E+0	1,383347E+0
20220916 16:11:55,340	c_1_644_20220916_16_11_55,340.bmp	1,024179E+0	2,968576E-1	2,427377E-3	8,388745E-3	-1,698689E-3	2,187256E-3	1,382857E+0	1,383347E+0
20220916 16:12:01,345	c_1_645_20220916_16_12_01,345.bmp	1,080165E+0	3,172282E-1	6,245971E-3	1,094073E-2	-1,698689E-3	-1,311118E-2	1,390502E+0	1,388463E+0
20220916 16:12:07,345	c_1_646_20220916_16_12_07,345.bmp	1,136151E+0	3,388719E-1	3,700242E-3	8,388745E-3	5,933654E-3	-2,912223E-3	1,382857E+0	1,388463E+0
20220916 16:12:13,391	c_1_647_20220916_16_12_13,391.bmp	1,189592E+0	3,503303E-1	1,006456E-2	1,349272E-2	-1,950749E-2	-8,011703E-3	1,398148E+0	1,396136E+0
20220916 16:12:19,393	c_1_648_20220916_16_12_19,393.bmp	1,239215E+0	3,783398E-1	4,973106E-3	1,094073E-2	-1,698689E-3	4,736996E-3	1,382857E+0	1,388463E+0
20220916 16:12:25,395	c_1_649_20220916_16_12_25,395.bmp	1,283750E+0	3,987103E-1	3,700242E-3	7,112750E-3	-4,242803E-3	-8,011703E-3	1,382857E+0	1,385905E+0
20220916 16:12:31,396	c_1_650_20220916_16_12_31,396.bmp	1,327011E+0	4,139882E-1	7,518835E-3	9,664739E-3	-6,786918E-3	-2,912223E-3	1,387954E+0	1,388463E+0
20220916 16:12:37,399	c_1_651_20220916_16_12_37,399.bmp	1,363911E+0	4,394514E-1	4,973106E-3	8,388745E-3	-1,698689E-3	2,187256E-3	1,385405E+0	1,388463E+0
20220916 16:12:43,399	c_1_652_20220916_16_12_43,399.bmp	1,405900E+0	4,560025E-1	6,245971E-3	1,094073E-2	8,454256E-4	-8,011703E-3	1,390502E+0	1,388463E+0
20220916 16:12:49,401	c_1_653_20220916_16_12_49,401.bmp	1,442800E+0	4,776462E-1	4,973106E-3	8,388745E-3	-4,242803E-3	3,278413E-2	1,387954E+0	1,380789E+0
20220916 16:12:55,401	c_1_654_20220916_16_12_55,401.bmp	1,484789E+0	4,941973E-1	6,245971E-3	8,388745E-3	-6,786918E-3	-3,624835E-4	1,390502E+0	1,383347E+0
20220916 16:13:01,405	c_1_655_20220916_16_13_01,405.bmp	1,524234E+0	5,183873E-1	8,791700E-3	1,094073E-2	-1,696338E-2	-2,912223E-3	1,398148E+0	1,385905E+0
20220916 16:13:07,408	c_1_656_20220916_16_13_07,408.bmp	1,566223E+0	5,400310E-1	3,700242E-3	1,094073E-2	-4,242803E-3	-5,461963E-3	1,382857E+0	1,388463E+0
20220916 16:13:13,410	c_1_657_20220916_16_13_13,410.bmp	1,587854E+0	5,527626E-1	1,006456E-2	1,094073E-2	-1,441926E-2	-8,011703E-3	1,395599E+0	1,388463E+0
20220916 16:13:19,415	c_1_658_20220916_16_13_19,415.bmp	1,614574E+0	5,756794E-1	3,700242E-3	1,094073E-2	8,454256E-4	-5,461963E-3	1,390502E+0	1,388463E+0
20220916 16:13:25,416	c_1_659_20220916_16_13_25,416.bmp	1,600578E+0	5,947768E-1	7,518835E-3	8,388745E-3	-2,205160E-2	-2,912223E-3	1,390502E+0	1,383347E+0
20220916 16:13:31,418	c_1_660_20220916_16_13_31,418.bmp	1,510237E+0	6,126010E-1	1,006456E-2	1,094073E-2	-9,331032E-3	-8,011703E-3	1,398148E+0	1,388463E+0
20220916 16:13:37,421	c_1_661_20220916_16_13_37,421.bmp	1,507693E+0	6,342447E-1	6,245971E-3	9,664739E-3	-1,187515E-2	-1,311118E-2	1,387954E+0	1,385905E+0
20220916 16:13:43,422	c_1_662_20220916_16_13_43,422.bmp	1,516599E+0	6,584348E-1	7,518835E-3	7,112750E-3	8,454256E-4	2,187256E-3	1,382857E+0	1,388463E+0
20220916 16:13:49,425	c_1_663_20220916_16_13_49,425.bmp	1,535685E+0	6,775321E-1	6,245971E-3	1,094073E-2	-2,205160E-2	2,187256E-3	1,390502E+0	1,388463E+0
20220916 16:13:55,426	c_1_664_20220916_16_13_55,426.bmp	1,559861E+0	6,915369E-1	7,518835E-3	1,221673E-2	-6,786918E-3	-1,056144E-2	1,395599E+0	1,388463E+0
20220916 16:14:01,428	c_1_665_20220916_16_14_01,428.bmp	1,592944E+0	7,182732E-1	2,427377E-3	1,094073E-2	-1,698689E-3	-5,461963E-3	1,382857E+0	1,385905E+0
20220916 16:14:07,431	c_1_666_20220916_16_14_07,431.bmp	1,618392E+0	7,322780E-1	6,245971E-3	1,349272E-2	-1,441926E-2	-1,056144E-2	1,395599E+0	1,393578E+0
20220916 16:14:13,436	c_1_667_20220916_16_14_13,436.bmp	1,651474E+0	7,551948E-1	6,245971E-3	1,094073E-2	-1,698689E-3	-2,912223E-3	1,390502E+0	1,388463E+0
20220916 16:14:19,438	c_1_668_20220916_16_14_19,438.bmp	1,679467E+0	7,730191E-1	1,006456E-2	9,664739E-3	-1,187515E-2	-3,624835E-4	1,398148E+0	1,388463E+0
20220916 16:14:25,449	c_1_669_20220916_16_14_25,449.bmp	1,717639E+0	7,946628E-1	3,700242E-3	1,094073E-2	-1,187515E-2	-5,461963E-3	1,390502E+0	1,393578E+0
20220916 16:14:31,453	c_1_670_20220916_16_14_31,453.bmp	1,750722E+0	8,137601E-1	6,245971E-3	1,094073E-2	-6,786918E-3	-1,056144E-2	1,390502E+0	1,388463E+0
20220916 16:14:37,454	c_1_671_20220916_16_14_37,454.bmp	1,782532E+0	8,354038E-1	3,700242E-3	1,221673E-2	5,933654E-3	-1,311118E-2	1,390502E+0	1,388463E+0
20220916 16:14:43,456	c_1_672_20220916_16_14_43,456.bmp	1,811797E+0	8,519549E-1	4,973106E-3	1,349272E-2	-1,187515E-2	-2,076040E-2	1,398148E+0	1,396136E+0
20220916 16:14:49,460	c_1_673_20220916_16_14_49,460.bmp	1,844879E+0	8,774181E-1	6,245971E-3	7,112750E-3	-6,786918E-3	7,286736E-3	1,382857E+0	1,383347E+0
20220916 16:14:55,460	c_1_674_20220916_16_14_55,460.bmp	1,877962E+0	8,926960E-1	8,791700E-3	1,349272E-2	-1,441926E-2	-2,912223E-3	1,398148E+0	1,393578E+0
20220916 16:15:01,463	c_1_675_20220916_16_15_01,463.bmp	1,913589E+0	9,156129E-1	8,791700E-3	1,094073E-2	-6,786918E-3	4,736996E-3	1,387954E+0	1,383347E+0
20220916 16:15:07,466	c_1_676_20220916_16_15_07,466.bmp	1,951761E+0	9,359834E-1	7,518835E-3	9,664739E-3	-9,331032E-3	-8,011703E-3	1,387954E+0	1,396136E+0
20220916 16:15:13,470	c_1_677_20220916_16_15_13,470.bmp	1,986116E+0	9,589003E-1	3,700242E-3	8,388745E-3	-1,698689E-3	9,836476E-3	1,385405E+0	1,383347E+0
20220916 16:15:19,472	c_1_678_20220916_16_15_19,472.bmp	2,021744E+0	9,741782E-1	7,518835E-3	8,388745E-3	-1,187515E-2	-2,912223E-3	1,390502E+0	1,383347E+0
20220916 16:15:25,473	c_1_679_20220916_16_15_25,473.bmp	2,054826E+0	9,920024E-1	8,791700E-3	1,476871E-2	-1,441926E-2	-2,840962E-2	1,393051E+0	1,388463E+0
20220916 16:15:31,474	c_1_680_20220916_16_15_31,474.bmp	2,079002E+0	1,014919E+0	8,791700E-3	1,094073E-2	-6,786918E-3	-3,624835E-4	1,387954E+0	1,383347E+0
20220916 16:15:37,476	c_1_681_20220916_16_15_37,476.bmp	2,092998E+0	1,035290E+0	6,245971E-3	1,094073E-2	-3,731629E-2	-2,912223E-3	1,387954E+0	1,388463E+0
20220916 16:15:43,481	c_1_682_20220916_16_15_43,481.bmp	2,089181E+0	1,058207E+0	7,518835E-3	7,112750E-3	-1,698689E-3	-3,624835E-4	1,382857E+0	1,388463E+0
20220916 16:15:49,486	c_1_683_20220916_16_15_49,486.bmp	2,084091E+0	1,072211E+0	6,245971E-3	1,349272E-2	-6,786918E-3	-1,311118E-2	1,387954E+0	1,393578E+0
20220916 16:15:55,490	c_1_684_20220916_16_15_55,490.bmp	2,084091E+0	1,097675E+0	2,427377E-3	8,388745E-3	-1,698689E-3	2,187256E-3	1,385405E+0	1,380789E+0
20220916 16:16:01,491	c_1_685_20220916_16_16_01,491.bmp	2,065005E+0	1,119318E+0	3,700242E-3	7,112750E-3	-1,698689E-3	9,836476E-3	1,382857E+0	1,383347E+0
20220916 16:16:07,491	c_1_686_20220916_16_16_07,491.bmp	1,664198E+0	1,139689E+0	7,518835E-3	7,112750E-3	-6,786918E-3	2,187256E-3	1,382857E+0	1,383347E+0
20220916 16:16:13,491	c_1_687_20220916_16_16_13,491.bmp	1,502603E+0	1,152420E+0	8,791700E-3	9,664739E-3	-1,441926E-2	-5,461963E-3	1,398148E+0	1,391021E+0
20220916 16:16:19,492	c_1_688_20220916_16_16_19,492.bmp	1,487334E+0	1,172791E+0	7,518835E-3	1,094073E-2	-1,696338E-2	-1,821066E-2	1,398148E+0	1,385905E+0
20220916 16:16:25,495	c_1_689_20220916_16_16_25,495.bmp	1,483517E+0	1,198254E+0	7,518835E-3	8,388745E-3	-2,968395E-2	2,187256E-3	1,382857E+0	1,383347E+0
20220916 16:16:31,498	c_1_690_20220916_16_16_31,498.bmp	1,474610E+0	1,213532E+0	8,791700E-3	1,221673E-2	-1,698689E-3	-1,311118E-2	1,398148E+0	1,396136E+0
20220916 16:16:37,501	c_1_691_20220916_16_16_37,501.bmp	1,478427E+0	1,231356E+0	1,006456E-2	1,094073E-2	-6,786918E-3	-8,011703E-3	1,395599E+0	1,388463E+0
20220916 16:16:43,504	c_1_692_20220916_16_16_43,504.bmp	1,488606E+0	1,255546E+0	4,973106E-3	1,094073E-2	8,454256E-4	-3,624835E-4	1,390502E+0	1,388463E+0
20220916 16:16:49,505	c_1_693_20220916_16_16_49,505.bmp	1,496241E+0	1,272097E+0	8,791700E-3	1,094073E-2	-2,205160E-2	-5,461963E-3	1,395599E+0	1,388463E+0
20220916 16:16:55,509	c_1_694_20220916_16_16_55,509.bmp	1,512782E+0	1,293741E+0	3,700242E-3	1,094073E-2	-6,786918E-3	-3,624835E-4	1,387954E+0	1,396136E+0
20220916 16:17:01,511	c_1_695_20220916_16_17_01,511.bmp	1,525506E+0	1,320477E+0	7,518835E-3	8,388745E-3	-1,698689E-3	-5,461963E-3	1,385405E+0	1,388463E+0
20220916 16:17:07,516	c_1_696_20220916_16_17_07,516.bmp	1,535685E+0	1,335755E+0	1,006456E-2	1,221673E-2	8,454256E-4	-2,912223E-3	1,387954E+0	1,383347E+0
20220916 16:17:13,521	c_1_697_20220916_16_17_13,521.bmp	1,553499E+0	1,356126E+0	6,245971E-3	1,094073E-2	-6,786918E-3	-3,605884E-2	1,387954E+0	1,383347E+0
20220916 16:17:19,522	c_1_698_20220916_16_17_19,522.bmp	1,573858E+0	1,379043E+0	6,245971E-3	7,112750E-3	3,389540E-3	2,187256E-3	1,385405E+0	1,383347E+0
20220916 16:17:25,526	c_1_699_20220916_16_17_25,526.bmp	1,594216E+0	1,394321E+0	7,518835E-3	1,094073E-2	-6,786918E-3	-8,011703E-3	1,390502E+0	1,388463E+0
20220916 16:17:31,529	c_1_700_20220916_16_17_31,529.bmp	1,610757E+0	1,417237E+0	3,700242E-3	1,094073E-2	3,389540E-3	4,736996E-3	1,387954E+0	1,388463E+0
20220916 16:17:37,531	c_1_701_20220916_16_17_37,531.bmp	1,619664E+0	1,436335E+0	3,700242E-3	1,094073E-2	-1,698689E-3	-1,056144E-2	1,390502E+0	1,388463E+0
20220916 16:17:43,535	c_1_702_20220916_16_17_43,535.bmp	1,633660E+0	1,460525E+0	3,700242E-3	8,388745E-3	8,454256E-4	-8,011703E-3	1,385405E+0	1,383347E+0
20220916 16:17:49,538	c_1_703_20220916_16_17_49,538.bmp	1,648929E+0	1,471983E+0	6,245971E-3	1,349272E-2	-1,441926E-2	-1,566092E-2	1,395599E+0	1,396136E+0
20220916 16:17:55,541	c_1_704_20220916_16_17_55,541.bmp	1,660381E+0	1,496173E+0	1,006456E-2	9,664739E-3	-2,205160E-2	-5,461963E-3	1,387954E+0	1,385905E+0
20220916 16:18:01,545	c_1_705_20220916_16_18_01,545.bmp	1,678195E+0	1,512724E+0	8,791700E-3	1,094073E-2	-2,713983E-2	-2,912223E-3	1,398148E+0	1,385905E+0
20220916 16:18:07,548	c_1_706_20220916_16_18_07,548.bmp	1,699825E+0	1,535641E+0	6,245971E-3	1,094073E-2	-6,786918E-3	7,286736E-3	1,390502E+0	1,388463E+0
20220916 16:18:13,550	c_1_707_20220916_16_18_13,550.bmp	1,716367E+0	1,558558E+0	4,973106E-3	8,388745E-3	-1,698689E-3	-2,912223E-3	1,382857E+0	1,388463E+0
20220916 16:18:19,552	c_1_708_20220916_16_18_19,552.bmp	1,736725E+0	1,580202E+0	3,700242E-3	1,094073E-2	-1,698689E-3	-3,624835E-4	1,382857E+0	1,388463E+0
20220916 16:18:25,556	c_1_709_20220916_16_18_25,556.bmp	1,750722E+0	1,592933E+0	8,791700E-3	1,221673E-2	-1,187515E-2	-1,311118E-2	1,398148E+0	1,393578E+0
20220916 16:18:31,561	c_1_710_20220916_16_18_31,561.bmp	1,764718E+0	1,613304E+0	7,518835E-3	1,476871E-2	-1,950749E-2	-1,311118E-2	1,395599E+0	1,388463E+0
20220916 16:18:37,562	c_1_711_20220916_16_18_37,562.bmp	1,781259E+0	1,636221E+0	6,245971E-3	9,664739E-3	-6,786918E-3	-5,461963E-3	1,387954E+0	1,396136E+0
20220916 16:18:43,563	c_1_712_20220916_16_18_43,563.bmp	1,791439E+0	1,655318E+0	7,518835E-3	1,094073E-2	-1,187515E-2	-5,461963E-3	1,387954E+0	1,385905E+0
20220916 16:18:49,563	c_1_713_20220916_16_18_49,563.bmp	1,807980E+0	1,676962E+0	8,791700E-3	1,094073E-2	-6,786918E-3	-8,011703E-3	1,390502E+0	1,388463E+0
20220916 16:18:55,565	c_1_714_20220916_16_18_55,565.bmp	1,827066E+0	1,696059E+0	3,700242E-3	1,094073E-2	-4,242803E-3	-3,624835E-4	1,390502E+0	1,391021E+0
20220916 16:19:01,568	c_1_715_20220916_16_19_01,568.bmp	1,838517E+0	1,716430E+0	6,245971E-3	1,094073E-2	-6,786918E-3	4,736996E-3	1,387954E+0	1,383347E+0
20220916 16:19:07,569	c_1_716_20220916_16_19_07,569.bmp	1,856331E+0	1,735527E+0	7,518835E-3	1,094073E-2	-6,786918E-3	-8,011703E-3	1,387954E+0	1,388463E+0
20220916 16:19:13,580	c_1_717_20220916_16_19_13,580.bmp	1,871600E+0	1,755898E+0	3,700242E-3	1,094073E-2	-6,786918E-3	-1,056144E-2	1,390502E+0	1,396136E+0
20220916 16:19:19,582	c_1_718_20220916_16_19_19,582.bmp	1,884324E+0	1,773722E+0	7,518835E-3	1,349272E-2	-6,786918E-3	-8,011703E-3	1,390502E+0	1,393578E+0
20220916 16:19:25,585	c_1_719_20220916_16_19_25,585.bmp	1,899593E+0	1,795366E+0	7,518835E-3	1,094073E-2	-1,696338E-2	-1,056144E-2	1,390502E+0	1,388463E+0
20220916 16:19:31,592	c_1_720_20220916_16_19_31,592.bmp	1,909772E+0	1,813190E+0	7,518835E-3	1,349272E-2	-2,205160E-2	-8,011703E-3	1,395599E+0	1,388463E+0
20220916 16:19:37,595	c_1_721_20220916_16_19_37,595.bmp	1,909772E+0	1,832287E+0	8,791700E-3	1,476871E-2	-1,696338E-2	-1,056144E-2	1,395599E+0	1,396136E+0
20220916 16:19:43,600	c_1_722_20220916_16_19_43,600.bmp	1,905955E+0	1,856477E+0	6,245971E-3	8,388745E-3	-9,331032E-3	-2,912223E-3	1,387954E+0	1,380789E+0
20220916 16:19:49,602	c_1_723_20220916_16_19_49,602.bmp	1,884324E+0	1,875575E+0	6,245971E-3	1,094073E-2	-4,242803E-3	-8,011703E-3	1,390502E+0	1,388463E+0
20220916 16:19:55,604	c_1_724_20220916_16_19_55,604.bmp	1,852514E+0	1,897218E+0	3,700242E-3	1,094073E-2	-1,698689E-3	-1,056144E-2	1,385405E+0	1,388463E+0
20220916 16:20:01,607	c_1_725_20220916_16_20_01,607.bmp	1,764718E+0	1,916316E+0	6,245971E-3	1,094073E-2	-9,331032E-3	-8,011703E-3	1,390502E+0	1,388463E+0
20220916 16:20:07,607	c_1_726_20220916_16_20_07,607.bmp	1,162871E+0	1,937959E+0	4,973106E-3	7,112750E-3	-1,698689E-3	3,533387E-2	1,385405E+0	1,383347E+0
20220916 16:20:13,610	c_1_727_20220916_16_20_13,610.bmp	1,097979E+0	1,951964E+0	8,791700E-3	1,349272E-2	-1,441926E-2	-8,011703E-3	1,398148E+0	1,396136E+0
20220916 16:20:19,614	c_1_728_20220916_16_20_19,614.bmp	1,091617E+0	1,974881E+0	7,518835E-3	1,221673E-2	-4,242803E-3	-5,461963E-3	1,390502E+0	1,391021E+0
20220916 16:20:25,615	c_1_729_20220916_16_20_25,615.bmp	1,094161E+0	1,995252E+0	3,700242E-3	1,094073E-2	-6,786918E-3	-8,011703E-3	1,390502E+0	1,388463E+0
20220916 16:20:31,618	c_1_730_20220916_16_20_31,618.bmp	1,099251E+0	2,018168E+0	6,245971E-3	8,388745E-3	-6,786918E-3	1,238622E-2	1,385405E+0	1,383347E+0
20220916 16:20:37,623	c_1_731_20220916_16_20_37,623.bmp	1,110703E+0	2,038539E+0	3,700242E-3	8,388745E-3	8,454256E-4	-5,461963E-3	1,382857E+0	1,383347E+0
20220916 16:20:43,625	c_1_732_20220916_16_20_43,625.bmp	1,113247E+0	2,053817E+0	1,006456E-2	1,094073E-2	-9,331032E-3	-3,624835E-4	1,387954E+0	1,383347E+0
20220916 16:20:49,629	c_1_733_20220916_16_20_49,629.bmp	1,124699E+0	2,071641E+0	1,006456E-2	1,349272E-2	-1,696338E-2	-1,821066E-2	1,398148E+0	1,396136E+0
20220916 16:20:55,632	c_1_734_20220916_16_20_55,632.bmp	1,138696E+0	2,098377E+0	2,427377E-3	1,094073E-2	-1,698689E-3	-8,011703E-3	1,382857E+0	1,388463E+0
20220916 16:21:01,633	c_1_735_20220916_16_21_01,633.bmp	1,134878E+0	2,114929E+0	6,245971E-3	1,349272E-2	-1,698689E-3	-8,011703E-3	1,387954E+0	1,393578E+0
20220916 16:21:07,635	c_1_736_20220916_16_21_07,635.bmp	1,142513E+0	2,137845E+0	6,245971E-3	7,112750E-3	-1,696338E-2	-2,912223E-3	1,385405E+0	1,380789E+0
20220916 16:21:13,641	c_1_737_20220916_16_21_13,641.bmp	1,151420E+0	2,154396E+0	7,518835E-3	1,094073E-2	-6,786918E-3	-2,912223E-3	1,390502E+0	1,388463E+0
20220916 16:21:19,645	c_1_738_20220916_16_21_19,645.bmp	1,160326E+0	2,179860E+0	2,427377E-3	8,388745E-3	-4,242803E-3	-2,912223E-3	1,385405E+0	1,383347E+0
20220916 16:21:25,648	c_1_739_20220916_16_21_25,648.bmp	1,170506E+0	2,196411E+0	6,245971E-3	1,094073E-2	-9,331032E-3	-2,912223E-3	1,390502E+0	1,388463E+0
20220916 16:21:31,650	c_1_740_20220916_16_21_31,650.bmp	1,185774E+0	2,216781E+0	3,700242E-3	7,112750E-3	-4,242803E-3	-8,011703E-3	1,385405E+0	1,388463E+0
20220916 16:21:37,653	c_1_741_20220916_16_21_37,653.bmp	1,189592E+0	2,235879E+0	8,791700E-3	1,094073E-2	-1,187515E-2	-8,011703E-3	1,387954E+0	1,385905E+0
20220916 16:21:43,654	c_1_742_20220916_16_21_43,654.bmp	1,199771E+0	2,253703E+0	8,791700E-3	9,664739E-3	-1,187515E-2	2,187256E-3	1,390502E+0	1,383347E+0
20220916 16:21:49,655	c_1_743_20220916_16_21_49,655.bmp	1,211223E+0	2,271527E+0	1,006456E-2	1,094073E-2	-1,187515E-2	-1,311118E-2	1,395599E+0	1,388463E+0
20220916 16:21:55,656	c_1_744_20220916_16_21_55,656.bmp	1,225219E+0	2,294444E+0	6,245971E-3	1,094073E-2	-6,786918E-3	-8,011703E-3	1,390502E+0	1,388463E+0
20220916 16:22:01,656	c_1_745_20220916_16_22_01,656.bmp	1,234126E+0	2,312268E+0	6,245971E-3	1,349272E-2	-1,696338E-2	-8,011703E-3	1,400696E+0	1,396136E+0
20220916 16:22:07,657	c_1_746_20220916_16_22_07,657.bmp	1,243033E+0	2,332639E+0	7,518835E-3	1,349272E-2	8,477769E-3	-1,566092E-2	1,395599E+0	1,393578E+0
20220916 16:22:13,659	c_1_747_20220916_16_22_13,659.bmp	1,226491E+0	2,355556E+0	3,700242E-3	1,094073E-2	-1,187515E-2	-2,912223E-3	1,387954E+0	1,391021E+0
20220916 16:22:19,659	c_1_748_20220916_16_22_19,659.bmp	1,038176E+0	2,370834E+0	6,245971E-3	1,349272E-2	-1,187515E-2	-1,821066E-2	1,395599E+0	1,396136E+0
20220916 16:22:25,661	c_1_749_20220916_16_22_25,661.bmp	1,040720E+0	2,397570E+0	3,700242E-3	1,094073E-2	-4,242803E-3	1,493596E-2	1,382857E+0	1,388463E+0
20220916 16:22:31,666	c_1_750_20220916_16_22_31,666.bmp	1,043265E+0	2,414121E+0	6,245971E-3	1,094073E-2	-6,786918E-3	-2,912223E-3	1,387954E+0	1,388463E+0
20220916 16:22:37,670	c_1_751_20220916_16_22_37,670.bmp	1,045810E+0	2,434491E+0	6,245971E-3	1,349272E-2	-9,331032E-3	-8,011703E-3	1,390502E+0	1,396136E+0
20220916 16:22:43,674	c_1_752_20220916_16_22_43,674.bmp	1,048355E+0	2,454862E+0	7,518835E-3	1,094073E-2	-6,786918E-3	-8,011703E-3	1,387954E+0	1,388463E+0
20220916 16:22:49,678	c_1_753_20220916_16_22_49,678.bmp	1,057262E+0	2,473959E+0	7,518835E-3	1,094073E-2	-6,786918E-3	-5,461963E-3	1,387954E+0	1,388463E+0
20220916 16:22:55,680	c_1_754_20220916_16_22_55,680.bmp	1,061079E+0	2,495603E+0	8,791700E-3	1,476871E-2	8,454256E-4	-1,056144E-2	1,390502E+0	1,396136E+0
20220916 16:23:01,682	c_1_755_20220916_16_23_01,682.bmp	1,067441E+0	2,518520E+0	3,700242E-3	7,112750E-3	-1,698689E-3	9,836476E-3	1,382857E+0	1,383347E+0
20220916 16:23:07,685	c_1_756_20220916_16_23_07,685.bmp	1,071258E+0	2,531252E+0	8,791700E-3	1,349272E-2	-1,696338E-2	-8,011703E-3	1,395599E+0	1,393578E+0
20220916 16:23:13,694	c_1_757_20220916_16_23_13,694.bmp	1,087799E+0	2,554168E+0	7,518835E-3	1,094073E-2	-1,698689E-3	-5,461963E-3	1,387954E+0	1,388463E+0
20220916 16:23:19,699	c_1_758_20220916_16_23_19,699.bmp	1,087799E+0	2,571993E+0	8,791700E-3	1,476871E-2	8,454256E-4	-1,311118E-2	1,395599E+0	1,393578E+0
20220916 16:23:25,701	c_1_759_20220916_16_23_25,701.bmp	1,091617E+0	2,597456E+0	3,700242E-3	7,112750E-3	8,454256E-4	1,238622E-2	1,385405E+0	1,383347E+0
20220916 16:23:31,706	c_1_760_20220916_16_23_31,706.bmp	1,094161E+0	2,611461E+0	1,006456E-2	1,094073E-2	-1,187515E-2	-3,624835E-4	1,398148E+0	1,388463E+0
20220916 16:23:37,707	c_1_761_20220916_16_23_37,707.bmp	1,100523E+0	2,635651E+0	4,973106E-3	1,094073E-2	-1,187515E-2	-8,011703E-3	1,387954E+0	1,388463E+0
20220916 16:23:43,708	c_1_762_20220916_16_23_43,708.bmp	1,099251E+0	2,653475E+0	6,245971E-3	1,094073E-2	-1,187515E-2	-2,912223E-3	1,387954E+0	1,388463E+0
20220916 16:23:49,711	c_1_763_20220916_16_23_49,711.bmp	1,099251E+0	2,670026E+0	8,791700E-3	1,349272E-2	-1,187515E-2	-1,566092E-2	1,398148E+0	1,396136E+0
20220916 16:23:55,716	c_1_764_20220916_16_23_55,716.bmp	1,100523E+0	2,698035E+0	6,245971E-3	8,388745E-3	-9,331032E-3	4,736996E-3	1,382857E+0	1,383347E+0
20220916 16:24:01,717	c_1_765_20220916_16_24_01,717.bmp	1,086527E+0	2,714586E+0	7,518835E-3	7,112750E-3	-6,786918E-3	7,286736E-3	1,387954E+0	1,383347E+0
20220916 16:24:07,718	c_1_766_20220916_16_24_07,718.bmp	1,080165E+0	2,738776E+0	6,245971E-3	7,112750E-3	3,389540E-3	2,187256E-3	1,387954E+0	1,383347E+0
20220916 16:24:13,720	c_1_767_20220916_16_24_13,720.bmp	1,080165E+0	2,757874E+0	3,700242E-3	8,388745E-3	3,389540E-3	-1,056144E-2	1,382857E+0	1,380789E+0
20220916 16:24:19,727	c_1_768_20220916_16_24_19,727.bmp	1,075075E+0	2,774425E+0	1,006456E-2	1,094073E-2	-9,331032E-3	-1,566092E-2	1,390502E+0	1,388463E+0
20220916 16:24:25,728	c_1_769_20220916_16_24_25,728.bmp	1,085255E+0	2,796069E+0	4,973106E-3	9,664739E-3	8,477769E-3	-5,461963E-3	1,390502E+0	1,388463E+0
20220916 16:24:31,728	c_1_770_20220916_16_24_31,728.bmp	1,086527E+0	2,817712E+0	7,518835E-3	8,388745E-3	-4,242803E-3	4,736996E-3	1,382857E+0	1,385905E+0
20220916 16:24:37,729	c_1_771_20220916_16_24_37,729.bmp	1,090344E+0	2,832990E+0	6,245971E-3	1,476871E-2	-1,950749E-2	-8,011703E-3	1,398148E+0	1,396136E+0
20220916 16:24:43,733	c_1_772_20220916_16_24_43,733.bmp	1,097979E+0	2,854634E+0	3,700242E-3	9,664739E-3	-9,331032E-3	-1,056144E-2	1,387954E+0	1,388463E+0
20220916 16:24:49,735	c_1_773_20220916_16_24_49,735.bmp	1,099251E+0	2,873731E+0	6,245971E-3	9,664739E-3	-1,950749E-2	-1,821066E-2	1,387954E+0	1,388463E+0
20220916 16:24:55,735	c_1_774_20220916_16_24_55,735.bmp	1,108158E+0	2,894102E+0	3,700242E-3	1,094073E-2	-1,698689E-3	-3,624835E-4	1,387954E+0	1,388463E+0
20220916 16:25:01,743	c_1_775_20220916_16_25_01,743.bmp	1,113247E+0	2,914472E+0	3,700242E-3	1,094073E-2	-1,696338E-2	-2,912223E-3	1,390502E+0	1,388463E+0
20220916 16:25:07,747	c_1_776_20220916_16_25_07,747.bmp	1,119609E+0	2,934843E+0	4,973106E-3	1,094073E-2	8,454256E-4	-1,311118E-2	1,387954E+0	1,388463E+0
20220916 16:25:13,747	c_1_777_20220916_16_25_13,747.bmp	1,123427E+0	2,953940E+0	3,700242E-3	1,094073E-2	-4,242803E-3	-5,461963E-3	1,387954E+0	1,396136E+0
20220916 16:25:19,752	c_1_778_20220916_16_25_19,752.bmp	1,120882E+0	2,971765E+0	8,791700E-3	1,349272E-2	-6,786918E-3	-5,461963E-3	1,395599E+0	1,388463E+0
20220916 16:25:25,756	c_1_779_20220916_16_25_25,756.bmp	1,131061E+0	2,994681E+0	7,518835E-3	1,094073E-2	-1,698689E-3	4,736996E-3	1,390502E+0	1,383347E+0
20220916 16:25:31,756	c_1_780_20220916_16_25_31,756.bmp	1,134878E+0	3,011232E+0	1,006456E-2	1,221673E-2	-1,187515E-2	-1,311118E-2	1,395599E+0	1,396136E+0
20220916 16:25:37,759	c_1_781_20220916_16_25_37,759.bmp	1,146330E+0	3,034149E+0	6,245971E-3	7,112750E-3	8,454256E-4	2,187256E-3	1,387954E+0	1,380789E+0
20220916 16:25:43,763	c_1_782_20220916_16_25_43,763.bmp	1,153964E+0	3,055793E+0	6,245971E-3	1,349272E-2	8,454256E-4	-1,311118E-2	1,390502E+0	1,396136E+0
20220916 16:25:49,767	c_1_783_20220916_16_25_49,767.bmp	1,162871E+0	3,072344E+0	1,006456E-2	1,349272E-2	-1,441926E-2	-2,076040E-2	1,398148E+0	1,393578E+0
20220916 16:25:55,769	c_1_784_20220916_16_25_55,769.bmp	1,170506E+0	3,095261E+0	6,245971E-3	1,476871E-2	-1,187515E-2	-1,821066E-2	1,390502E+0	1,393578E+0
20220916 16:26:01,770	c_1_785_20220916_16_26_01,770.bmp	1,180685E+0	3,118178E+0	3,700242E-3	7,112750E-3	-1,698689E-3	-8,011703E-3	1,385405E+0	1,388463E+0
20220916 16:26:07,774	c_1_786_20220916_16_26_07,774.bmp	1,187047E+0	3,138548E+0	8,791700E-3	8,388745E-3	5,933654E-3	4,736996E-3	1,382857E+0	1,383347E+0
20220916 16:26:13,778	c_1_787_20220916_16_26_13,778.bmp	1,194681E+0	3,153826E+0	7,518835E-3	1,094073E-2	-6,786918E-3	-8,011703E-3	1,390502E+0	1,388463E+0
20220916 16:26:19,778	c_1_788_20220916_16_26_19,778.bmp	1,202316E+0	3,171650E+0	7,518835E-3	1,349272E-2	8,454256E-4	-1,056144E-2	1,395599E+0	1,396136E+0
20220916 16:26:25,779	c_1_789_20220916_16_26_25,779.bmp	1,209950E+0	3,194567E+0	7,518835E-3	1,094073E-2	-4,242803E-3	-5,461963E-3	1,390502E+0	1,388463E+0
20220916 16:26:31,783	c_1_790_20220916_16_26_31,783.bmp	1,220129E+0	3,214938E+0	3,700242E-3	1,094073E-2	-9,331032E-3	-2,912223E-3	1,387954E+0	1,396136E+0
20220916 16:26:37,784	c_1_791_20220916_16_26_37,784.bmp	1,230309E+0	3,235308E+0	3,700242E-3	1,094073E-2	-1,698689E-3	-2,912223E-3	1,387954E+0	1,393578E+0
20220916 16:26:43,789	c_1_792_20220916_16_26_43,789.bmp	1,234126E+0	3,254406E+0	4,973106E-3	1,349272E-2	-9,331032E-3	-1,566092E-2	1,387954E+0	1,393578E+0
20220916 16:26:49,793	c_1_793_20220916_16_26_49,793.bmp	1,240488E+0	3,272230E+0	6,245971E-3	1,476871E-2	-6,786918E-3	-8,011703E-3	1,387954E+0	1,396136E+0
20220916 16:26:55,798	c_1_794_20220916_16_26_55,798.bmp	1,244305E+0	3,291327E+0	8,791700E-3	1,094073E-2	-9,331032E-3	-3,624835E-4	1,395599E+0	1,388463E+0
20220916 16:27:01,802	c_1_795_20220916_16_27_01,802.bmp	1,257029E+0	3,316791E+0	3,700242E-3	1,094073E-2	8,454256E-4	-8,011703E-3	1,382857E+0	1,388463E+0
20220916 16:27:07,802	c_1_796_20220916_16_27_07,802.bmp	1,262119E+0	3,338434E+0	3,700242E-3	9,664739E-3	3,389540E-3	-8,011703E-3	1,385405E+0	1,388463E+0
20220916 16:27:13,803	c_1_797_20220916_16_27_13,803.bmp	1,267208E+0	3,354985E+0	1,006456E-2	1,094073E-2	-1,187515E-2	-8,011703E-3	1,390502E+0	1,388463E+0
20220916 16:27:19,804	c_1_798_20220916_16_27_19,804.bmp	1,276115E+0	3,377902E+0	4,973106E-3	5,836756E-3	3,389540E-3	-8,011703E-3	1,382857E+0	1,383347E+0
20220916 16:27:25,808	c_1_799_20220916_16_27_25,808.bmp	1,282477E+0	3,397000E+0	6,245971E-3	7,112750E-3	-9,331032E-3	7,286736E-3	1,382857E+0	1,380789E+0
20220916 16:27:31,811	c_1_800_20220916_16_27_31,811.bmp	1,291384E+0	3,416097E+0	3,700242E-3	8,388745E-3	3,389540E-3	2,187256E-3	1,385405E+0	1,391021E+0
20220916 16:27:37,814	c_1_801_20220916_16_27_37,814.bmp	1,299018E+0	3,433921E+0	6,245971E-3	1,094073E-2	-1,696338E-2	-1,311118E-2	1,390502E+0	1,393578E+0
20220916 16:27:43,819	c_1_802_20220916_16_27_43,819.bmp	1,306653E+0	3,455565E+0	6,245971E-3	1,349272E-2	-1,441926E-2	-8,011703E-3	1,390502E+0	1,393578E+0
20220916 16:27:49,819	c_1_803_20220916_16_27_49,819.bmp	1,309198E+0	3,470843E+0	1,006456E-2	1,349272E-2	-1,696338E-2	-1,056144E-2	1,398148E+0	1,388463E+0
20220916 16:27:55,821	c_1_804_20220916_16_27_55,821.bmp	1,318104E+0	3,492487E+0	1,006456E-2	1,349272E-2	-1,187515E-2	-2,076040E-2	1,395599E+0	1,396136E+0
20220916 16:28:01,823	c_1_805_20220916_16_28_01,823.bmp	1,324466E+0	3,511584E+0	1,006456E-2	1,349272E-2	-1,441926E-2	-1,056144E-2	1,395599E+0	1,393578E+0
20220916 16:28:07,825	c_1_806_20220916_16_28_07,825.bmp	1,335918E+0	3,534501E+0	7,518835E-3	1,094073E-2	-1,698689E-3	-8,011703E-3	1,390502E+0	1,388463E+0
20220916 16:28:13,829	c_1_807_20220916_16_28_13,829.bmp	1,341008E+0	3,551052E+0	7,518835E-3	1,349272E-2	-1,187515E-2	-1,821066E-2	1,395599E+0	1,388463E+0
20220916 16:28:19,830	c_1_808_20220916_16_28_19,830.bmp	1,344825E+0	3,572696E+0	1,006456E-2	1,094073E-2	-1,950749E-2	-8,011703E-3	1,395599E+0	1,385905E+0
20220916 16:28:25,833	c_1_809_20220916_16_28_25,833.bmp	1,357549E+0	3,594339E+0	3,700242E-3	1,094073E-2	-4,242803E-3	-5,461963E-3	1,387954E+0	1,388463E+0
20220916 16:28:31,836	c_1_810_20220916_16_28_31,836.bmp	1,360094E+0	3,613437E+0	7,518835E-3	1,476871E-2	-6,786918E-3	-1,056144E-2	1,390502E+0	1,393578E+0
20220916 16:28:37,838	c_1_811_20220916_16_28_37,838.bmp	1,366456E+0	3,635080E+0	7,518835E-3	1,094073E-2	-6,786918E-3	-3,624835E-4	1,390502E+0	1,383347E+0
20220916 16:28:43,838	c_1_812_20220916_16_28_43,838.bmp	1,370273E+0	3,654178E+0	8,791700E-3	1,094073E-2	-1,187515E-2	4,736996E-3	1,387954E+0	1,388463E+0
20220916 16:28:49,842	c_1_813_20220916_16_28_49,842.bmp	1,380452E+0	3,677095E+0	3,700242E-3	7,112750E-3	8,454256E-4	-8,011703E-3	1,382857E+0	1,388463E+0
20220916 16:28:55,842	c_1_814_20220916_16_28_55,842.bmp	1,380452E+0	3,693646E+0	7,518835E-3	1,094073E-2	-9,331032E-3	-5,461963E-3	1,387954E+0	1,393578E+0
20220916 16:29:01,844	c_1_815_20220916_16_29_01,844.bmp	1,386814E+0	3,714016E+0	6,245971E-3	1,349272E-2	-9,331032E-3	-1,311118E-2	1,390502E+0	1,396136E+0
20220916 16:29:07,845	c_1_816_20220916_16_29_07,845.bmp	1,389359E+0	3,736933E+0	3,700242E-3	7,112750E-3	-1,698689E-3	-2,912223E-3	1,382857E+0	1,383347E+0
20220916 16:29:13,849	c_1_817_20220916_16_29_13,849.bmp	1,390631E+0	3,754757E+0	4,973106E-3	1,094073E-2	-9,331032E-3	-2,912223E-3	1,387954E+0	1,380789E+0
20220916 16:29:19,851	c_1_818_20220916_16_29_19,851.bmp	1,391904E+0	3,770035E+0	6,245971E-3	1,349272E-2	-9,331032E-3	-1,056144E-2	1,395599E+0	1,388463E+0
20220916 16:29:25,857	c_1_819_20220916_16_29_25,857.bmp	1,390631E+0	3,790406E+0	1,006456E-2	1,349272E-2	-1,950749E-2	-1,311118E-2	1,398148E+0	1,396136E+0
20220916 16:29:31,860	c_1_820_20220916_16_29_31,860.bmp	1,382997E+0	3,810776E+0	8,791700E-3	1,221673E-2	-1,187515E-2	-1,821066E-2	1,395599E+0	1,388463E+0
20220916 16:29:37,862	c_1_821_20220916_16_29_37,862.bmp	1,281205E+0	3,834966E+0	7,518835E-3	1,094073E-2	-4,242803E-3	-8,011703E-3	1,390502E+0	1,388463E+0
20220916 16:29:43,866	c_1_822_20220916_16_29_43,866.bmp	1,043265E+0	3,851517E+0	1,006456E-2	1,349272E-2	-1,441926E-2	-1,056144E-2	1,395599E+0	1,396136E+0
20220916 16:29:49,867	c_1_823_20220916_16_29_49,867.bmp	1,020362E+0	3,874434E+0	8,791700E-3	1,094073E-2	-1,187515E-2	2,187256E-3	1,387954E+0	1,383347E+0
20220916 16:29:55,868	c_1_824_20220916_16_29_55,868.bmp	1,025452E+0	3,893532E+0	3,700242E-3	9,664739E-3	-9,331032E-3	7,286736E-3	1,387954E+0	1,396136E+0
20220916 16:30:01,872	c_1_825_20220916_16_30_01,872.bmp	1,024179E+0	3,917722E+0	2,427377E-3	1,094073E-2	8,477769E-3	-3,624835E-4	1,382857E+0	1,385905E+0
20220916 16:30:07,874	c_1_826_20220916_16_30_07,874.bmp	1,019090E+0	3,934273E+0	7,518835E-3	1,349272E-2	-2,205160E-2	-1,821066E-2	1,387954E+0	1,393578E+0
20220916 16:30:13,876	c_1_827_20220916_16_30_13,876.bmp	1,024179E+0	3,950824E+0	8,791700E-3	1,349272E-2	-9,331032E-3	-1,056144E-2	1,398148E+0	1,393578E+0
20220916 16:30:19,879	c_1_828_20220916_16_30_19,879.bmp	1,017817E+0	3,972467E+0	8,791700E-3	9,664739E-3	-1,187515E-2	-3,624835E-4	1,395599E+0	1,388463E+0
20220916 16:30:25,882	c_1_829_20220916_16_30_25,882.bmp	1,022907E+0	3,994111E+0	3,700242E-3	9,664739E-3	-6,786918E-3	-1,821066E-2	1,387954E+0	1,388463E+0
20220916 16:30:31,886	c_1_830_20220916_16_30_31,886.bmp	1,017817E+0	4,011935E+0	1,006456E-2	1,476871E-2	-1,696338E-2	-5,461963E-3	1,395599E+0	1,388463E+0
20220916 16:30:37,890	c_1_831_20220916_16_30_37,890.bmp	1,017817E+0	4,036125E+0	7,518835E-3	8,388745E-3	-6,786918E-3	-3,624835E-4	1,382857E+0	1,383347E+0
20220916 16:30:43,896	c_1_832_20220916_16_30_43,896.bmp	1,017817E+0	4,053950E+0	4,973106E-3	1,094073E-2	-6,786918E-3	-8,011703E-3	1,387954E+0	1,396136E+0
20220916 16:30:49,901	c_1_833_20220916_16_30_49,901.bmp	1,012728E+0	4,071774E+0	8,791700E-3	1,094073E-2	-1,696338E-2	2,187256E-3	1,398148E+0	1,391021E+0
20220916 16:30:55,905	c_1_834_20220916_16_30_55,905.bmp	1,017817E+0	4,097237E+0	2,427377E-3	8,388745E-3	-1,698689E-3	9,836476E-3	1,382857E+0	1,380789E+0
20220916 16:31:01,905	c_1_835_20220916_16_31_01,905.bmp	1,016545E+0	4,113788E+0	6,245971E-3	9,664739E-3	-6,786918E-3	-5,461963E-3	1,387954E+0	1,385905E+0
20220916 16:31:07,910	c_1_836_20220916_16_31_07,910.bmp	1,017817E+0	4,130339E+0	1,006456E-2	1,476871E-2	-1,187515E-2	-8,011703E-3	1,398148E+0	1,385905E+0
20220916 16:31:13,914	c_1_837_20220916_16_31_13,914.bmp	1,024179E+0	4,150710E+0	8,791700E-3	1,349272E-2	-1,696338E-2	-8,011703E-3	1,395599E+0	1,396136E+0
20220916 16:31:19,914	c_1_838_20220916_16_31_19,914.bmp	1,022907E+0	4,172353E+0	8,791700E-3	1,094073E-2	-1,187515E-2	-5,461963E-3	1,398148E+0	1,385905E+0
20220916 16:31:25,918	c_1_839_20220916_16_31_25,918.bmp	1,027996E+0	4,190178E+0	8,791700E-3	9,664739E-3	-6,786918E-3	4,736996E-3	1,398148E+0	1,388463E+0
20220916 16:31:31,919	c_1_840_20220916_16_31_31,919.bmp	1,034358E+0	4,215641E+0	2,427377E-3	1,094073E-2	-4,242803E-3	-8,011703E-3	1,387954E+0	1,388463E+0
20220916 16:31:37,922	c_1_841_20220916_16_31_37,922.bmp	1,036903E+0	4,234738E+0	7,518835E-3	1,094073E-2	-1,187515E-2	2,187256E-3	1,387954E+0	1,388463E+0
20220916 16:31:43,925	c_1_842_20220916_16_31_43,925.bmp	1,040720E+0	4,255109E+0	7,518835E-3	7,112750E-3	-6,786918E-3	7,286736E-3	1,390502E+0	1,383347E+0
20220916 16:31:49,926	c_1_843_20220916_16_31_49,926.bmp	1,044538E+0	4,274206E+0	7,518835E-3	1,476871E-2	-1,187515E-2	-1,056144E-2	1,390502E+0	1,393578E+0
20220916 16:31:55,930	c_1_844_20220916_16_31_55,930.bmp	1,047082E+0	4,292030E+0	1,006456E-2	9,664739E-3	-1,950749E-2	-5,461963E-3	1,395599E+0	1,385905E+0
20220916 16:32:01,932	c_1_845_20220916_16_32_01,932.bmp	1,053444E+0	4,313674E+0	7,518835E-3	9,664739E-3	-9,331032E-3	-2,912223E-3	1,387954E+0	1,383347E+0
20220916 16:32:07,934	c_1_846_20220916_16_32_07,934.bmp	1,052172E+0	4,334045E+0	8,791700E-3	1,094073E-2	-6,786918E-3	-2,331014E-2	1,387954E+0	1,388463E+0
20220916 16:32:13,935	c_1_847_20220916_16_32_13,935.bmp	1,043265E+0	4,355688E+0	3,700242E-3	5,836756E-3	-4,242803E-3	7,286736E-3	1,382857E+0	1,383347E+0
20220916 16:32:19,938	c_1_848_20220916_16_32_19,938.bmp	1,034358E+0	4,373512E+0	4,973106E-3	1,094073E-2	-6,786918E-3	-2,912223E-3	1,387954E+0	1,388463E+0
20220916 16:32:25,938	c_1_849_20220916_16_32_25,938.bmp	1,029269E+0	4,393883E+0	6,245971E-3	1,349272E-2	-9,331032E-3	-1,821066E-2	1,387954E+0	1,396136E+0
20220916 16:32:31,938	c_1_850_20220916_16_32_31,938.bmp	1,029269E+0	4,415527E+0	6,245971E-3	9,664739E-3	-6,786918E-3	-3,624835E-4	1,387954E+0	1,388463E+0
20220916 16:32:37,945	c_1_851_20220916_16_32_37,945.bmp	1,026724E+0	4,434624E+0	6,245971E-3	1,094073E-2	1,102188E-2	-5,461963E-3	1,390502E+0	1,385905E+0
20220916 16:32:43,949	c_1_852_20220916_16_32_43,949.bmp	1,029269E+0	4,453722E+0	6,245971E-3	1,094073E-2	-4,242803E-3	4,736996E-3	1,387954E+0	1,380789E+0
20220916 16:32:49,953	c_1_853_20220916_16_32_49,953.bmp	1,033086E+0	4,477912E+0	3,700242E-3	8,388745E-3	1,102188E-2	-8,011703E-3	1,382857E+0	1,388463E+0
20220916 16:32:55,954	c_1_854_20220916_16_32_55,954.bmp	1,034358E+0	4,498282E+0	3,700242E-3	8,388745E-3	-1,187515E-2	-3,624835E-4	1,382857E+0	1,383347E+0
20220916 16:33:01,957	c_1_855_20220916_16_33_01,957.bmp	1,033086E+0	4,512287E+0	8,791700E-3	1,349272E-2	-2,968395E-2	-1,821066E-2	1,395599E+0	1,396136E+0
20220916 16:33:07,960	c_1_856_20220916_16_33_07,960.bmp	1,036903E+0	4,539023E+0	4,973106E-3	8,388745E-3	-1,187515E-2	-1,056144E-2	1,382857E+0	1,383347E+0
20220916 16:33:13,962	c_1_857_20220916_16_33_13,962.bmp	1,041993E+0	4,556847E+0	3,700242E-3	1,094073E-2	8,454256E-4	-8,011703E-3	1,382857E+0	1,385905E+0
20220916 16:33:19,964	c_1_858_20220916_16_33_19,964.bmp	1,036903E+0	4,573398E+0	4,973106E-3	1,094073E-2	-1,187515E-2	-5,461963E-3	1,390502E+0	1,388463E+0
20220916 16:33:25,971	c_1_859_20220916_16_33_25,971.bmp	1,043265E+0	4,596315E+0	7,518835E-3	8,388745E-3	-1,698689E-3	-3,624835E-4	1,382857E+0	1,380789E+0
20220916 16:33:31,974	c_1_860_20220916_16_33_31,974.bmp	1,040720E+0	4,614140E+0	1,006456E-2	9,664739E-3	-4,749275E-2	-8,011703E-3	1,390502E+0	1,388463E+0
20220916 16:33:37,976	c_1_861_20220916_16_33_37,976.bmp	1,047082E+0	4,634510E+0	7,518835E-3	1,094073E-2	-6,786918E-3	-1,311118E-2	1,390502E+0	1,388463E+0
20220916 16:33:43,979	c_1_862_20220916_16_33_43,979.bmp	1,049627E+0	4,654881E+0	7,518835E-3	1,094073E-2	-9,331032E-3	-5,461963E-3	1,387954E+0	1,388463E+0
20220916 16:33:49,981	c_1_863_20220916_16_33_49,981.bmp	1,041993E+0	4,673978E+0	6,245971E-3	1,094073E-2	-1,698689E-3	-5,461963E-3	1,390502E+0	1,396136E+0
20220916 16:33:55,985	c_1_864_20220916_16_33_55,985.bmp	9,961863E-1	4,691802E+0	7,518835E-3	1,476871E-2	-9,331032E-3	-8,011703E-3	1,395599E+0	1,393578E+0
20220916 16:34:01,989	c_1_865_20220916_16_34_01,989.bmp	9,821899E-1	4,717265E+0	2,427377E-3	7,112750E-3	8,454256E-4	4,736996E-3	1,382857E+0	1,383347E+0
20220916 16:34:07,989	c_1_866_20220916_16_34_07,989.bmp	9,783727E-1	4,735090E+0	7,518835E-3	8,388745E-3	5,933654E-3	-3,624835E-4	1,387954E+0	1,380789E+0
20220916 16:34:13,990	c_1_867_20220916_16_34_13,990.bmp	9,758279E-1	4,758006E+0	7,518835E-3	7,112750E-3	1,356600E-2	-3,624835E-4	1,385405E+0	1,388463E+0
20220916 16:34:19,996	c_1_868_20220916_16_34_19,996.bmp	9,732831E-1	4,775831E+0	1,006456E-2	1,094073E-2	-1,441926E-2	-5,461963E-3	1,390502E+0	1,385905E+0
20220916 16:34:26,000	c_1_869_20220916_16_34_26,000.bmp	9,821899E-1	4,793655E+0	7,518835E-3	9,664739E-3	5,933654E-3	-1,056144E-2	1,387954E+0	1,383347E+0
20220916 16:34:32,004	c_1_870_20220916_16_34_32,004.bmp	9,860071E-1	4,814025E+0	7,518835E-3	1,094073E-2	-9,331032E-3	-2,912223E-3	1,387954E+0	1,388463E+0
20220916 16:34:38,007	c_1_871_20220916_16_34_38,007.bmp	9,949139E-1	4,831850E+0	3,700242E-3	1,094073E-2	-1,696338E-2	-8,011703E-3	1,390502E+0	1,388463E+0
20220916 16:34:44,010	c_1_872_20220916_16_34_44,010.bmp	9,974587E-1	4,854767E+0	4,973106E-3	1,094073E-2	-6,786918E-3	-2,840962E-2	1,382857E+0	1,388463E+0
20220916 16:34:50,011	c_1_873_20220916_16_34_50,011.bmp	1,000004E+0	4,873864E+0	7,518835E-3	8,388745E-3	-9,331032E-3	-5,461963E-3	1,390502E+0	1,383347E+0
20220916 16:34:56,012	c_1_874_20220916_16_34_56,012.bmp	1,003821E+0	4,896781E+0	6,245971E-3	7,112750E-3	-6,786918E-3	-5,461963E-3	1,382857E+0	1,383347E+0
20220916 16:35:02,021	c_1_875_20220916_16_35_02,021.bmp	1,007638E+0	4,910786E+0	1,006456E-2	1,094073E-2	8,454256E-4	-8,011703E-3	1,395599E+0	1,388463E+0
20220916 16:35:08,023	c_1_876_20220916_16_35_08,023.bmp	1,014000E+0	4,929883E+0	1,006456E-2	1,349272E-2	-9,331032E-3	-1,056144E-2	1,395599E+0	1,393578E+0
20220916 16:35:14,030	c_1_877_20220916_16_35_14,030.bmp	1,016545E+0	4,951527E+0	8,791700E-3	1,349272E-2	-1,696338E-2	-2,912223E-3	1,395599E+0	1,396136E+0
20220916 16:35:20,031	c_1_878_20220916_16_35_20,031.bmp	1,027996E+0	4,971897E+0	3,700242E-3	1,094073E-2	-4,242803E-3	-2,912223E-3	1,387954E+0	1,388463E+0
20220916 16:35:26,031	c_1_879_20220916_16_35_26,031.bmp	1,035631E+0	4,994814E+0	3,700242E-3	1,094073E-2	3,389540E-3	-1,311118E-2	1,382857E+0	1,388463E+0
20220916 16:35:32,033	c_1_880_20220916_16_35_32,033.bmp	1,034358E+0	5,012638E+0	8,791700E-3	1,094073E-2	-1,696338E-2	-8,011703E-3	1,395599E+0	1,388463E+0
20220916 16:35:38,036	c_1_881_20220916_16_35_38,036.bmp	1,043265E+0	5,034282E+0	7,518835E-3	1,094073E-2	-1,698689E-3	-5,461963E-3	1,390502E+0	1,388463E+0
20220916 16:35:44,039	c_1_882_20220916_16_35_44,039.bmp	1,057262E+0	5,053379E+0	3,700242E-3	1,094073E-2	1,356600E-2	-8,011703E-3	1,390502E+0	1,385905E+0
20220916 16:35:50,044	c_1_883_20220916_16_35_50,044.bmp	1,064896E+0	5,075023E+0	7,518835E-3	1,349272E-2	-9,331032E-3	-1,311118E-2	1,387954E+0	1,393578E+0
20220916 16:35:56,045	c_1_884_20220916_16_35_56,045.bmp	1,077620E+0	5,096667E+0	2,427377E-3	1,094073E-2	3,389540E-3	-5,461963E-3	1,382857E+0	1,388463E+0
20220916 16:36:02,045	c_1_885_20220916_16_36_02,045.bmp	1,087799E+0	5,117037E+0	2,427377E-3	7,112750E-3	-4,242803E-3	-5,461963E-3	1,385405E+0	1,385905E+0
20220916 16:36:08,049	c_1_886_20220916_16_36_08,049.bmp	1,094161E+0	5,137408E+0	2,427377E-3	8,388745E-3	-1,698689E-3	7,286736E-3	1,382857E+0	1,383347E+0
20220916 16:36:14,050	c_1_887_20220916_16_36_14,050.bmp	1,106885E+0	5,156505E+0	3,700242E-3	1,094073E-2	8,477769E-3	-8,011703E-3	1,385405E+0	1,388463E+0
20220916 16:36:20,053	c_1_888_20220916_16_36_20,053.bmp	1,109430E+0	5,169237E+0	8,791700E-3	1,094073E-2	-1,441926E-2	-1,566092E-2	1,395599E+0	1,388463E+0
20220916 16:36:26,056	c_1_889_20220916_16_36_26,056.bmp	1,120882E+0	5,193427E+0	7,518835E-3	1,476871E-2	-6,786918E-3	-3,624835E-4	1,387954E+0	1,396136E+0
20220916 16:36:32,057	c_1_890_20220916_16_36_32,057.bmp	1,129789E+0	5,211251E+0	8,791700E-3	1,349272E-2	-1,187515E-2	-2,331014E-2	1,398148E+0	1,396136E+0
20220916 16:36:38,061	c_1_891_20220916_16_36_38,061.bmp	1,138696E+0	5,229075E+0	6,245971E-3	1,094073E-2	-6,786918E-3	-8,011703E-3	1,398148E+0	1,396136E+0
20220916 16:36:44,065	c_1_892_20220916_16_36_44,065.bmp	1,145058E+0	5,250719E+0	8,791700E-3	1,094073E-2	-9,331032E-3	-2,585988E-2	1,395599E+0	1,388463E+0
20220916 16:36:50,066	c_1_893_20220916_16_36_50,066.bmp	1,159054E+0	5,271090E+0	6,245971E-3	1,349272E-2	-4,242803E-3	-1,566092E-2	1,398148E+0	1,396136E+0
20220916 16:36:56,071	c_1_894_20220916_16_36_56,071.bmp	1,171778E+0	5,295280E+0	2,427377E-3	1,094073E-2	8,454256E-4	-2,912223E-3	1,390502E+0	1,388463E+0
20220916 16:37:02,077	c_1_895_20220916_16_37_02,077.bmp	1,174323E+0	5,313104E+0	1,006456E-2	1,094073E-2	-1,187515E-2	-1,056144E-2	1,387954E+0	1,383347E+0
20220916 16:37:08,077	c_1_896_20220916_16_37_08,077.bmp	1,188319E+0	5,333474E+0	6,245971E-3	1,094073E-2	-9,331032E-3	-8,011703E-3	1,390502E+0	1,391021E+0
20220916 16:37:14,080	c_1_897_20220916_16_37_14,080.bmp	1,199771E+0	5,353845E+0	3,700242E-3	1,094073E-2	-4,242803E-3	-8,011703E-3	1,387954E+0	1,388463E+0
20220916 16:37:20,083	c_1_898_20220916_16_37_20,083.bmp	1,203588E+0	5,375489E+0	2,427377E-3	7,112750E-3	-1,698689E-3	-2,912223E-3	1,382857E+0	1,388463E+0
20220916 16:37:26,085	c_1_899_20220916_16_37_26,085.bmp	1,215040E+0	5,393313E+0	6,245971E-3	9,664739E-3	-4,242803E-3	2,187256E-3	1,387954E+0	1,388463E+0
20220916 16:37:32,086	c_1_900_20220916_16_37_32,086.bmp	1,220129E+0	5,409864E+0	1,006456E-2	1,221673E-2	-1,950749E-2	-3,624835E-4	1,395599E+0	1,388463E+0
20220916 16:37:38,087	c_1_901_20220916_16_37_38,087.bmp	1,222674E+0	5,432781E+0	1,006456E-2	1,094073E-2	-1,187515E-2	-1,566092E-2	1,395599E+0	1,388463E+0
20220916 16:37:44,087	c_1_902_20220916_16_37_44,087.bmp	1,239215E+0	5,456971E+0	3,700242E-3	1,094073E-2	3,389540E-3	-5,461963E-3	1,382857E+0	1,388463E+0
20220916 16:37:50,092	c_1_903_20220916_16_37_50,092.bmp	1,237943E+0	5,472249E+0	7,518835E-3	1,094073E-2	-9,331032E-3	-8,011703E-3	1,387954E+0	1,388463E+0
20220916 16:37:56,097	c_1_904_20220916_16_37_56,097.bmp	1,248122E+0	5,496439E+0	3,700242E-3	8,388745E-3	8,477769E-3	1,238622E-2	1,385405E+0	1,383347E+0
20220916 16:38:02,101	c_1_905_20220916_16_38_02,101.bmp	1,253212E+0	5,512990E+0	4,973106E-3	1,094073E-2	-6,786918E-3	-1,056144E-2	1,390502E+0	1,388463E+0
20220916 16:38:08,104	c_1_906_20220916_16_38_08,104.bmp	1,254484E+0	5,535907E+0	3,700242E-3	7,112750E-3	-4,242803E-3	-3,624835E-4	1,385405E+0	1,383347E+0
20220916 16:38:14,107	c_1_907_20220916_16_38_14,107.bmp	1,257029E+0	5,557550E+0	6,245971E-3	8,388745E-3	-6,786918E-3	4,736996E-3	1,382857E+0	1,383347E+0
20220916 16:38:20,109	c_1_908_20220916_16_38_20,109.bmp	1,251939E+0	5,571555E+0	8,791700E-3	1,349272E-2	-9,331032E-3	-1,311118E-2	1,398148E+0	1,393578E+0
20220916 16:38:26,114	c_1_909_20220916_16_38_26,114.bmp	1,221402E+0	5,590652E+0	7,518835E-3	1,349272E-2	-1,187515E-2	-8,011703E-3	1,395599E+0	1,396136E+0
20220916 16:38:32,123	c_1_910_20220916_16_38_32,123.bmp	1,195954E+0	5,612296E+0	7,518835E-3	1,094073E-2	-6,786918E-3	-5,461963E-3	1,387954E+0	1,393578E+0
20220916 16:38:38,124	c_1_911_20220916_16_38_38,124.bmp	1,192136E+0	5,633940E+0	7,518835E-3	1,094073E-2	-6,786918E-3	7,286736E-3	1,387954E+0	1,383347E+0
20220916 16:38:44,125	c_1_912_20220916_16_38_44,125.bmp	1,192136E+0	5,653037E+0	6,245971E-3	1,349272E-2	-2,205160E-2	-1,056144E-2	1,390502E+0	1,393578E+0
20220916 16:38:50,129	c_1_913_20220916_16_38_50,129.bmp	1,199771E+0	5,673408E+0	3,700242E-3	1,094073E-2	-1,698689E-3	-5,461963E-3	1,385405E+0	1,385905E+0
20220916 16:38:56,132	c_1_914_20220916_16_38_56,132.bmp	1,199771E+0	5,695051E+0	7,518835E-3	5,836756E-3	-6,786918E-3	2,003543E-2	1,387954E+0	1,383347E+0
20220916 16:39:02,133	c_1_915_20220916_16_39_02,133.bmp	1,202316E+0	5,712876E+0	7,518835E-3	1,221673E-2	-9,331032E-3	-3,624835E-4	1,390502E+0	1,396136E+0
20220916 16:39:08,134	c_1_916_20220916_16_39_08,134.bmp	1,209950E+0	5,735793E+0	3,700242E-3	8,388745E-3	3,389540E-3	7,286736E-3	1,382857E+0	1,383347E+0
20220916 16:39:14,137	c_1_917_20220916_16_39_14,137.bmp	1,216312E+0	5,752344E+0	7,518835E-3	9,664739E-3	-2,205160E-2	-1,311118E-2	1,390502E+0	1,393578E+0
20220916 16:39:20,140	c_1_918_20220916_16_39_20,140.bmp	1,211223E+0	5,776534E+0	6,245971E-3	7,112750E-3	-1,698689E-3	-8,011703E-3	1,385405E+0	1,383347E+0
20220916 16:39:26,148	c_1_919_20220916_16_39_26,148.bmp	1,201043E+0	5,796904E+0	3,700242E-3	8,388745E-3	-9,331032E-3	2,187256E-3	1,380308E+0	1,383347E+0
20220916 16:39:32,149	c_1_920_20220916_16_39_32,149.bmp	1,190864E+0	5,813455E+0	6,245971E-3	1,094073E-2	-1,187515E-2	-8,011703E-3	1,390502E+0	1,396136E+0
20220916 16:39:38,153	c_1_921_20220916_16_39_38,153.bmp	1,185774E+0	5,836372E+0	7,518835E-3	7,112750E-3	-1,950749E-2	4,736996E-3	1,382857E+0	1,383347E+0
20220916 16:39:44,153	c_1_922_20220916_16_39_44,153.bmp	1,100523E+0	5,851650E+0	1,006456E-2	1,094073E-2	-9,331032E-3	2,187256E-3	1,395599E+0	1,391021E+0
20220916 16:39:50,158	c_1_923_20220916_16_39_50,158.bmp	1,024179E+0	5,875840E+0	3,700242E-3	1,094073E-2	8,454256E-4	-2,912223E-3	1,385405E+0	1,388463E+0
20220916 16:39:56,159	c_1_924_20220916_16_39_56,159.bmp	1,010183E+0	5,893664E+0	6,245971E-3	1,349272E-2	-6,786918E-3	-1,311118E-2	1,387954E+0	1,393578E+0
20220916 16:40:02,161	c_1_925_20220916_16_40_02,161.bmp	1,008910E+0	5,912762E+0	7,518835E-3	7,112750E-3	-1,187515E-2	-3,624835E-4	1,387954E+0	1,380789E+0
20220916 16:40:08,162	c_1_926_20220916_16_40_08,162.bmp	1,006366E+0	5,935678E+0	7,518835E-3	8,388745E-3	-6,786918E-3	-3,624835E-4	1,385405E+0	1,383347E+0
20220916 16:40:14,164	c_1_927_20220916_16_40_14,164.bmp	9,974587E-1	5,953503E+0	6,245971E-3	1,094073E-2	-4,242803E-3	-8,011703E-3	1,390502E+0	1,388463E+0
20220916 16:40:20,164	c_1_928_20220916_16_40_20,164.bmp	8,320463E-1	5,975146E+0	3,700242E-3	1,094073E-2	-1,698689E-3	-1,566092E-2	1,382857E+0	1,388463E+0
20220916 16:40:26,166	c_1_929_20220916_16_40_26,166.bmp	7,836949E-1	5,990424E+0	8,791700E-3	1,094073E-2	-1,696338E-2	-5,461963E-3	1,395599E+0	1,385905E+0
20220916 16:40:32,171	c_1_930_20220916_16_40_32,171.bmp	7,862397E-1	6,014614E+0	6,245971E-3	9,664739E-3	-9,331032E-3	-5,461963E-3	1,390502E+0	1,380789E+0
20220916 16:40:38,177	c_1_931_20220916_16_40_38,177.bmp	7,951466E-1	6,033712E+0	6,245971E-3	1,349272E-2	-6,786918E-3	-1,821066E-2	1,390502E+0	1,393578E+0
20220916 16:40:44,180	c_1_932_20220916_16_40_44,180.bmp	8,002362E-1	6,051536E+0	6,245971E-3	1,094073E-2	-1,696338E-2	2,187256E-3	1,387954E+0	1,383347E+0
20220916 16:40:50,183	c_1_933_20220916_16_40_50,183.bmp	8,091430E-1	6,076999E+0	3,700242E-3	8,388745E-3	8,477769E-3	-2,912223E-3	1,382857E+0	1,388463E+0
20220916 16:40:56,183	c_1_934_20220916_16_40_56,183.bmp	8,116878E-1	6,092277E+0	7,518835E-3	9,664739E-3	-6,786918E-3	-8,011703E-3	1,387954E+0	1,383347E+0
20220916 16:41:02,186	c_1_935_20220916_16_41_02,186.bmp	8,180498E-1	6,112648E+0	7,518835E-3	1,349272E-2	-9,331032E-3	-1,056144E-2	1,390502E+0	1,393578E+0
20220916 16:41:08,187	c_1_936_20220916_16_41_08,187.bmp	8,256843E-1	6,133018E+0	8,791700E-3	1,094073E-2	-6,786918E-3	-5,461963E-3	1,390502E+0	1,385905E+0
20220916 16:41:14,187	c_1_937_20220916_16_41_14,187.bmp	8,358635E-1	6,147023E+0	3,700242E-3	1,094073E-2	-4,242803E-3	7,286736E-3	1,387954E+0	1,396136E+0
