-2.019181185158387584e-04
1.538901849595413542e-05
1.217263267835438619e-03
4.445191262139203819e-03
1.041542228581022501e-02
1.583304431599862755e-02
2.644572078935738049e-02
3.766168759100962937e-02
4.925958422316299712e-02
6.908623386997926608e-02
8.468064119364678011e-02
1.020850995695305463e-01
1.225903011569368650e-01
1.417624128028754926e-01
1.508726838605459475e-01
1.492366227369912868e-01
1.472066380743624336e-01
1.534775560990383758e-01
1.648749295838566609e-01
1.814252380293752132e-01
1.909709760804491063e-01
1.855393271463580129e-01
1.932816911680826089e-01
1.980284178802623474e-01
1.789023147506350886e-01
1.423943909635219940e-01
1.476853577441418486e-01
1.534001795299493320e-01
1.627279686207106224e-01
1.699776169324341557e-01
1.816649763759905500e-01
1.955359912467043715e-01
2.044431138013475535e-01
2.193586703491795242e-01
2.300038985224074628e-01
2.391798764900407992e-01
2.544905960353630037e-01
2.684729070390012295e-01
2.817265527502094136e-01
2.965597328793731502e-01
3.096488905722843965e-01
3.210206360549644478e-01
3.354460705700667011e-01
3.501885215591316602e-01
3.719985263264038444e-01
3.906256357652904132e-01
4.082870316784234510e-01
4.211869310172171588e-01
4.432528316416957659e-01
4.632913250432459940e-01
4.832913809914929915e-01
4.973752504324955859e-01
5.213457975638823294e-01
5.351782904876013491e-01
5.556836220560079642e-01
5.779334957838806464e-01
6.020109578648937809e-01
6.276443056775853346e-01
6.426341142940359408e-01
6.683758666345943622e-01
6.944342258117653932e-01
7.105763055873695055e-01
7.110363709368595631e-01
6.685797504682877701e-01
6.410128125401838295e-01
6.457856259136978139e-01
6.570445927049168855e-01
6.622403499978555264e-01
6.722798552592723631e-01
6.769818489558668828e-01
6.741420024213287121e-01
6.860575477682387957e-01
6.969673340947075690e-01
7.055210868379708788e-01
7.300643845523165920e-01
7.450522702467182734e-01
7.644065434563360739e-01
7.805441911541413091e-01
8.033489906673360048e-01
8.232825415562395888e-01
8.382905332339112281e-01
8.529727059570449965e-01
8.757253441939302219e-01
9.050135416030083979e-01
8.393414879999440137e-01
8.541987914444751917e-01
8.645432982422458501e-01
7.739281409522374977e-01
7.842950291005518215e-01
7.978055577239411278e-01
7.876510406803933773e-01
7.998303838310368841e-01
8.161656486245800757e-01
8.284842116168875670e-01
8.419561122221902449e-01
8.643094397380093330e-01
8.812783535709970417e-01
8.901199145404626867e-01
9.072192078214263988e-01
9.188640505284259019e-01
9.128259843232382487e-01
8.106594089364361766e-01
8.096570505914368887e-01
8.086549829834281944e-01
8.203966913708531372e-01
8.228114938588506622e-01
8.421238123579740664e-01
8.497650685913539226e-01
8.656249398230093650e-01
8.821508099130243030e-01
9.049433945637438415e-01
9.081050929426479623e-01
9.208919160103731238e-01
9.408642846663403114e-01
9.553059492377792283e-01
9.814202513795390326e-01
9.960076144094354156e-01
1.011623500643021423e+00
1.027968757674437850e+00
1.051569090624574487e+00
1.063400836506932512e+00
1.090545973812364178e+00
1.109591999606711621e+00
1.126573817108832642e+00
1.146761487493889398e+00
1.174542007849470160e+00
1.198542789353830740e+00
1.210940273665242373e+00
1.222508626283529409e+00
1.242802154746106558e+00
1.273413099543255100e+00
1.290259366915496697e+00
1.304958310342444250e+00
1.331112902886230520e+00
1.347977130385879629e+00
1.377233422448254974e+00
1.395047041755194561e+00
1.406955331737884674e+00
1.432117447141605160e+00
1.447226297907708181e+00
1.443921291219125269e+00
1.458197388273295259e+00
9.492572250122941480e-01
9.271992700244170438e-01
9.146509985272742727e-01
8.515578593824131293e-01
7.389962458665313427e-01
7.315335698621894256e-01
7.475014524006965422e-01
7.511509636172525317e-01
7.572705399766858081e-01
7.682521743625683186e-01
7.698919841319717960e-01
7.819539881069702547e-01
7.954263914177671646e-01
8.086740089570663148e-01
8.206937818916520966e-01
8.271950567365295992e-01
8.356048719846869144e-01
8.477665461876472408e-01
8.607036703317464399e-01
8.740583895267092229e-01
8.857915003371150675e-01
8.952021506970586628e-01
9.109080136439208220e-01
9.211316556537781919e-01
9.406177802281002753e-01
9.456920150752340382e-01
9.625503671051351962e-01
9.766429920665996578e-01
9.969868836715808369e-01
1.001178295778780702e+00
1.015227246259011507e+00
1.031906436712293873e+00
1.046091787329340494e+00
1.053719857604003440e+00
1.074513304284657966e+00
1.080292030083447763e+00
1.102829657012862175e+00
1.111071298172275235e+00
1.131500206392940910e+00
1.138342836475850550e+00
1.160229086429353185e+00
1.167163720808082061e+00
1.174742039786736525e+00
1.192955016755442577e+00
1.205722491562621901e+00
1.215162136679477811e+00
1.227432546775755418e+00
1.240868674130376492e+00
1.243503824339201813e+00
1.246642618299021343e+00
1.261334071145186142e+00
1.259171068428469820e+00
1.248243954020349378e+00
1.221484359572140965e+00
9.087169022169959698e-01
9.108970152978508317e-01
9.025921865284802781e-01
9.045011428392508712e-01
9.145619066232004712e-01
9.180691697624729919e-01
9.271226102943054270e-01
9.318180154230160106e-01
9.397551123176368648e-01
9.511309128445643024e-01
9.508228218239909157e-01
9.667511391597860548e-01
9.658307368310298235e-01
9.656858981054272650e-01
9.779415007089241607e-01
9.748430707679494045e-01
9.674258581265956503e-01
9.542372716605868055e-01
9.519853787499371611e-01
9.634038897592526185e-01
9.517928704508979987e-01
9.565854965579480007e-01
9.530349774030396626e-01
9.141046551647536988e-01
8.184976656413386342e-01
8.122324044403150811e-01
8.208161618665248405e-01
8.275931748604615779e-01
8.459747433416758833e-01
8.451344223343110196e-01
8.614530741368467970e-01
8.676030669736858325e-01
8.815988259969441687e-01
8.782439648208244520e-01
8.907959883693501446e-01
9.093111280199945856e-01
9.192408694141679382e-01
9.204686491130527060e-01
9.306733349152558343e-01
9.429959179901240551e-01
9.533173424550208663e-01
9.623889366412756718e-01
9.699407229201159053e-01
9.848684504549655161e-01
9.898699704753072259e-01
1.007049907912737519e+00
1.011056480403026647e+00
1.013463274604290643e+00
1.023888774321835671e+00
1.048635949904680675e+00
1.059496385384612660e+00
1.060077940804414309e+00
1.080822080976121979e+00
1.091840572352770433e+00
1.104545880118032342e+00
1.113472885042372296e+00
1.116873544426413956e+00
1.140039099806912537e+00
1.142126091147314781e+00
1.148963290247655422e+00
1.160316284337423953e+00
1.175362187565720085e+00
1.191661829162510067e+00
1.206673617533470022e+00
1.217094317783397495e+00
1.224772111300460375e+00
1.228967339175217166e+00
1.245013464527918945e+00
1.269327343051795509e+00
1.277666088116266474e+00
1.279951195917524931e+00
1.284563909888039257e+00
1.292145814332412268e+00
1.314551902040721698e+00
1.308500788926933778e+00
1.309931959700854742e+00
1.306469350088026671e+00
1.306891080436736186e+00
1.305078084900117119e+00
9.754065138663514656e-01
9.609405481011122907e-01
9.772539319216905218e-01
9.763059043816962879e-01
9.261126545447788683e-01
9.223129689877216375e-01
9.326820948903147279e-01
9.356488959625465229e-01
9.479590562730986214e-01
9.509526863254118556e-01
9.489335757814182370e-01
9.688769980335210086e-01
9.693817383607692406e-01
9.825429232626262666e-01
9.830500697582726932e-01
9.890770362264655891e-01
9.848869960186337202e-01
9.481669424834466842e-01
9.049465113297281427e-01
8.918851360746488099e-01
8.940295003797843476e-01
8.996411496831356880e-01
9.077928142130149425e-01
9.206546822067260827e-01
9.271103767962891595e-01
9.279294350172813122e-01
9.352040475681847598e-01
9.476349925591212031e-01
9.526010697268375571e-01
9.536358302608365367e-01
9.534549848847192477e-01
9.660031429516846568e-01
9.788105514234933802e-01
9.684029553977583360e-01
9.828410060283658822e-01
9.921535925996772809e-01
1.000807026200325911e+00
1.003272849731098759e+00
1.012468734514160529e+00
1.017599765618336649e+00
1.022743736124942959e+00
1.032785847475620855e+00
1.033660032691984254e+00
1.042363165847733031e+00
1.057458034950065295e+00
1.062699309728569075e+00
1.074013355017357618e+00
1.085596229088025888e+00
1.106648155121481514e+00
1.111302345464028951e+00
1.133172821649215845e+00
1.141361264878378856e+00
1.151896352657214573e+00
1.163149665170490676e+00
1.177466677342727586e+00
1.183460966450059493e+00
1.202577568010599007e+00
1.214272212659778472e+00
1.223826480758446467e+00
1.246229607968753816e+00
1.241753700749049560e+00
1.255902589669498415e+00
1.245678414234024478e+00
9.789437635059475840e-01
9.186355821149208012e-01
9.160742705408363440e-01
