20220916 15:19:05,598	c_0_287_20220916_15_19_05,598.bmp	4,984003E-3	-4,434897E-2	3,700242E-3	1,094073E-2	8,454256E-4	-3,624835E-4	1,390502E+0	1,388463E+0
20220916 15:19:11,601	c_0_288_20220916_15_19_11,601.bmp	1,134602E-2	1,484752E-3	7,518835E-3	1,094073E-2	-4,242803E-3	-2,331014E-2	1,387954E+0	1,385905E+0
20220916 15:19:17,610	c_0_289_20220916_15_19_17,610.bmp	6,096976E-2	2,185529E-2	8,791700E-3	1,094073E-2	-4,242803E-3	-8,011703E-3	1,387954E+0	1,383347E+0
20220916 15:19:23,615	c_0_290_20220916_15_19_23,615.bmp	1,118659E-1	4,349900E-2	8,791700E-3	1,094073E-2	-1,696338E-2	-1,056144E-2	1,395599E+0	1,388463E+0
20220916 15:19:29,619	c_0_291_20220916_15_19_29,619.bmp	1,716689E-1	6,641586E-2	6,245971E-3	5,836756E-3	8,454256E-4	2,187256E-3	1,382857E+0	1,388463E+0
20220916 15:19:35,622	c_0_292_20220916_15_19_35,622.bmp	2,225650E-1	7,787429E-2	1,006456E-2	1,476871E-2	-9,331032E-3	-2,076040E-2	1,398148E+0	1,393578E+0
20220916 15:19:41,625	c_0_293_20220916_15_19_41,625.bmp	2,836404E-1	1,020643E-1	3,700242E-3	1,094073E-2	-1,187515E-2	-8,011703E-3	1,390502E+0	1,396136E+0
20220916 15:19:47,630	c_0_294_20220916_15_19_47,630.bmp	3,332641E-1	1,237080E-1	1,006456E-2	1,094073E-2	-1,698689E-3	-8,011703E-3	1,390502E+0	1,388463E+0
20220916 15:19:53,634	c_0_295_20220916_15_19_53,634.bmp	3,879775E-1	1,389859E-1	8,791700E-3	1,094073E-2	-1,696338E-2	-5,461963E-3	1,398148E+0	1,388463E+0
20220916 15:19:59,635	c_0_296_20220916_15_19_59,635.bmp	4,528700E-1	1,669954E-1	3,700242E-3	8,388745E-3	-1,698689E-3	7,286736E-3	1,382857E+0	1,385905E+0
20220916 15:20:05,638	c_0_297_20220916_15_20_05,638.bmp	5,050386E-1	1,835465E-1	7,518835E-3	1,094073E-2	-9,331032E-3	-1,056144E-2	1,387954E+0	1,388463E+0
20220916 15:20:11,640	c_0_298_20220916_15_20_11,640.bmp	5,584795E-1	2,000975E-1	1,006456E-2	1,476871E-2	8,454256E-4	-1,566092E-2	1,395599E+0	1,396136E+0
20220916 15:20:17,644	c_0_299_20220916_15_20_17,644.bmp	6,017412E-1	2,230144E-1	7,518835E-3	1,094073E-2	-4,242803E-3	-5,461963E-3	1,390502E+0	1,385905E+0
20220916 15:20:23,644	c_0_300_20220916_15_20_23,644.bmp	6,310065E-1	2,459313E-1	2,427377E-3	7,112750E-3	8,454256E-4	1,493596E-2	1,382857E+0	1,380789E+0
20220916 15:20:29,649	c_0_301_20220916_15_20_29,649.bmp	6,322789E-1	2,612092E-1	6,245971E-3	1,094073E-2	-6,786918E-3	-1,821066E-2	1,387954E+0	1,385905E+0
20220916 15:20:35,650	c_0_302_20220916_15_20_35,650.bmp	5,775656E-1	2,828529E-1	6,245971E-3	1,094073E-2	3,389540E-3	2,187256E-3	1,390502E+0	1,383347E+0
20220916 15:20:41,656	c_0_303_20220916_15_20_41,656.bmp	5,292142E-1	3,044966E-1	2,427377E-3	1,094073E-2	8,454256E-4	-3,350910E-2	1,382857E+0	1,388463E+0
20220916 15:20:47,659	c_0_304_20220916_15_20_47,659.bmp	5,253970E-1	3,197745E-1	6,245971E-3	1,349272E-2	-1,696338E-2	-1,311118E-2	1,398148E+0	1,388463E+0
20220916 15:20:53,661	c_0_305_20220916_15_20_53,661.bmp	5,266694E-1	3,426913E-1	7,518835E-3	7,112750E-3	-1,698689E-3	-3,624835E-4	1,390502E+0	1,383347E+0
20220916 15:20:59,665	c_0_306_20220916_15_20_59,665.bmp	5,432107E-1	3,656082E-1	3,700242E-3	7,112750E-3	-4,242803E-3	2,768465E-2	1,385405E+0	1,388463E+0
20220916 15:21:05,668	c_0_307_20220916_15_21_05,668.bmp	5,470279E-1	3,821593E-1	6,245971E-3	1,604471E-2	-6,786918E-3	-5,461963E-3	1,390502E+0	1,396136E+0
20220916 15:21:11,671	c_0_308_20220916_15_21_11,671.bmp	5,508451E-1	4,038030E-1	6,245971E-3	8,388745E-3	-6,786918E-3	-8,011703E-3	1,387954E+0	1,380789E+0
20220916 15:21:17,674	c_0_309_20220916_15_21_17,674.bmp	5,495727E-1	4,216272E-1	2,427377E-3	1,094073E-2	8,477769E-3	-3,624835E-4	1,390502E+0	1,385905E+0
20220916 15:21:23,678	c_0_310_20220916_15_21_23,678.bmp	5,355763E-1	4,432709E-1	7,518835E-3	1,094073E-2	8,454256E-4	-8,011703E-3	1,387954E+0	1,388463E+0
20220916 15:21:29,683	c_0_311_20220916_15_21_29,683.bmp	4,986766E-1	4,674609E-1	2,427377E-3	7,112750E-3	8,454256E-4	-8,011703E-3	1,382857E+0	1,380789E+0
20220916 15:21:35,686	c_0_312_20220916_15_21_35,686.bmp	4,312392E-1	4,852851E-1	3,700242E-3	1,094073E-2	-1,698689E-3	-1,056144E-2	1,382857E+0	1,388463E+0
20220916 15:21:41,691	c_0_313_20220916_15_21_41,691.bmp	4,325116E-1	5,018362E-1	1,006456E-2	1,094073E-2	-1,696338E-2	-8,011703E-3	1,398148E+0	1,388463E+0
20220916 15:21:47,695	c_0_314_20220916_15_21_47,695.bmp	4,439632E-1	5,222068E-1	6,245971E-3	7,112750E-3	-9,331032E-3	9,836476E-3	1,390502E+0	1,383347E+0
20220916 15:21:53,695	c_0_315_20220916_15_21_53,695.bmp	4,554148E-1	5,400310E-1	7,518835E-3	1,349272E-2	-6,786918E-3	-3,624835E-4	1,395599E+0	1,396136E+0
20220916 15:21:59,699	c_0_316_20220916_15_21_59,699.bmp	4,605045E-1	5,578552E-1	8,791700E-3	1,349272E-2	-1,187515E-2	-1,056144E-2	1,395599E+0	1,396136E+0
20220916 15:22:05,700	c_0_317_20220916_15_22_05,700.bmp	4,706837E-1	5,833184E-1	7,518835E-3	1,094073E-2	-6,786918E-3	2,187256E-3	1,387954E+0	1,383347E+0
20220916 15:22:11,704	c_0_318_20220916_15_22_11,704.bmp	4,884973E-1	6,049621E-1	3,700242E-3	8,388745E-3	5,933654E-3	7,286736E-3	1,385405E+0	1,383347E+0
20220916 15:22:17,710	c_0_319_20220916_15_22_17,710.bmp	4,961318E-1	6,227863E-1	1,133743E-2	1,221673E-2	-1,696338E-2	-1,311118E-2	1,387954E+0	1,388463E+0
20220916 15:22:23,714	c_0_320_20220916_15_22_23,714.bmp	5,164902E-1	6,418837E-1	4,973106E-3	1,094073E-2	-1,698689E-3	-1,056144E-2	1,387954E+0	1,388463E+0
20220916 15:22:29,714	c_0_321_20220916_15_22_29,714.bmp	5,279418E-1	6,584348E-1	1,006456E-2	1,476871E-2	-9,331032E-3	-1,056144E-2	1,395599E+0	1,396136E+0
20220916 15:22:35,715	c_0_322_20220916_15_22_35,715.bmp	5,368487E-1	6,826248E-1	7,518835E-3	9,664739E-3	-1,698689E-3	-8,011703E-3	1,387954E+0	1,383347E+0
20220916 15:22:41,720	c_0_323_20220916_15_22_41,720.bmp	5,546623E-1	7,029953E-1	6,245971E-3	1,094073E-2	-6,786918E-3	2,187256E-3	1,387954E+0	1,380789E+0
20220916 15:22:47,720	c_0_324_20220916_15_22_47,720.bmp	5,686588E-1	7,233659E-1	4,973106E-3	9,664739E-3	-1,187515E-2	-1,566092E-2	1,390502E+0	1,388463E+0
20220916 15:22:53,724	c_0_325_20220916_15_22_53,724.bmp	5,813828E-1	7,424632E-1	8,791700E-3	1,094073E-2	-4,242803E-3	-2,912223E-3	1,387954E+0	1,383347E+0
20220916 15:22:59,729	c_0_326_20220916_15_22_59,729.bmp	6,017412E-1	7,653801E-1	6,245971E-3	8,388745E-3	-4,242803E-3	-1,821066E-2	1,382857E+0	1,388463E+0
20220916 15:23:05,733	c_0_327_20220916_15_23_05,733.bmp	6,170101E-1	7,793849E-1	1,006456E-2	1,349272E-2	-1,441926E-2	-5,461963E-3	1,395599E+0	1,385905E+0
20220916 15:23:11,734	c_0_328_20220916_15_23_11,734.bmp	6,297341E-1	8,023017E-1	7,518835E-3	1,094073E-2	8,454256E-4	-5,461963E-3	1,390502E+0	1,388463E+0
20220916 15:23:17,737	c_0_329_20220916_15_23_17,737.bmp	6,437306E-1	8,201259E-1	8,791700E-3	1,349272E-2	-1,187515E-2	-5,461963E-3	1,395599E+0	1,396136E+0
20220916 15:23:23,741	c_0_330_20220916_15_23_23,741.bmp	6,577270E-1	8,379502E-1	1,006456E-2	1,094073E-2	-1,441926E-2	-3,624835E-4	1,398148E+0	1,388463E+0
20220916 15:23:29,742	c_0_331_20220916_15_23_29,742.bmp	6,780855E-1	8,634133E-1	6,245971E-3	1,094073E-2	-9,331032E-3	-5,461963E-3	1,387954E+0	1,388463E+0
20220916 15:23:35,746	c_0_332_20220916_15_23_35,746.bmp	6,946267E-1	8,850570E-1	7,518835E-3	8,388745E-3	-4,242803E-3	-2,912223E-3	1,385405E+0	1,383347E+0
20220916 15:23:41,750	c_0_333_20220916_15_23_41,750.bmp	7,137127E-1	9,003350E-1	6,245971E-3	1,349272E-2	-6,786918E-3	-1,056144E-2	1,398148E+0	1,393578E+0
20220916 15:23:47,755	c_0_334_20220916_15_23_47,755.bmp	7,315264E-1	9,181592E-1	8,791700E-3	1,476871E-2	-9,331032E-3	-3,860858E-2	1,393051E+0	1,396136E+0
20220916 15:23:53,760	c_0_335_20220916_15_23_53,760.bmp	7,480676E-1	9,448955E-1	3,700242E-3	7,112750E-3	2,374246E-2	-3,624835E-4	1,382857E+0	1,383347E+0
20220916 15:23:59,762	c_0_336_20220916_15_23_59,762.bmp	7,684261E-1	9,614466E-1	3,700242E-3	1,094073E-2	-6,786918E-3	-1,056144E-2	1,390502E+0	1,388463E+0
20220916 15:24:05,764	c_0_337_20220916_15_24_05,764.bmp	7,849673E-1	9,818171E-1	3,700242E-3	1,094073E-2	-6,786918E-3	-1,311118E-2	1,387954E+0	1,388463E+0
20220916 15:24:11,765	c_0_338_20220916_15_24_11,765.bmp	8,027810E-1	1,000915E+0	7,518835E-3	1,094073E-2	-9,331032E-3	-8,011703E-3	1,387954E+0	1,393578E+0
20220916 15:24:17,769	c_0_339_20220916_15_24_17,769.bmp	8,205946E-1	1,026378E+0	2,427377E-3	9,664739E-3	5,933654E-3	-2,912223E-3	1,382857E+0	1,388463E+0
20220916 15:24:23,771	c_0_340_20220916_15_24_23,771.bmp	8,320463E-1	1,039109E+0	8,791700E-3	1,094073E-2	-1,441926E-2	-5,461963E-3	1,395599E+0	1,388463E+0
20220916 15:24:29,775	c_0_341_20220916_15_24_29,775.bmp	8,473151E-1	1,059480E+0	7,518835E-3	1,349272E-2	-1,950749E-2	-1,311118E-2	1,395599E+0	1,396136E+0
20220916 15:24:35,775	c_0_342_20220916_15_24_35,775.bmp	8,625840E-1	1,082397E+0	6,245971E-3	1,349272E-2	-6,786918E-3	-1,311118E-2	1,390502E+0	1,393578E+0
20220916 15:24:41,780	c_0_343_20220916_15_24_41,780.bmp	8,829424E-1	1,101494E+0	7,518835E-3	1,094073E-2	-1,441926E-2	-1,311118E-2	1,387954E+0	1,396136E+0
20220916 15:24:47,780	c_0_344_20220916_15_24_47,780.bmp	9,007561E-1	1,125684E+0	3,700242E-3	7,112750E-3	-6,786918E-3	-5,461963E-3	1,385405E+0	1,388463E+0
20220916 15:24:53,780	c_0_345_20220916_15_24_53,780.bmp	9,109353E-1	1,139689E+0	8,791700E-3	1,349272E-2	-9,331032E-3	-1,056144E-2	1,398148E+0	1,388463E+0
20220916 15:24:59,782	c_0_346_20220916_15_24_59,782.bmp	9,287489E-1	1,162606E+0	7,518835E-3	8,388745E-3	-6,786918E-3	-2,912223E-3	1,387954E+0	1,383347E+0
20220916 15:25:05,786	c_0_347_20220916_15_25_05,786.bmp	9,452902E-1	1,186796E+0	7,518835E-3	7,112750E-3	-1,698689E-3	7,286736E-3	1,382857E+0	1,388463E+0
20220916 15:25:11,790	c_0_348_20220916_15_25_11,790.bmp	9,580142E-1	1,198254E+0	7,518835E-3	1,349272E-2	5,933654E-3	-2,331014E-2	1,393051E+0	1,393578E+0
20220916 15:25:17,791	c_0_349_20220916_15_25_17,791.bmp	9,669210E-1	1,218625E+0	6,245971E-3	1,476871E-2	-6,786918E-3	-1,566092E-2	1,395599E+0	1,393578E+0
20220916 15:25:23,796	c_0_350_20220916_15_25_23,796.bmp	8,905768E-1	1,244088E+0	3,700242E-3	7,112750E-3	8,454256E-4	4,736996E-3	1,385405E+0	1,383347E+0
20220916 15:25:29,800	c_0_351_20220916_15_25_29,800.bmp	8,434979E-1	1,259366E+0	7,518835E-3	1,221673E-2	-4,242803E-3	-1,311118E-2	1,398148E+0	1,396136E+0
20220916 15:25:35,802	c_0_352_20220916_15_25_35,802.bmp	8,345911E-1	1,282283E+0	8,791700E-3	1,094073E-2	-4,242803E-3	-1,311118E-2	1,387954E+0	1,383347E+0
20220916 15:25:41,804	c_0_353_20220916_15_25_41,804.bmp	8,358635E-1	1,302653E+0	7,518835E-3	1,094073E-2	-6,786918E-3	-8,011703E-3	1,387954E+0	1,388463E+0
20220916 15:25:47,805	c_0_354_20220916_15_25_47,805.bmp	8,295015E-1	1,323024E+0	7,518835E-3	8,388745E-3	-6,786918E-3	7,286736E-3	1,387954E+0	1,380789E+0
20220916 15:25:53,810	c_0_355_20220916_15_25_53,810.bmp	8,269567E-1	1,347214E+0	4,973106E-3	7,112750E-3	-1,698689E-3	7,286736E-3	1,382857E+0	1,380789E+0
20220916 15:25:59,813	c_0_356_20220916_15_25_59,813.bmp	8,218670E-1	1,365038E+0	3,700242E-3	7,112750E-3	8,454256E-4	-2,912223E-3	1,385405E+0	1,388463E+0
20220916 15:26:05,814	c_0_357_20220916_15_26_05,814.bmp	8,078706E-1	1,382862E+0	8,791700E-3	1,094073E-2	-1,696338E-2	2,187256E-3	1,387954E+0	1,388463E+0
20220916 15:26:11,817	c_0_358_20220916_15_26_11,817.bmp	8,116878E-1	1,400686E+0	7,518835E-3	1,476871E-2	-6,786918E-3	-2,076040E-2	1,398148E+0	1,393578E+0
20220916 15:26:17,821	c_0_359_20220916_15_26_17,821.bmp	8,193222E-1	1,427423E+0	3,700242E-3	8,388745E-3	-6,786918E-3	-3,624835E-4	1,385405E+0	1,383347E+0
20220916 15:26:23,821	c_0_360_20220916_15_26_23,821.bmp	8,205946E-1	1,442701E+0	1,006456E-2	1,094073E-2	-6,786918E-3	-5,461963E-3	1,398148E+0	1,388463E+0
20220916 15:26:29,823	c_0_361_20220916_15_26_29,823.bmp	8,358635E-1	1,465618E+0	3,700242E-3	8,388745E-3	8,454256E-4	2,187256E-3	1,382857E+0	1,388463E+0
20220916 15:26:35,827	c_0_362_20220916_15_26_35,827.bmp	8,434979E-1	1,482169E+0	3,700242E-3	9,664739E-3	-4,242803E-3	-1,311118E-2	1,382857E+0	1,388463E+0
20220916 15:26:41,828	c_0_363_20220916_15_26_41,828.bmp	8,536771E-1	1,502539E+0	7,518835E-3	8,388745E-3	-6,786918E-3	-3,624835E-4	1,390502E+0	1,383347E+0
20220916 15:26:47,832	c_0_364_20220916_15_26_47,832.bmp	8,600392E-1	1,522910E+0	7,518835E-3	8,388745E-3	-6,786918E-3	2,187256E-3	1,390502E+0	1,383347E+0
20220916 15:26:53,834	c_0_365_20220916_15_26_53,834.bmp	8,727632E-1	1,544553E+0	3,700242E-3	1,094073E-2	-1,698689E-3	4,736996E-3	1,385405E+0	1,388463E+0
20220916 15:26:59,836	c_0_366_20220916_15_26_59,836.bmp	8,842148E-1	1,562378E+0	6,245971E-3	9,664739E-3	-9,331032E-3	-2,912223E-3	1,387954E+0	1,388463E+0
20220916 15:27:05,840	c_0_367_20220916_15_27_05,840.bmp	8,880320E-1	1,584021E+0	1,006456E-2	1,094073E-2	-1,187515E-2	-1,821066E-2	1,387954E+0	1,380789E+0
20220916 15:27:11,840	c_0_368_20220916_15_27_11,840.bmp	8,956664E-1	1,598026E+0	1,006456E-2	1,094073E-2	-1,187515E-2	7,286736E-3	1,398148E+0	1,388463E+0
20220916 15:27:17,844	c_0_369_20220916_15_27_17,844.bmp	9,058457E-1	1,622216E+0	4,973106E-3	1,094073E-2	-6,786918E-3	-1,311118E-2	1,387954E+0	1,380789E+0
20220916 15:27:23,845	c_0_370_20220916_15_27_23,845.bmp	9,223869E-1	1,646406E+0	3,700242E-3	8,388745E-3	5,933654E-3	4,736996E-3	1,382857E+0	1,383347E+0
20220916 15:27:29,849	c_0_371_20220916_15_27_29,849.bmp	9,198421E-1	1,664230E+0	8,791700E-3	9,664739E-3	-1,187515E-2	-8,011703E-3	1,387954E+0	1,388463E+0
20220916 15:27:35,852	c_0_372_20220916_15_27_35,852.bmp	9,262041E-1	1,682055E+0	8,791700E-3	9,664739E-3	-1,441926E-2	-5,461963E-3	1,387954E+0	1,388463E+0
20220916 15:27:41,856	c_0_373_20220916_15_27_41,856.bmp	9,262041E-1	1,702425E+0	4,973106E-3	1,094073E-2	-6,786918E-3	-8,011703E-3	1,390502E+0	1,388463E+0
20220916 15:27:47,861	c_0_374_20220916_15_27_47,861.bmp	8,193222E-1	1,722796E+0	2,427377E-3	1,094073E-2	-4,242803E-3	-2,912223E-3	1,387954E+0	1,396136E+0
20220916 15:27:53,862	c_0_375_20220916_15_27_53,862.bmp	8,205946E-1	1,743166E+0	6,245971E-3	1,094073E-2	-9,331032E-3	-8,011703E-3	1,390502E+0	1,398694E+0
20220916 15:27:59,865	c_0_376_20220916_15_27_59,865.bmp	8,256843E-1	1,762264E+0	7,518835E-3	1,476871E-2	-9,331032E-3	-1,311118E-2	1,387954E+0	1,396136E+0
20220916 15:28:05,872	c_0_377_20220916_15_28_05,872.bmp	8,358635E-1	1,777541E+0	8,791700E-3	1,221673E-2	-1,441926E-2	-1,566092E-2	1,398148E+0	1,391021E+0
20220916 15:28:11,875	c_0_378_20220916_15_28_11,875.bmp	8,460427E-1	1,803005E+0	3,700242E-3	1,094073E-2	-4,242803E-3	-2,912223E-3	1,390502E+0	1,385905E+0
20220916 15:28:17,877	c_0_379_20220916_15_28_17,877.bmp	8,536771E-1	1,823375E+0	3,700242E-3	1,094073E-2	-1,441926E-2	-1,056144E-2	1,387954E+0	1,388463E+0
20220916 15:28:23,878	c_0_380_20220916_15_28_23,878.bmp	8,587667E-1	1,839926E+0	4,973106E-3	1,349272E-2	-9,331032E-3	-2,912223E-3	1,395599E+0	1,396136E+0
20220916 15:28:29,882	c_0_381_20220916_15_28_29,882.bmp	8,625840E-1	1,861570E+0	7,518835E-3	1,094073E-2	-9,331032E-3	-5,461963E-3	1,387954E+0	1,385905E+0
20220916 15:28:35,884	c_0_382_20220916_15_28_35,884.bmp	8,753080E-1	1,883214E+0	6,245971E-3	1,094073E-2	-1,950749E-2	-8,011703E-3	1,387954E+0	1,388463E+0
20220916 15:28:41,887	c_0_383_20220916_15_28_41,887.bmp	8,829424E-1	1,903584E+0	4,973106E-3	7,112750E-3	8,454256E-4	-5,461963E-3	1,387954E+0	1,383347E+0
20220916 15:28:47,888	c_0_384_20220916_15_28_47,888.bmp	8,829424E-1	1,922682E+0	1,006456E-2	1,094073E-2	-1,696338E-2	-8,011703E-3	1,398148E+0	1,391021E+0
20220916 15:28:53,894	c_0_385_20220916_15_28_53,894.bmp	8,893044E-1	1,945598E+0	3,700242E-3	7,112750E-3	-9,331032E-3	-5,461963E-3	1,382857E+0	1,383347E+0
20220916 15:28:59,894	c_0_386_20220916_15_28_59,894.bmp	8,931216E-1	1,962149E+0	3,700242E-3	1,094073E-2	3,389540E-3	7,286736E-3	1,387954E+0	1,393578E+0
20220916 15:29:05,900	c_0_387_20220916_15_29_05,900.bmp	8,803976E-1	1,977427E+0	8,791700E-3	1,604471E-2	-9,331032E-3	-1,056144E-2	1,395599E+0	1,388463E+0
20220916 15:29:11,906	c_0_388_20220916_15_29_11,906.bmp	7,887846E-1	2,002891E+0	6,245971E-3	7,112750E-3	-6,786918E-3	-2,912223E-3	1,387954E+0	1,383347E+0
20220916 15:29:17,911	c_0_389_20220916_15_29_17,911.bmp	7,798777E-1	2,023261E+0	7,518835E-3	1,476871E-2	-4,242803E-3	-8,011703E-3	1,390502E+0	1,396136E+0
20220916 15:29:23,920	c_0_390_20220916_15_29_23,920.bmp	7,798777E-1	2,042359E+0	7,518835E-3	1,094073E-2	8,454256E-4	-2,912223E-3	1,387954E+0	1,388463E+0
20220916 15:29:29,927	c_0_391_20220916_15_29_29,927.bmp	7,824225E-1	2,065275E+0	6,245971E-3	8,388745E-3	-3,731629E-2	2,187256E-3	1,382857E+0	1,383347E+0
20220916 15:29:35,930	c_0_392_20220916_15_29_35,930.bmp	7,862397E-1	2,083100E+0	6,245971E-3	9,664739E-3	-6,786918E-3	-8,011703E-3	1,387954E+0	1,385905E+0
20220916 15:29:41,935	c_0_393_20220916_15_29_41,935.bmp	7,964190E-1	2,104743E+0	4,973106E-3	8,388745E-3	8,454256E-4	7,286736E-3	1,382857E+0	1,388463E+0
20220916 15:29:47,936	c_0_394_20220916_15_29_47,936.bmp	7,964190E-1	2,123841E+0	7,518835E-3	1,094073E-2	-1,696338E-2	-5,461963E-3	1,390502E+0	1,385905E+0
20220916 15:29:53,940	c_0_395_20220916_15_29_53,940.bmp	8,040534E-1	2,142938E+0	8,791700E-3	1,094073E-2	-1,696338E-2	-5,461963E-3	1,398148E+0	1,391021E+0
20220916 15:29:59,943	c_0_396_20220916_15_29_59,943.bmp	8,116878E-1	2,163309E+0	7,518835E-3	1,349272E-2	3,389540E-3	-1,821066E-2	1,387954E+0	1,396136E+0
20220916 15:30:05,945	c_0_397_20220916_15_30_05,945.bmp	8,244119E-1	2,184952E+0	3,700242E-3	1,094073E-2	-6,786918E-3	-8,011703E-3	1,382857E+0	1,388463E+0
20220916 15:30:11,946	c_0_398_20220916_15_30_11,946.bmp	8,282291E-1	2,205323E+0	7,518835E-3	8,388745E-3	-6,786918E-3	-5,461963E-3	1,385405E+0	1,388463E+0
20220916 15:30:17,950	c_0_399_20220916_15_30_17,950.bmp	8,345911E-1	2,219328E+0	8,791700E-3	1,094073E-2	-1,441926E-2	-1,056144E-2	1,395599E+0	1,385905E+0
20220916 15:30:23,953	c_0_400_20220916_15_30_23,953.bmp	8,434979E-1	2,243518E+0	7,518835E-3	1,094073E-2	-9,331032E-3	-8,011703E-3	1,387954E+0	1,385905E+0
20220916 15:30:29,956	c_0_401_20220916_15_30_29,956.bmp	8,511323E-1	2,257522E+0	8,791700E-3	1,094073E-2	-9,331032E-3	-2,912223E-3	1,398148E+0	1,385905E+0
20220916 15:30:35,956	c_0_402_20220916_15_30_35,956.bmp	8,651288E-1	2,281712E+0	6,245971E-3	1,349272E-2	5,933654E-3	-8,011703E-3	1,387954E+0	1,396136E+0
20220916 15:30:41,961	c_0_403_20220916_15_30_41,961.bmp	8,702184E-1	2,302083E+0	6,245971E-3	1,094073E-2	-1,187515E-2	-8,011703E-3	1,390502E+0	1,388463E+0
20220916 15:30:47,963	c_0_404_20220916_15_30_47,963.bmp	8,842148E-1	2,325000E+0	6,245971E-3	8,388745E-3	-9,331032E-3	7,286736E-3	1,385405E+0	1,383347E+0
20220916 15:30:53,967	c_0_405_20220916_15_30_53,967.bmp	8,931216E-1	2,339005E+0	7,518835E-3	1,476871E-2	-2,205160E-2	-8,011703E-3	1,395599E+0	1,388463E+0
20220916 15:30:59,967	c_0_406_20220916_15_30_59,967.bmp	9,033009E-1	2,365741E+0	2,427377E-3	1,094073E-2	-6,786918E-3	-3,624835E-4	1,385405E+0	1,388463E+0
20220916 15:31:05,974	c_0_407_20220916_15_31_05,974.bmp	9,071181E-1	2,382292E+0	1,006456E-2	1,094073E-2	-1,950749E-2	-3,624835E-4	1,395599E+0	1,385905E+0
20220916 15:31:11,978	c_0_408_20220916_15_31_11,978.bmp	9,223869E-1	2,402662E+0	8,791700E-3	9,664739E-3	-4,242803E-3	-1,311118E-2	1,390502E+0	1,385905E+0
20220916 15:31:17,980	c_0_409_20220916_15_31_17,980.bmp	9,325661E-1	2,417940E+0	6,245971E-3	1,221673E-2	-6,786918E-3	-1,056144E-2	1,398148E+0	1,393578E+0
20220916 15:31:23,981	c_0_410_20220916_15_31_23,981.bmp	9,389282E-1	2,438311E+0	8,791700E-3	1,349272E-2	-1,187515E-2	7,286736E-3	1,398148E+0	1,388463E+0
20220916 15:31:29,983	c_0_411_20220916_15_31_29,983.bmp	9,478350E-1	2,458681E+0	8,791700E-3	1,094073E-2	-2,459572E-2	4,736996E-3	1,395599E+0	1,385905E+0
20220916 15:31:35,986	c_0_412_20220916_15_31_35,986.bmp	9,618314E-1	2,481598E+0	6,245971E-3	1,094073E-2	-9,331032E-3	2,187256E-3	1,390502E+0	1,388463E+0
20220916 15:31:41,991	c_0_413_20220916_15_31_41,991.bmp	9,720107E-1	2,505788E+0	3,700242E-3	7,112750E-3	8,454256E-4	-2,912223E-3	1,382857E+0	1,380789E+0
20220916 15:31:47,995	c_0_414_20220916_15_31_47,995.bmp	9,771003E-1	2,518520E+0	1,006456E-2	1,476871E-2	-2,713983E-2	-1,311118E-2	1,395599E+0	1,396136E+0
20220916 15:31:53,995	c_0_415_20220916_15_31_53,995.bmp	9,885519E-1	2,538890E+0	7,518835E-3	1,349272E-2	-1,187515E-2	-1,566092E-2	1,395599E+0	1,393578E+0
20220916 15:31:59,999	c_0_416_20220916_15_31_59,999.bmp	9,974587E-1	2,557988E+0	8,791700E-3	1,094073E-2	-1,950749E-2	-2,912223E-3	1,395599E+0	1,385905E+0
20220916 15:32:06,003	c_0_417_20220916_15_32_06,003.bmp	1,011455E+0	2,584724E+0	2,427377E-3	8,388745E-3	1,102188E-2	-8,011703E-3	1,385405E+0	1,383347E+0
20220916 15:32:12,006	c_0_418_20220916_15_32_12,006.bmp	1,017817E+0	2,602548E+0	7,518835E-3	1,094073E-2	-6,786918E-3	-1,056144E-2	1,390502E+0	1,388463E+0
20220916 15:32:18,007	c_0_419_20220916_15_32_18,007.bmp	1,022907E+0	2,619099E+0	8,791700E-3	1,349272E-2	-2,459572E-2	-2,912223E-3	1,398148E+0	1,388463E+0
20220916 15:32:24,011	c_0_420_20220916_15_32_24,011.bmp	1,034358E+0	2,642016E+0	7,518835E-3	1,094073E-2	-9,331032E-3	1,238622E-2	1,387954E+0	1,388463E+0
20220916 15:32:30,011	c_0_421_20220916_15_32_30,011.bmp	1,039448E+0	2,662387E+0	1,006456E-2	1,094073E-2	-6,786918E-3	-3,624835E-4	1,387954E+0	1,388463E+0
20220916 15:32:36,013	c_0_422_20220916_15_32_36,013.bmp	1,053444E+0	2,684031E+0	3,700242E-3	1,094073E-2	-1,950749E-2	-8,011703E-3	1,387954E+0	1,388463E+0
20220916 15:32:42,016	c_0_423_20220916_15_32_42,016.bmp	1,058534E+0	2,705674E+0	6,245971E-3	8,388745E-3	-1,187515E-2	-2,912223E-3	1,382857E+0	1,383347E+0
20220916 15:32:48,020	c_0_424_20220916_15_32_48,020.bmp	1,061079E+0	2,722225E+0	8,791700E-3	1,094073E-2	-1,696338E-2	-8,011703E-3	1,395599E+0	1,388463E+0
20220916 15:32:54,023	c_0_425_20220916_15_32_54,023.bmp	1,072531E+0	2,741323E+0	6,245971E-3	1,349272E-2	-4,242803E-3	-1,311118E-2	1,387954E+0	1,396136E+0
20220916 15:33:00,023	c_0_426_20220916_15_33_00,023.bmp	1,076348E+0	2,760420E+0	7,518835E-3	1,349272E-2	-9,331032E-3	-8,011703E-3	1,398148E+0	1,393578E+0
20220916 15:33:06,025	c_0_427_20220916_15_33_06,025.bmp	1,076348E+0	2,782064E+0	8,791700E-3	1,094073E-2	-4,749275E-2	-8,011703E-3	1,398148E+0	1,385905E+0
20220916 15:33:12,027	c_0_428_20220916_15_33_12,027.bmp	1,077620E+0	2,806254E+0	3,700242E-3	7,112750E-3	-6,786918E-3	-8,011703E-3	1,385405E+0	1,380789E+0
20220916 15:33:18,030	c_0_429_20220916_15_33_18,030.bmp	7,607917E-1	2,821532E+0	7,518835E-3	1,094073E-2	-9,331032E-3	-1,056144E-2	1,387954E+0	1,388463E+0
20220916 15:33:24,031	c_0_430_20220916_15_33_24,031.bmp	7,442504E-1	2,843175E+0	3,700242E-3	1,094073E-2	-1,696338E-2	-5,461963E-3	1,387954E+0	1,396136E+0
20220916 15:33:30,032	c_0_431_20220916_15_33_30,032.bmp	7,302540E-1	2,858453E+0	8,791700E-3	1,094073E-2	-1,441926E-2	-5,461963E-3	1,398148E+0	1,388463E+0
20220916 15:33:36,033	c_0_432_20220916_15_33_36,033.bmp	6,806303E-1	2,881370E+0	6,245971E-3	1,094073E-2	-9,331032E-3	-2,076040E-2	1,390502E+0	1,396136E+0
20220916 15:33:42,034	c_0_433_20220916_15_33_42,034.bmp	5,915620E-1	2,903014E+0	7,518835E-3	1,094073E-2	-1,696338E-2	-5,461963E-3	1,387954E+0	1,388463E+0
20220916 15:33:48,034	c_0_434_20220916_15_33_48,034.bmp	5,877448E-1	2,918292E+0	1,006456E-2	1,349272E-2	-1,187515E-2	-1,566092E-2	1,398148E+0	1,396136E+0
20220916 15:33:54,035	c_0_435_20220916_15_33_54,035.bmp	5,953792E-1	2,943755E+0	3,700242E-3	1,094073E-2	-6,786918E-3	-2,076040E-2	1,385405E+0	1,388463E+0
20220916 15:34:00,038	c_0_436_20220916_15_34_00,038.bmp	5,991964E-1	2,965399E+0	3,700242E-3	1,094073E-2	-9,331032E-3	-5,461963E-3	1,382857E+0	1,388463E+0
20220916 15:34:06,041	c_0_437_20220916_15_34_06,041.bmp	6,004688E-1	2,983223E+0	7,518835E-3	7,112750E-3	-4,242803E-3	-8,011703E-3	1,382857E+0	1,380789E+0
20220916 15:34:12,045	c_0_438_20220916_15_34_12,045.bmp	6,055585E-1	3,001047E+0	4,973106E-3	1,094073E-2	-4,242803E-3	-8,011703E-3	1,387954E+0	1,396136E+0
20220916 15:34:18,050	c_0_439_20220916_15_34_18,050.bmp	6,030136E-1	3,020145E+0	8,791700E-3	1,094073E-2	-1,696338E-2	2,187256E-3	1,395599E+0	1,385905E+0
20220916 15:34:24,052	c_0_440_20220916_15_34_24,052.bmp	6,081033E-1	3,041788E+0	1,006456E-2	1,094073E-2	-1,950749E-2	2,187256E-3	1,390502E+0	1,385905E+0
20220916 15:34:30,053	c_0_441_20220916_15_34_30,053.bmp	6,144653E-1	3,062159E+0	6,245971E-3	1,476871E-2	-1,187515E-2	-1,821066E-2	1,390502E+0	1,396136E+0
20220916 15:34:36,057	c_0_442_20220916_15_34_36,057.bmp	6,208273E-1	3,081256E+0	7,518835E-3	8,388745E-3	-1,698689E-3	-2,912223E-3	1,387954E+0	1,383347E+0
20220916 15:34:42,058	c_0_443_20220916_15_34_42,058.bmp	6,259169E-1	3,101627E+0	7,518835E-3	1,094073E-2	-3,731629E-2	-5,461963E-3	1,387954E+0	1,388463E+0
20220916 15:34:48,062	c_0_444_20220916_15_34_48,062.bmp	6,322789E-1	3,121997E+0	4,973106E-3	1,094073E-2	3,389540E-3	-8,011703E-3	1,390502E+0	1,388463E+0
20220916 15:34:54,063	c_0_445_20220916_15_34_54,063.bmp	6,348237E-1	3,141095E+0	6,245971E-3	1,094073E-2	-1,696338E-2	1,238622E-2	1,387954E+0	1,391021E+0
20220916 15:35:00,067	c_0_446_20220916_15_35_00,067.bmp	6,399133E-1	3,161465E+0	7,518835E-3	8,388745E-3	-9,331032E-3	4,736996E-3	1,390502E+0	1,383347E+0
20220916 15:35:06,073	c_0_447_20220916_15_35_06,073.bmp	6,450030E-1	3,184382E+0	6,245971E-3	8,388745E-3	-4,242803E-3	4,736996E-3	1,387954E+0	1,383347E+0
20220916 15:35:12,076	c_0_448_20220916_15_35_12,076.bmp	6,513650E-1	3,202206E+0	3,700242E-3	1,094073E-2	-6,786918E-3	-8,011703E-3	1,390502E+0	1,388463E+0
20220916 15:35:18,081	c_0_449_20220916_15_35_18,081.bmp	6,564546E-1	3,220031E+0	7,518835E-3	1,221673E-2	-1,698689E-3	-1,311118E-2	1,398148E+0	1,393578E+0
20220916 15:35:24,084	c_0_450_20220916_15_35_24,084.bmp	6,589994E-1	3,241674E+0	8,791700E-3	1,094073E-2	8,477769E-3	-1,056144E-2	1,390502E+0	1,388463E+0
20220916 15:35:30,085	c_0_451_20220916_15_35_30,085.bmp	6,666338E-1	3,260772E+0	6,245971E-3	1,476871E-2	-6,786918E-3	-1,311118E-2	1,387954E+0	1,393578E+0
20220916 15:35:36,086	c_0_452_20220916_15_35_36,086.bmp	6,704510E-1	3,278596E+0	1,006456E-2	1,349272E-2	-1,698689E-3	-1,821066E-2	1,398148E+0	1,388463E+0
20220916 15:35:42,088	c_0_453_20220916_15_35_42,088.bmp	6,793579E-1	3,304059E+0	2,427377E-3	8,388745E-3	-1,698689E-3	-3,624835E-4	1,385405E+0	1,383347E+0
20220916 15:35:48,090	c_0_454_20220916_15_35_48,090.bmp	6,793579E-1	3,321883E+0	6,245971E-3	1,094073E-2	-1,698689E-3	-1,056144E-2	1,387954E+0	1,388463E+0
20220916 15:35:54,090	c_0_455_20220916_15_35_54,090.bmp	6,869923E-1	3,343527E+0	3,700242E-3	7,112750E-3	8,454256E-4	1,748570E-2	1,382857E+0	1,383347E+0
20220916 15:36:00,094	c_0_456_20220916_15_36_00,094.bmp	6,933543E-1	3,361351E+0	6,245971E-3	1,094073E-2	-6,786918E-3	-2,076040E-2	1,387954E+0	1,396136E+0
20220916 15:36:06,099	c_0_457_20220916_15_36_06,099.bmp	7,035335E-1	3,381722E+0	6,245971E-3	1,094073E-2	-1,441926E-2	-5,461963E-3	1,390502E+0	1,388463E+0
20220916 15:36:12,101	c_0_458_20220916_15_36_12,101.bmp	7,022611E-1	3,402092E+0	7,518835E-3	9,664739E-3	-6,786918E-3	-2,912223E-3	1,390502E+0	1,383347E+0
20220916 15:36:18,103	c_0_459_20220916_15_36_18,103.bmp	7,073507E-1	3,425009E+0	6,245971E-3	7,112750E-3	3,389540E-3	-2,912223E-3	1,385405E+0	1,380789E+0
20220916 15:36:24,108	c_0_460_20220916_15_36_24,108.bmp	7,149852E-1	3,444106E+0	7,518835E-3	8,388745E-3	-1,187515E-2	2,187256E-3	1,382857E+0	1,380789E+0
20220916 15:36:30,112	c_0_461_20220916_15_36_30,112.bmp	7,213472E-1	3,460658E+0	7,518835E-3	1,349272E-2	-1,187515E-2	-1,566092E-2	1,398148E+0	1,396136E+0
20220916 15:36:36,113	c_0_462_20220916_15_36_36,113.bmp	7,226196E-1	3,479755E+0	1,006456E-2	1,476871E-2	-9,331032E-3	-8,011703E-3	1,395599E+0	1,388463E+0
20220916 15:36:42,121	c_0_463_20220916_15_36_42,121.bmp	7,315264E-1	3,505218E+0	7,518835E-3	8,388745E-3	-9,331032E-3	-2,912223E-3	1,387954E+0	1,383347E+0
20220916 15:36:48,129	c_0_464_20220916_15_36_48,129.bmp	7,327988E-1	3,517950E+0	1,006456E-2	1,094073E-2	-1,441926E-2	-8,011703E-3	1,395599E+0	1,388463E+0
20220916 15:36:54,133	c_0_465_20220916_15_36_54,133.bmp	7,429780E-1	3,542140E+0	6,245971E-3	1,349272E-2	-4,242803E-3	-1,056144E-2	1,387954E+0	1,396136E+0
20220916 15:37:00,137	c_0_466_20220916_15_37_00,137.bmp	7,442504E-1	3,562510E+0	1,006456E-2	1,094073E-2	-9,331032E-3	-3,624835E-4	1,387954E+0	1,383347E+0
20220916 15:37:06,140	c_0_467_20220916_15_37_06,140.bmp	7,544297E-1	3,579061E+0	6,245971E-3	1,349272E-2	-1,950749E-2	-1,311118E-2	1,395599E+0	1,396136E+0
20220916 15:37:12,141	c_0_468_20220916_15_37_12,141.bmp	7,544297E-1	3,600705E+0	8,791700E-3	1,094073E-2	-1,696338E-2	-5,461963E-3	1,387954E+0	1,385905E+0
20220916 15:37:18,141	c_0_469_20220916_15_37_18,141.bmp	7,646089E-1	3,621076E+0	6,245971E-3	8,388745E-3	-6,786918E-3	-3,624835E-4	1,387954E+0	1,380789E+0
20220916 15:37:24,144	c_0_470_20220916_15_37_24,144.bmp	7,646089E-1	3,642719E+0	1,006456E-2	1,094073E-2	-1,187515E-2	-1,311118E-2	1,387954E+0	1,388463E+0
20220916 15:37:30,149	c_0_471_20220916_15_37_30,149.bmp	7,722433E-1	3,661817E+0	1,006456E-2	1,094073E-2	-1,696338E-2	-3,624835E-4	1,390502E+0	1,388463E+0
20220916 15:37:36,150	c_0_472_20220916_15_37_36,150.bmp	7,798777E-1	3,682187E+0	6,245971E-3	9,664739E-3	-9,331032E-3	-1,056144E-2	1,390502E+0	1,396136E+0
20220916 15:37:42,155	c_0_473_20220916_15_37_42,155.bmp	7,849673E-1	3,697465E+0	1,006456E-2	1,476871E-2	-1,441926E-2	-1,821066E-2	1,395599E+0	1,393578E+0
20220916 15:37:48,156	c_0_474_20220916_15_37_48,156.bmp	7,862397E-1	3,720382E+0	7,518835E-3	1,094073E-2	-6,786918E-3	-1,311118E-2	1,390502E+0	1,391021E+0
20220916 15:37:54,156	c_0_475_20220916_15_37_54,156.bmp	7,964190E-1	3,742026E+0	3,700242E-3	1,094073E-2	-9,331032E-3	-2,912223E-3	1,390502E+0	1,396136E+0
20220916 15:38:00,156	c_0_476_20220916_15_38_00,156.bmp	8,002362E-1	3,764943E+0	3,700242E-3	1,094073E-2	-6,786918E-3	-2,912223E-3	1,382857E+0	1,391021E+0
20220916 15:38:06,165	c_0_477_20220916_15_38_06,165.bmp	7,989638E-1	3,778947E+0	7,518835E-3	1,476871E-2	-1,187515E-2	-1,821066E-2	1,395599E+0	1,393578E+0
20220916 15:38:12,168	c_0_478_20220916_15_38_12,168.bmp	7,964190E-1	3,800591E+0	8,791700E-3	1,476871E-2	-6,786918E-3	-1,821066E-2	1,387954E+0	1,396136E+0
20220916 15:38:18,170	c_0_479_20220916_15_38_18,170.bmp	8,015086E-1	3,820962E+0	3,700242E-3	1,094073E-2	-9,331032E-3	-3,624835E-4	1,390502E+0	1,393578E+0
20220916 15:38:24,176	c_0_480_20220916_15_38_24,176.bmp	7,964190E-1	3,838786E+0	8,791700E-3	1,349272E-2	-9,331032E-3	-1,056144E-2	1,395599E+0	1,393578E+0
20220916 15:38:30,181	c_0_481_20220916_15_38_30,181.bmp	7,926018E-1	3,856610E+0	1,006456E-2	1,094073E-2	-6,786918E-3	-8,011703E-3	1,395599E+0	1,388463E+0
20220916 15:38:36,183	c_0_482_20220916_15_38_36,183.bmp	7,773329E-1	3,880800E+0	8,791700E-3	1,094073E-2	-1,696338E-2	-8,011703E-3	1,390502E+0	1,385905E+0
20220916 15:38:42,185	c_0_483_20220916_15_38_42,185.bmp	6,195549E-1	3,897351E+0	8,791700E-3	1,349272E-2	-1,950749E-2	-1,056144E-2	1,395599E+0	1,388463E+0
20220916 15:38:48,188	c_0_484_20220916_15_38_48,188.bmp	6,170101E-1	3,922814E+0	3,700242E-3	1,094073E-2	3,389540E-3	-2,912223E-3	1,385405E+0	1,385905E+0
20220916 15:38:54,188	c_0_485_20220916_15_38_54,188.bmp	6,131929E-1	3,941912E+0	6,245971E-3	1,094073E-2	-4,242803E-3	-2,912223E-3	1,387954E+0	1,388463E+0
20220916 15:39:00,193	c_0_486_20220916_15_39_00,193.bmp	6,119205E-1	3,958463E+0	1,006456E-2	1,349272E-2	-1,696338E-2	-3,624835E-4	1,395599E+0	1,396136E+0
20220916 15:39:06,195	c_0_487_20220916_15_39_06,195.bmp	6,195549E-1	3,983926E+0	3,700242E-3	8,388745E-3	5,933654E-3	-8,011703E-3	1,385405E+0	1,383347E+0
20220916 15:39:12,195	c_0_488_20220916_15_39_12,195.bmp	6,195549E-1	3,999204E+0	8,791700E-3	1,349272E-2	-1,696338E-2	-1,311118E-2	1,395599E+0	1,388463E+0
20220916 15:39:18,200	c_0_489_20220916_15_39_18,200.bmp	6,220997E-1	4,022121E+0	8,791700E-3	9,664739E-3	3,389540E-3	-3,095936E-2	1,387954E+0	1,388463E+0
20220916 15:39:24,204	c_0_490_20220916_15_39_24,204.bmp	6,220997E-1	4,042491E+0	6,245971E-3	1,094073E-2	-1,696338E-2	-3,624835E-4	1,387954E+0	1,385905E+0
20220916 15:39:30,206	c_0_491_20220916_15_39_30,206.bmp	6,246445E-1	4,060315E+0	7,518835E-3	1,476871E-2	-9,331032E-3	-1,056144E-2	1,390502E+0	1,393578E+0
20220916 15:39:36,213	c_0_492_20220916_15_39_36,213.bmp	6,284617E-1	4,084505E+0	7,518835E-3	7,112750E-3	-1,696338E-2	-8,011703E-3	1,382857E+0	1,383347E+0
20220916 15:39:42,213	c_0_493_20220916_15_39_42,213.bmp	6,259169E-1	4,099783E+0	1,006456E-2	1,221673E-2	-1,187515E-2	2,187256E-3	1,395599E+0	1,388463E+0
20220916 15:39:48,214	c_0_494_20220916_15_39_48,214.bmp	6,322789E-1	4,126520E+0	3,700242E-3	8,388745E-3	-4,242803E-3	7,286736E-3	1,385405E+0	1,383347E+0
20220916 15:39:54,220	c_0_495_20220916_15_39_54,220.bmp	6,297341E-1	4,139251E+0	6,245971E-3	1,476871E-2	-6,786918E-3	-1,311118E-2	1,387954E+0	1,396136E+0
20220916 15:40:00,224	c_0_496_20220916_15_40_00,224.bmp	6,310065E-1	4,162168E+0	6,245971E-3	1,094073E-2	-6,786918E-3	-2,076040E-2	1,390502E+0	1,388463E+0
20220916 15:40:06,225	c_0_497_20220916_15_40_06,225.bmp	6,360961E-1	4,181265E+0	7,518835E-3	1,094073E-2	5,933654E-3	-5,461963E-3	1,390502E+0	1,396136E+0
20220916 15:40:12,229	c_0_498_20220916_15_40_12,229.bmp	6,310065E-1	4,201636E+0	6,245971E-3	1,094073E-2	-1,441926E-2	-3,624835E-4	1,387954E+0	1,385905E+0
20220916 15:40:18,233	c_0_499_20220916_15_40_18,233.bmp	6,233721E-1	4,220733E+0	6,245971E-3	1,094073E-2	5,933654E-3	-8,011703E-3	1,387954E+0	1,391021E+0
20220916 15:40:24,234	c_0_500_20220916_15_40_24,234.bmp	6,119205E-1	4,241104E+0	6,245971E-3	1,094073E-2	-4,242803E-3	-3,624835E-4	1,387954E+0	1,388463E+0
20220916 15:40:30,235	c_0_501_20220916_15_40_30,235.bmp	6,081033E-1	4,257655E+0	6,245971E-3	1,221673E-2	-1,187515E-2	-1,056144E-2	1,390502E+0	1,393578E+0
20220916 15:40:36,238	c_0_502_20220916_15_40_36,238.bmp	6,119205E-1	4,281845E+0	3,700242E-3	1,094073E-2	-1,698689E-3	-8,011703E-3	1,390502E+0	1,385905E+0
20220916 15:40:42,241	c_0_503_20220916_15_40_42,241.bmp	6,068309E-1	4,298396E+0	1,006456E-2	1,094073E-2	-1,950749E-2	-5,461963E-3	1,398148E+0	1,385905E+0
20220916 15:40:48,245	c_0_504_20220916_15_40_48,245.bmp	6,068309E-1	4,320040E+0	3,700242E-3	1,094073E-2	8,477769E-3	2,187256E-3	1,385405E+0	1,388463E+0
20220916 15:40:54,246	c_0_505_20220916_15_40_54,246.bmp	6,017412E-1	4,340410E+0	7,518835E-3	1,094073E-2	-6,786918E-3	-5,461963E-3	1,390502E+0	1,391021E+0
20220916 15:41:00,251	c_0_506_20220916_15_41_00,251.bmp	5,699312E-1	4,362054E+0	7,518835E-3	8,388745E-3	-9,331032E-3	2,187256E-3	1,387954E+0	1,380789E+0
20220916 15:41:06,251	c_0_507_20220916_15_41_06,251.bmp	5,317590E-1	4,378605E+0	8,791700E-3	1,349272E-2	-4,242803E-3	-1,566092E-2	1,398148E+0	1,391021E+0
20220916 15:41:12,253	c_0_508_20220916_15_41_12,253.bmp	5,253970E-1	4,397703E+0	1,006456E-2	9,664739E-3	-9,331032E-3	-3,624835E-4	1,398148E+0	1,388463E+0
20220916 15:41:18,256	c_0_509_20220916_15_41_18,256.bmp	5,317590E-1	4,423166E+0	6,245971E-3	8,388745E-3	-9,331032E-3	-3,624835E-4	1,387954E+0	1,385905E+0
20220916 15:41:24,263	c_0_510_20220916_15_41_24,263.bmp	5,343039E-1	4,438444E+0	7,518835E-3	1,476871E-2	-9,331032E-3	-1,311118E-2	1,398148E+0	1,396136E+0
20220916 15:41:30,263	c_0_511_20220916_15_41_30,263.bmp	5,432107E-1	4,462634E+0	7,518835E-3	1,094073E-2	-4,242803E-3	-1,056144E-2	1,387954E+0	1,385905E+0
20220916 15:41:36,265	c_0_512_20220916_15_41_36,265.bmp	5,406659E-1	4,479185E+0	8,791700E-3	1,349272E-2	-2,205160E-2	-1,056144E-2	1,398148E+0	1,396136E+0
20220916 15:41:42,265	c_0_513_20220916_15_41_42,265.bmp	5,483003E-1	4,502102E+0	7,518835E-3	1,094073E-2	-1,187515E-2	-2,076040E-2	1,387954E+0	1,393578E+0
20220916 15:41:48,268	c_0_514_20220916_15_41_48,268.bmp	5,495727E-1	4,523745E+0	6,245971E-3	7,112750E-3	-6,786918E-3	-5,461963E-3	1,385405E+0	1,383347E+0
20220916 15:41:54,270	c_0_515_20220916_15_41_54,270.bmp	5,559347E-1	4,544116E+0	2,427377E-3	1,094073E-2	8,454256E-4	-8,011703E-3	1,385405E+0	1,388463E+0
20220916 15:42:00,274	c_0_516_20220916_15_42_00,274.bmp	5,521175E-1	4,558121E+0	1,006456E-2	1,349272E-2	-9,331032E-3	-8,011703E-3	1,395599E+0	1,396136E+0
20220916 15:42:06,274	c_0_517_20220916_15_42_06,274.bmp	5,572071E-1	4,581037E+0	1,006456E-2	1,094073E-2	-1,696338E-2	-8,011703E-3	1,390502E+0	1,380789E+0
20220916 15:42:12,279	c_0_518_20220916_15_42_12,279.bmp	5,661139E-1	4,602681E+0	2,427377E-3	1,094073E-2	-6,786918E-3	-8,011703E-3	1,387954E+0	1,388463E+0
20220916 15:42:18,283	c_0_519_20220916_15_42_18,283.bmp	5,699312E-1	4,621778E+0	6,245971E-3	1,094073E-2	-5,258098E-2	-1,566092E-2	1,387954E+0	1,388463E+0
20220916 15:42:24,284	c_0_520_20220916_15_42_24,284.bmp	5,724760E-1	4,640876E+0	6,245971E-3	1,094073E-2	8,477769E-3	-2,912223E-3	1,390502E+0	1,385905E+0
20220916 15:42:30,287	c_0_521_20220916_15_42_30,287.bmp	5,762932E-1	4,661246E+0	7,518835E-3	8,388745E-3	-6,786918E-3	7,286736E-3	1,390502E+0	1,383347E+0
20220916 15:42:36,290	c_0_522_20220916_15_42_36,290.bmp	5,813828E-1	4,681617E+0	2,427377E-3	1,094073E-2	-6,786918E-3	2,187256E-3	1,390502E+0	1,396136E+0
20220916 15:42:42,290	c_0_523_20220916_15_42_42,290.bmp	5,852000E-1	4,701987E+0	3,700242E-3	1,094073E-2	1,102188E-2	2,187256E-3	1,387954E+0	1,385905E+0
20220916 15:42:48,291	c_0_524_20220916_15_42_48,291.bmp	5,877448E-1	4,726178E+0	3,700242E-3	1,094073E-2	8,454256E-4	-1,821066E-2	1,385405E+0	1,388463E+0
20220916 15:42:54,295	c_0_525_20220916_15_42_54,295.bmp	5,902896E-1	4,742729E+0	7,518835E-3	7,112750E-3	-1,187515E-2	2,187256E-3	1,390502E+0	1,383347E+0
20220916 15:43:00,299	c_0_526_20220916_15_43_00,299.bmp	5,966516E-1	4,764372E+0	3,700242E-3	1,094073E-2	-1,698689E-3	-5,461963E-3	1,382857E+0	1,388463E+0
20220916 15:43:06,301	c_0_527_20220916_15_43_06,301.bmp	5,979240E-1	4,778377E+0	8,791700E-3	1,476871E-2	-1,441926E-2	-1,056144E-2	1,395599E+0	1,396136E+0
20220916 15:43:12,302	c_0_528_20220916_15_43_12,302.bmp	6,055585E-1	4,800021E+0	4,973106E-3	1,094073E-2	8,454256E-4	-2,912223E-3	1,385405E+0	1,391021E+0
20220916 15:43:18,306	c_0_529_20220916_15_43_18,306.bmp	6,055585E-1	4,819118E+0	7,518835E-3	1,476871E-2	-1,698689E-3	-5,461963E-3	1,387954E+0	1,396136E+0
20220916 15:43:24,309	c_0_530_20220916_15_43_24,309.bmp	6,042860E-1	4,840762E+0	8,791700E-3	1,094073E-2	3,389540E-3	-2,912223E-3	1,390502E+0	1,391021E+0
20220916 15:43:30,315	c_0_531_20220916_15_43_30,315.bmp	6,081033E-1	4,859859E+0	1,006456E-2	9,664739E-3	-1,696338E-2	-5,461963E-3	1,387954E+0	1,388463E+0
20220916 15:43:36,319	c_0_532_20220916_15_43_36,319.bmp	6,195549E-1	4,885322E+0	3,700242E-3	8,388745E-3	-6,786918E-3	2,187256E-3	1,382857E+0	1,383347E+0
20220916 15:43:42,319	c_0_533_20220916_15_43_42,319.bmp	6,233721E-1	4,905693E+0	2,427377E-3	8,388745E-3	-1,698689E-3	-1,056144E-2	1,385405E+0	1,380789E+0
20220916 15:43:48,319	c_0_534_20220916_15_43_48,319.bmp	6,220997E-1	4,918425E+0	8,791700E-3	1,094073E-2	-1,441926E-2	-5,461963E-3	1,398148E+0	1,388463E+0
20220916 15:43:54,324	c_0_535_20220916_15_43_54,324.bmp	6,310065E-1	4,943888E+0	3,700242E-3	5,836756E-3	-1,698689E-3	-1,056144E-2	1,382857E+0	1,388463E+0
20220916 15:44:00,328	c_0_536_20220916_15_44_00,328.bmp	6,348237E-1	4,964258E+0	3,700242E-3	1,094073E-2	-1,698689E-3	2,187256E-3	1,382857E+0	1,385905E+0
20220916 15:44:06,329	c_0_537_20220916_15_44_06,329.bmp	6,399133E-1	4,982082E+0	7,518835E-3	1,094073E-2	8,454256E-4	-8,011703E-3	1,390502E+0	1,388463E+0
20220916 15:44:12,330	c_0_538_20220916_15_44_12,330.bmp	6,424582E-1	5,002453E+0	3,700242E-3	1,094073E-2	-6,786918E-3	-8,011703E-3	1,387954E+0	1,388463E+0
20220916 15:44:18,331	c_0_539_20220916_15_44_18,331.bmp	6,424582E-1	5,017731E+0	1,006456E-2	1,349272E-2	-4,242803E-3	-1,311118E-2	1,395599E+0	1,393578E+0
20220916 15:44:24,336	c_0_540_20220916_15_44_24,336.bmp	6,526374E-1	5,041921E+0	6,245971E-3	9,664739E-3	-1,698689E-3	-8,011703E-3	1,387954E+0	1,396136E+0
20220916 15:44:30,339	c_0_541_20220916_15_44_30,339.bmp	6,513650E-1	5,061018E+0	7,518835E-3	1,094073E-2	-6,786918E-3	-5,461963E-3	1,387954E+0	1,380789E+0
20220916 15:44:36,339	c_0_542_20220916_15_44_36,339.bmp	6,526374E-1	5,081389E+0	1,006456E-2	1,094073E-2	-1,696338E-2	-1,566092E-2	1,387954E+0	1,388463E+0
20220916 15:44:42,339	c_0_543_20220916_15_44_42,339.bmp	6,564546E-1	5,101759E+0	6,245971E-3	1,094073E-2	-9,331032E-3	-8,011703E-3	1,387954E+0	1,383347E+0
20220916 15:44:48,343	c_0_544_20220916_15_44_48,343.bmp	6,628166E-1	5,118310E+0	6,245971E-3	1,349272E-2	-9,331032E-3	-1,311118E-2	1,395599E+0	1,396136E+0
20220916 15:44:54,347	c_0_545_20220916_15_44_54,347.bmp	6,691786E-1	5,139954E+0	7,518835E-3	1,094073E-2	-4,242803E-3	-8,011703E-3	1,387954E+0	1,385905E+0
20220916 15:45:00,350	c_0_546_20220916_15_45_00,350.bmp	6,742682E-1	5,165417E+0	3,700242E-3	8,388745E-3	8,477769E-3	-5,461963E-3	1,382857E+0	1,383347E+0
20220916 15:45:06,352	c_0_547_20220916_15_45_06,352.bmp	6,780855E-1	5,180695E+0	6,245971E-3	1,094073E-2	-6,786918E-3	-1,311118E-2	1,387954E+0	1,388463E+0
20220916 15:45:12,354	c_0_548_20220916_15_45_12,354.bmp	6,793579E-1	5,203612E+0	2,427377E-3	8,388745E-3	8,454256E-4	2,187256E-3	1,382857E+0	1,383347E+0
20220916 15:45:18,358	c_0_549_20220916_15_45_18,358.bmp	6,793579E-1	5,221436E+0	8,791700E-3	1,094073E-2	-1,187515E-2	1,238622E-2	1,395599E+0	1,388463E+0
20220916 15:45:24,359	c_0_550_20220916_15_45_24,359.bmp	6,857199E-1	5,240534E+0	7,518835E-3	1,094073E-2	-1,187515E-2	-1,311118E-2	1,387954E+0	1,388463E+0
20220916 15:45:30,360	c_0_551_20220916_15_45_30,360.bmp	6,958991E-1	5,264724E+0	3,700242E-3	7,112750E-3	-1,698689E-3	-2,912223E-3	1,385405E+0	1,388463E+0
20220916 15:45:36,364	c_0_552_20220916_15_45_36,364.bmp	6,984439E-1	5,280002E+0	3,700242E-3	1,094073E-2	-4,242803E-3	-8,011703E-3	1,382857E+0	1,388463E+0
20220916 15:45:42,365	c_0_553_20220916_15_45_42,365.bmp	6,971715E-1	5,299099E+0	6,245971E-3	1,094073E-2	-6,786918E-3	7,286736E-3	1,387954E+0	1,380789E+0
20220916 15:45:48,373	c_0_554_20220916_15_45_48,373.bmp	6,971715E-1	5,318196E+0	1,006456E-2	1,094073E-2	-1,696338E-2	-5,461963E-3	1,395599E+0	1,388463E+0
20220916 15:45:54,376	c_0_555_20220916_15_45_54,376.bmp	6,984439E-1	5,339840E+0	6,245971E-3	1,094073E-2	-4,242803E-3	-5,461963E-3	1,387954E+0	1,385905E+0
20220916 15:46:00,383	c_0_556_20220916_15_46_00,383.bmp	7,073507E-1	5,364030E+0	3,700242E-3	1,221673E-2	-2,205160E-2	-8,011703E-3	1,382857E+0	1,388463E+0
20220916 15:46:06,388	c_0_557_20220916_15_46_06,388.bmp	7,022611E-1	5,378035E+0	7,518835E-3	9,664739E-3	-1,696338E-2	2,187256E-3	1,398148E+0	1,385905E+0
20220916 15:46:12,388	c_0_558_20220916_15_46_12,388.bmp	6,997163E-1	5,403498E+0	4,973106E-3	7,112750E-3	8,454256E-4	9,836476E-3	1,382857E+0	1,380789E+0
20220916 15:46:18,393	c_0_559_20220916_15_46_18,393.bmp	6,958991E-1	5,418776E+0	1,006456E-2	1,221673E-2	-1,441926E-2	-2,912223E-3	1,395599E+0	1,396136E+0
20220916 15:46:24,393	c_0_560_20220916_15_46_24,393.bmp	6,933543E-1	5,440420E+0	8,791700E-3	1,094073E-2	-1,187515E-2	-1,311118E-2	1,387954E+0	1,388463E+0
20220916 15:46:30,394	c_0_561_20220916_15_46_30,394.bmp	6,946267E-1	5,462063E+0	3,700242E-3	1,094073E-2	8,454256E-4	-1,821066E-2	1,385405E+0	1,385905E+0
20220916 15:46:36,398	c_0_562_20220916_15_46_36,398.bmp	5,508451E-1	5,479888E+0	7,518835E-3	8,388745E-3	-6,786918E-3	1,748570E-2	1,387954E+0	1,380789E+0
20220916 15:46:42,403	c_0_563_20220916_15_46_42,403.bmp	5,406659E-1	5,500258E+0	6,245971E-3	1,094073E-2	8,477769E-3	-2,912223E-3	1,387954E+0	1,380789E+0
20220916 15:46:48,409	c_0_564_20220916_15_46_48,409.bmp	5,483003E-1	5,523175E+0	3,700242E-3	1,094073E-2	-4,242803E-3	-8,011703E-3	1,385405E+0	1,388463E+0
20220916 15:46:54,415	c_0_565_20220916_15_46_54,415.bmp	5,457555E-1	5,543546E+0	3,700242E-3	7,112750E-3	-1,698689E-3	-1,566092E-2	1,382857E+0	1,383347E+0
20220916 15:47:00,416	c_0_566_20220916_15_47_00,416.bmp	5,241246E-1	5,563916E+0	2,427377E-3	7,112750E-3	-1,698689E-3	-8,011703E-3	1,385405E+0	1,385905E+0
20220916 15:47:06,417	c_0_567_20220916_15_47_06,417.bmp	5,203074E-1	5,581740E+0	6,245971E-3	8,388745E-3	-6,786918E-3	7,286736E-3	1,390502E+0	1,383347E+0
20220916 15:47:12,421	c_0_568_20220916_15_47_12,421.bmp	5,241246E-1	5,603384E+0	3,700242E-3	1,094073E-2	-4,242803E-3	2,187256E-3	1,382857E+0	1,388463E+0
20220916 15:47:18,425	c_0_569_20220916_15_47_18,425.bmp	5,241246E-1	5,621208E+0	6,245971E-3	9,664739E-3	-6,786918E-3	-3,624835E-4	1,387954E+0	1,388463E+0
20220916 15:47:24,429	c_0_570_20220916_15_47_24,429.bmp	5,292142E-1	5,644125E+0	3,700242E-3	1,094073E-2	8,454256E-4	2,187256E-3	1,382857E+0	1,388463E+0
20220916 15:47:30,430	c_0_571_20220916_15_47_30,430.bmp	5,292142E-1	5,661949E+0	6,245971E-3	8,388745E-3	-1,187515E-2	4,736996E-3	1,387954E+0	1,383347E+0
20220916 15:47:36,430	c_0_572_20220916_15_47_36,430.bmp	5,266694E-1	5,677227E+0	1,006456E-2	1,221673E-2	8,454256E-4	-3,624835E-4	1,395599E+0	1,396136E+0
20220916 15:47:42,432	c_0_573_20220916_15_47_42,432.bmp	5,355763E-1	5,700144E+0	6,245971E-3	1,094073E-2	-6,786918E-3	-1,056144E-2	1,390502E+0	1,391021E+0
20220916 15:47:48,432	c_0_574_20220916_15_47_48,432.bmp	5,343039E-1	5,716695E+0	4,973106E-3	1,349272E-2	-9,331032E-3	-1,056144E-2	1,398148E+0	1,396136E+0
20220916 15:47:54,436	c_0_575_20220916_15_47_54,436.bmp	5,393935E-1	5,743431E+0	3,700242E-3	7,112750E-3	3,389540E-3	-8,011703E-3	1,382857E+0	1,388463E+0
20220916 15:48:00,437	c_0_576_20220916_15_48_00,437.bmp	5,381211E-1	5,759983E+0	7,518835E-3	5,836756E-3	-6,786918E-3	-2,912223E-3	1,387954E+0	1,383347E+0
20220916 15:48:06,441	c_0_577_20220916_15_48_06,441.bmp	5,393935E-1	5,781626E+0	6,245971E-3	1,476871E-2	-6,786918E-3	-1,056144E-2	1,387954E+0	1,396136E+0
20220916 15:48:12,445	c_0_578_20220916_15_48_12,445.bmp	5,355763E-1	5,801997E+0	1,006456E-2	1,094073E-2	-9,331032E-3	-5,461963E-3	1,387954E+0	1,388463E+0
20220916 15:48:18,447	c_0_579_20220916_15_48_18,447.bmp	5,177626E-1	5,819821E+0	6,245971E-3	8,388745E-3	-1,187515E-2	7,286736E-3	1,387954E+0	1,383347E+0
20220916 15:48:24,448	c_0_580_20220916_15_48_24,448.bmp	4,986766E-1	5,842738E+0	3,700242E-3	8,388745E-3	-6,786918E-3	1,238622E-2	1,385405E+0	1,383347E+0
20220916 15:48:30,451	c_0_581_20220916_15_48_30,451.bmp	4,910421E-1	5,859289E+0	1,133743E-2	1,094073E-2	-6,786918E-3	-3,605884E-2	1,387954E+0	1,388463E+0
20220916 15:48:36,456	c_0_582_20220916_15_48_36,456.bmp	4,923145E-1	5,877113E+0	1,006456E-2	1,349272E-2	-9,331032E-3	-1,311118E-2	1,395599E+0	1,388463E+0
20220916 15:48:42,460	c_0_583_20220916_15_48_42,460.bmp	4,935869E-1	5,898757E+0	8,791700E-3	1,094073E-2	-1,950749E-2	-1,821066E-2	1,387954E+0	1,388463E+0
20220916 15:48:48,460	c_0_584_20220916_15_48_48,460.bmp	4,961318E-1	5,921674E+0	6,245971E-3	1,349272E-2	-9,331032E-3	-2,840962E-2	1,390502E+0	1,396136E+0
20220916 15:48:54,466	c_0_585_20220916_15_48_54,466.bmp	5,012214E-1	5,944591E+0	3,700242E-3	1,094073E-2	-1,698689E-3	4,736996E-3	1,385405E+0	1,388463E+0
20220916 15:49:00,467	c_0_586_20220916_15_49_00,467.bmp	5,037662E-1	5,959869E+0	3,700242E-3	1,094073E-2	8,454256E-4	-3,624835E-4	1,390502E+0	1,388463E+0
20220916 15:49:06,471	c_0_587_20220916_15_49_06,471.bmp	5,024938E-1	5,980239E+0	7,518835E-3	1,094073E-2	-9,331032E-3	-8,011703E-3	1,387954E+0	1,388463E+0
20220916 15:49:12,472	c_0_588_20220916_15_49_12,472.bmp	5,050386E-1	6,000610E+0	7,518835E-3	1,476871E-2	-1,698689E-3	-1,056144E-2	1,390502E+0	1,393578E+0
20220916 15:49:18,476	c_0_589_20220916_15_49_18,476.bmp	5,101282E-1	6,019707E+0	2,427377E-3	1,094073E-2	-3,222806E-2	-1,056144E-2	1,387954E+0	1,388463E+0
20220916 15:49:24,480	c_0_590_20220916_15_49_24,480.bmp	5,114006E-1	6,040078E+0	6,245971E-3	9,664739E-3	-1,187515E-2	-2,912223E-3	1,390502E+0	1,396136E+0
20220916 15:49:30,482	c_0_591_20220916_15_49_30,482.bmp	5,101282E-1	6,061721E+0	7,518835E-3	8,388745E-3	-1,698689E-3	4,736996E-3	1,387954E+0	1,383347E+0
20220916 15:49:36,485	c_0_592_20220916_15_49_36,485.bmp	5,088558E-1	6,075726E+0	6,245971E-3	1,604471E-2	-9,331032E-3	-1,821066E-2	1,398148E+0	1,393578E+0
20220916 15:49:42,486	c_0_593_20220916_15_49_42,486.bmp	5,139454E-1	6,098643E+0	7,518835E-3	1,094073E-2	-1,441926E-2	-5,461963E-3	1,387954E+0	1,391021E+0
20220916 15:49:48,491	c_0_594_20220916_15_49_48,491.bmp	5,190350E-1	6,122833E+0	2,427377E-3	1,094073E-2	3,389540E-3	-2,912223E-3	1,385405E+0	1,388463E+0
20220916 15:49:54,494	c_0_595_20220916_15_49_54,494.bmp	5,126730E-1	6,136838E+0	1,006456E-2	1,349272E-2	-9,331032E-3	-1,056144E-2	1,395599E+0	1,396136E+0
20220916 15:50:00,495	c_0_596_20220916_15_50_00,495.bmp	5,190350E-1	6,155935E+0	6,245971E-3	1,349272E-2	-1,441926E-2	-1,311118E-2	1,390502E+0	1,393578E+0
20220916 15:50:06,497	c_0_597_20220916_15_50_06,497.bmp	5,215798E-1	6,183944E+0	7,518835E-3	7,112750E-3	-1,441926E-2	-8,011703E-3	1,382857E+0	1,383347E+0
20220916 15:50:12,497	c_0_598_20220916_15_50_12,497.bmp	5,253970E-1	6,200496E+0	7,518835E-3	1,221673E-2	-9,331032E-3	-1,311118E-2	1,387954E+0	1,388463E+0
20220916 15:50:18,502	c_0_599_20220916_15_50_18,502.bmp	5,253970E-1	6,215773E+0	6,245971E-3	1,476871E-2	-6,786918E-3	-8,011703E-3	1,395599E+0	1,388463E+0
20220916 15:50:24,508	c_0_600_20220916_15_50_24,508.bmp	5,279418E-1	6,242510E+0	3,700242E-3	8,388745E-3	8,454256E-4	-2,912223E-3	1,385405E+0	1,383347E+0
20220916 15:50:30,509	c_0_601_20220916_15_50_30,509.bmp	5,292142E-1	6,259061E+0	7,518835E-3	8,388745E-3	-6,786918E-3	2,003543E-2	1,390502E+0	1,383347E+0
20220916 15:50:36,511	c_0_602_20220916_15_50_36,511.bmp	5,304866E-1	6,275612E+0	8,791700E-3	1,349272E-2	-1,696338E-2	-5,461963E-3	1,395599E+0	1,396136E+0
20220916 15:50:42,511	c_0_603_20220916_15_50_42,511.bmp	5,343039E-1	6,295982E+0	7,518835E-3	1,349272E-2	-1,187515E-2	-1,056144E-2	1,395599E+0	1,385905E+0
20220916 15:50:48,537	c_0_604_20220916_15_50_48,537.bmp	5,330315E-1	6,316353E+0	1,006456E-2	1,476871E-2	-2,205160E-2	-1,821066E-2	1,398148E+0	1,396136E+0
20220916 15:50:54,542	c_0_605_20220916_15_50_54,542.bmp	5,355763E-1	6,339270E+0	8,791700E-3	1,094073E-2	-9,331032E-3	-1,311118E-2	1,387954E+0	1,385905E+0
20220916 15:51:00,542	c_0_606_20220916_15_51_00,542.bmp	5,419383E-1	6,359640E+0	7,518835E-3	7,112750E-3	-5,258098E-2	4,736996E-3	1,387954E+0	1,383347E+0
20220916 15:51:06,546	c_0_607_20220916_15_51_06,546.bmp	5,432107E-1	6,376191E+0	7,518835E-3	1,349272E-2	-1,187515E-2	-1,566092E-2	1,398148E+0	1,396136E+0
20220916 15:51:12,548	c_0_608_20220916_15_51_12,548.bmp	5,470279E-1	6,399108E+0	7,518835E-3	5,836756E-3	-4,242803E-3	-1,821066E-2	1,387954E+0	1,383347E+0
20220916 15:51:18,548	c_0_609_20220916_15_51_18,548.bmp	5,508451E-1	6,423298E+0	7,518835E-3	7,112750E-3	-9,331032E-3	7,286736E-3	1,380308E+0	1,383347E+0
20220916 15:51:24,548	c_0_610_20220916_15_51_24,548.bmp	5,597519E-1	6,443669E+0	3,700242E-3	1,094073E-2	-1,698689E-3	-1,056144E-2	1,382857E+0	1,388463E+0
20220916 15:51:30,552	c_0_611_20220916_15_51_30,552.bmp	5,610243E-1	6,460220E+0	7,518835E-3	7,112750E-3	-9,331032E-3	-3,624835E-4	1,387954E+0	1,383347E+0
20220916 15:51:36,552	c_0_612_20220916_15_51_36,552.bmp	5,699312E-1	6,484410E+0	3,700242E-3	8,388745E-3	8,454256E-4	1,238622E-2	1,382857E+0	1,383347E+0
20220916 15:51:42,556	c_0_613_20220916_15_51_42,556.bmp	5,724760E-1	6,502234E+0	3,700242E-3	9,664739E-3	1,356600E-2	-3,624835E-4	1,382857E+0	1,388463E+0
20220916 15:51:48,559	c_0_614_20220916_15_51_48,559.bmp	5,762932E-1	6,518785E+0	7,518835E-3	1,094073E-2	-1,441926E-2	-5,461963E-3	1,390502E+0	1,388463E+0
20220916 15:51:54,566	c_0_615_20220916_15_51_54,566.bmp	5,801104E-1	6,539156E+0	6,245971E-3	1,094073E-2	-4,242803E-3	-1,056144E-2	1,387954E+0	1,388463E+0
20220916 15:52:00,566	c_0_616_20220916_15_52_00,566.bmp	5,852000E-1	6,562073E+0	7,518835E-3	7,112750E-3	-1,187515E-2	-3,624835E-4	1,387954E+0	1,383347E+0
20220916 15:52:06,570	c_0_617_20220916_15_52_06,570.bmp	5,864724E-1	6,581170E+0	1,006456E-2	1,094073E-2	-1,698689E-3	-2,585988E-2	1,387954E+0	1,385905E+0
20220916 15:52:12,570	c_0_618_20220916_15_52_12,570.bmp	5,941068E-1	6,601541E+0	7,518835E-3	1,094073E-2	-1,950749E-2	-1,056144E-2	1,387954E+0	1,396136E+0
20220916 15:52:18,578	c_0_619_20220916_15_52_18,578.bmp	5,979240E-1	6,623184E+0	3,700242E-3	5,836756E-3	-4,242803E-3	4,736996E-3	1,382857E+0	1,383347E+0
20220916 15:52:24,582	c_0_620_20220916_15_52_24,582.bmp	6,017412E-1	6,637189E+0	8,791700E-3	1,476871E-2	-1,696338E-2	-1,566092E-2	1,395599E+0	1,393578E+0
20220916 15:52:30,586	c_0_621_20220916_15_52_30,586.bmp	6,106481E-1	6,660106E+0	6,245971E-3	1,094073E-2	-9,331032E-3	-3,624835E-4	1,387954E+0	1,385905E+0
20220916 15:52:36,590	c_0_622_20220916_15_52_36,590.bmp	6,068309E-1	6,677930E+0	1,006456E-2	1,349272E-2	-1,187515E-2	-1,311118E-2	1,395599E+0	1,388463E+0
20220916 15:52:42,591	c_0_623_20220916_15_52_42,591.bmp	6,119205E-1	6,702120E+0	4,973106E-3	8,388745E-3	8,454256E-4	-3,095936E-2	1,382857E+0	1,388463E+0
20220916 15:52:48,592	c_0_624_20220916_15_52_48,592.bmp	6,055585E-1	6,717398E+0	1,006456E-2	1,349272E-2	-1,187515E-2	-1,566092E-2	1,398148E+0	1,396136E+0
20220916 15:52:54,594	c_0_625_20220916_15_52_54,594.bmp	5,012214E-1	6,744134E+0	3,700242E-3	8,388745E-3	-6,786918E-3	-8,011703E-3	1,382857E+0	1,383347E+0
20220916 15:53:00,595	c_0_626_20220916_15_53_00,595.bmp	4,732285E-1	6,755593E+0	1,006456E-2	1,094073E-2	-1,696338E-2	-1,311118E-2	1,398148E+0	1,385905E+0
20220916 15:53:06,596	c_0_627_20220916_15_53_06,596.bmp	4,719561E-1	6,767051E+0	6,245971E-3	8,388745E-3	-1,950749E-2	-2,912223E-3	1,390502E+0	1,383347E+0
