20220916 15:19:05,577	c_1_287_20220916_15_19_05,577.bmp	-1,056110E-4	-4,434897E-2	7,518835E-3	9,664739E-3	1,356600E-2	-1,056144E-2	1,390502E+0	1,388463E+0
20220916 15:19:11,581	c_1_288_20220916_15_19_11,581.bmp	1,516323E-2	6,577388E-3	3,700242E-3	8,388745E-3	3,389540E-3	2,187256E-3	1,382857E+0	1,383347E+0
20220916 15:19:17,587	c_1_289_20220916_15_19_17,587.bmp	6,096976E-2	1,930898E-2	8,791700E-3	1,094073E-2	-1,441926E-2	-8,011703E-3	1,395599E+0	1,388463E+0
20220916 15:19:23,589	c_1_290_20220916_15_19_23,589.bmp	1,169555E-1	4,349900E-2	4,973106E-3	1,094073E-2	-6,786918E-3	-8,011703E-3	1,387954E+0	1,388463E+0
20220916 15:19:29,591	c_1_291_20220916_15_19_29,591.bmp	1,678517E-1	6,005006E-2	8,791700E-3	1,094073E-2	-1,187515E-2	1,493596E-2	1,395599E+0	1,385905E+0
20220916 15:19:35,595	c_1_292_20220916_15_19_35,595.bmp	2,200202E-1	7,914745E-2	8,791700E-3	1,094073E-2	-1,696338E-2	-8,011703E-3	1,395599E+0	1,385905E+0
20220916 15:19:41,598	c_1_293_20220916_15_19_41,598.bmp	2,798232E-1	9,824483E-2	7,518835E-3	1,349272E-2	-1,950749E-2	-8,011703E-3	1,398148E+0	1,396136E+0
20220916 15:19:47,600	c_1_294_20220916_15_19_47,600.bmp	3,332641E-1	1,186154E-1	1,006456E-2	1,476871E-2	-1,696338E-2	-8,011703E-3	1,395599E+0	1,396136E+0
20220916 15:19:53,602	c_1_295_20220916_15_19_53,602.bmp	3,892499E-1	1,440786E-1	7,518835E-3	9,664739E-3	-9,331032E-3	-8,011703E-3	1,387954E+0	1,388463E+0
20220916 15:19:59,603	c_1_296_20220916_15_19_59,603.bmp	4,515976E-1	1,593565E-1	8,791700E-3	1,349272E-2	-4,494863E-2	-1,056144E-2	1,398148E+0	1,393578E+0
20220916 15:20:05,607	c_1_297_20220916_15_20_05,607.bmp	5,037662E-1	1,797270E-1	1,006456E-2	1,221673E-2	-1,696338E-2	-1,056144E-2	1,398148E+0	1,385905E+0
20220916 15:20:11,614	c_1_298_20220916_15_20_11,614.bmp	5,572071E-1	2,000975E-1	1,006456E-2	1,221673E-2	-1,187515E-2	2,187256E-3	1,398148E+0	1,393578E+0
20220916 15:20:17,615	c_1_299_20220916_15_20_17,615.bmp	6,017412E-1	2,268339E-1	3,700242E-3	1,094073E-2	8,454256E-4	-1,056144E-2	1,385405E+0	1,388463E+0
20220916 15:20:23,620	c_1_300_20220916_15_20_23,620.bmp	6,297341E-1	2,433849E-1	7,518835E-3	1,094073E-2	8,454256E-4	-5,461963E-3	1,387954E+0	1,388463E+0
20220916 15:20:29,624	c_1_301_20220916_15_20_29,624.bmp	6,335513E-1	2,624823E-1	7,518835E-3	1,221673E-2	-9,331032E-3	7,286736E-3	1,387954E+0	1,383347E+0
20220916 15:20:35,629	c_1_302_20220916_15_20_35,629.bmp	5,762932E-1	2,828529E-1	7,518835E-3	1,094073E-2	-1,441926E-2	-1,566092E-2	1,387954E+0	1,388463E+0
20220916 15:20:41,633	c_1_303_20220916_15_20_41,633.bmp	5,279418E-1	3,019503E-1	7,518835E-3	1,349272E-2	-4,242803E-3	-8,011703E-3	1,390502E+0	1,396136E+0
20220916 15:20:47,634	c_1_304_20220916_15_20_47,634.bmp	5,292142E-1	3,248671E-1	4,973106E-3	1,094073E-2	-6,786918E-3	-8,011703E-3	1,385405E+0	1,388463E+0
20220916 15:20:53,636	c_1_305_20220916_15_20_53,636.bmp	5,253970E-1	3,426913E-1	7,518835E-3	1,094073E-2	-6,786918E-3	2,187256E-3	1,387954E+0	1,383347E+0
20220916 15:20:59,640	c_1_306_20220916_15_20_59,640.bmp	5,368487E-1	3,617887E-1	8,791700E-3	1,094073E-2	-4,242803E-3	-8,011703E-3	1,390502E+0	1,388463E+0
20220916 15:21:05,642	c_1_307_20220916_15_21_05,642.bmp	5,444831E-1	3,834324E-1	7,518835E-3	1,094073E-2	-1,441926E-2	-2,912223E-3	1,390502E+0	1,388463E+0
20220916 15:21:11,644	c_1_308_20220916_15_21_11,644.bmp	5,508451E-1	4,063493E-1	3,700242E-3	5,836756E-3	8,454256E-4	-5,461963E-3	1,385405E+0	1,383347E+0
20220916 15:21:17,644	c_1_309_20220916_15_21_17,644.bmp	5,483003E-1	4,203540E-1	7,518835E-3	1,094073E-2	-4,242803E-3	-8,011703E-3	1,387954E+0	1,380789E+0
20220916 15:21:23,644	c_1_310_20220916_15_21_23,644.bmp	5,343039E-1	4,445441E-1	6,245971E-3	1,094073E-2	-6,786918E-3	-8,011703E-3	1,390502E+0	1,388463E+0
20220916 15:21:29,646	c_1_311_20220916_15_21_29,646.bmp	4,948593E-1	4,636414E-1	7,518835E-3	1,094073E-2	-1,187515E-2	-5,461963E-3	1,387954E+0	1,385905E+0
20220916 15:21:35,648	c_1_312_20220916_15_21_35,648.bmp	4,286944E-1	4,827388E-1	7,518835E-3	1,476871E-2	1,356600E-2	-8,011703E-3	1,387954E+0	1,393578E+0
20220916 15:21:41,648	c_1_313_20220916_15_21_41,648.bmp	4,350564E-1	5,018362E-1	6,245971E-3	7,112750E-3	-1,187515E-2	2,187256E-3	1,390502E+0	1,383347E+0
20220916 15:21:47,652	c_1_314_20220916_15_21_47,652.bmp	4,452356E-1	5,196604E-1	7,518835E-3	1,476871E-2	-1,187515E-2	-4,625780E-2	1,395599E+0	1,396136E+0
20220916 15:21:53,652	c_1_315_20220916_15_21_53,652.bmp	4,528700E-1	5,387578E-1	8,791700E-3	1,094073E-2	-1,187515E-2	-2,912223E-3	1,398148E+0	1,388463E+0
20220916 15:21:59,656	c_1_316_20220916_15_21_59,656.bmp	4,681389E-1	5,642210E-1	3,700242E-3	5,836756E-3	3,137480E-2	-5,461963E-3	1,385405E+0	1,388463E+0
20220916 15:22:05,662	c_1_317_20220916_15_22_05,662.bmp	4,770457E-1	5,871379E-1	3,700242E-3	1,094073E-2	-6,786918E-3	-8,011703E-3	1,382857E+0	1,388463E+0
20220916 15:22:11,662	c_1_318_20220916_15_22_11,662.bmp	4,872249E-1	5,985963E-1	7,518835E-3	1,476871E-2	-1,187515E-2	-1,056144E-2	1,398148E+0	1,391021E+0
20220916 15:22:17,664	c_1_319_20220916_15_22_17,664.bmp	4,986766E-1	6,227863E-1	1,006456E-2	1,094073E-2	-1,441926E-2	-8,011703E-3	1,395599E+0	1,388463E+0
20220916 15:22:23,670	c_1_320_20220916_15_22_23,670.bmp	5,126730E-1	6,457032E-1	6,245971E-3	7,112750E-3	-1,698689E-3	-5,461963E-3	1,385405E+0	1,388463E+0
20220916 15:22:29,671	c_1_321_20220916_15_22_29,671.bmp	5,304866E-1	6,660737E-1	3,700242E-3	1,094073E-2	5,933654E-3	-5,461963E-3	1,382857E+0	1,388463E+0
20220916 15:22:35,675	c_1_322_20220916_15_22_35,675.bmp	5,381211E-1	6,813516E-1	8,791700E-3	1,094073E-2	-6,786918E-3	-8,011703E-3	1,387954E+0	1,385905E+0
20220916 15:22:41,678	c_1_323_20220916_15_22_41,678.bmp	5,584795E-1	7,029953E-1	3,700242E-3	1,094073E-2	3,389540E-3	-2,912223E-3	1,382857E+0	1,388463E+0
20220916 15:22:47,680	c_1_324_20220916_15_22_47,680.bmp	5,724760E-1	7,233659E-1	4,973106E-3	1,094073E-2	8,454256E-4	-8,011703E-3	1,382857E+0	1,388463E+0
20220916 15:22:53,682	c_1_325_20220916_15_22_53,682.bmp	5,852000E-1	7,437364E-1	7,518835E-3	1,094073E-2	-1,187515E-2	-8,011703E-3	1,390502E+0	1,388463E+0
20220916 15:22:59,684	c_1_326_20220916_15_22_59,684.bmp	5,979240E-1	7,615606E-1	8,791700E-3	9,664739E-3	-1,187515E-2	-8,011703E-3	1,387954E+0	1,388463E+0
20220916 15:23:05,689	c_1_327_20220916_15_23_05,689.bmp	6,208273E-1	7,857506E-1	3,700242E-3	1,094073E-2	-6,786918E-3	4,736996E-3	1,382857E+0	1,385905E+0
20220916 15:23:11,690	c_1_328_20220916_15_23_11,690.bmp	6,310065E-1	8,061212E-1	7,518835E-3	8,388745E-3	-6,786918E-3	-3,624835E-4	1,382857E+0	1,388463E+0
20220916 15:23:17,693	c_1_329_20220916_15_23_17,693.bmp	6,500926E-1	8,252186E-1	2,427377E-3	5,836756E-3	2,374246E-2	-8,011703E-3	1,382857E+0	1,380789E+0
20220916 15:23:23,693	c_1_330_20220916_15_23_23,693.bmp	6,628166E-1	8,443160E-1	7,518835E-3	5,836756E-3	8,454256E-4	2,187256E-3	1,382857E+0	1,388463E+0
20220916 15:23:29,695	c_1_331_20220916_15_23_29,695.bmp	6,768130E-1	8,621402E-1	8,791700E-3	1,094073E-2	8,477769E-3	-1,566092E-2	1,387954E+0	1,383347E+0
20220916 15:23:35,698	c_1_332_20220916_15_23_35,698.bmp	6,984439E-1	8,850570E-1	2,427377E-3	1,094073E-2	-6,786918E-3	2,187256E-3	1,382857E+0	1,391021E+0
20220916 15:23:41,702	c_1_333_20220916_15_23_41,702.bmp	7,149852E-1	9,028813E-1	2,427377E-3	1,221673E-2	-4,242803E-3	-8,011703E-3	1,387954E+0	1,388463E+0
20220916 15:23:47,707	c_1_334_20220916_15_23_47,707.bmp	7,315264E-1	9,207055E-1	8,791700E-3	1,094073E-2	-4,242803E-3	-1,566092E-2	1,390502E+0	1,388463E+0
20220916 15:23:53,716	c_1_335_20220916_15_23_53,716.bmp	7,442504E-1	9,423492E-1	1,006456E-2	1,094073E-2	-1,187515E-2	-1,311118E-2	1,387954E+0	1,391021E+0
20220916 15:23:59,719	c_1_336_20220916_15_23_59,719.bmp	7,633365E-1	9,589003E-1	1,006456E-2	1,476871E-2	-1,187515E-2	-1,056144E-2	1,395599E+0	1,396136E+0
20220916 15:24:05,722	c_1_337_20220916_15_24_05,722.bmp	7,798777E-1	9,830903E-1	7,518835E-3	7,112750E-3	-9,331032E-3	2,187256E-3	1,390502E+0	1,380789E+0
20220916 15:24:11,726	c_1_338_20220916_15_24_11,726.bmp	7,951466E-1	9,983682E-1	1,006456E-2	1,221673E-2	-4,242803E-3	-2,912223E-3	1,398148E+0	1,385905E+0
20220916 15:24:17,726	c_1_339_20220916_15_24_17,726.bmp	8,142326E-1	1,018739E+0	8,791700E-3	1,349272E-2	-6,786918E-3	-1,821066E-2	1,398148E+0	1,396136E+0
20220916 15:24:23,727	c_1_340_20220916_15_24_23,727.bmp	8,320463E-1	1,045475E+0	6,245971E-3	7,112750E-3	-1,187515E-2	7,286736E-3	1,385405E+0	1,383347E+0
20220916 15:24:29,730	c_1_341_20220916_15_24_29,730.bmp	8,473151E-1	1,062026E+0	7,518835E-3	5,836756E-3	-9,331032E-3	-8,011703E-3	1,387954E+0	1,385905E+0
20220916 15:24:35,732	c_1_342_20220916_15_24_35,732.bmp	8,625840E-1	1,081124E+0	7,518835E-3	1,349272E-2	-4,242803E-3	-2,331014E-2	1,390502E+0	1,396136E+0
20220916 15:24:41,733	c_1_343_20220916_15_24_41,733.bmp	8,791252E-1	1,102767E+0	1,006456E-2	1,094073E-2	-6,786918E-3	-8,011703E-3	1,387954E+0	1,385905E+0
20220916 15:24:47,737	c_1_344_20220916_15_24_47,737.bmp	9,007561E-1	1,121865E+0	3,700242E-3	1,094073E-2	-4,242803E-3	-1,056144E-2	1,390502E+0	1,393578E+0
20220916 15:24:53,739	c_1_345_20220916_15_24_53,739.bmp	9,147525E-1	1,142235E+0	7,518835E-3	1,094073E-2	-6,786918E-3	-5,461963E-3	1,390502E+0	1,388463E+0
20220916 15:24:59,743	c_1_346_20220916_15_24_59,743.bmp	9,325661E-1	1,165152E+0	3,700242E-3	1,094073E-2	8,454256E-4	1,238622E-2	1,382857E+0	1,385905E+0
20220916 15:25:05,745	c_1_347_20220916_15_25_05,745.bmp	9,465626E-1	1,182976E+0	6,245971E-3	1,094073E-2	-4,242803E-3	2,187256E-3	1,390502E+0	1,388463E+0
20220916 15:25:11,745	c_1_348_20220916_15_25_11,745.bmp	9,567418E-1	1,204620E+0	6,245971E-3	5,836756E-3	-9,331032E-3	-2,912223E-3	1,382857E+0	1,383347E+0
20220916 15:25:17,749	c_1_349_20220916_15_25_17,749.bmp	9,656486E-1	1,223717E+0	7,518835E-3	7,112750E-3	-6,786918E-3	2,187256E-3	1,387954E+0	1,383347E+0
20220916 15:25:23,752	c_1_350_20220916_15_25_23,752.bmp	8,905768E-1	1,241542E+0	7,518835E-3	1,094073E-2	-9,331032E-3	-2,912223E-3	1,387954E+0	1,385905E+0
20220916 15:25:29,753	c_1_351_20220916_15_25_29,753.bmp	8,447703E-1	1,258093E+0	8,791700E-3	1,349272E-2	-1,187515E-2	-1,566092E-2	1,398148E+0	1,396136E+0
20220916 15:25:35,764	c_1_352_20220916_15_25_35,764.bmp	8,396807E-1	1,286102E+0	4,973106E-3	8,388745E-3	-1,698689E-3	4,736996E-3	1,385405E+0	1,380789E+0
20220916 15:25:41,766	c_1_353_20220916_15_25_41,766.bmp	8,358635E-1	1,302653E+0	6,245971E-3	9,664739E-3	-4,242803E-3	-8,011703E-3	1,390502E+0	1,396136E+0
20220916 15:25:47,769	c_1_354_20220916_15_25_47,769.bmp	8,320463E-1	1,325570E+0	3,700242E-3	8,388745E-3	-9,331032E-3	-8,011703E-3	1,382857E+0	1,391021E+0
20220916 15:25:53,772	c_1_355_20220916_15_25_53,772.bmp	8,295015E-1	1,343394E+0	2,427377E-3	1,094073E-2	5,933654E-3	-2,912223E-3	1,382857E+0	1,388463E+0
20220916 15:25:59,776	c_1_356_20220916_15_25_59,776.bmp	8,142326E-1	1,358672E+0	8,791700E-3	1,476871E-2	-1,187515E-2	-8,011703E-3	1,398148E+0	1,396136E+0
20220916 15:26:05,776	c_1_357_20220916_15_26_05,776.bmp	8,078706E-1	1,381589E+0	1,006456E-2	1,094073E-2	-9,331032E-3	-5,461963E-3	1,398148E+0	1,391021E+0
20220916 15:26:11,781	c_1_358_20220916_15_26_11,781.bmp	8,129602E-1	1,398140E+0	8,791700E-3	1,221673E-2	-1,696338E-2	-1,311118E-2	1,395599E+0	1,396136E+0
20220916 15:26:17,783	c_1_359_20220916_15_26_17,783.bmp	8,167774E-1	1,421057E+0	7,518835E-3	1,349272E-2	-6,786918E-3	-3,624835E-4	1,395599E+0	1,393578E+0
20220916 15:26:23,783	c_1_360_20220916_15_26_23,783.bmp	8,256843E-1	1,446520E+0	1,154512E-3	1,094073E-2	-1,698689E-3	-1,311118E-2	1,382857E+0	1,388463E+0
20220916 15:26:29,789	c_1_361_20220916_15_26_29,789.bmp	8,282291E-1	1,463071E+0	1,006456E-2	1,094073E-2	-1,187515E-2	-1,311118E-2	1,390502E+0	1,388463E+0
20220916 15:26:35,790	c_1_362_20220916_15_26_35,790.bmp	8,396807E-1	1,485988E+0	8,791700E-3	7,112750E-3	3,389540E-3	2,258517E-2	1,382857E+0	1,383347E+0
20220916 15:26:41,796	c_1_363_20220916_15_26_41,796.bmp	8,473151E-1	1,498720E+0	8,791700E-3	1,476871E-2	-1,441926E-2	-5,461963E-3	1,395599E+0	1,396136E+0
20220916 15:26:47,798	c_1_364_20220916_15_26_47,798.bmp	8,638564E-1	1,525456E+0	3,700242E-3	8,388745E-3	-1,698689E-3	4,736996E-3	1,385405E+0	1,380789E+0
20220916 15:26:53,801	c_1_365_20220916_15_26_53,801.bmp	8,702184E-1	1,539461E+0	8,791700E-3	1,349272E-2	-1,950749E-2	-1,056144E-2	1,395599E+0	1,396136E+0
20220916 15:26:59,806	c_1_366_20220916_15_26_59,806.bmp	8,791252E-1	1,558558E+0	8,791700E-3	1,349272E-2	-6,786918E-3	7,286736E-3	1,398148E+0	1,396136E+0
20220916 15:27:05,808	c_1_367_20220916_15_27_05,808.bmp	8,893044E-1	1,581475E+0	7,518835E-3	1,221673E-2	-6,786918E-3	-8,011703E-3	1,390502E+0	1,396136E+0
20220916 15:27:11,808	c_1_368_20220916_15_27_11,808.bmp	9,020285E-1	1,605665E+0	1,154512E-3	8,388745E-3	-3,986040E-2	7,286736E-3	1,382857E+0	1,383347E+0
20220916 15:27:17,813	c_1_369_20220916_15_27_17,813.bmp	9,122077E-1	1,620943E+0	3,700242E-3	1,094073E-2	-1,187515E-2	-5,461963E-3	1,390502E+0	1,393578E+0
20220916 15:27:23,818	c_1_370_20220916_15_27_23,818.bmp	9,185697E-1	1,646406E+0	7,518835E-3	8,388745E-3	-1,698689E-3	9,836476E-3	1,382857E+0	1,385905E+0
20220916 15:27:29,823	c_1_371_20220916_15_27_29,823.bmp	9,198421E-1	1,661684E+0	1,006456E-2	1,094073E-2	-1,696338E-2	-2,912223E-3	1,398148E+0	1,388463E+0
20220916 15:27:35,828	c_1_372_20220916_15_27_35,828.bmp	9,249317E-1	1,683328E+0	1,006456E-2	9,664739E-3	-1,696338E-2	-1,311118E-2	1,398148E+0	1,388463E+0
20220916 15:27:41,829	c_1_373_20220916_15_27_41,829.bmp	9,211145E-1	1,699879E+0	1,133743E-2	1,349272E-2	-2,205160E-2	-8,011703E-3	1,395599E+0	1,385905E+0
20220916 15:27:47,833	c_1_374_20220916_15_27_47,833.bmp	8,205946E-1	1,722796E+0	3,700242E-3	1,094073E-2	-6,786918E-3	-8,011703E-3	1,387954E+0	1,388463E+0
20220916 15:27:53,835	c_1_375_20220916_15_27_53,835.bmp	8,193222E-1	1,743166E+0	8,791700E-3	1,094073E-2	-1,187515E-2	-2,585988E-2	1,390502E+0	1,388463E+0
20220916 15:27:59,841	c_1_376_20220916_15_27_59,841.bmp	8,295015E-1	1,764810E+0	3,700242E-3	1,094073E-2	8,454256E-4	-2,912223E-3	1,382857E+0	1,388463E+0
20220916 15:28:05,846	c_1_377_20220916_15_28_05,846.bmp	8,371359E-1	1,785180E+0	3,700242E-3	7,112750E-3	-4,242803E-3	-2,912223E-3	1,385405E+0	1,380789E+0
20220916 15:28:11,849	c_1_378_20220916_15_28_11,849.bmp	8,409531E-1	1,804278E+0	7,518835E-3	8,388745E-3	3,389540E-3	1,238622E-2	1,385405E+0	1,388463E+0
20220916 15:28:17,851	c_1_379_20220916_15_28_17,851.bmp	8,511323E-1	1,824648E+0	7,518835E-3	8,388745E-3	-4,242803E-3	1,238622E-2	1,385405E+0	1,383347E+0
20220916 15:28:23,855	c_1_380_20220916_15_28_23,855.bmp	8,549495E-1	1,842473E+0	4,973106E-3	1,094073E-2	8,477769E-3	-2,912223E-3	1,387954E+0	1,380789E+0
20220916 15:28:29,857	c_1_381_20220916_15_28_29,857.bmp	8,689460E-1	1,865389E+0	3,700242E-3	8,388745E-3	-4,242803E-3	2,187256E-3	1,382857E+0	1,380789E+0
20220916 15:28:35,860	c_1_382_20220916_15_28_35,860.bmp	8,778528E-1	1,884487E+0	3,700242E-3	1,094073E-2	-1,698689E-3	-5,461963E-3	1,390502E+0	1,385905E+0
20220916 15:28:41,864	c_1_383_20220916_15_28_41,864.bmp	8,816700E-1	1,903584E+0	4,973106E-3	1,094073E-2	-6,786918E-3	2,187256E-3	1,390502E+0	1,388463E+0
20220916 15:28:47,865	c_1_384_20220916_15_28_47,865.bmp	8,829424E-1	1,920135E+0	8,791700E-3	1,476871E-2	-4,242803E-3	-5,461963E-3	1,395599E+0	1,385905E+0
20220916 15:28:53,870	c_1_385_20220916_15_28_53,870.bmp	8,893044E-1	1,937959E+0	1,006456E-2	1,349272E-2	-6,786918E-3	-1,311118E-2	1,395599E+0	1,388463E+0
20220916 15:28:59,871	c_1_386_20220916_15_28_59,871.bmp	8,867596E-1	1,965969E+0	3,700242E-3	7,112750E-3	-4,242803E-3	-5,461963E-3	1,385405E+0	1,388463E+0
20220916 15:29:05,878	c_1_387_20220916_15_29_05,878.bmp	8,829424E-1	1,985066E+0	3,700242E-3	1,094073E-2	8,454256E-4	-2,912223E-3	1,385405E+0	1,388463E+0
20220916 15:29:11,884	c_1_388_20220916_15_29_11,884.bmp	7,875122E-1	2,005437E+0	3,700242E-3	7,112750E-3	1,102188E-2	2,187256E-3	1,385405E+0	1,383347E+0
20220916 15:29:17,886	c_1_389_20220916_15_29_17,886.bmp	7,836949E-1	2,023261E+0	2,427377E-3	1,094073E-2	8,454256E-4	-8,011703E-3	1,385405E+0	1,388463E+0
20220916 15:29:23,895	c_1_390_20220916_15_29_23,895.bmp	7,798777E-1	2,042359E+0	7,518835E-3	1,094073E-2	-4,242803E-3	1,238622E-2	1,387954E+0	1,383347E+0
20220916 15:29:29,899	c_1_391_20220916_15_29_29,899.bmp	7,836949E-1	2,058910E+0	4,973106E-3	1,476871E-2	-1,696338E-2	-5,461963E-3	1,398148E+0	1,396136E+0
20220916 15:29:35,903	c_1_392_20220916_15_29_35,903.bmp	7,836949E-1	2,076734E+0	8,791700E-3	1,349272E-2	-1,696338E-2	-1,311118E-2	1,395599E+0	1,393578E+0
20220916 15:29:41,909	c_1_393_20220916_15_29_41,909.bmp	7,926018E-1	2,103470E+0	6,245971E-3	1,476871E-2	-1,187515E-2	-1,311118E-2	1,390502E+0	1,396136E+0
20220916 15:29:47,909	c_1_394_20220916_15_29_47,909.bmp	7,964190E-1	2,122568E+0	8,791700E-3	1,094073E-2	-9,331032E-3	-8,011703E-3	1,387954E+0	1,388463E+0
20220916 15:29:53,914	c_1_395_20220916_15_29_53,914.bmp	8,053258E-1	2,141665E+0	6,245971E-3	1,094073E-2	-2,205160E-2	-1,821066E-2	1,390502E+0	1,396136E+0
20220916 15:29:59,914	c_1_396_20220916_15_29_59,914.bmp	8,129602E-1	2,163309E+0	7,518835E-3	1,094073E-2	8,454256E-4	-8,011703E-3	1,387954E+0	1,388463E+0
20220916 15:30:05,916	c_1_397_20220916_15_30_05,916.bmp	8,231394E-1	2,186225E+0	2,427377E-3	5,836756E-3	8,454256E-4	-3,350910E-2	1,382857E+0	1,383347E+0
20220916 15:30:11,917	c_1_398_20220916_15_30_11,917.bmp	8,269567E-1	2,201503E+0	7,518835E-3	9,664739E-3	-9,331032E-3	-5,461963E-3	1,390502E+0	1,388463E+0
20220916 15:30:17,921	c_1_399_20220916_15_30_17,921.bmp	8,333187E-1	2,221874E+0	6,245971E-3	1,094073E-2	-4,242803E-3	-8,011703E-3	1,390502E+0	1,380789E+0
20220916 15:30:23,926	c_1_400_20220916_15_30_23,926.bmp	8,498599E-1	2,246064E+0	2,427377E-3	7,112750E-3	-6,786918E-3	-1,056144E-2	1,382857E+0	1,385905E+0
20220916 15:30:29,928	c_1_401_20220916_15_30_29,928.bmp	8,574943E-1	2,262615E+0	3,700242E-3	1,094073E-2	-1,187515E-2	-1,311118E-2	1,390502E+0	1,388463E+0
20220916 15:30:35,932	c_1_402_20220916_15_30_35,932.bmp	8,689460E-1	2,281712E+0	3,700242E-3	1,094073E-2	1,611011E-2	-2,912223E-3	1,390502E+0	1,388463E+0
20220916 15:30:41,935	c_1_403_20220916_15_30_41,935.bmp	8,727632E-1	2,304629E+0	3,700242E-3	7,112750E-3	8,454256E-4	2,187256E-3	1,382857E+0	1,383347E+0
20220916 15:30:47,939	c_1_404_20220916_15_30_47,939.bmp	8,816700E-1	2,321180E+0	6,245971E-3	1,094073E-2	-6,786918E-3	-1,311118E-2	1,390502E+0	1,396136E+0
20220916 15:30:53,942	c_1_405_20220916_15_30_53,942.bmp	8,893044E-1	2,342824E+0	6,245971E-3	1,094073E-2	-6,786918E-3	-2,912223E-3	1,387954E+0	1,385905E+0
20220916 15:30:59,942	c_1_406_20220916_15_30_59,942.bmp	9,045733E-1	2,364468E+0	3,700242E-3	1,094073E-2	-1,187515E-2	-2,912223E-3	1,382857E+0	1,388463E+0
20220916 15:31:05,948	c_1_407_20220916_15_31_05,948.bmp	9,071181E-1	2,382292E+0	1,006456E-2	9,664739E-3	-1,441926E-2	-5,461963E-3	1,395599E+0	1,385905E+0
20220916 15:31:11,948	c_1_408_20220916_15_31_11,948.bmp	9,223869E-1	2,402662E+0	6,245971E-3	1,094073E-2	-4,242803E-3	-3,624835E-4	1,390502E+0	1,388463E+0
20220916 15:31:17,948	c_1_409_20220916_15_31_17,948.bmp	9,338386E-1	2,420487E+0	7,518835E-3	1,094073E-2	-9,331032E-3	-1,566092E-2	1,390502E+0	1,396136E+0
20220916 15:31:23,952	c_1_410_20220916_15_31_23,952.bmp	9,414730E-1	2,445950E+0	7,518835E-3	7,112750E-3	8,454256E-4	4,736996E-3	1,385405E+0	1,388463E+0
20220916 15:31:29,952	c_1_411_20220916_15_31_29,952.bmp	9,503798E-1	2,462501E+0	6,245971E-3	1,221673E-2	-6,786918E-3	-8,011703E-3	1,390502E+0	1,388463E+0
20220916 15:31:35,952	c_1_412_20220916_15_31_35,952.bmp	9,631038E-1	2,481598E+0	2,427377E-3	1,094073E-2	-9,331032E-3	-2,912223E-3	1,387954E+0	1,388463E+0
20220916 15:31:41,955	c_1_413_20220916_15_31_41,955.bmp	9,669210E-1	2,499423E+0	8,791700E-3	1,476871E-2	-1,441926E-2	-2,076040E-2	1,398148E+0	1,396136E+0
20220916 15:31:47,957	c_1_414_20220916_15_31_47,957.bmp	9,783727E-1	2,522339E+0	8,791700E-3	1,094073E-2	-6,786918E-3	-1,311118E-2	1,387954E+0	1,388463E+0
20220916 15:31:53,958	c_1_415_20220916_15_31_53,958.bmp	9,923691E-1	2,545256E+0	3,700242E-3	1,094073E-2	1,865423E-2	-1,311118E-2	1,382857E+0	1,388463E+0
20220916 15:31:59,962	c_1_416_20220916_15_31_59,962.bmp	1,003821E+0	2,565627E+0	4,973106E-3	1,094073E-2	-6,786918E-3	-2,912223E-3	1,385405E+0	1,388463E+0
20220916 15:32:05,964	c_1_417_20220916_15_32_05,964.bmp	1,010183E+0	2,583451E+0	3,700242E-3	8,388745E-3	3,389540E-3	-5,461963E-3	1,385405E+0	1,388463E+0
20220916 15:32:11,966	c_1_418_20220916_15_32_11,966.bmp	1,017817E+0	2,602548E+0	8,791700E-3	8,388745E-3	-4,242803E-3	-3,624835E-4	1,387954E+0	1,383347E+0
20220916 15:32:17,970	c_1_419_20220916_15_32_17,970.bmp	1,025452E+0	2,619099E+0	7,518835E-3	1,349272E-2	8,454256E-4	-8,011703E-3	1,387954E+0	1,393578E+0
20220916 15:32:23,972	c_1_420_20220916_15_32_23,972.bmp	1,030541E+0	2,639470E+0	8,791700E-3	1,476871E-2	-1,187515E-2	-3,624835E-4	1,395599E+0	1,385905E+0
20220916 15:32:29,972	c_1_421_20220916_15_32_29,972.bmp	1,045810E+0	2,661114E+0	7,518835E-3	1,094073E-2	-1,441926E-2	-8,011703E-3	1,390502E+0	1,388463E+0
20220916 15:32:35,974	c_1_422_20220916_15_32_35,974.bmp	1,052172E+0	2,685304E+0	4,973106E-3	7,112750E-3	5,933654E-3	9,836476E-3	1,382857E+0	1,383347E+0
20220916 15:32:41,976	c_1_423_20220916_15_32_41,976.bmp	1,059806E+0	2,705674E+0	4,973106E-3	1,094073E-2	8,454256E-4	-3,624835E-4	1,385405E+0	1,388463E+0
20220916 15:32:47,977	c_1_424_20220916_15_32_47,977.bmp	1,068713E+0	2,722225E+0	7,518835E-3	1,094073E-2	-9,331032E-3	-5,461963E-3	1,390502E+0	1,396136E+0
20220916 15:32:53,980	c_1_425_20220916_15_32_53,980.bmp	1,067441E+0	2,741323E+0	7,518835E-3	1,094073E-2	-1,441926E-2	-1,056144E-2	1,390502E+0	1,391021E+0
20220916 15:32:59,980	c_1_426_20220916_15_32_59,980.bmp	1,075075E+0	2,761693E+0	7,518835E-3	1,094073E-2	-6,786918E-3	-8,011703E-3	1,387954E+0	1,388463E+0
20220916 15:33:05,983	c_1_427_20220916_15_33_05,983.bmp	1,080165E+0	2,782064E+0	7,518835E-3	1,094073E-2	-6,786918E-3	-3,624835E-4	1,387954E+0	1,385905E+0
20220916 15:33:11,984	c_1_428_20220916_15_33_11,984.bmp	1,077620E+0	2,804981E+0	6,245971E-3	8,388745E-3	-6,786918E-3	-3,624835E-4	1,382857E+0	1,383347E+0
20220916 15:33:17,986	c_1_429_20220916_15_33_17,986.bmp	7,620641E-1	2,821532E+0	4,973106E-3	1,221673E-2	-4,242803E-3	-8,011703E-3	1,387954E+0	1,396136E+0
20220916 15:33:23,987	c_1_430_20220916_15_33_23,987.bmp	7,417056E-1	2,843175E+0	7,518835E-3	1,094073E-2	-9,331032E-3	-1,311118E-2	1,387954E+0	1,388463E+0
20220916 15:33:29,989	c_1_431_20220916_15_33_29,989.bmp	7,378884E-1	2,863546E+0	3,700242E-3	5,836756E-3	-4,242803E-3	9,836476E-3	1,385405E+0	1,383347E+0
20220916 15:33:35,993	c_1_432_20220916_15_33_35,993.bmp	6,806303E-1	2,882643E+0	8,791700E-3	1,094073E-2	1,611011E-2	-8,011703E-3	1,390502E+0	1,388463E+0
20220916 15:33:41,994	c_1_433_20220916_15_33_41,994.bmp	5,890172E-1	2,897921E+0	8,791700E-3	1,094073E-2	-1,187515E-2	-5,461963E-3	1,395599E+0	1,385905E+0
20220916 15:33:47,998	c_1_434_20220916_15_33_47,998.bmp	5,915620E-1	2,919565E+0	3,700242E-3	1,094073E-2	-1,187515E-2	-2,912223E-3	1,390502E+0	1,391021E+0
20220916 15:33:54,000	c_1_435_20220916_15_33_54,000.bmp	5,890172E-1	2,942482E+0	8,791700E-3	1,094073E-2	-9,331032E-3	-5,461963E-3	1,390502E+0	1,383347E+0
20220916 15:34:00,004	c_1_436_20220916_15_34_00,004.bmp	5,991964E-1	2,964126E+0	3,700242E-3	7,112750E-3	-6,786918E-3	-1,311118E-2	1,382857E+0	1,388463E+0
20220916 15:34:06,008	c_1_437_20220916_15_34_06,008.bmp	5,991964E-1	2,980677E+0	7,518835E-3	9,664739E-3	-1,696338E-2	-2,076040E-2	1,387954E+0	1,393578E+0
20220916 15:34:12,009	c_1_438_20220916_15_34_12,009.bmp	6,017412E-1	3,002320E+0	6,245971E-3	8,388745E-3	-9,331032E-3	-5,461963E-3	1,387954E+0	1,380789E+0
20220916 15:34:18,014	c_1_439_20220916_15_34_18,014.bmp	6,042860E-1	3,021418E+0	4,973106E-3	1,094073E-2	-1,441926E-2	4,736996E-3	1,387954E+0	1,388463E+0
20220916 15:34:24,020	c_1_440_20220916_15_34_24,020.bmp	6,093757E-1	3,041788E+0	1,006456E-2	1,094073E-2	-9,331032E-3	-5,461963E-3	1,387954E+0	1,388463E+0
20220916 15:34:30,026	c_1_441_20220916_15_34_30,026.bmp	6,170101E-1	3,062159E+0	3,700242E-3	1,094073E-2	-1,441926E-2	-1,056144E-2	1,387954E+0	1,388463E+0
20220916 15:34:36,031	c_1_442_20220916_15_34_36,031.bmp	6,208273E-1	3,081256E+0	7,518835E-3	1,476871E-2	-1,187515E-2	2,187256E-3	1,387954E+0	1,393578E+0
20220916 15:34:42,035	c_1_443_20220916_15_34_42,035.bmp	6,259169E-1	3,099080E+0	4,973106E-3	1,349272E-2	-1,696338E-2	-1,056144E-2	1,398148E+0	1,388463E+0
20220916 15:34:48,038	c_1_444_20220916_15_34_48,038.bmp	6,310065E-1	3,120724E+0	7,518835E-3	1,094073E-2	-6,786918E-3	-8,011703E-3	1,387954E+0	1,388463E+0
20220916 15:34:54,042	c_1_445_20220916_15_34_54,042.bmp	6,373685E-1	3,143641E+0	2,427377E-3	1,094073E-2	-4,242803E-3	-5,461963E-3	1,382857E+0	1,388463E+0
20220916 15:35:00,044	c_1_446_20220916_15_35_00,044.bmp	6,373685E-1	3,160192E+0	8,791700E-3	9,664739E-3	-1,698689E-3	-3,624835E-4	1,387954E+0	1,388463E+0
20220916 15:35:06,046	c_1_447_20220916_15_35_06,046.bmp	6,475478E-1	3,183109E+0	2,427377E-3	7,112750E-3	-4,242803E-3	2,768465E-2	1,385405E+0	1,388463E+0
20220916 15:35:12,047	c_1_448_20220916_15_35_12,047.bmp	6,475478E-1	3,198387E+0	8,791700E-3	1,221673E-2	-1,950749E-2	-1,056144E-2	1,398148E+0	1,396136E+0
20220916 15:35:18,050	c_1_449_20220916_15_35_18,050.bmp	6,577270E-1	3,222577E+0	6,245971E-3	1,094073E-2	-4,242803E-3	-5,461963E-3	1,390502E+0	1,385905E+0
20220916 15:35:24,053	c_1_450_20220916_15_35_24,053.bmp	6,602718E-1	3,242947E+0	7,518835E-3	1,094073E-2	-1,187515E-2	-8,011703E-3	1,390502E+0	1,388463E+0
20220916 15:35:30,058	c_1_451_20220916_15_35_30,058.bmp	6,666338E-1	3,264591E+0	4,973106E-3	8,388745E-3	-1,698689E-3	-2,912223E-3	1,385405E+0	1,383347E+0
20220916 15:35:36,058	c_1_452_20220916_15_35_36,058.bmp	6,666338E-1	3,279869E+0	1,006456E-2	1,094073E-2	-6,786918E-3	-2,912223E-3	1,387954E+0	1,383347E+0
20220916 15:35:42,058	c_1_453_20220916_15_35_42,058.bmp	6,742682E-1	3,300240E+0	8,791700E-3	1,094073E-2	-1,441926E-2	-8,011703E-3	1,395599E+0	1,388463E+0
20220916 15:35:48,060	c_1_454_20220916_15_35_48,060.bmp	6,819027E-1	3,318064E+0	8,791700E-3	1,349272E-2	-1,696338E-2	-1,311118E-2	1,395599E+0	1,396136E+0
20220916 15:35:54,064	c_1_455_20220916_15_35_54,064.bmp	6,908095E-1	3,342254E+0	3,700242E-3	1,094073E-2	-6,786918E-3	1,493596E-2	1,390502E+0	1,396136E+0
20220916 15:36:00,065	c_1_456_20220916_15_36_00,065.bmp	6,920819E-1	3,357532E+0	7,518835E-3	1,221673E-2	-1,187515E-2	-2,331014E-2	1,395599E+0	1,396136E+0
20220916 15:36:06,072	c_1_457_20220916_15_36_06,072.bmp	6,946267E-1	3,377902E+0	8,791700E-3	1,349272E-2	-1,187515E-2	-8,011703E-3	1,398148E+0	1,396136E+0
20220916 15:36:12,076	c_1_458_20220916_15_36_12,076.bmp	7,009887E-1	3,398273E+0	8,791700E-3	9,664739E-3	-9,331032E-3	-2,912223E-3	1,395599E+0	1,388463E+0
20220916 15:36:18,077	c_1_459_20220916_15_36_18,077.bmp	7,111679E-1	3,421190E+0	6,245971E-3	1,349272E-2	-6,786918E-3	-2,076040E-2	1,390502E+0	1,393578E+0
20220916 15:36:24,082	c_1_460_20220916_15_36_24,082.bmp	7,175300E-1	3,444106E+0	3,700242E-3	7,112750E-3	8,454256E-4	-1,821066E-2	1,385405E+0	1,380789E+0
20220916 15:36:30,085	c_1_461_20220916_15_36_30,085.bmp	7,213472E-1	3,464477E+0	7,518835E-3	7,112750E-3	-6,786918E-3	2,187256E-3	1,385405E+0	1,383347E+0
20220916 15:36:36,089	c_1_462_20220916_15_36_36,089.bmp	7,289816E-1	3,483574E+0	3,700242E-3	8,388745E-3	-1,187515E-2	2,187256E-3	1,382857E+0	1,380789E+0
20220916 15:36:42,097	c_1_463_20220916_15_36_42,097.bmp	7,277092E-1	3,497579E+0	8,791700E-3	1,094073E-2	-9,331032E-3	-3,624835E-4	1,395599E+0	1,388463E+0
20220916 15:36:48,101	c_1_464_20220916_15_36_48,101.bmp	7,340712E-1	3,517950E+0	6,245971E-3	1,221673E-2	-6,786918E-3	-1,821066E-2	1,395599E+0	1,393578E+0
20220916 15:36:54,103	c_1_465_20220916_15_36_54,103.bmp	7,442504E-1	3,544686E+0	3,700242E-3	1,094073E-2	-1,698689E-3	-5,461963E-3	1,382857E+0	1,388463E+0
20220916 15:37:00,103	c_1_466_20220916_15_37_00,103.bmp	7,467952E-1	3,561237E+0	6,245971E-3	1,221673E-2	-4,242803E-3	-1,821066E-2	1,390502E+0	1,393578E+0
20220916 15:37:06,105	c_1_467_20220916_15_37_06,105.bmp	7,493400E-1	3,577788E+0	8,791700E-3	1,349272E-2	-1,950749E-2	-8,011703E-3	1,398148E+0	1,396136E+0
20220916 15:37:12,109	c_1_468_20220916_15_37_12,109.bmp	7,582469E-1	3,601978E+0	7,518835E-3	1,094073E-2	-4,242803E-3	-1,056144E-2	1,390502E+0	1,385905E+0
20220916 15:37:18,111	c_1_469_20220916_15_37_18,111.bmp	7,620641E-1	3,621076E+0	7,518835E-3	1,094073E-2	-1,187515E-2	2,187256E-3	1,390502E+0	1,388463E+0
20220916 15:37:24,115	c_1_470_20220916_15_37_24,115.bmp	7,671537E-1	3,641446E+0	8,791700E-3	1,094073E-2	-6,786918E-3	-2,912223E-3	1,390502E+0	1,388463E+0
20220916 15:37:30,116	c_1_471_20220916_15_37_30,116.bmp	7,735157E-1	3,659270E+0	8,791700E-3	1,349272E-2	-1,441926E-2	-1,311118E-2	1,395599E+0	1,396136E+0
20220916 15:37:36,122	c_1_472_20220916_15_37_36,122.bmp	7,773329E-1	3,680914E+0	7,518835E-3	1,221673E-2	-9,331032E-3	-3,624835E-4	1,387954E+0	1,396136E+0
20220916 15:37:42,128	c_1_473_20220916_15_37_42,128.bmp	7,836949E-1	3,697465E+0	6,245971E-3	1,476871E-2	-1,187515E-2	-8,011703E-3	1,398148E+0	1,396136E+0
20220916 15:37:48,129	c_1_474_20220916_15_37_48,129.bmp	7,900570E-1	3,720382E+0	4,973106E-3	7,112750E-3	-9,331032E-3	-2,912223E-3	1,390502E+0	1,383347E+0
20220916 15:37:54,132	c_1_475_20220916_15_37_54,132.bmp	7,900570E-1	3,742026E+0	1,006456E-2	1,094073E-2	-4,242803E-3	-8,011703E-3	1,390502E+0	1,383347E+0
20220916 15:38:00,135	c_1_476_20220916_15_38_00,135.bmp	7,989638E-1	3,761123E+0	3,700242E-3	9,664739E-3	-6,786918E-3	-1,821066E-2	1,390502E+0	1,385905E+0
20220916 15:38:06,139	c_1_477_20220916_15_38_06,139.bmp	8,027810E-1	3,785313E+0	3,700242E-3	1,094073E-2	8,454256E-4	-5,461963E-3	1,385405E+0	1,388463E+0
20220916 15:38:12,141	c_1_478_20220916_15_38_12,141.bmp	7,989638E-1	3,798045E+0	1,006456E-2	1,349272E-2	-1,950749E-2	-8,011703E-3	1,398148E+0	1,396136E+0
20220916 15:38:18,143	c_1_479_20220916_15_38_18,143.bmp	8,015086E-1	3,824781E+0	2,427377E-3	8,388745E-3	-9,331032E-3	-8,011703E-3	1,385405E+0	1,388463E+0
20220916 15:38:24,149	c_1_480_20220916_15_38_24,149.bmp	8,027810E-1	3,840059E+0	6,245971E-3	1,094073E-2	-9,331032E-3	-8,011703E-3	1,387954E+0	1,388463E+0
20220916 15:38:30,152	c_1_481_20220916_15_38_30,152.bmp	7,964190E-1	3,860429E+0	2,427377E-3	1,094073E-2	8,454256E-4	-5,461963E-3	1,387954E+0	1,385905E+0
20220916 15:38:36,154	c_1_482_20220916_15_38_36,154.bmp	7,798777E-1	3,880800E+0	6,245971E-3	1,094073E-2	-1,950749E-2	-8,011703E-3	1,387954E+0	1,385905E+0
20220916 15:38:42,158	c_1_483_20220916_15_38_42,158.bmp	6,271893E-1	3,901171E+0	6,245971E-3	1,094073E-2	-1,698689E-3	-8,011703E-3	1,390502E+0	1,393578E+0
20220916 15:38:48,158	c_1_484_20220916_15_38_48,158.bmp	6,157377E-1	3,921541E+0	7,518835E-3	9,664739E-3	-6,786918E-3	-5,461963E-3	1,387954E+0	1,385905E+0
20220916 15:38:54,160	c_1_485_20220916_15_38_54,160.bmp	6,106481E-1	3,938092E+0	8,791700E-3	1,094073E-2	-1,441926E-2	-5,461963E-3	1,395599E+0	1,388463E+0
20220916 15:39:00,166	c_1_486_20220916_15_39_00,166.bmp	6,170101E-1	3,961009E+0	3,700242E-3	1,094073E-2	3,389540E-3	-5,461963E-3	1,390502E+0	1,388463E+0
20220916 15:39:06,166	c_1_487_20220916_15_39_06,166.bmp	6,170101E-1	3,977560E+0	8,791700E-3	1,349272E-2	-1,696338E-2	-1,311118E-2	1,395599E+0	1,396136E+0
20220916 15:39:12,166	c_1_488_20220916_15_39_12,166.bmp	6,195549E-1	4,004296E+0	4,973106E-3	8,388745E-3	-4,242803E-3	7,286736E-3	1,382857E+0	1,383347E+0
20220916 15:39:18,167	c_1_489_20220916_15_39_18,167.bmp	6,233721E-1	4,022121E+0	4,973106E-3	1,094073E-2	-6,786918E-3	-1,056144E-2	1,390502E+0	1,385905E+0
20220916 15:39:24,172	c_1_490_20220916_15_39_24,172.bmp	6,220997E-1	4,042491E+0	4,973106E-3	1,094073E-2	-4,242803E-3	-1,311118E-2	1,390502E+0	1,393578E+0
20220916 15:39:30,175	c_1_491_20220916_15_39_30,175.bmp	6,220997E-1	4,059042E+0	1,006456E-2	1,349272E-2	-1,696338E-2	-1,311118E-2	1,395599E+0	1,396136E+0
20220916 15:39:36,177	c_1_492_20220916_15_39_36,177.bmp	6,220997E-1	4,078140E+0	1,006456E-2	1,094073E-2	-1,187515E-2	-2,912223E-3	1,395599E+0	1,388463E+0
20220916 15:39:42,177	c_1_493_20220916_15_39_42,177.bmp	6,259169E-1	4,101056E+0	8,791700E-3	1,094073E-2	-1,187515E-2	2,187256E-3	1,390502E+0	1,388463E+0
20220916 15:39:48,178	c_1_494_20220916_15_39_48,178.bmp	6,322789E-1	4,120154E+0	3,700242E-3	1,094073E-2	8,454256E-4	2,187256E-3	1,385405E+0	1,385905E+0
20220916 15:39:54,181	c_1_495_20220916_15_39_54,181.bmp	6,297341E-1	4,141798E+0	7,518835E-3	7,112750E-3	-1,187515E-2	-3,350910E-2	1,390502E+0	1,383347E+0
20220916 15:40:00,182	c_1_496_20220916_15_40_00,182.bmp	6,284617E-1	4,162168E+0	1,006456E-2	1,094073E-2	-4,242803E-3	-1,056144E-2	1,387954E+0	1,385905E+0
20220916 15:40:06,186	c_1_497_20220916_15_40_06,186.bmp	6,322789E-1	4,181265E+0	6,245971E-3	1,094073E-2	-4,242803E-3	-2,840962E-2	1,390502E+0	1,383347E+0
20220916 15:40:12,188	c_1_498_20220916_15_40_12,188.bmp	6,360961E-1	4,205456E+0	3,700242E-3	1,094073E-2	-6,786918E-3	2,187256E-3	1,382857E+0	1,388463E+0
20220916 15:40:18,192	c_1_499_20220916_15_40_18,192.bmp	6,259169E-1	4,222007E+0	6,245971E-3	1,094073E-2	-1,187515E-2	9,836476E-3	1,387954E+0	1,383347E+0
20220916 15:40:24,197	c_1_500_20220916_15_40_24,197.bmp	6,119205E-1	4,242377E+0	6,245971E-3	1,094073E-2	-4,242803E-3	-8,011703E-3	1,387954E+0	1,388463E+0
20220916 15:40:30,198	c_1_501_20220916_15_40_30,198.bmp	6,042860E-1	4,258928E+0	1,006456E-2	1,349272E-2	-1,441926E-2	-1,821066E-2	1,395599E+0	1,385905E+0
20220916 15:40:36,200	c_1_502_20220916_15_40_36,200.bmp	6,068309E-1	4,284391E+0	3,700242E-3	7,112750E-3	-4,242803E-3	2,187256E-3	1,382857E+0	1,383347E+0
20220916 15:40:42,204	c_1_503_20220916_15_40_42,204.bmp	6,068309E-1	4,303489E+0	7,518835E-3	1,094073E-2	-1,698689E-3	-8,011703E-3	1,390502E+0	1,388463E+0
20220916 15:40:48,204	c_1_504_20220916_15_40_48,204.bmp	6,017412E-1	4,322586E+0	1,006456E-2	1,094073E-2	-1,698689E-3	-3,624835E-4	1,387954E+0	1,388463E+0
20220916 15:40:54,204	c_1_505_20220916_15_40_54,204.bmp	5,991964E-1	4,344230E+0	7,518835E-3	7,112750E-3	-6,786918E-3	7,286736E-3	1,385405E+0	1,383347E+0
20220916 15:41:00,206	c_1_506_20220916_15_41_00,206.bmp	5,712036E-1	4,362054E+0	7,518835E-3	8,388745E-3	-1,441926E-2	7,286736E-3	1,387954E+0	1,383347E+0
20220916 15:41:06,208	c_1_507_20220916_15_41_06,208.bmp	5,317590E-1	4,381151E+0	3,700242E-3	9,664739E-3	-9,331032E-3	-5,461963E-3	1,387954E+0	1,388463E+0
20220916 15:41:12,212	c_1_508_20220916_15_41_12,212.bmp	5,317590E-1	4,405341E+0	3,700242E-3	7,112750E-3	1,356600E-2	2,187256E-3	1,382857E+0	1,383347E+0
20220916 15:41:18,216	c_1_509_20220916_15_41_18,216.bmp	5,304866E-1	4,424439E+0	7,518835E-3	8,388745E-3	-6,786918E-3	4,736996E-3	1,387954E+0	1,383347E+0
20220916 15:41:24,216	c_1_510_20220916_15_41_24,216.bmp	5,355763E-1	4,437170E+0	4,973106E-3	1,349272E-2	-1,187515E-2	-1,566092E-2	1,395599E+0	1,396136E+0
20220916 15:41:30,219	c_1_511_20220916_15_41_30,219.bmp	5,419383E-1	4,457541E+0	6,245971E-3	1,349272E-2	-6,786918E-3	-8,011703E-3	1,390502E+0	1,393578E+0
20220916 15:41:36,222	c_1_512_20220916_15_41_36,222.bmp	5,419383E-1	4,481731E+0	1,006456E-2	1,094073E-2	-9,331032E-3	-8,011703E-3	1,390502E+0	1,388463E+0
20220916 15:41:42,227	c_1_513_20220916_15_41_42,227.bmp	5,470279E-1	4,502102E+0	7,518835E-3	1,094073E-2	-1,696338E-2	-1,056144E-2	1,390502E+0	1,388463E+0
20220916 15:41:48,228	c_1_514_20220916_15_41_48,228.bmp	5,533899E-1	4,521199E+0	3,700242E-3	9,664739E-3	5,933654E-3	-3,624835E-4	1,387954E+0	1,388463E+0
20220916 15:41:54,232	c_1_515_20220916_15_41_54,232.bmp	5,559347E-1	4,542843E+0	3,700242E-3	1,094073E-2	-6,786918E-3	-8,011703E-3	1,387954E+0	1,388463E+0
20220916 15:42:00,232	c_1_516_20220916_15_42_00,232.bmp	5,597519E-1	4,564486E+0	3,700242E-3	8,388745E-3	3,389540E-3	2,187256E-3	1,382857E+0	1,383347E+0
20220916 15:42:06,236	c_1_517_20220916_15_42_06,236.bmp	5,610243E-1	4,582311E+0	3,700242E-3	1,094073E-2	-4,242803E-3	-5,461963E-3	1,390502E+0	1,396136E+0
20220916 15:42:12,240	c_1_518_20220916_15_42_12,240.bmp	5,648415E-1	4,598862E+0	1,006456E-2	1,476871E-2	-1,441926E-2	-2,585988E-2	1,398148E+0	1,388463E+0
20220916 15:42:18,241	c_1_519_20220916_15_42_18,241.bmp	5,712036E-1	4,625598E+0	3,700242E-3	1,094073E-2	1,356600E-2	-1,056144E-2	1,382857E+0	1,388463E+0
20220916 15:42:24,246	c_1_520_20220916_15_42_24,246.bmp	5,762932E-1	4,645969E+0	2,427377E-3	1,094073E-2	-6,786918E-3	-5,461963E-3	1,385405E+0	1,388463E+0
20220916 15:42:30,251	c_1_521_20220916_15_42_30,251.bmp	5,750208E-1	4,658700E+0	8,791700E-3	1,349272E-2	-1,696338E-2	-1,056144E-2	1,398148E+0	1,393578E+0
20220916 15:42:36,252	c_1_522_20220916_15_42_36,252.bmp	5,801104E-1	4,681617E+0	6,245971E-3	1,349272E-2	-6,786918E-3	-2,912223E-3	1,390502E+0	1,396136E+0
20220916 15:42:42,256	c_1_523_20220916_15_42_42,256.bmp	5,826552E-1	4,700714E+0	7,518835E-3	7,112750E-3	-1,696338E-2	7,286736E-3	1,387954E+0	1,380789E+0
20220916 15:42:48,260	c_1_524_20220916_15_42_48,260.bmp	5,890172E-1	4,724904E+0	3,700242E-3	8,388745E-3	-1,698689E-3	-8,011703E-3	1,382857E+0	1,383347E+0
20220916 15:42:54,263	c_1_525_20220916_15_42_54,263.bmp	5,915620E-1	4,744002E+0	4,973106E-3	7,112750E-3	-1,698689E-3	4,736996E-3	1,385405E+0	1,380789E+0
20220916 15:43:00,264	c_1_526_20220916_15_43_00,264.bmp	5,953792E-1	4,763099E+0	6,245971E-3	8,388745E-3	-4,242803E-3	-2,912223E-3	1,382857E+0	1,383347E+0
20220916 15:43:06,272	c_1_527_20220916_15_43_06,272.bmp	5,966516E-1	4,784743E+0	3,700242E-3	7,112750E-3	-6,786918E-3	2,187256E-3	1,385405E+0	1,383347E+0
20220916 15:43:12,272	c_1_528_20220916_15_43_12,272.bmp	6,017412E-1	4,801294E+0	7,518835E-3	1,094073E-2	-1,696338E-2	-3,624835E-4	1,387954E+0	1,391021E+0
20220916 15:43:18,273	c_1_529_20220916_15_43_18,273.bmp	6,106481E-1	4,820391E+0	7,518835E-3	1,094073E-2	-6,786918E-3	-2,912223E-3	1,390502E+0	1,385905E+0
20220916 15:43:24,277	c_1_530_20220916_15_43_24,277.bmp	6,093757E-1	4,839489E+0	8,791700E-3	9,664739E-3	-6,786918E-3	-1,056144E-2	1,387954E+0	1,388463E+0
20220916 15:43:30,277	c_1_531_20220916_15_43_30,277.bmp	6,093757E-1	4,859859E+0	8,791700E-3	1,094073E-2	-1,187515E-2	-2,912223E-3	1,393051E+0	1,388463E+0
20220916 15:43:36,278	c_1_532_20220916_15_43_36,278.bmp	6,131929E-1	4,878957E+0	8,791700E-3	1,221673E-2	-6,786918E-3	-8,011703E-3	1,398148E+0	1,388463E+0
20220916 15:43:42,281	c_1_533_20220916_15_43_42,281.bmp	6,208273E-1	4,904420E+0	7,518835E-3	8,388745E-3	-9,331032E-3	7,286736E-3	1,382857E+0	1,383347E+0
20220916 15:43:48,283	c_1_534_20220916_15_43_48,283.bmp	6,246445E-1	4,918425E+0	8,791700E-3	1,094073E-2	-3,986040E-2	-5,461963E-3	1,393051E+0	1,388463E+0
20220916 15:43:54,284	c_1_535_20220916_15_43_54,284.bmp	6,335513E-1	4,943888E+0	3,700242E-3	7,112750E-3	8,454256E-4	-8,011703E-3	1,385405E+0	1,388463E+0
20220916 15:44:00,287	c_1_536_20220916_15_44_00,287.bmp	6,310065E-1	4,960439E+0	7,518835E-3	1,476871E-2	-6,786918E-3	-8,011703E-3	1,387954E+0	1,393578E+0
20220916 15:44:06,287	c_1_537_20220916_15_44_06,287.bmp	6,373685E-1	4,982082E+0	7,518835E-3	7,112750E-3	-1,441926E-2	-3,624835E-4	1,387954E+0	1,383347E+0
20220916 15:44:12,292	c_1_538_20220916_15_44_12,292.bmp	6,424582E-1	4,997360E+0	7,518835E-3	1,349272E-2	-1,696338E-2	-2,331014E-2	1,395599E+0	1,393578E+0
20220916 15:44:18,297	c_1_539_20220916_15_44_18,297.bmp	6,462754E-1	5,021550E+0	7,518835E-3	1,094073E-2	-4,242803E-3	-5,461963E-3	1,390502E+0	1,385905E+0
20220916 15:44:24,299	c_1_540_20220916_15_44_24,299.bmp	6,488202E-1	5,044467E+0	6,245971E-3	8,388745E-3	-1,698689E-3	-8,011703E-3	1,385405E+0	1,388463E+0
20220916 15:44:30,303	c_1_541_20220916_15_44_30,303.bmp	6,513650E-1	5,057199E+0	1,006456E-2	1,349272E-2	-1,187515E-2	-1,311118E-2	1,395599E+0	1,396136E+0
20220916 15:44:36,305	c_1_542_20220916_15_44_36,305.bmp	6,539098E-1	5,080116E+0	7,518835E-3	1,094073E-2	-1,187515E-2	-3,624835E-4	1,390502E+0	1,383347E+0
20220916 15:44:42,308	c_1_543_20220916_15_44_42,308.bmp	6,564546E-1	5,100486E+0	6,245971E-3	1,094073E-2	-9,331032E-3	-5,461963E-3	1,387954E+0	1,391021E+0
20220916 15:44:48,313	c_1_544_20220916_15_44_48,313.bmp	6,602718E-1	5,118310E+0	1,006456E-2	1,094073E-2	-1,441926E-2	-3,624835E-4	1,395599E+0	1,388463E+0
20220916 15:44:54,315	c_1_545_20220916_15_44_54,315.bmp	6,666338E-1	5,138681E+0	1,006456E-2	1,094073E-2	-2,459572E-2	-5,461963E-3	1,395599E+0	1,388463E+0
20220916 15:45:00,317	c_1_546_20220916_15_45_00,317.bmp	6,755406E-1	5,159052E+0	3,700242E-3	1,094073E-2	-6,786918E-3	-8,011703E-3	1,387954E+0	1,385905E+0
20220916 15:45:06,324	c_1_547_20220916_15_45_06,324.bmp	6,768130E-1	5,180695E+0	7,518835E-3	1,476871E-2	3,389540E-3	-1,056144E-2	1,390502E+0	1,393578E+0
20220916 15:45:12,329	c_1_548_20220916_15_45_12,329.bmp	6,742682E-1	5,201066E+0	8,791700E-3	1,094073E-2	-1,187515E-2	-2,912223E-3	1,395599E+0	1,385905E+0
20220916 15:45:18,333	c_1_549_20220916_15_45_18,333.bmp	6,831751E-1	5,221436E+0	6,245971E-3	1,094073E-2	-6,786918E-3	-5,461963E-3	1,387954E+0	1,388463E+0
20220916 15:45:24,334	c_1_550_20220916_15_45_24,334.bmp	6,831751E-1	5,240534E+0	1,006456E-2	1,094073E-2	-1,696338E-2	-8,011703E-3	1,390502E+0	1,388463E+0
20220916 15:45:30,334	c_1_551_20220916_15_45_30,334.bmp	6,908095E-1	5,260904E+0	8,791700E-3	1,349272E-2	-3,986040E-2	-1,566092E-2	1,387954E+0	1,396136E+0
20220916 15:45:36,338	c_1_552_20220916_15_45_36,338.bmp	6,971715E-1	5,280002E+0	3,700242E-3	1,094073E-2	-4,242803E-3	-1,311118E-2	1,390502E+0	1,388463E+0
20220916 15:45:42,343	c_1_553_20220916_15_45_42,343.bmp	6,946267E-1	5,301645E+0	1,006456E-2	1,094073E-2	-1,441926E-2	-1,566092E-2	1,387954E+0	1,388463E+0
20220916 15:45:48,347	c_1_554_20220916_15_45_48,347.bmp	6,971715E-1	5,322016E+0	8,791700E-3	1,094073E-2	-1,187515E-2	-8,011703E-3	1,387954E+0	1,388463E+0
20220916 15:45:54,348	c_1_555_20220916_15_45_54,348.bmp	7,022611E-1	5,341113E+0	7,518835E-3	1,094073E-2	-4,242803E-3	-1,821066E-2	1,390502E+0	1,391021E+0
20220916 15:46:00,353	c_1_556_20220916_15_46_00,353.bmp	7,060783E-1	5,362757E+0	3,700242E-3	1,094073E-2	-4,242803E-3	-5,461963E-3	1,382857E+0	1,388463E+0
20220916 15:46:06,358	c_1_557_20220916_15_46_06,358.bmp	7,060783E-1	5,380581E+0	7,518835E-3	5,836756E-3	-9,331032E-3	2,187256E-3	1,387954E+0	1,383347E+0
20220916 15:46:12,361	c_1_558_20220916_15_46_12,361.bmp	6,971715E-1	5,399679E+0	8,791700E-3	1,094073E-2	-9,331032E-3	-1,821066E-2	1,387954E+0	1,388463E+0
20220916 15:46:18,366	c_1_559_20220916_15_46_18,366.bmp	7,009887E-1	5,420049E+0	7,518835E-3	8,388745E-3	-4,242803E-3	2,187256E-3	1,387954E+0	1,383347E+0
20220916 15:46:24,367	c_1_560_20220916_15_46_24,367.bmp	6,997163E-1	5,442966E+0	4,973106E-3	8,388745E-3	-4,242803E-3	-8,011703E-3	1,385405E+0	1,388463E+0
20220916 15:46:30,369	c_1_561_20220916_15_46_30,369.bmp	6,958991E-1	5,459517E+0	3,700242E-3	1,094073E-2	8,454256E-4	-5,461963E-3	1,387954E+0	1,388463E+0
20220916 15:46:36,374	c_1_562_20220916_15_46_36,374.bmp	5,457555E-1	5,479888E+0	1,006456E-2	1,094073E-2	-1,441926E-2	-5,461963E-3	1,390502E+0	1,385905E+0
20220916 15:46:42,378	c_1_563_20220916_15_46_42,378.bmp	5,406659E-1	5,497712E+0	1,006456E-2	1,094073E-2	-6,786918E-3	-3,624835E-4	1,398148E+0	1,388463E+0
20220916 15:46:48,381	c_1_564_20220916_15_46_48,381.bmp	5,444831E-1	5,516809E+0	7,518835E-3	1,349272E-2	-1,187515E-2	-8,011703E-3	1,398148E+0	1,388463E+0
20220916 15:46:54,382	c_1_565_20220916_15_46_54,382.bmp	5,432107E-1	5,540999E+0	6,245971E-3	1,094073E-2	-9,331032E-3	-2,912223E-3	1,385405E+0	1,383347E+0
20220916 15:47:00,385	c_1_566_20220916_15_47_00,385.bmp	5,203074E-1	5,560097E+0	7,518835E-3	1,094073E-2	-1,187515E-2	-8,011703E-3	1,387954E+0	1,388463E+0
20220916 15:47:06,389	c_1_567_20220916_15_47_06,389.bmp	5,215798E-1	5,583013E+0	3,700242E-3	8,388745E-3	-1,696338E-2	-2,912223E-3	1,385405E+0	1,383347E+0
20220916 15:47:12,389	c_1_568_20220916_15_47_12,389.bmp	5,177626E-1	5,597018E+0	8,791700E-3	1,094073E-2	-2,459572E-2	-5,461963E-3	1,395599E+0	1,385905E+0
20220916 15:47:18,391	c_1_569_20220916_15_47_18,391.bmp	5,241246E-1	5,621208E+0	7,518835E-3	1,094073E-2	-1,187515E-2	-8,011703E-3	1,390502E+0	1,388463E+0
20220916 15:47:24,392	c_1_570_20220916_15_47_24,392.bmp	5,292142E-1	5,640306E+0	3,700242E-3	1,094073E-2	8,454256E-4	-3,860858E-2	1,390502E+0	1,393578E+0
20220916 15:47:30,393	c_1_571_20220916_15_47_30,393.bmp	5,292142E-1	5,659403E+0	6,245971E-3	1,094073E-2	-9,331032E-3	-1,311118E-2	1,390502E+0	1,396136E+0
20220916 15:47:36,397	c_1_572_20220916_15_47_36,397.bmp	5,304866E-1	5,679774E+0	6,245971E-3	1,094073E-2	-6,786918E-3	-8,011703E-3	1,387954E+0	1,388463E+0
20220916 15:47:42,399	c_1_573_20220916_15_47_42,399.bmp	5,304866E-1	5,702690E+0	6,245971E-3	8,388745E-3	-4,242803E-3	9,836476E-3	1,385405E+0	1,383347E+0
20220916 15:47:48,400	c_1_574_20220916_15_47_48,400.bmp	5,304866E-1	5,716695E+0	8,791700E-3	1,476871E-2	-1,187515E-2	-5,461963E-3	1,398148E+0	1,385905E+0
20220916 15:47:54,404	c_1_575_20220916_15_47_54,404.bmp	5,368487E-1	5,742158E+0	6,245971E-3	1,094073E-2	-4,242803E-3	-8,011703E-3	1,390502E+0	1,388463E+0
20220916 15:48:00,407	c_1_576_20220916_15_48_00,407.bmp	5,419383E-1	5,762529E+0	3,700242E-3	1,094073E-2	1,611011E-2	-3,624835E-4	1,382857E+0	1,385905E+0
20220916 15:48:06,409	c_1_577_20220916_15_48_06,409.bmp	5,406659E-1	5,777807E+0	7,518835E-3	1,476871E-2	-2,459572E-2	-5,461963E-3	1,395599E+0	1,388463E+0
20220916 15:48:12,413	c_1_578_20220916_15_48_12,413.bmp	5,355763E-1	5,799450E+0	7,518835E-3	1,476871E-2	-2,205160E-2	-1,056144E-2	1,387954E+0	1,396136E+0
20220916 15:48:18,418	c_1_579_20220916_15_48_18,418.bmp	5,152178E-1	5,822367E+0	7,518835E-3	1,094073E-2	8,454256E-4	-1,056144E-2	1,387954E+0	1,385905E+0
20220916 15:48:24,419	c_1_580_20220916_15_48_24,419.bmp	4,999490E-1	5,842738E+0	2,427377E-3	1,094073E-2	-1,698689E-3	-5,461963E-3	1,385405E+0	1,388463E+0
20220916 15:48:30,427	c_1_581_20220916_15_48_30,427.bmp	4,897697E-1	5,855469E+0	1,006456E-2	9,664739E-3	3,389540E-3	-5,461963E-3	1,398148E+0	1,388463E+0
20220916 15:48:36,430	c_1_582_20220916_15_48_36,430.bmp	4,948593E-1	5,877113E+0	1,006456E-2	1,349272E-2	-1,187515E-2	-1,311118E-2	1,398148E+0	1,396136E+0
20220916 15:48:42,434	c_1_583_20220916_15_48_42,434.bmp	4,948593E-1	5,897484E+0	8,791700E-3	1,476871E-2	-2,205160E-2	-3,624835E-4	1,395599E+0	1,388463E+0
20220916 15:48:48,438	c_1_584_20220916_15_48_48,438.bmp	4,961318E-1	5,922947E+0	4,973106E-3	8,388745E-3	-6,786918E-3	2,187256E-3	1,390502E+0	1,383347E+0
20220916 15:48:54,439	c_1_585_20220916_15_48_54,439.bmp	4,986766E-1	5,943317E+0	6,245971E-3	7,112750E-3	-6,786918E-3	-2,912223E-3	1,387954E+0	1,383347E+0
20220916 15:49:00,439	c_1_586_20220916_15_49_00,439.bmp	5,012214E-1	5,959869E+0	6,245971E-3	1,349272E-2	-6,786918E-3	-2,076040E-2	1,390502E+0	1,396136E+0
20220916 15:49:06,440	c_1_587_20220916_15_49_06,440.bmp	5,037662E-1	5,980239E+0	7,518835E-3	9,664739E-3	-9,331032E-3	-5,461963E-3	1,390502E+0	1,388463E+0
20220916 15:49:12,444	c_1_588_20220916_15_49_12,444.bmp	5,063110E-1	6,001883E+0	3,700242E-3	7,112750E-3	-6,786918E-3	2,187256E-3	1,382857E+0	1,380789E+0
20220916 15:49:18,449	c_1_589_20220916_15_49_18,449.bmp	5,050386E-1	6,020980E+0	6,245971E-3	1,094073E-2	-4,242803E-3	-1,311118E-2	1,387954E+0	1,393578E+0
20220916 15:49:24,450	c_1_590_20220916_15_49_24,450.bmp	5,101282E-1	6,043897E+0	2,427377E-3	1,094073E-2	-6,786918E-3	-2,912223E-3	1,385405E+0	1,385905E+0
20220916 15:49:30,454	c_1_591_20220916_15_49_30,454.bmp	5,063110E-1	6,056629E+0	8,791700E-3	1,349272E-2	-9,331032E-3	-5,461963E-3	1,395599E+0	1,385905E+0
20220916 15:49:36,457	c_1_592_20220916_15_49_36,457.bmp	5,114006E-1	6,082092E+0	3,700242E-3	8,388745E-3	-6,786918E-3	-2,912223E-3	1,385405E+0	1,380789E+0
20220916 15:49:42,457	c_1_593_20220916_15_49_42,457.bmp	5,139454E-1	6,103735E+0	7,518835E-3	5,836756E-3	-4,242803E-3	2,187256E-3	1,382857E+0	1,388463E+0
20220916 15:49:48,461	c_1_594_20220916_15_49_48,461.bmp	5,126730E-1	6,115194E+0	8,791700E-3	1,094073E-2	-1,441926E-2	-5,461963E-3	1,395599E+0	1,388463E+0
20220916 15:49:54,463	c_1_595_20220916_15_49_54,463.bmp	5,152178E-1	6,139384E+0	7,518835E-3	8,388745E-3	5,933654E-3	2,187256E-3	1,390502E+0	1,380789E+0
20220916 15:50:00,464	c_1_596_20220916_15_50_00,464.bmp	5,152178E-1	6,158481E+0	8,791700E-3	1,094073E-2	-1,187515E-2	-2,076040E-2	1,390502E+0	1,388463E+0
20220916 15:50:06,468	c_1_597_20220916_15_50_06,468.bmp	5,228522E-1	6,178852E+0	2,427377E-3	1,094073E-2	-6,786918E-3	-1,056144E-2	1,390502E+0	1,396136E+0
20220916 15:50:12,471	c_1_598_20220916_15_50_12,471.bmp	5,203074E-1	6,195403E+0	1,006456E-2	1,349272E-2	-1,187515E-2	-5,461963E-3	1,395599E+0	1,385905E+0
20220916 15:50:18,476	c_1_599_20220916_15_50_18,476.bmp	5,203074E-1	6,220866E+0	8,791700E-3	1,094073E-2	-1,441926E-2	-5,461963E-3	1,387954E+0	1,388463E+0
20220916 15:50:24,481	c_1_600_20220916_15_50_24,481.bmp	5,317590E-1	6,238690E+0	6,245971E-3	1,094073E-2	-1,187515E-2	-2,912223E-3	1,390502E+0	1,393578E+0
20220916 15:50:30,483	c_1_601_20220916_15_50_30,483.bmp	5,266694E-1	6,256515E+0	1,006456E-2	1,349272E-2	-1,187515E-2	-1,056144E-2	1,395599E+0	1,388463E+0
20220916 15:50:36,487	c_1_602_20220916_15_50_36,487.bmp	5,304866E-1	6,275612E+0	8,791700E-3	1,349272E-2	-9,331032E-3	-1,311118E-2	1,398148E+0	1,393578E+0
20220916 15:50:42,487	c_1_603_20220916_15_50_42,487.bmp	5,355763E-1	6,299802E+0	7,518835E-3	1,094073E-2	-6,786918E-3	-8,011703E-3	1,390502E+0	1,388463E+0
20220916 15:50:48,489	c_1_604_20220916_15_50_48,489.bmp	5,381211E-1	6,320172E+0	7,518835E-3	1,221673E-2	-6,786918E-3	-5,461963E-3	1,390502E+0	1,396136E+0
20220916 15:50:54,490	c_1_605_20220916_15_50_54,490.bmp	5,355763E-1	6,336724E+0	1,006456E-2	1,094073E-2	-2,459572E-2	-8,011703E-3	1,398148E+0	1,385905E+0
20220916 15:51:00,490	c_1_606_20220916_15_51_00,490.bmp	5,406659E-1	6,362187E+0	4,973106E-3	7,112750E-3	8,477769E-3	-8,011703E-3	1,382857E+0	1,383347E+0
20220916 15:51:06,491	c_1_607_20220916_15_51_06,491.bmp	5,444831E-1	6,380011E+0	6,245971E-3	8,388745E-3	-4,242803E-3	2,187256E-3	1,387954E+0	1,383347E+0
20220916 15:51:12,499	c_1_608_20220916_15_51_12,499.bmp	5,470279E-1	6,397835E+0	4,973106E-3	9,664739E-3	-6,786918E-3	-3,624835E-4	1,390502E+0	1,393578E+0
20220916 15:51:18,499	c_1_609_20220916_15_51_18,499.bmp	5,521175E-1	6,423298E+0	3,700242E-3	7,112750E-3	-4,242803E-3	-1,056144E-2	1,385405E+0	1,388463E+0
20220916 15:51:24,501	c_1_610_20220916_15_51_24,501.bmp	5,584795E-1	6,442396E+0	3,700242E-3	1,094073E-2	5,933654E-3	-2,912223E-3	1,382857E+0	1,388463E+0
20220916 15:51:30,503	c_1_611_20220916_15_51_30,503.bmp	5,597519E-1	6,462766E+0	3,700242E-3	7,112750E-3	-3,222806E-2	7,286736E-3	1,385405E+0	1,383347E+0
20220916 15:51:36,506	c_1_612_20220916_15_51_36,506.bmp	5,699312E-1	6,479317E+0	3,700242E-3	1,094073E-2	3,389540E-3	-1,056144E-2	1,390502E+0	1,385905E+0
20220916 15:51:42,509	c_1_613_20220916_15_51_42,509.bmp	5,724760E-1	6,497142E+0	1,006456E-2	1,349272E-2	-1,696338E-2	-1,566092E-2	1,395599E+0	1,388463E+0
20220916 15:51:48,514	c_1_614_20220916_15_51_48,514.bmp	5,737484E-1	6,516239E+0	8,791700E-3	1,094073E-2	-1,187515E-2	-5,461963E-3	1,395599E+0	1,388463E+0
20220916 15:51:54,515	c_1_615_20220916_15_51_54,515.bmp	5,801104E-1	6,544248E+0	4,973106E-3	7,112750E-3	3,389540E-3	-1,056144E-2	1,385405E+0	1,383347E+0
20220916 15:52:00,517	c_1_616_20220916_15_52_00,517.bmp	5,852000E-1	6,560800E+0	6,245971E-3	1,094073E-2	3,389540E-3	-8,011703E-3	1,387954E+0	1,391021E+0
20220916 15:52:06,524	c_1_617_20220916_15_52_06,524.bmp	5,890172E-1	6,577351E+0	7,518835E-3	1,094073E-2	-1,187515E-2	-1,056144E-2	1,395599E+0	1,396136E+0
20220916 15:52:12,529	c_1_618_20220916_15_52_12,529.bmp	5,953792E-1	6,602814E+0	7,518835E-3	5,836756E-3	5,933654E-3	9,836476E-3	1,385405E+0	1,388463E+0
20220916 15:52:18,531	c_1_619_20220916_15_52_18,531.bmp	5,991964E-1	6,620638E+0	6,245971E-3	9,664739E-3	8,454256E-4	-3,624835E-4	1,387954E+0	1,391021E+0
20220916 15:52:24,532	c_1_620_20220916_15_52_24,532.bmp	6,017412E-1	6,641009E+0	7,518835E-3	1,094073E-2	-6,786918E-3	-3,624835E-4	1,387954E+0	1,388463E+0
20220916 15:52:30,535	c_1_621_20220916_15_52_30,535.bmp	6,055585E-1	6,656286E+0	1,006456E-2	1,349272E-2	-4,242803E-3	-1,311118E-2	1,395599E+0	1,393578E+0
20220916 15:52:36,537	c_1_622_20220916_15_52_36,537.bmp	6,055585E-1	6,681750E+0	1,006456E-2	1,094073E-2	-1,187515E-2	-3,624835E-4	1,390502E+0	1,385905E+0
20220916 15:52:42,540	c_1_623_20220916_15_52_42,540.bmp	6,106481E-1	6,697028E+0	1,006456E-2	1,349272E-2	-1,441926E-2	-8,011703E-3	1,395599E+0	1,396136E+0
20220916 15:52:48,543	c_1_624_20220916_15_52_48,543.bmp	6,055585E-1	6,719944E+0	8,791700E-3	1,094073E-2	-1,441926E-2	-8,011703E-3	1,387954E+0	1,388463E+0
20220916 15:52:54,549	c_1_625_20220916_15_52_54,549.bmp	5,024938E-1	6,739042E+0	6,245971E-3	1,349272E-2	-1,187515E-2	-1,311118E-2	1,390502E+0	1,398694E+0
20220916 15:53:00,554	c_1_626_20220916_15_53_00,554.bmp	4,770457E-1	6,764505E+0	7,518835E-3	7,112750E-3	8,454256E-4	-2,912223E-3	1,385405E+0	1,380789E+0
20220916 15:53:06,558	c_1_627_20220916_15_53_06,558.bmp	4,745009E-1	6,765778E+0	3,700242E-3	1,094073E-2	8,454256E-4	-8,011703E-3	1,387954E+0	1,388463E+0
