1.436062349977830401e-04
-7.493927011593788930e-06
1.135083934971340856e-03
7.535972666353508119e-03
2.085757418554625570e-02
4.100326878506877631e-02
6.194517138431301223e-02
9.701945264187201989e-02
1.327045054222690257e-01
1.792611142634369104e-01
2.321757510029589244e-01
2.972309206502611878e-01
3.467747929007379826e-01
4.276751359830691102e-01
4.941797276007756090e-01
5.666819684068883367e-01
6.455434085582195669e-01
7.427404614216995826e-01
8.251947842306160963e-01
9.089594331251810155e-01
1.008745363283786611e+00
1.091181439906244055e+00
1.148828197699530262e+00
1.218153745036735236e+00
1.285668780243900411e+00
1.340062001950820925e+00
1.398979567678001024e+00
1.500518122323826198e+00
1.573900235905038691e+00
1.602500532934586275e+00
1.661569897822803510e+00
1.718477319609185372e+00
1.574852392600027740e+00
1.563868802696895655e+00
1.610987655625361947e+00
1.641467447384495904e+00
1.661277801032240209e+00
1.713296840739869209e+00
1.678736079333284392e+00
1.701362825588108141e+00
1.665467115421527478e+00
1.680243227638325232e+00
1.715508801145505524e+00
1.756197956399254023e+00
1.807972933399541349e+00
1.849607172058026938e+00
1.900410530350715277e+00
1.915237320126637277e+00
1.960576871160123691e+00
1.928734157925039661e+00
1.836223580549692480e+00
1.805867801648726623e+00
1.771834160416247084e+00
1.739048727441204756e+00
1.732600134419608695e+00
1.717022506682710281e+00
1.745988097818930163e+00
1.737884597126782671e+00
1.684298975702157586e+00
1.675076294557489520e+00
1.663007479293146185e+00
1.582674990073209331e+00
1.607117323851964930e+00
1.628228007231581786e+00
1.650371937498845920e+00
1.664615188230421428e+00
1.683019987957522501e+00
1.694999702794128149e+00
1.690101084773097506e+00
1.654326014043257187e+00
1.602109395014639226e+00
1.583090824271560448e+00
1.542965325368175433e+00
1.564315925455922462e+00
1.562747897833517863e+00
1.582406384209048111e+00
1.577658319164066514e+00
1.552165973611782102e+00
1.555814490977907916e+00
1.536189055788812041e+00
1.541013778552798197e+00
1.520737920946977129e+00
1.484532048751094679e+00
1.291792575779200591e+00
1.259051408944148243e+00
1.274662186408179521e+00
1.289204906364945336e+00
1.296268387377983444e+00
1.318978913748738435e+00
1.337677406358362742e+00
1.359698469984572000e+00
1.380809295055136721e+00
1.400145159376845250e+00
1.428015598561752419e+00
1.449741108966390080e+00
1.464724765054998823e+00
1.481277101968345278e+00
1.512773843962095466e+00
1.523001667714920737e+00
1.542104943805495898e+00
1.565761628386978188e+00
1.555715669726061678e+00
1.561985882852787055e+00
1.546070388916467531e+00
1.474867929832547109e+00
1.416443538267399216e+00
1.389768795631863174e+00
1.388961078521517623e+00
1.389901688597629192e+00
1.404269538059308653e+00
1.414729735476278449e+00
1.420577272167255378e+00
1.437548934503582121e+00
1.444137379662153942e+00
1.459376196711663853e+00
1.470282609864782986e+00
1.490547371841483226e+00
1.508355633733707846e+00
1.525846051815774596e+00
1.549242902877635553e+00
1.569403517290091532e+00
1.581721157957281854e+00
1.599055372764956351e+00
1.621543831697179083e+00
1.640355597271784704e+00
1.656595118049210447e+00
1.677593959117736455e+00
1.699233302745286833e+00
1.710023720068152508e+00
1.730714911426453284e+00
1.739169682237443837e+00
1.753894110097166559e+00
1.761642339195504725e+00
1.779447763957697992e+00
1.790413621693518031e+00
1.814071438756344357e+00
1.808020972658216818e+00
1.812651180619160751e+00
1.817161571216453719e+00
1.814167865718924855e+00
1.815287134938858404e+00
1.811610886303019141e+00
1.808869280923984579e+00
1.814993758106329347e+00
1.805316431564885971e+00
1.819128453410122415e+00
1.812418166995199087e+00
1.828752207396120655e+00
1.837715166492198460e+00
1.838715363238932365e+00
1.851320507307125718e+00
1.860771291102626623e+00
1.814560992485080071e+00
1.823960307356168320e+00
1.823478591155811568e+00
1.828818308461602093e+00
1.836527617138837387e+00
1.844087920979033957e+00
1.839029686582969836e+00
1.758479871768237279e+00
1.699114650765388257e+00
1.645493506052542187e+00
1.618680725006826471e+00
1.609074070970855752e+00
1.618829144240678808e+00
1.624880014406129058e+00
1.640591850347833613e+00
1.646404980181321864e+00
1.672481221794154926e+00
1.691682582893498044e+00
1.703816736879350202e+00
1.715948688994813232e+00
1.742785700035641927e+00
1.739188415724864267e+00
1.771349893883414017e+00
1.783705411243125427e+00
1.800150911726744463e+00
1.801529893018636086e+00
1.825332179017191914e+00
1.856587739755144240e+00
1.859531397274280851e+00
1.880413347590743633e+00
1.883869391955282913e+00
1.915480272000675610e+00
1.926947033801030384e+00
1.924049330057912677e+00
1.911699755337658457e+00
1.944495102846818479e+00
1.954190329689212247e+00
1.966710041230455897e+00
1.971570144898164623e+00
1.990518096557251759e+00
2.009561442479174787e+00
2.021387420337406038e+00
2.034286385847898337e+00
2.056210651795100652e+00
2.064323505444759288e+00
2.061946095227412457e+00
2.091656491650069505e+00
2.082623346636031325e+00
2.119746144925012565e+00
2.112018190548627938e+00
2.114675139438170870e+00
2.121514629794147400e+00
2.123892808832420709e+00
2.123667055125143754e+00
2.132283223344454637e+00
2.105074977153999605e+00
2.118430073359929278e+00
2.120956427542037392e+00
2.126921873212801462e+00
2.143714283584494673e+00
2.133421786106685758e+00
2.138359394456982088e+00
2.148050717414375921e+00
2.156395478060682436e+00
2.156579028043647206e+00
2.145176588443311161e+00
2.156566347083449742e+00
2.144430113269503835e+00
2.155220274865817132e+00
2.155949112142419910e+00
1.921530272281045448e+00
1.745785530809692343e+00
1.688809155027677145e+00
1.695659084023410701e+00
1.696765722746169214e+00
1.697921665437916339e+00
1.716698382755833530e+00
1.719519383497256415e+00
1.725852187723965869e+00
1.744660546555431679e+00
1.760069931222851602e+00
1.769718541016807478e+00
1.792491239944612014e+00
1.800974017322546361e+00
1.812609840446972820e+00
1.810566039300995245e+00
1.828044106770356336e+00
1.839730916151346873e+00
1.860435195688678434e+00
1.866062310037664096e+00
1.863475166049747944e+00
