20220325 10:12:49,442	a1_0_00_20220325_10_12_49,442.bmp	-4,260751E-3	6,142398E+0	2,594737E-3	2,557098E-3
20220325 10:12:55,455	a1_0_01_20220325_10_12_55,455.bmp	-4,425969E-4	6,144944E+0	4,902598E-5	1,107786E-5
20220325 10:13:01,457	a1_0_02_20220325_10_13_01,457.bmp	-4,425969E-4	6,143671E+0	-1,223829E-3	2,557098E-3
20220325 10:13:07,468	a1_0_03_20220325_10_13_07,468.bmp	4,282981E-2	4,124205E-3	1,321881E-3	2,557098E-3
20220325 10:13:13,472	a1_0_04_20220325_10_13_13,472.bmp	9,882940E-2	2,958366E-2	-3,769540E-3	-3,807953E-3
20220325 10:13:19,474	a1_0_05_20220325_10_13_19,474.bmp	2,197376E-1	4,995122E-2	-5,042396E-3	-3,807953E-3
20220325 10:13:25,477	a1_0_06_20220325_10_13_25,477.bmp	3,953727E-1	7,031878E-2	-1,223829E-3	-3,807953E-3
20220325 10:13:31,486	a1_0_07_20220325_10_13_31,486.bmp	5,735532E-1	8,686742E-2	-1,223829E-3	1,107786E-5
20220325 10:13:37,487	a1_0_08_20220325_10_13_37,487.bmp	7,593700E-1	1,097809E-1	-3,769540E-3	-2,534943E-3
20220325 10:13:43,492	a1_0_09_20220325_10_13_43,492.bmp	9,451868E-1	1,276025E-1	-2,496685E-3	-1,261932E-3
20220325 10:13:49,497	a1_0_10_20220325_10_13_49,497.bmp	1,127185E+0	1,466971E-1	-1,223829E-3	1,284088E-3
20220325 10:13:55,503	a1_0_11_20220325_10_13_55,503.bmp	1,313002E+0	1,657917E-1	1,321881E-3	1,107786E-5
20220325 10:14:01,506	a1_0_12_20220325_10_14_01,506.bmp	1,502637E+0	1,836133E-1	2,594737E-3	3,830109E-3
20220325 10:14:07,508	a1_0_13_20220325_10_14_07,508.bmp	1,687181E+0	2,065268E-1	4,902598E-5	-1,261932E-3
20220325 10:14:13,512	a1_0_14_20220325_10_14_13,512.bmp	1,869180E+0	2,256214E-1	1,321881E-3	-1,261932E-3
20220325 10:14:19,522	a1_0_15_20220325_10_14_19,522.bmp	2,044815E+0	2,498079E-1	-1,223829E-3	-3,807953E-3
20220325 10:14:25,528	a1_0_16_20220325_10_14_25,528.bmp	2,219177E+0	2,625376E-1	4,902598E-5	2,557098E-3
20220325 10:14:31,531	a1_0_17_20220325_10_14_31,531.bmp	2,375722E+0	2,854511E-1	4,902598E-5	-1,261932E-3
20220325 10:14:37,534	a1_0_18_20220325_10_14_37,534.bmp	2,510630E+0	3,032728E-1	4,902598E-5	2,557098E-3
20220325 10:14:43,535	a1_0_19_20220325_10_14_43,535.bmp	2,641720E+0	3,261863E-1	-3,769540E-3	1,107786E-5
20220325 10:14:49,539	a1_0_20_20220325_10_14_49,539.bmp	2,716810E+0	3,478268E-1	-3,769540E-3	-3,807953E-3
20220325 10:14:55,547	a1_0_21_20220325_10_14_55,547.bmp	2,735901E+0	3,694673E-1	4,902598E-5	-3,807953E-3
20220325 10:15:01,552	a1_0_22_20220325_10_15_01,552.bmp	2,687538E+0	3,872890E-1	-1,223829E-3	2,557098E-3
20220325 10:15:07,557	a1_0_23_20220325_10_15_07,557.bmp	2,683719E+0	4,089295E-1	-2,496685E-3	-3,807953E-3
20220325 10:15:13,559	a1_0_24_20220325_10_15_13,559.bmp	2,681174E+0	4,280241E-1	2,594737E-3	1,107786E-5
20220325 10:15:19,564	a1_0_25_20220325_10_15_19,564.bmp	2,513175E+0	4,432998E-1	4,902598E-5	2,557098E-3
20220325 10:15:25,574	a1_0_26_20220325_10_15_25,574.bmp	2,230632E+0	4,662133E-1	2,594737E-3	1,107786E-5
20220325 10:15:31,577	a1_0_27_20220325_10_15_31,577.bmp	2,188632E+0	4,853078E-1	-1,223829E-3	1,107786E-5
20220325 10:15:37,578	a1_0_28_20220325_10_15_37,578.bmp	2,119905E+0	5,018565E-1	1,321881E-3	2,557098E-3
20220325 10:15:43,583	a1_0_29_20220325_10_15_43,583.bmp	2,049906E+0	5,260430E-1	2,594737E-3	-1,261932E-3
20220325 10:15:49,586	a1_0_30_20220325_10_15_49,586.bmp	2,019361E+0	5,438646E-1	4,902598E-5	2,557098E-3
20220325 10:15:55,589	a1_0_31_20220325_10_15_55,589.bmp	1,960816E+0	5,655051E-1	-1,223829E-3	-1,261932E-3
20220325 10:16:01,592	a1_0_32_20220325_10_16_01,592.bmp	1,900998E+0	5,871457E-1	4,902598E-5	1,107786E-5
20220325 10:16:07,596	a1_0_33_20220325_10_16_07,596.bmp	1,794090E+0	6,049673E-1	1,321881E-3	1,107786E-5
20220325 10:16:13,607	a1_0_34_20220325_10_16_13,607.bmp	1,730454E+0	6,227889E-1	1,321881E-3	2,557098E-3
20220325 10:16:19,614	a1_0_35_20220325_10_16_19,614.bmp	1,679545E+0	6,482483E-1	-2,496685E-3	-3,807953E-3
20220325 10:16:25,622	a1_0_36_20220325_10_16_25,622.bmp	1,656636E+0	6,635240E-1	2,594737E-3	2,557098E-3
20220325 10:16:31,629	a1_0_37_20220325_10_16_31,629.bmp	1,636273E+0	6,826186E-1	3,867592E-3	2,557098E-3
20220325 10:16:37,633	a1_0_38_20220325_10_16_37,633.bmp	1,622273E+0	7,017132E-1	3,867592E-3	2,557098E-3
20220325 10:16:43,638	a1_0_39_20220325_10_16_43,638.bmp	1,558637E+0	7,233537E-1	1,321881E-3	2,557098E-3
20220325 10:16:49,642	a1_0_40_20220325_10_16_49,642.bmp	1,450456E+0	7,488132E-1	-3,769540E-3	-3,807953E-3
20220325 10:16:55,649	a1_0_41_20220325_10_16_55,649.bmp	1,361366E+0	7,628159E-1	4,902598E-5	2,557098E-3
20220325 10:17:01,650	a1_0_42_20220325_10_17_01,650.bmp	1,306639E+0	7,870024E-1	2,594737E-3	1,107786E-5
20220325 10:17:07,655	a1_0_43_20220325_10_17_07,655.bmp	1,263366E+0	8,073699E-1	4,902598E-5	1,107786E-5
20220325 10:17:13,660	a1_0_44_20220325_10_17_13,660.bmp	1,235366E+0	8,302834E-1	-2,496685E-3	-3,807953E-3
20220325 10:17:19,661	a1_0_45_20220325_10_17_19,661.bmp	1,201003E+0	8,468321E-1	4,902598E-5	1,107786E-5
20220325 10:17:25,662	a1_0_46_20220325_10_17_25,662.bmp	1,190821E+0	8,697456E-1	-5,042396E-3	-5,080963E-3
20220325 10:17:31,669	a1_0_47_20220325_10_17_31,669.bmp	1,175549E+0	8,901131E-1	4,902598E-5	-3,807953E-3
20220325 10:17:37,677	a1_0_48_20220325_10_17_37,677.bmp	1,165367E+0	9,066618E-1	4,902598E-5	-1,261932E-3
20220325 10:17:43,679	a1_0_49_20220325_10_17_43,679.bmp	1,156458E+0	9,270293E-1	4,902598E-5	1,107786E-5
20220325 10:17:49,691	a1_0_50_20220325_10_17_49,691.bmp	1,159003E+0	9,499428E-1	4,902598E-5	-3,807953E-3
20220325 10:17:55,692	a1_0_51_20220325_10_17_55,692.bmp	1,138640E+0	9,703104E-1	-1,223829E-3	-3,807953E-3
20220325 10:18:01,695	a1_0_52_20220325_10_18_01,695.bmp	1,120822E+0	9,868591E-1	4,902598E-5	1,107786E-5
20220325 10:18:07,697	a1_0_53_20220325_10_18_07,697.bmp	1,127185E+0	1,007227E+0	-1,223829E-3	-1,261932E-3
20220325 10:18:13,702	a1_0_54_20220325_10_18_13,702.bmp	1,128458E+0	1,028867E+0	-3,769540E-3	-2,534943E-3
20220325 10:18:19,703	a1_0_55_20220325_10_18_19,703.bmp	1,120822E+0	1,049235E+0	4,902598E-5	-3,807953E-3
20220325 10:18:25,707	a1_0_56_20220325_10_18_25,707.bmp	1,122095E+0	1,065783E+0	-3,769540E-3	1,107786E-5
20220325 10:18:31,716	a1_0_57_20220325_10_18_31,716.bmp	1,120822E+0	1,086151E+0	4,902598E-5	2,557098E-3
20220325 10:18:37,721	a1_0_58_20220325_10_18_37,721.bmp	1,128458E+0	1,105246E+0	-2,496685E-3	1,107786E-5
20220325 10:18:43,727	a1_0_59_20220325_10_18_43,727.bmp	1,128458E+0	1,126886E+0	-1,223829E-3	1,107786E-5
20220325 10:18:49,728	a1_0_60_20220325_10_18_49,728.bmp	1,123367E+0	1,145981E+0	1,321881E-3	-1,261932E-3
20220325 10:18:55,737	a1_0_61_20220325_10_18_55,737.bmp	1,124640E+0	1,162529E+0	2,594737E-3	2,557098E-3
20220325 10:19:01,747	a1_0_62_20220325_10_19_01,747.bmp	1,127185E+0	1,186716E+0	-1,223829E-3	1,107786E-5
20220325 10:19:07,748	a1_0_63_20220325_10_19_07,748.bmp	1,128458E+0	1,203264E+0	4,902598E-5	2,557098E-3
20220325 10:19:13,751	a1_0_64_20220325_10_19_13,751.bmp	1,124640E+0	1,226178E+0	4,902598E-5	-1,261932E-3
20220325 10:19:19,755	a1_0_65_20220325_10_19_19,755.bmp	1,115731E+0	1,247818E+0	4,902598E-5	1,107786E-5
20220325 10:19:25,761	a1_0_66_20220325_10_19_25,761.bmp	1,091549E+0	1,266913E+0	2,594737E-3	2,557098E-3
20220325 10:19:31,770	a1_0_67_20220325_10_19_31,770.bmp	1,081368E+0	1,288554E+0	-2,496685E-3	-3,807953E-3
20220325 10:19:37,775	a1_0_68_20220325_10_19_37,775.bmp	1,078822E+0	1,306375E+0	4,902598E-5	-3,807953E-3
20220325 10:19:43,777	a1_0_69_20220325_10_19_43,777.bmp	1,080095E+0	1,330562E+0	4,902598E-5	-1,261932E-3
20220325 10:19:49,781	a1_0_70_20220325_10_19_49,781.bmp	1,080095E+0	1,349656E+0	-5,042396E-3	-3,807953E-3
20220325 10:19:55,782	a1_0_71_20220325_10_19_55,782.bmp	1,078822E+0	1,370024E+0	-1,223829E-3	-1,261932E-3
20220325 10:20:01,793	a1_0_72_20220325_10_20_01,793.bmp	1,080095E+0	1,390391E+0	1,321881E-3	-3,807953E-3
20220325 10:20:07,794	a1_0_73_20220325_10_20_07,794.bmp	1,076277E+0	1,408213E+0	4,902598E-5	-1,261932E-3
20220325 10:20:13,801	a1_0_74_20220325_10_20_13,801.bmp	1,068640E+0	1,429854E+0	-3,769540E-3	-2,534943E-3
20220325 10:20:19,805	a1_0_75_20220325_10_20_19,805.bmp	1,055913E+0	1,447675E+0	-1,223829E-3	1,107786E-5
20220325 10:20:25,810	a1_0_76_20220325_10_20_25,810.bmp	1,050822E+0	1,464224E+0	2,594737E-3	3,830109E-3
20220325 10:20:31,811	a1_0_77_20220325_10_20_31,811.bmp	1,052095E+0	1,487137E+0	-3,769540E-3	1,107786E-5
20220325 10:20:37,819	a1_0_78_20220325_10_20_37,819.bmp	1,040641E+0	1,507505E+0	2,594737E-3	1,107786E-5
20220325 10:20:43,824	a1_0_79_20220325_10_20_43,824.bmp	1,039368E+0	1,531691E+0	-3,769540E-3	-3,807953E-3
20220325 10:20:49,829	a1_0_80_20220325_10_20_49,829.bmp	1,036822E+0	1,544421E+0	2,594737E-3	2,557098E-3
20220325 10:20:55,833	a1_0_81_20220325_10_20_55,833.bmp	1,033004E+0	1,564789E+0	-2,496685E-3	2,557098E-3
20220325 10:21:01,836	a1_0_82_20220325_10_21_01,836.bmp	1,029186E+0	1,590248E+0	-3,769540E-3	-1,261932E-3
20220325 10:21:07,841	a1_0_83_20220325_10_21_07,841.bmp	1,012641E+0	1,605524E+0	4,902598E-5	1,107786E-5
20220325 10:21:13,846	a1_0_84_20220325_10_21_13,846.bmp	1,003732E+0	1,625891E+0	1,321881E-3	-3,807953E-3
20220325 10:21:19,851	a1_0_85_20220325_10_21_19,851.bmp	9,986409E-1	1,650078E+0	-1,223829E-3	-5,080963E-3
20220325 10:21:25,855	a1_0_86_20220325_10_21_25,855.bmp	9,922773E-1	1,664080E+0	1,321881E-3	2,557098E-3
20220325 10:21:31,859	a1_0_87_20220325_10_21_31,859.bmp	9,910046E-1	1,686994E+0	4,902598E-5	-3,807953E-3
20220325 10:21:37,866	a1_0_88_20220325_10_21_37,866.bmp	9,120961E-1	1,707362E+0	-1,223829E-3	-3,807953E-3
20220325 10:21:43,873	a1_0_89_20220325_10_21_43,873.bmp	8,599147E-1	1,727729E+0	4,902598E-5	1,107786E-5
20220325 10:21:49,875	a1_0_90_20220325_10_21_49,875.bmp	8,510057E-1	1,744278E+0	2,594737E-3	1,284088E-3
20220325 10:21:55,883	a1_0_91_20220325_10_21_55,883.bmp	8,548238E-1	1,768464E+0	4,902598E-5	1,107786E-5
20220325 10:22:01,888	a1_0_92_20220325_10_22_01,888.bmp	8,497329E-1	1,790105E+0	-1,223829E-3	-3,807953E-3
20220325 10:22:07,894	a1_0_93_20220325_10_22_07,894.bmp	8,140968E-1	1,806653E+0	-5,042396E-3	1,107786E-5
20220325 10:22:13,899	a1_0_94_20220325_10_22_13,899.bmp	7,899152E-1	1,829567E+0	-3,769540E-3	-3,807953E-3
20220325 10:22:19,902	a1_0_95_20220325_10_22_19,902.bmp	7,784607E-1	1,847389E+0	2,594737E-3	1,107786E-5
20220325 10:22:25,907	a1_0_96_20220325_10_22_25,907.bmp	7,759153E-1	1,862664E+0	1,321881E-3	2,557098E-3
20220325 10:22:31,909	a1_0_97_20220325_10_22_31,909.bmp	7,759153E-1	1,886851E+0	4,902598E-5	1,107786E-5
20220325 10:22:37,915	a1_0_98_20220325_10_22_37,915.bmp	7,644608E-1	1,904672E+0	4,902598E-5	1,107786E-5
20220325 10:22:43,923	a1_0_99_20220325_10_22_43,923.bmp	7,631881E-1	1,930132E+0	-1,223829E-3	-3,807953E-3
20220325 10:22:49,926	a1_0_100_20220325_10_22_49,926.bmp	7,670063E-1	1,946680E+0	4,902598E-5	1,107786E-5
20220325 10:22:55,927	a1_0_101_20220325_10_22_55,927.bmp	7,657336E-1	1,967048E+0	-5,042396E-3	1,107786E-5
20220325 10:23:01,929	a1_0_102_20220325_10_23_01,929.bmp	7,657336E-1	1,991234E+0	-3,769540E-3	-3,807953E-3
20220325 10:23:07,934	a1_0_103_20220325_10_23_07,934.bmp	7,670063E-1	2,009056E+0	-3,769540E-3	-3,807953E-3
20220325 10:23:13,937	a1_0_104_20220325_10_23_13,937.bmp	7,657336E-1	2,024332E+0	2,594737E-3	2,557098E-3
20220325 10:23:19,943	a1_0_105_20220325_10_23_19,943.bmp	7,720972E-1	2,049791E+0	4,902598E-5	-3,807953E-3
20220325 10:23:25,946	a1_0_106_20220325_10_23_25,946.bmp	7,771880E-1	2,066340E+0	-1,223829E-3	-3,807953E-3
20220325 10:23:31,949	a1_0_107_20220325_10_23_31,949.bmp	7,873698E-1	2,090526E+0	-1,223829E-3	-3,807953E-3
20220325 10:23:37,952	a1_0_108_20220325_10_23_37,952.bmp	7,873698E-1	2,107075E+0	4,902598E-5	1,107786E-5
20220325 10:23:43,953	a1_0_109_20220325_10_23_43,953.bmp	7,911879E-1	2,126170E+0	2,594737E-3	1,107786E-5
20220325 10:23:49,958	a1_0_110_20220325_10_23_49,958.bmp	8,000969E-1	2,150356E+0	-5,042396E-3	-3,807953E-3
20220325 10:23:55,966	a1_0_111_20220325_10_23_55,966.bmp	7,962788E-1	2,163086E+0	3,867592E-3	2,557098E-3
20220325 10:24:01,971	a1_0_112_20220325_10_24_01,971.bmp	8,026424E-1	2,184726E+0	3,867592E-3	3,830109E-3
20220325 10:24:07,974	a1_0_113_20220325_10_24_07,974.bmp	8,128241E-1	2,206367E+0	-1,223829E-3	-1,261932E-3
20220325 10:24:13,978	a1_0_114_20220325_10_24_13,978.bmp	8,102787E-1	2,224188E+0	2,594737E-3	2,557098E-3
20220325 10:24:19,989	a1_0_115_20220325_10_24_19,989.bmp	8,140968E-1	2,242010E+0	1,321881E-3	1,284088E-3
20220325 10:24:25,997	a1_0_116_20220325_10_24_25,997.bmp	8,230059E-1	2,270015E+0	-2,496685E-3	-3,807953E-3
20220325 10:24:32,001	a1_0_117_20220325_10_24_32,001.bmp	8,204604E-1	2,287837E+0	4,902598E-5	1,107786E-5
20220325 10:24:38,005	a1_0_118_20220325_10_24_38,005.bmp	8,255513E-1	2,308205E+0	4,902598E-5	-1,261932E-3
20220325 10:24:44,016	a1_0_119_20220325_10_24_44,016.bmp	8,280967E-1	2,328572E+0	-3,769540E-3	-3,807953E-3
20220325 10:24:50,022	a1_0_120_20220325_10_24_50,022.bmp	8,280967E-1	2,348940E+0	-3,769540E-3	-3,807953E-3
20220325 10:24:56,027	a1_0_121_20220325_10_24_56,027.bmp	8,357330E-1	2,369307E+0	-3,769540E-3	-3,807953E-3
20220325 10:25:02,031	a1_0_122_20220325_10_25_02,031.bmp	8,382785E-1	2,385856E+0	-3,769540E-3	1,107786E-5
20220325 10:25:08,032	a1_0_123_20220325_10_25_08,032.bmp	8,357330E-1	2,403678E+0	-1,223829E-3	2,557098E-3
20220325 10:25:14,036	a1_0_124_20220325_10_25_14,036.bmp	8,357330E-1	2,426591E+0	4,902598E-5	1,284088E-3
20220325 10:25:20,039	a1_0_125_20220325_10_25_20,039.bmp	8,331876E-1	2,446959E+0	4,902598E-5	1,107786E-5
20220325 10:25:26,044	a1_0_126_20220325_10_25_26,044.bmp	8,268240E-1	2,466053E+0	4,902598E-5	1,107786E-5
20220325 10:25:32,044	a1_0_127_20220325_10_25_32,044.bmp	7,644608E-1	2,487694E+0	4,902598E-5	1,107786E-5
20220325 10:25:38,050	a1_0_128_20220325_10_25_38,050.bmp	6,906432E-1	2,506788E+0	3,867592E-3	1,284088E-3
20220325 10:25:44,055	a1_0_129_20220325_10_25_44,055.bmp	6,906432E-1	2,523337E+0	1,321881E-3	2,557098E-3
20220325 10:25:50,056	a1_0_130_20220325_10_25_50,056.bmp	6,944614E-1	2,546250E+0	4,902598E-5	1,107786E-5
20220325 10:25:56,063	a1_0_131_20220325_10_25_56,063.bmp	6,982795E-1	2,569164E+0	-1,223829E-3	-3,807953E-3
20220325 10:26:02,072	a1_0_132_20220325_10_26_02,072.bmp	7,020977E-1	2,585713E+0	-3,769540E-3	1,107786E-5
20220325 10:26:08,079	a1_0_133_20220325_10_26_08,079.bmp	6,995522E-1	2,606080E+0	-1,223829E-3	1,107786E-5
20220325 10:26:14,084	a1_0_134_20220325_10_26_14,084.bmp	6,982795E-1	2,627721E+0	2,594737E-3	-1,261932E-3
20220325 10:26:20,085	a1_0_135_20220325_10_26_20,085.bmp	7,046431E-1	2,646815E+0	4,902598E-5	1,107786E-5
20220325 10:26:26,090	a1_0_136_20220325_10_26_26,090.bmp	7,110067E-1	2,668456E+0	4,902598E-5	-1,261932E-3
20220325 10:26:32,095	a1_0_137_20220325_10_26_32,095.bmp	7,084613E-1	2,687550E+0	4,902598E-5	1,107786E-5
20220325 10:26:38,097	a1_0_138_20220325_10_26_38,097.bmp	7,084613E-1	2,702826E+0	2,594737E-3	1,107786E-5
20220325 10:26:44,100	a1_0_139_20220325_10_26_44,100.bmp	7,148248E-1	2,727013E+0	4,902598E-5	-1,261932E-3
20220325 10:26:50,106	a1_0_140_20220325_10_26_50,106.bmp	7,173703E-1	2,743561E+0	4,902598E-5	2,557098E-3
20220325 10:26:56,111	a1_0_141_20220325_10_26_56,111.bmp	7,211884E-1	2,766475E+0	4,902598E-5	-3,807953E-3
20220325 10:27:02,115	a1_0_142_20220325_10_27_02,115.bmp	7,237339E-1	2,783023E+0	4,902598E-5	1,284088E-3
20220325 10:27:08,119	a1_0_143_20220325_10_27_08,119.bmp	7,224612E-1	2,804664E+0	2,594737E-3	2,557098E-3
20220325 10:27:14,127	a1_0_144_20220325_10_27_14,127.bmp	7,300975E-1	2,826304E+0	-2,496685E-3	1,107786E-5
20220325 10:27:20,135	a1_0_145_20220325_10_27_20,135.bmp	7,390065E-1	2,849218E+0	-3,769540E-3	-3,807953E-3
20220325 10:27:26,138	a1_0_146_20220325_10_27_26,138.bmp	7,364611E-1	2,864494E+0	2,594737E-3	2,557098E-3
20220325 10:27:32,142	a1_0_147_20220325_10_27_32,142.bmp	7,402792E-1	2,883588E+0	4,902598E-5	3,830109E-3
20220325 10:27:38,143	a1_0_148_20220325_10_27_38,143.bmp	7,440974E-1	2,902683E+0	3,867592E-3	2,557098E-3
20220325 10:27:44,144	a1_0_149_20220325_10_27_44,144.bmp	7,530064E-1	2,928142E+0	-2,496685E-3	-3,807953E-3
20220325 10:27:50,154	a1_0_150_20220325_10_27_50,154.bmp	7,568245E-1	2,948510E+0	-5,042396E-3	-3,807953E-3
20220325 10:27:56,159	a1_0_151_20220325_10_27_56,159.bmp	7,517337E-1	2,962513E+0	2,594737E-3	3,830109E-3
20220325 10:28:02,165	a1_0_152_20220325_10_28_02,165.bmp	7,530064E-1	2,984153E+0	5,140448E-3	2,557098E-3
20220325 10:28:08,169	a1_0_153_20220325_10_28_08,169.bmp	7,631881E-1	3,004521E+0	4,902598E-5	-1,261932E-3
