20220325 10:12:49,415	a1_1_00_20220325_10_12_49,415.bmp	-2,988033E-3	6,144944E+0	-1,223829E-3	-2,534943E-3
20220325 10:12:55,426	a1_1_01_20220325_10_12_55,426.bmp	2,102839E-3	6,150036E+0	-3,769540E-3	1,107786E-5
20220325 10:13:01,428	a1_1_02_20220325_10_13_01,428.bmp	-1,715315E-3	6,147490E+0	-3,769540E-3	-3,807953E-3
20220325 10:13:07,433	a1_1_03_20220325_10_13_07,433.bmp	4,028438E-2	5,397178E-3	-1,223829E-3	-1,261932E-3
20220325 10:13:13,439	a1_1_04_20220325_10_13_13,439.bmp	9,755668E-2	2,958366E-2	4,902598E-5	-2,534943E-3
20220325 10:13:19,440	a1_1_05_20220325_10_13_19,440.bmp	2,171922E-1	4,613230E-2	1,321881E-3	-1,261932E-3
20220325 10:13:25,444	a1_1_06_20220325_10_13_25,444.bmp	3,940999E-1	6,904581E-2	-2,496685E-3	-3,807953E-3
20220325 10:13:31,451	a1_1_07_20220325_10_13_31,451.bmp	5,710077E-1	8,559445E-2	-1,223829E-3	1,107786E-5
20220325 10:13:37,452	a1_1_08_20220325_10_13_37,452.bmp	7,568245E-1	1,097809E-1	-3,769540E-3	-3,807953E-3
20220325 10:13:43,458	a1_1_09_20220325_10_13_43,458.bmp	9,439141E-1	1,276025E-1	4,902598E-5	-1,261932E-3
20220325 10:13:49,460	a1_1_10_20220325_10_13_49,460.bmp	1,131004E+0	1,492431E-1	-3,769540E-3	-3,807953E-3
20220325 10:13:55,465	a1_1_11_20220325_10_13_55,465.bmp	1,314275E+0	1,632458E-1	2,594737E-3	1,284088E-3
20220325 10:14:01,466	a1_1_12_20220325_10_14_01,466.bmp	1,501364E+0	1,823404E-1	4,902598E-5	1,284088E-3
20220325 10:14:07,469	a1_1_13_20220325_10_14_07,469.bmp	1,685909E+0	2,065268E-1	-1,223829E-3	-3,807953E-3
20220325 10:14:13,481	a1_1_14_20220325_10_14_13,481.bmp	1,866635E+0	2,243485E-1	-1,223829E-3	2,557098E-3
20220325 10:14:19,488	a1_1_15_20220325_10_14_19,488.bmp	2,042270E+0	2,447160E-1	4,902598E-5	1,107786E-5
20220325 10:14:25,493	a1_1_16_20220325_10_14_25,493.bmp	2,220450E+0	2,689025E-1	-2,496685E-3	-3,807953E-3
20220325 10:14:31,497	a1_1_17_20220325_10_14_31,497.bmp	2,371904E+0	2,829052E-1	2,594737E-3	2,557098E-3
20220325 10:14:37,500	a1_1_18_20220325_10_14_37,500.bmp	2,508084E+0	3,058187E-1	2,594737E-3	-1,261932E-3
20220325 10:14:43,501	a1_1_19_20220325_10_14_43,501.bmp	2,637902E+0	3,300052E-1	-3,769540E-3	-3,807953E-3
20220325 10:14:49,506	a1_1_20_20220325_10_14_49,506.bmp	2,706628E+0	3,465538E-1	-1,223829E-3	1,107786E-5
20220325 10:14:55,513	a1_1_21_20220325_10_14_55,513.bmp	2,740992E+0	3,681944E-1	-3,769540E-3	-3,807953E-3
20220325 10:15:01,519	a1_1_22_20220325_10_15_01,519.bmp	2,690083E+0	3,898349E-1	-2,496685E-3	-3,807953E-3
20220325 10:15:07,522	a1_1_23_20220325_10_15_07,522.bmp	2,681174E+0	4,051106E-1	4,902598E-5	1,107786E-5
20220325 10:15:13,526	a1_1_24_20220325_10_15_13,526.bmp	2,681174E+0	4,267511E-1	3,867592E-3	1,107786E-5
20220325 10:15:19,531	a1_1_25_20220325_10_15_19,531.bmp	2,520812E+0	4,458457E-1	-1,223829E-3	1,107786E-5
20220325 10:15:25,539	a1_1_26_20220325_10_15_25,539.bmp	2,240814E+0	4,700322E-1	-5,042396E-3	-2,534943E-3
20220325 10:15:31,542	a1_1_27_20220325_10_15_31,542.bmp	2,188632E+0	4,878538E-1	-2,496685E-3	-1,261932E-3
20220325 10:15:37,543	a1_1_28_20220325_10_15_37,543.bmp	2,119905E+0	5,069484E-1	3,867592E-3	-1,261932E-3
20220325 10:15:43,546	a1_1_29_20220325_10_15_43,546.bmp	2,054997E+0	5,247700E-1	-2,496685E-3	1,107786E-5
20220325 10:15:49,549	a1_1_30_20220325_10_15_49,549.bmp	2,023179E+0	5,489565E-1	-3,769540E-3	-3,807953E-3
20220325 10:15:55,554	a1_1_31_20220325_10_15_55,554.bmp	1,960816E+0	5,642321E-1	-3,769540E-3	2,557098E-3
20220325 10:16:01,555	a1_1_32_20220325_10_16_01,555.bmp	1,897180E+0	5,858727E-1	-1,223829E-3	1,107786E-5
20220325 10:16:07,562	a1_1_33_20220325_10_16_07,562.bmp	1,788999E+0	6,075132E-1	1,321881E-3	1,107786E-5
20220325 10:16:13,571	a1_1_34_20220325_10_16_13,571.bmp	1,730454E+0	6,291538E-1	-1,223829E-3	-2,534943E-3
20220325 10:16:19,573	a1_1_35_20220325_10_16_19,573.bmp	1,675727E+0	6,457024E-1	3,867592E-3	-1,261932E-3
20220325 10:16:25,577	a1_1_36_20220325_10_16_25,577.bmp	1,655363E+0	6,635240E-1	3,867592E-3	2,557098E-3
20220325 10:16:31,580	a1_1_37_20220325_10_16_31,580.bmp	1,637545E+0	6,877105E-1	2,594737E-3	1,284088E-3
20220325 10:16:37,590	a1_1_38_20220325_10_16_37,590.bmp	1,624818E+0	7,068051E-1	4,902598E-5	-1,261932E-3
20220325 10:16:43,596	a1_1_39_20220325_10_16_43,596.bmp	1,558637E+0	7,271726E-1	1,321881E-3	1,107786E-5
20220325 10:16:49,597	a1_1_40_20220325_10_16_49,597.bmp	1,453001E+0	7,488132E-1	-3,769540E-3	-3,807953E-3
20220325 10:16:55,601	a1_1_41_20220325_10_16_55,601.bmp	1,358820E+0	7,628159E-1	2,594737E-3	2,557098E-3
20220325 10:17:01,606	a1_1_42_20220325_10_17_01,606.bmp	1,310457E+0	7,870024E-1	4,902598E-5	1,107786E-5
20220325 10:17:07,610	a1_1_43_20220325_10_17_07,610.bmp	1,262094E+0	8,073699E-1	4,902598E-5	1,107786E-5
20220325 10:17:13,621	a1_1_44_20220325_10_17_13,621.bmp	1,237912E+0	8,251915E-1	-3,769540E-3	1,107786E-5
20220325 10:17:19,628	a1_1_45_20220325_10_17_19,628.bmp	1,198458E+0	8,493780E-1	4,902598E-5	-3,807953E-3
20220325 10:17:25,632	a1_1_46_20220325_10_17_25,632.bmp	1,192094E+0	8,710185E-1	-1,223829E-3	-3,807953E-3
20220325 10:17:31,637	a1_1_47_20220325_10_17_31,637.bmp	1,178094E+0	8,888402E-1	-3,769540E-3	-3,807953E-3
20220325 10:17:37,642	a1_1_48_20220325_10_17_37,642.bmp	1,162822E+0	9,028429E-1	4,902598E-5	2,557098E-3
20220325 10:17:43,647	a1_1_49_20220325_10_17_43,647.bmp	1,165367E+0	9,270293E-1	-2,496685E-3	1,107786E-5
20220325 10:17:49,655	a1_1_50_20220325_10_17_49,655.bmp	1,160276E+0	9,473969E-1	-3,769540E-3	1,107786E-5
20220325 10:17:55,656	a1_1_51_20220325_10_17_55,656.bmp	1,137367E+0	9,626726E-1	4,902598E-5	2,557098E-3
20220325 10:18:01,658	a1_1_52_20220325_10_18_01,658.bmp	1,125913E+0	9,855861E-1	-3,769540E-3	1,107786E-5
20220325 10:18:07,662	a1_1_53_20220325_10_18_07,662.bmp	1,124640E+0	1,005954E+0	-2,496685E-3	1,107786E-5
20220325 10:18:13,666	a1_1_54_20220325_10_18_13,666.bmp	1,118276E+0	1,022502E+0	1,321881E-3	2,557098E-3
20220325 10:18:19,669	a1_1_55_20220325_10_18_19,669.bmp	1,120822E+0	1,045416E+0	4,902598E-5	1,107786E-5
20220325 10:18:25,677	a1_1_56_20220325_10_18_25,677.bmp	1,122095E+0	1,069602E+0	-3,769540E-3	-2,534943E-3
20220325 10:18:31,684	a1_1_57_20220325_10_18_31,684.bmp	1,124640E+0	1,087424E+0	1,321881E-3	1,284088E-3
20220325 10:18:37,690	a1_1_58_20220325_10_18_37,690.bmp	1,128458E+0	1,107791E+0	-5,042396E-3	-3,807953E-3
20220325 10:18:43,695	a1_1_59_20220325_10_18_43,695.bmp	1,129731E+0	1,125613E+0	4,902598E-5	-1,261932E-3
20220325 10:18:49,697	a1_1_60_20220325_10_18_49,697.bmp	1,129731E+0	1,145981E+0	-3,769540E-3	1,107786E-5
20220325 10:18:55,704	a1_1_61_20220325_10_18_55,704.bmp	1,124640E+0	1,166348E+0	-1,223829E-3	-1,261932E-3
20220325 10:19:01,709	a1_1_62_20220325_10_19_01,709.bmp	1,127185E+0	1,185443E+0	2,594737E-3	-1,261932E-3
20220325 10:19:07,714	a1_1_63_20220325_10_19_07,714.bmp	1,136094E+0	1,208356E+0	-5,042396E-3	-3,807953E-3
20220325 10:19:13,718	a1_1_64_20220325_10_19_13,718.bmp	1,128458E+0	1,228724E+0	-2,496685E-3	-3,807953E-3
20220325 10:19:19,722	a1_1_65_20220325_10_19_19,722.bmp	1,111913E+0	1,246545E+0	4,902598E-5	1,107786E-5
20220325 10:19:25,731	a1_1_66_20220325_10_19_25,731.bmp	1,092822E+0	1,268186E+0	-5,042396E-3	-3,807953E-3
20220325 10:19:31,738	a1_1_67_20220325_10_19_31,738.bmp	1,078822E+0	1,283462E+0	3,867592E-3	2,557098E-3
20220325 10:19:37,741	a1_1_68_20220325_10_19_37,741.bmp	1,081368E+0	1,306375E+0	-5,042396E-3	1,107786E-5
20220325 10:19:43,745	a1_1_69_20220325_10_19_43,745.bmp	1,075004E+0	1,326743E+0	4,902598E-5	1,107786E-5
20220325 10:19:49,747	a1_1_70_20220325_10_19_49,747.bmp	1,081368E+0	1,347110E+0	-3,769540E-3	1,107786E-5
20220325 10:19:55,751	a1_1_71_20220325_10_19_55,751.bmp	1,077549E+0	1,370024E+0	1,321881E-3	-3,807953E-3
20220325 10:20:01,758	a1_1_72_20220325_10_20_01,758.bmp	1,080095E+0	1,387845E+0	4,902598E-5	1,107786E-5
20220325 10:20:07,759	a1_1_73_20220325_10_20_07,759.bmp	1,076277E+0	1,403121E+0	1,321881E-3	1,284088E-3
20220325 10:20:13,768	a1_1_74_20220325_10_20_13,768.bmp	1,068640E+0	1,426035E+0	1,321881E-3	1,107786E-5
20220325 10:20:19,772	a1_1_75_20220325_10_20_19,772.bmp	1,054641E+0	1,447675E+0	-1,223829E-3	-1,261932E-3
20220325 10:20:25,773	a1_1_76_20220325_10_20_25,773.bmp	1,054641E+0	1,466770E+0	-1,223829E-3	-1,261932E-3
20220325 10:20:31,778	a1_1_77_20220325_10_20_31,778.bmp	1,045731E+0	1,484591E+0	2,594737E-3	3,830109E-3
20220325 10:20:37,780	a1_1_78_20220325_10_20_37,780.bmp	1,047004E+0	1,511324E+0	-2,496685E-3	-2,534943E-3
20220325 10:20:43,786	a1_1_79_20220325_10_20_43,786.bmp	1,038095E+0	1,525326E+0	2,594737E-3	3,830109E-3
20220325 10:20:49,794	a1_1_80_20220325_10_20_49,794.bmp	1,035550E+0	1,548240E+0	2,594737E-3	1,107786E-5
20220325 10:20:55,799	a1_1_81_20220325_10_20_55,799.bmp	1,033004E+0	1,568608E+0	-1,223829E-3	1,107786E-5
20220325 10:21:01,803	a1_1_82_20220325_10_21_01,803.bmp	1,025368E+0	1,587702E+0	4,902598E-5	-2,534943E-3
20220325 10:21:07,806	a1_1_83_20220325_10_21_07,806.bmp	1,012641E+0	1,608070E+0	-1,223829E-3	2,557098E-3
20220325 10:21:13,808	a1_1_84_20220325_10_21_13,808.bmp	1,005005E+0	1,627164E+0	4,902598E-5	1,107786E-5
20220325 10:21:19,816	a1_1_85_20220325_10_21_19,816.bmp	9,999137E-1	1,650078E+0	-3,769540E-3	-2,534943E-3
20220325 10:21:25,824	a1_1_86_20220325_10_21_25,824.bmp	9,986409E-1	1,664080E+0	4,902598E-5	2,557098E-3
20220325 10:21:31,829	a1_1_87_20220325_10_21_31,829.bmp	9,922773E-1	1,690813E+0	-2,496685E-3	-3,807953E-3
20220325 10:21:37,830	a1_1_88_20220325_10_21_37,830.bmp	9,082780E-1	1,702270E+0	1,321881E-3	2,557098E-3
20220325 10:21:43,833	a1_1_89_20220325_10_21_43,833.bmp	8,573693E-1	1,723910E+0	2,594737E-3	2,557098E-3
20220325 10:21:49,839	a1_1_90_20220325_10_21_49,839.bmp	8,573693E-1	1,750643E+0	-3,769540E-3	-3,807953E-3
20220325 10:21:55,847	a1_1_91_20220325_10_21_55,847.bmp	8,522784E-1	1,765918E+0	1,321881E-3	1,107786E-5
20220325 10:22:01,849	a1_1_92_20220325_10_22_01,849.bmp	8,433694E-1	1,782467E+0	2,594737E-3	1,284088E-3
20220325 10:22:07,852	a1_1_93_20220325_10_22_07,852.bmp	8,140968E-1	1,806653E+0	4,902598E-5	-1,261932E-3
20220325 10:22:13,853	a1_1_94_20220325_10_22_13,853.bmp	7,860971E-1	1,827021E+0	1,321881E-3	1,107786E-5
20220325 10:22:19,858	a1_1_95_20220325_10_22_19,858.bmp	7,860971E-1	1,848661E+0	-5,042396E-3	-3,807953E-3
20220325 10:22:25,861	a1_1_96_20220325_10_22_25,861.bmp	7,822789E-1	1,867756E+0	4,902598E-5	1,107786E-5
20220325 10:22:31,872	a1_1_97_20220325_10_22_31,872.bmp	7,759153E-1	1,886851E+0	-3,769540E-3	-1,261932E-3
20220325 10:22:37,874	a1_1_98_20220325_10_22_37,874.bmp	7,619154E-1	1,907218E+0	-1,223829E-3	-1,261932E-3
20220325 10:22:43,878	a1_1_99_20220325_10_22_43,878.bmp	7,580973E-1	1,922494E+0	2,594737E-3	3,830109E-3
20220325 10:22:49,879	a1_1_100_20220325_10_22_49,879.bmp	7,644608E-1	1,944134E+0	4,902598E-5	2,557098E-3
20220325 10:22:55,883	a1_1_101_20220325_10_22_55,883.bmp	7,568245E-1	1,965775E+0	2,594737E-3	1,107786E-5
20220325 10:23:01,888	a1_1_102_20220325_10_23_01,888.bmp	7,657336E-1	1,989961E+0	-3,769540E-3	-3,807953E-3
20220325 10:23:07,900	a1_1_103_20220325_10_23_07,900.bmp	7,631881E-1	2,007783E+0	3,867592E-3	1,107786E-5
20220325 10:23:13,904	a1_1_104_20220325_10_23_13,904.bmp	7,682790E-1	2,024332E+0	2,594737E-3	2,557098E-3
20220325 10:23:19,908	a1_1_105_20220325_10_23_19,908.bmp	7,746426E-1	2,043426E+0	-1,223829E-3	3,830109E-3
20220325 10:23:25,913	a1_1_106_20220325_10_23_25,913.bmp	7,810062E-1	2,070159E+0	-3,769540E-3	1,107786E-5
20220325 10:23:31,915	a1_1_107_20220325_10_23_31,915.bmp	7,835516E-1	2,087980E+0	1,321881E-3	1,107786E-5
20220325 10:23:37,917	a1_1_108_20220325_10_23_37,917.bmp	7,911879E-1	2,104529E+0	-1,223829E-3	2,557098E-3
20220325 10:23:43,920	a1_1_109_20220325_10_23_43,920.bmp	7,911879E-1	2,127442E+0	4,902598E-5	3,830109E-3
20220325 10:23:49,927	a1_1_110_20220325_10_23_49,927.bmp	7,950061E-1	2,146537E+0	1,321881E-3	1,107786E-5
20220325 10:23:55,934	a1_1_111_20220325_10_23_55,934.bmp	8,064605E-1	2,169451E+0	-3,769540E-3	-3,807953E-3
20220325 10:24:01,938	a1_1_112_20220325_10_24_01,938.bmp	8,077333E-1	2,189818E+0	-5,042396E-3	-3,807953E-3
20220325 10:24:07,943	a1_1_113_20220325_10_24_07,943.bmp	8,140968E-1	2,206367E+0	-5,042396E-3	1,107786E-5
20220325 10:24:13,946	a1_1_114_20220325_10_24_13,946.bmp	8,128241E-1	2,222915E+0	1,321881E-3	1,284088E-3
20220325 10:24:19,954	a1_1_115_20220325_10_24_19,954.bmp	8,191877E-1	2,250921E+0	-3,769540E-3	-3,807953E-3
20220325 10:24:25,962	a1_1_116_20220325_10_24_25,962.bmp	8,217332E-1	2,271288E+0	-5,042396E-3	-3,807953E-3
20220325 10:24:31,965	a1_1_117_20220325_10_24_31,965.bmp	8,230059E-1	2,286564E+0	4,902598E-5	1,107786E-5
20220325 10:24:37,967	a1_1_118_20220325_10_24_37,967.bmp	8,217332E-1	2,303113E+0	1,321881E-3	3,830109E-3
20220325 10:24:43,968	a1_1_119_20220325_10_24_43,968.bmp	8,268240E-1	2,331118E+0	-2,496685E-3	-3,807953E-3
20220325 10:24:49,972	a1_1_120_20220325_10_24_49,972.bmp	8,306422E-1	2,343848E+0	-1,223829E-3	2,557098E-3
20220325 10:24:55,976	a1_1_121_20220325_10_24_55,976.bmp	8,293695E-1	2,366761E+0	1,321881E-3	1,107786E-5
20220325 10:25:01,988	a1_1_122_20220325_10_25_01,988.bmp	8,331876E-1	2,389675E+0	-1,223829E-3	-3,807953E-3
20220325 10:25:07,994	a1_1_123_20220325_10_25_07,994.bmp	8,370058E-1	2,408769E+0	4,902598E-5	-3,807953E-3
20220325 10:25:13,994	a1_1_124_20220325_10_25_13,994.bmp	8,408239E-1	2,429137E+0	-1,223829E-3	-3,807953E-3
20220325 10:25:19,998	a1_1_125_20220325_10_25_19,998.bmp	8,382785E-1	2,449505E+0	-3,769540E-3	-3,807953E-3
20220325 10:25:26,000	a1_1_126_20220325_10_25_26,000.bmp	8,293695E-1	2,464780E+0	-1,223829E-3	-1,261932E-3
20220325 10:25:32,009	a1_1_127_20220325_10_25_32,009.bmp	7,644608E-1	2,481329E+0	4,902598E-5	2,557098E-3
20220325 10:25:38,018	a1_1_128_20220325_10_25_38,018.bmp	6,982795E-1	2,509334E+0	-3,769540E-3	-3,807953E-3
20220325 10:25:44,023	a1_1_129_20220325_10_25_44,023.bmp	6,970068E-1	2,527156E+0	-3,769540E-3	1,107786E-5
20220325 10:25:50,027	a1_1_130_20220325_10_25_50,027.bmp	6,919159E-1	2,546250E+0	2,594737E-3	-1,261932E-3
20220325 10:25:56,032	a1_1_131_20220325_10_25_56,032.bmp	6,995522E-1	2,566618E+0	-2,496685E-3	1,107786E-5
20220325 10:26:02,039	a1_1_132_20220325_10_26_02,039.bmp	7,020977E-1	2,585713E+0	-1,223829E-3	1,107786E-5
20220325 10:26:08,045	a1_1_133_20220325_10_26_08,045.bmp	6,982795E-1	2,602261E+0	2,594737E-3	2,557098E-3
20220325 10:26:14,049	a1_1_134_20220325_10_26_14,049.bmp	7,059158E-1	2,627721E+0	-3,769540E-3	-3,807953E-3
20220325 10:26:20,051	a1_1_135_20220325_10_26_20,051.bmp	7,033704E-1	2,642996E+0	2,594737E-3	2,557098E-3
20220325 10:26:26,053	a1_1_136_20220325_10_26_26,053.bmp	7,097340E-1	2,668456E+0	1,321881E-3	1,284088E-3
20220325 10:26:32,056	a1_1_137_20220325_10_26_32,056.bmp	7,059158E-1	2,683732E+0	2,594737E-3	1,284088E-3
20220325 10:26:38,058	a1_1_138_20220325_10_26_38,058.bmp	7,097340E-1	2,704099E+0	-1,223829E-3	3,830109E-3
20220325 10:26:44,069	a1_1_139_20220325_10_26_44,069.bmp	7,148248E-1	2,730832E+0	-2,496685E-3	-3,807953E-3
20220325 10:26:50,076	a1_1_140_20220325_10_26_50,076.bmp	7,199157E-1	2,747380E+0	-3,769540E-3	-1,261932E-3
20220325 10:26:56,082	a1_1_141_20220325_10_26_56,082.bmp	7,211884E-1	2,765202E+0	4,902598E-5	1,284088E-3
20220325 10:27:02,086	a1_1_142_20220325_10_27_02,086.bmp	7,211884E-1	2,784296E+0	4,902598E-5	3,830109E-3
20220325 10:27:08,087	a1_1_143_20220325_10_27_08,087.bmp	7,237339E-1	2,803391E+0	2,594737E-3	1,284088E-3
20220325 10:27:14,094	a1_1_144_20220325_10_27_14,094.bmp	7,300975E-1	2,826304E+0	1,321881E-3	-1,261932E-3
20220325 10:27:20,101	a1_1_145_20220325_10_27_20,101.bmp	7,339156E-1	2,845399E+0	4,902598E-5	1,107786E-5
20220325 10:27:26,105	a1_1_146_20220325_10_27_26,105.bmp	7,313702E-1	2,865767E+0	-1,223829E-3	1,107786E-5
20220325 10:27:32,110	a1_1_147_20220325_10_27_32,110.bmp	7,390065E-1	2,887407E+0	4,902598E-5	1,284088E-3
20220325 10:27:38,113	a1_1_148_20220325_10_27_38,113.bmp	7,453701E-1	2,907775E+0	1,321881E-3	-3,807953E-3
20220325 10:27:44,114	a1_1_149_20220325_10_27_44,114.bmp	7,491882E-1	2,929415E+0	-1,223829E-3	-3,807953E-3
20220325 10:27:50,124	a1_1_150_20220325_10_27_50,124.bmp	7,542791E-1	2,944691E+0	-1,223829E-3	1,107786E-5
20220325 10:27:56,129	a1_1_151_20220325_10_27_56,129.bmp	7,568245E-1	2,963785E+0	4,902598E-5	2,557098E-3
20220325 10:28:02,134	a1_1_152_20220325_10_28_02,134.bmp	7,606427E-1	2,989245E+0	-3,769540E-3	-3,807953E-3
20220325 10:28:08,136	a1_1_153_20220325_10_28_08,136.bmp	7,619154E-1	3,004521E+0	4,902598E-5	-3,807953E-3
