20220325 11:10:14,089	b1_0_306_20220325_11_10_14,089.bmp	-1,455324E-1	-1,115147E-2	4,902598E-5	1,284088E-3
20220325 11:10:20,099	b1_0_307_20220325_11_10_20,099.bmp	-4,425969E-4	-7,332548E-3	-1,223829E-3	1,107786E-5
20220325 11:10:26,102	b1_0_308_20220325_11_10_26,102.bmp	1,484654E-1	1,430799E-2	1,321881E-3	1,107786E-5
20220325 11:10:32,107	b1_0_309_20220325_11_10_32,107.bmp	2,439192E-1	3,849447E-2	4,902598E-5	-3,807953E-3
20220325 11:10:38,112	b1_0_310_20220325_11_10_38,112.bmp	3,724637E-1	5,122419E-2	4,902598E-5	1,284088E-3
20220325 11:10:44,115	b1_0_311_20220325_11_10_44,115.bmp	5,608260E-1	7,668364E-2	-5,042396E-3	1,107786E-5
20220325 11:10:50,124	b1_0_312_20220325_11_10_50,124.bmp	7,606427E-1	9,450526E-2	-1,223829E-3	1,284088E-3
20220325 11:10:56,128	b1_0_313_20220325_11_10_56,128.bmp	9,731866E-1	1,110539E-1	4,902598E-5	1,284088E-3
20220325 11:11:02,135	b1_0_314_20220325_11_11_02,135.bmp	1,189549E+0	1,352404E-1	4,902598E-5	1,107786E-5
20220325 11:11:08,142	b1_0_315_20220325_11_11_08,142.bmp	1,400820E+0	1,517890E-1	3,867592E-3	-1,261932E-3
20220325 11:11:14,146	b1_0_316_20220325_11_11_14,146.bmp	1,618455E+0	1,772485E-1	-3,769540E-3	-3,807953E-3
20220325 11:11:20,148	b1_0_317_20220325_11_11_20,148.bmp	1,820817E+0	1,950701E-1	2,594737E-3	1,107786E-5
20220325 11:11:26,153	b1_0_318_20220325_11_11_26,153.bmp	2,026997E+0	2,141647E-1	4,902598E-5	1,107786E-5
20220325 11:11:32,157	b1_0_319_20220325_11_11_32,157.bmp	2,231905E+0	2,396241E-1	4,902598E-5	-3,807953E-3
20220325 11:11:38,159	b1_0_320_20220325_11_11_38,159.bmp	2,429176E+0	2,574458E-1	-1,223829E-3	-3,807953E-3
20220325 11:11:44,159	b1_0_321_20220325_11_11_44,159.bmp	2,622629E+0	2,714485E-1	3,867592E-3	3,830109E-3
20220325 11:11:50,161	b1_0_322_20220325_11_11_50,161.bmp	2,808446E+0	2,905430E-1	2,594737E-3	3,830109E-3
20220325 11:11:56,166	b1_0_323_20220325_11_11_56,166.bmp	2,986626E+0	3,147295E-1	-1,223829E-3	-1,261932E-3
20220325 11:12:02,169	b1_0_324_20220325_11_12_02,169.bmp	3,138080E+0	3,389160E-1	-3,769540E-3	-3,807953E-3
20220325 11:12:08,173	b1_0_325_20220325_11_12_08,173.bmp	3,257715E+0	3,554646E-1	-1,223829E-3	-3,807953E-3
20220325 11:12:14,177	b1_0_326_20220325_11_12_14,177.bmp	3,331533E+0	3,783781E-1	4,902598E-5	-3,807953E-3
20220325 11:12:20,183	b1_0_327_20220325_11_12_20,183.bmp	3,350624E+0	3,911079E-1	4,902598E-5	3,830109E-3
20220325 11:12:26,185	b1_0_328_20220325_11_12_26,185.bmp	3,368442E+0	4,152944E-1	-1,223829E-3	1,107786E-5
20220325 11:12:32,191	b1_0_329_20220325_11_12_32,191.bmp	3,280624E+0	4,318430E-1	3,867592E-3	1,284088E-3
20220325 11:12:38,195	b1_0_330_20220325_11_12_38,195.bmp	3,208079E+0	4,534835E-1	4,902598E-5	1,284088E-3
20220325 11:12:44,199	b1_0_331_20220325_11_12_44,199.bmp	3,138080E+0	4,700322E-1	2,594737E-3	2,557098E-3
20220325 11:12:50,204	b1_0_332_20220325_11_12_50,204.bmp	3,050262E+0	4,916727E-1	3,867592E-3	2,557098E-3
20220325 11:12:56,209	b1_0_333_20220325_11_12_56,209.bmp	2,949717E+0	5,133132E-1	4,902598E-5	-1,261932E-3
20220325 11:13:02,213	b1_0_334_20220325_11_13_02,213.bmp	2,814809E+0	5,311349E-1	4,902598E-5	2,557098E-3
20220325 11:13:08,216	b1_0_335_20220325_11_13_08,216.bmp	2,707901E+0	5,565943E-1	-3,769540E-3	-3,807953E-3
20220325 11:13:14,217	b1_0_336_20220325_11_13_14,217.bmp	2,655720E+0	5,744159E-1	-1,223829E-3	-1,261932E-3
20220325 11:13:20,219	b1_0_337_20220325_11_13_20,219.bmp	2,609902E+0	5,947835E-1	-1,223829E-3	1,107786E-5
20220325 11:13:26,225	b1_0_338_20220325_11_13_26,225.bmp	2,548811E+0	6,100592E-1	4,902598E-5	3,830109E-3
20220325 11:13:32,235	b1_0_339_20220325_11_13_32,235.bmp	2,485175E+0	6,329727E-1	4,902598E-5	3,830109E-3
20220325 11:13:38,241	b1_0_340_20220325_11_13_38,241.bmp	2,445721E+0	6,571591E-1	-3,769540E-3	-3,807953E-3
20220325 11:13:44,244	b1_0_341_20220325_11_13_44,244.bmp	2,401176E+0	6,762537E-1	-3,769540E-3	1,107786E-5
20220325 11:13:50,248	b1_0_342_20220325_11_13_50,248.bmp	2,360449E+0	6,928024E-1	4,902598E-5	1,107786E-5
20220325 11:13:56,260	b1_0_343_20220325_11_13_56,260.bmp	2,324813E+0	7,144429E-1	2,594737E-3	1,284088E-3
20220325 11:14:02,265	b1_0_344_20220325_11_14_02,265.bmp	2,277722E+0	7,309916E-1	-1,223829E-3	2,557098E-3
20220325 11:14:08,270	b1_0_345_20220325_11_14_08,270.bmp	2,184814E+0	7,500861E-1	2,594737E-3	2,557098E-3
20220325 11:14:14,273	b1_0_346_20220325_11_14_14,273.bmp	2,011724E+0	7,768186E-1	-2,496685E-3	-5,080963E-3
20220325 11:14:20,284	b1_0_347_20220325_11_14_20,284.bmp	1,923907E+0	7,908213E-1	2,594737E-3	2,557098E-3
20220325 11:14:26,286	b1_0_348_20220325_11_14_26,286.bmp	1,906089E+0	8,175537E-1	-2,496685E-3	-3,807953E-3
20220325 11:14:32,296	b1_0_349_20220325_11_14_32,296.bmp	1,879362E+0	8,302834E-1	-1,223829E-3	1,284088E-3
20220325 11:14:38,297	b1_0_350_20220325_11_14_38,297.bmp	1,841180E+0	8,570158E-1	-3,769540E-3	1,107786E-5
20220325 11:14:44,301	b1_0_351_20220325_11_14_44,301.bmp	1,792817E+0	8,748375E-1	1,321881E-3	1,107786E-5
20220325 11:14:50,306	b1_0_352_20220325_11_14_50,306.bmp	1,777544E+0	8,964780E-1	-3,769540E-3	-3,807953E-3
20220325 11:14:56,311	b1_0_353_20220325_11_14_56,311.bmp	1,754635E+0	9,155726E-1	4,902598E-5	1,107786E-5
20220325 11:15:02,314	b1_0_354_20220325_11_15_02,314.bmp	1,725363E+0	9,359401E-1	-2,496685E-3	-1,261932E-3
20220325 11:15:08,319	b1_0_355_20220325_11_15_08,319.bmp	1,692272E+0	9,550347E-1	4,902598E-5	1,107786E-5
20220325 11:15:14,323	b1_0_356_20220325_11_15_14,323.bmp	1,668091E+0	9,728564E-1	4,902598E-5	1,107786E-5
20220325 11:15:20,332	b1_0_357_20220325_11_15_20,332.bmp	1,649000E+0	9,906780E-1	4,902598E-5	2,557098E-3
20220325 11:15:26,339	b1_0_358_20220325_11_15_26,339.bmp	1,632454E+0	1,013591E+0	4,902598E-5	-3,807953E-3
20220325 11:15:32,346	b1_0_359_20220325_11_15_32,346.bmp	1,622273E+0	1,035232E+0	-3,769540E-3	1,107786E-5
20220325 11:15:38,350	b1_0_360_20220325_11_15_38,350.bmp	1,607000E+0	1,051781E+0	2,594737E-3	3,830109E-3
20220325 11:15:44,352	b1_0_361_20220325_11_15_44,352.bmp	1,600636E+0	1,073421E+0	-1,223829E-3	1,107786E-5
20220325 11:15:50,356	b1_0_362_20220325_11_15_50,356.bmp	1,601909E+0	1,096335E+0	-3,769540E-3	-2,534943E-3
20220325 11:15:56,357	b1_0_363_20220325_11_15_56,357.bmp	1,589182E+0	1,117975E+0	4,902598E-5	-3,807953E-3
20220325 11:16:02,360	b1_0_364_20220325_11_16_02,360.bmp	1,576455E+0	1,130705E+0	1,321881E-3	2,557098E-3
20220325 11:16:08,370	b1_0_365_20220325_11_16_08,370.bmp	1,565000E+0	1,154891E+0	1,321881E-3	1,107786E-5
20220325 11:16:14,375	b1_0_366_20220325_11_16_14,375.bmp	1,557364E+0	1,173986E+0	-3,769540E-3	1,107786E-5
20220325 11:16:20,381	b1_0_367_20220325_11_16_20,381.bmp	1,523001E+0	1,190535E+0	3,867592E-3	2,557098E-3
20220325 11:16:26,382	b1_0_368_20220325_11_16_26,382.bmp	1,500092E+0	1,217267E+0	-3,769540E-3	-3,807953E-3
20220325 11:16:32,387	b1_0_369_20220325_11_16_32,387.bmp	1,493728E+0	1,237635E+0	-5,042396E-3	-3,807953E-3
20220325 11:16:38,392	b1_0_370_20220325_11_16_38,392.bmp	1,488637E+0	1,251637E+0	4,902598E-5	2,557098E-3
20220325 11:16:44,399	b1_0_371_20220325_11_16_44,399.bmp	1,491183E+0	1,275824E+0	-3,769540E-3	-3,807953E-3
20220325 11:16:50,401	b1_0_372_20220325_11_16_50,401.bmp	1,482274E+0	1,293645E+0	2,594737E-3	1,107786E-5
20220325 11:16:56,406	b1_0_373_20220325_11_16_56,406.bmp	1,486092E+0	1,314013E+0	4,902598E-5	-1,261932E-3
20220325 11:17:02,411	b1_0_374_20220325_11_17_02,411.bmp	1,482274E+0	1,335654E+0	4,902598E-5	-1,261932E-3
20220325 11:17:08,415	b1_0_375_20220325_11_17_08,415.bmp	1,477183E+0	1,350929E+0	1,321881E-3	2,557098E-3
20220325 11:17:14,417	b1_0_376_20220325_11_17_14,417.bmp	1,478456E+0	1,377662E+0	-1,223829E-3	-3,807953E-3
20220325 11:17:20,418	b1_0_377_20220325_11_17_20,418.bmp	1,475910E+0	1,394210E+0	-1,223829E-3	-2,534943E-3
20220325 11:17:26,423	b1_0_378_20220325_11_17_26,423.bmp	1,470819E+0	1,412032E+0	4,902598E-5	2,557098E-3
20220325 11:17:32,434	b1_0_379_20220325_11_17_32,434.bmp	1,468274E+0	1,434945E+0	-3,769540E-3	1,284088E-3
20220325 11:17:38,435	b1_0_380_20220325_11_17_38,435.bmp	1,461910E+0	1,454040E+0	4,902598E-5	1,284088E-3
20220325 11:17:44,437	b1_0_381_20220325_11_17_44,437.bmp	1,459365E+0	1,479499E+0	4,902598E-5	-3,807953E-3
20220325 11:17:50,440	b1_0_382_20220325_11_17_50,440.bmp	1,456819E+0	1,496048E+0	2,594737E-3	1,107786E-5
20220325 11:17:56,444	b1_0_383_20220325_11_17_56,444.bmp	1,453001E+0	1,515143E+0	4,902598E-5	1,107786E-5
20220325 11:18:02,451	b1_0_384_20220325_11_18_02,451.bmp	1,445365E+0	1,536783E+0	-1,223829E-3	-3,807953E-3
20220325 11:18:08,458	b1_0_385_20220325_11_18_08,458.bmp	1,425001E+0	1,555878E+0	2,594737E-3	2,557098E-3
20220325 11:18:14,459	b1_0_386_20220325_11_18_14,459.bmp	1,404638E+0	1,578791E+0	-3,769540E-3	-1,261932E-3
20220325 11:18:20,462	b1_0_387_20220325_11_18_20,462.bmp	1,333366E+0	1,591521E+0	4,902598E-5	2,557098E-3
20220325 11:18:26,465	b1_0_388_20220325_11_18_26,465.bmp	1,305366E+0	1,614435E+0	-3,769540E-3	-3,807953E-3
20220325 11:18:32,470	b1_0_389_20220325_11_18_32,470.bmp	1,287548E+0	1,636075E+0	4,902598E-5	-1,261932E-3
20220325 11:18:38,474	b1_0_390_20220325_11_18_38,474.bmp	1,279912E+0	1,655170E+0	4,902598E-5	-2,534943E-3
20220325 11:18:44,482	b1_0_391_20220325_11_18_44,482.bmp	1,262094E+0	1,678083E+0	4,902598E-5	-3,807953E-3
20220325 11:18:50,488	b1_0_392_20220325_11_18_50,488.bmp	1,245548E+0	1,694632E+0	4,902598E-5	1,107786E-5
20220325 11:18:56,496	b1_0_393_20220325_11_18_56,496.bmp	1,243003E+0	1,713726E+0	-1,223829E-3	1,107786E-5
20220325 11:19:02,499	b1_0_394_20220325_11_19_02,499.bmp	1,246821E+0	1,737913E+0	-5,042396E-3	-3,807953E-3
20220325 11:19:08,502	b1_0_395_20220325_11_19_08,502.bmp	1,239185E+0	1,755734E+0	4,902598E-5	1,107786E-5
20220325 11:19:14,503	b1_0_396_20220325_11_19_14,503.bmp	1,237912E+0	1,776102E+0	4,902598E-5	1,107786E-5
20220325 11:19:20,510	b1_0_397_20220325_11_19_20,510.bmp	1,227730E+0	1,790105E+0	2,594737E-3	1,284088E-3
20220325 11:19:26,516	b1_0_398_20220325_11_19_26,516.bmp	1,218821E+0	1,815564E+0	1,321881E-3	1,107786E-5
20220325 11:19:32,521	b1_0_399_20220325_11_19_32,521.bmp	1,201003E+0	1,834659E+0	-1,223829E-3	-1,261932E-3
20220325 11:19:38,522	b1_0_400_20220325_11_19_38,522.bmp	1,184458E+0	1,851207E+0	-1,223829E-3	2,557098E-3
20220325 11:19:44,525	b1_0_401_20220325_11_19_44,525.bmp	1,178094E+0	1,875394E+0	-3,769540E-3	-2,534943E-3
20220325 11:19:50,529	b1_0_402_20220325_11_19_50,529.bmp	1,167912E+0	1,894489E+0	-3,769540E-3	-1,261932E-3
20220325 11:19:56,535	b1_0_403_20220325_11_19_56,535.bmp	1,161549E+0	1,911037E+0	4,902598E-5	2,557098E-3
20220325 11:20:02,546	b1_0_404_20220325_11_20_02,546.bmp	1,156458E+0	1,935224E+0	-3,769540E-3	1,107786E-5
20220325 11:20:08,550	b1_0_405_20220325_11_20_08,550.bmp	1,152640E+0	1,958137E+0	-3,769540E-3	-2,534943E-3
20220325 11:20:14,552	b1_0_406_20220325_11_20_14,552.bmp	1,148822E+0	1,972140E+0	-1,223829E-3	1,107786E-5
20220325 11:20:20,556	b1_0_407_20220325_11_20_20,556.bmp	1,151367E+0	1,991234E+0	4,902598E-5	-1,261932E-3
20220325 11:20:26,562	b1_0_408_20220325_11_20_26,562.bmp	1,153913E+0	2,017967E+0	-2,496685E-3	-3,807953E-3
20220325 11:20:32,564	b1_0_409_20220325_11_20_32,564.bmp	1,156458E+0	2,034515E+0	-3,769540E-3	1,107786E-5
20220325 11:20:38,568	b1_0_410_20220325_11_20_38,568.bmp	1,157731E+0	2,053610E+0	4,902598E-5	-1,261932E-3
20220325 11:20:44,572	b1_0_411_20220325_11_20_44,572.bmp	1,156458E+0	2,073978E+0	4,902598E-5	1,107786E-5
20220325 11:20:50,579	b1_0_412_20220325_11_20_50,579.bmp	1,157731E+0	2,094345E+0	4,902598E-5	1,107786E-5
20220325 11:20:56,585	b1_0_413_20220325_11_20_56,585.bmp	1,159003E+0	2,115986E+0	4,902598E-5	-3,807953E-3
20220325 11:21:02,589	b1_0_414_20220325_11_21_02,589.bmp	1,161549E+0	2,133807E+0	4,902598E-5	1,107786E-5
20220325 11:21:08,593	b1_0_415_20220325_11_21_08,593.bmp	1,159003E+0	2,154175E+0	2,594737E-3	1,107786E-5
20220325 11:21:14,597	b1_0_416_20220325_11_21_14,597.bmp	1,162822E+0	2,174542E+0	4,902598E-5	1,107786E-5
20220325 11:21:20,602	b1_0_417_20220325_11_21_20,602.bmp	1,164094E+0	2,194910E+0	-2,496685E-3	1,107786E-5
20220325 11:21:26,607	b1_0_418_20220325_11_21_26,607.bmp	1,161549E+0	2,216551E+0	-1,223829E-3	-3,807953E-3
20220325 11:21:32,610	b1_0_419_20220325_11_21_32,610.bmp	1,156458E+0	2,231826E+0	3,867592E-3	1,284088E-3
20220325 11:21:38,614	b1_0_420_20220325_11_21_38,614.bmp	1,161549E+0	2,253467E+0	4,902598E-5	-1,261932E-3
20220325 11:21:44,620	b1_0_421_20220325_11_21_44,620.bmp	1,151367E+0	2,270015E+0	2,594737E-3	2,557098E-3
20220325 11:21:50,625	b1_0_422_20220325_11_21_50,625.bmp	1,155185E+0	2,294202E+0	-3,769540E-3	1,107786E-5
20220325 11:21:56,628	b1_0_423_20220325_11_21_56,628.bmp	1,141185E+0	2,314569E+0	4,902598E-5	1,107786E-5
20220325 11:22:02,635	b1_0_424_20220325_11_22_02,635.bmp	1,136094E+0	2,337483E+0	-5,042396E-3	-3,807953E-3
20220325 11:22:08,639	b1_0_425_20220325_11_22_08,639.bmp	1,131004E+0	2,357851E+0	-3,769540E-3	-3,807953E-3
20220325 11:22:14,642	b1_0_426_20220325_11_22_14,642.bmp	1,122095E+0	2,373126E+0	4,902598E-5	-1,261932E-3
20220325 11:22:20,649	b1_0_427_20220325_11_22_20,649.bmp	1,119549E+0	2,397313E+0	-2,496685E-3	-3,807953E-3
20220325 11:22:26,658	b1_0_428_20220325_11_22_26,658.bmp	1,113186E+0	2,413861E+0	-3,769540E-3	-1,261932E-3
20220325 11:22:32,659	b1_0_429_20220325_11_22_32,659.bmp	1,103004E+0	2,431683E+0	2,594737E-3	2,557098E-3
20220325 11:22:38,660	b1_0_430_20220325_11_22_38,660.bmp	1,106822E+0	2,455869E+0	4,902598E-5	-3,807953E-3
20220325 11:22:44,661	b1_0_431_20220325_11_22_44,661.bmp	1,096640E+0	2,474964E+0	1,321881E-3	-1,261932E-3
20220325 11:22:50,666	b1_0_432_20220325_11_22_50,666.bmp	1,091549E+0	2,496605E+0	-3,769540E-3	-3,807953E-3
20220325 11:22:56,675	b1_0_433_20220325_11_22_56,675.bmp	1,075004E+0	2,514426E+0	4,902598E-5	1,107786E-5
20220325 11:23:02,681	b1_0_434_20220325_11_23_02,681.bmp	1,066095E+0	2,534794E+0	-2,496685E-3	1,107786E-5
20220325 11:23:08,686	b1_0_435_20220325_11_23_08,686.bmp	1,059731E+0	2,556434E+0	-2,496685E-3	-3,807953E-3
20220325 11:23:14,690	b1_0_436_20220325_11_23_14,690.bmp	1,057186E+0	2,575529E+0	4,902598E-5	-1,261932E-3
20220325 11:23:20,695	b1_0_437_20220325_11_23_20,695.bmp	1,054641E+0	2,593350E+0	4,902598E-5	-3,807953E-3
20220325 11:23:26,707	b1_0_438_20220325_11_23_26,707.bmp	1,055913E+0	2,611172E+0	4,902598E-5	1,284088E-3
20220325 11:23:32,710	b1_0_439_20220325_11_23_32,710.bmp	1,050822E+0	2,631540E+0	3,867592E-3	2,557098E-3
20220325 11:23:38,716	b1_0_440_20220325_11_23_38,716.bmp	1,052095E+0	2,655726E+0	4,902598E-5	1,107786E-5
20220325 11:23:44,721	b1_0_441_20220325_11_23_44,721.bmp	1,047004E+0	2,676094E+0	1,321881E-3	1,107786E-5
20220325 11:23:50,728	b1_0_442_20220325_11_23_50,728.bmp	1,045731E+0	2,695188E+0	-1,223829E-3	1,107786E-5
20220325 11:23:56,734	b1_0_443_20220325_11_23_56,734.bmp	1,041913E+0	2,715556E+0	-1,223829E-3	1,107786E-5
20220325 11:24:02,735	b1_0_444_20220325_11_24_02,735.bmp	1,034277E+0	2,730832E+0	1,321881E-3	2,557098E-3
20220325 11:24:08,740	b1_0_445_20220325_11_24_08,740.bmp	1,030459E+0	2,753745E+0	3,867592E-3	-1,261932E-3
20220325 11:24:14,743	b1_0_446_20220325_11_24_14,743.bmp	1,031732E+0	2,770294E+0	4,902598E-5	2,557098E-3
20220325 11:24:20,746	b1_0_447_20220325_11_24_20,746.bmp	1,034277E+0	2,797026E+0	-2,496685E-3	-2,534943E-3
20220325 11:24:26,750	b1_0_448_20220325_11_24_26,750.bmp	1,027913E+0	2,811029E+0	2,594737E-3	2,557098E-3
20220325 11:24:32,753	b1_0_449_20220325_11_24_32,753.bmp	1,030459E+0	2,833942E+0	4,902598E-5	1,107786E-5
20220325 11:24:38,756	b1_0_450_20220325_11_24_38,756.bmp	1,024095E+0	2,854310E+0	2,594737E-3	-1,261932E-3
20220325 11:24:44,760	b1_0_451_20220325_11_24_44,760.bmp	1,031732E+0	2,875950E+0	4,902598E-5	1,107786E-5
20220325 11:24:50,763	b1_0_452_20220325_11_24_50,763.bmp	1,029186E+0	2,889953E+0	-2,496685E-3	3,830109E-3
20220325 11:24:56,767	b1_0_453_20220325_11_24_56,767.bmp	1,034277E+0	2,916686E+0	-2,496685E-3	-3,807953E-3
20220325 11:25:02,775	b1_0_454_20220325_11_25_02,775.bmp	1,027913E+0	2,934507E+0	-1,223829E-3	1,107786E-5
20220325 11:25:08,782	b1_0_455_20220325_11_25_08,782.bmp	1,020277E+0	2,951056E+0	3,867592E-3	3,830109E-3
20220325 11:25:14,786	b1_0_456_20220325_11_25_14,786.bmp	1,016459E+0	2,977788E+0	4,902598E-5	-3,807953E-3
20220325 11:25:20,791	b1_0_457_20220325_11_25_20,791.bmp	1,013914E+0	2,990518E+0	4,902598E-5	2,557098E-3
20220325 11:25:26,797	b1_0_458_20220325_11_25_26,797.bmp	1,015186E+0	3,001975E+0	-3,769540E-3	-3,807953E-3
