20220411 12:15:48,685	c_0_879_20220411_12_15_48,685.bmp	4,648275E-3	-3,513630E-3	-2,496685E-3	1,107786E-5
20220411 12:15:54,690	c_0_880_20220411_12_15_54,690.bmp	7,193710E-3	4,124205E-3	-3,769540E-3	-3,807953E-3
20220411 12:16:00,694	c_0_881_20220411_12_16_00,694.bmp	1,382837E-1	2,194582E-2	-2,496685E-3	-1,261932E-3
20220411 12:16:06,698	c_0_882_20220411_12_16_06,698.bmp	3,024643E-1	4,485933E-2	-3,769540E-3	-3,807953E-3
20220411 12:16:12,706	c_0_883_20220411_12_16_12,706.bmp	4,704630E-1	6,013500E-2	-1,223829E-3	1,107786E-5
20220411 12:16:18,713	c_0_884_20220411_12_16_18,713.bmp	6,448254E-1	8,177553E-2	3,867592E-3	-1,261932E-3
20220411 12:16:24,716	c_0_885_20220411_12_16_24,716.bmp	8,331876E-1	9,832418E-2	4,902598E-5	1,284088E-3
20220411 12:16:30,717	c_0_886_20220411_12_16_30,717.bmp	1,020277E+0	1,212377E-1	2,594737E-3	1,107786E-5
20220411 12:16:36,719	c_0_887_20220411_12_16_36,719.bmp	1,209912E+0	1,403323E-1	-2,496685E-3	1,107786E-5
20220411 12:16:42,723	c_0_888_20220411_12_16_42,723.bmp	1,393183E+0	1,581539E-1	1,321881E-3	2,557098E-3
20220411 12:16:48,724	c_0_889_20220411_12_16_48,724.bmp	1,570091E+0	1,836133E-1	-1,223829E-3	-1,261932E-3
20220411 12:16:54,729	c_0_890_20220411_12_16_54,729.bmp	1,745726E+0	2,027079E-1	4,902598E-5	-1,261932E-3
20220411 12:17:00,735	c_0_891_20220411_12_17_00,735.bmp	1,916271E+0	2,192566E-1	1,321881E-3	2,557098E-3
20220411 12:17:06,738	c_0_892_20220411_12_17_06,738.bmp	2,067724E+0	2,408971E-1	1,321881E-3	1,107786E-5
20220411 12:17:12,742	c_0_893_20220411_12_17_12,742.bmp	2,183541E+0	2,599917E-1	4,902598E-5	1,107786E-5
20220411 12:17:18,745	c_0_894_20220411_12_17_18,745.bmp	2,264995E+0	2,790863E-1	4,902598E-5	1,107786E-5
20220411 12:17:24,753	c_0_895_20220411_12_17_24,753.bmp	2,230632E+0	3,007268E-1	-3,769540E-3	1,107786E-5
20220411 12:17:30,756	c_0_896_20220411_12_17_30,756.bmp	1,970997E+0	3,210944E-1	4,902598E-5	-1,261932E-3
20220411 12:17:36,760	c_0_897_20220411_12_17_36,760.bmp	1,907362E+0	3,414619E-1	4,902598E-5	1,107786E-5
20220411 12:17:42,761	c_0_898_20220411_12_17_42,761.bmp	1,813180E+0	3,567376E-1	4,902598E-5	2,557098E-3
20220411 12:17:48,762	c_0_899_20220411_12_17_48,762.bmp	1,660454E+0	3,771052E-1	4,902598E-5	1,107786E-5
20220411 12:17:54,765	c_0_900_20220411_12_17_54,765.bmp	1,486092E+0	4,000187E-1	4,902598E-5	1,107786E-5
20220411 12:18:00,766	c_0_901_20220411_12_18_00,766.bmp	1,441547E+0	4,216592E-1	1,321881E-3	-5,080963E-3
20220411 12:18:06,767	c_0_902_20220411_12_18_06,767.bmp	1,437729E+0	4,382079E-1	4,902598E-5	3,830109E-3
20220411 12:18:12,772	c_0_903_20220411_12_18_12,772.bmp	1,431365E+0	4,585754E-1	2,594737E-3	3,830109E-3
20220411 12:18:18,775	c_0_904_20220411_12_18_18,775.bmp	1,446638E+0	4,840349E-1	-3,769540E-3	-1,261932E-3
20220411 12:18:24,777	c_0_905_20220411_12_18_24,777.bmp	1,442819E+0	5,031295E-1	4,902598E-5	-3,807953E-3
20220411 12:18:30,780	c_0_906_20220411_12_18_30,780.bmp	1,377911E+0	5,247700E-1	1,321881E-3	-3,807953E-3
20220411 12:18:36,785	c_0_907_20220411_12_18_36,785.bmp	1,300275E+0	5,413186E-1	1,321881E-3	1,107786E-5
20220411 12:18:42,790	c_0_908_20220411_12_18_42,790.bmp	1,217548E+0	5,604132E-1	-1,223829E-3	2,557098E-3
20220411 12:18:48,792	c_0_909_20220411_12_18_48,792.bmp	1,173003E+0	5,795078E-1	-5,042396E-3	1,107786E-5
20220411 12:18:54,797	c_0_910_20220411_12_18_54,797.bmp	1,175549E+0	5,986024E-1	-3,769540E-3	1,107786E-5
20220411 12:19:00,804	c_0_911_20220411_12_19_00,804.bmp	1,184458E+0	6,215159E-1	-3,769540E-3	-3,807953E-3
20220411 12:19:06,808	c_0_912_20220411_12_19_06,808.bmp	1,176821E+0	6,380646E-1	2,594737E-3	2,557098E-3
20220411 12:19:12,816	c_0_913_20220411_12_19_12,816.bmp	1,206094E+0	6,609781E-1	-1,223829E-3	1,107786E-5
20220411 12:19:18,819	c_0_914_20220411_12_19_18,819.bmp	1,234094E+0	6,775267E-1	2,594737E-3	1,284088E-3
20220411 12:19:24,821	c_0_915_20220411_12_19_24,821.bmp	1,262094E+0	6,966213E-1	3,867592E-3	1,284088E-3
20220411 12:19:30,822	c_0_916_20220411_12_19_30,822.bmp	1,296457E+0	7,220808E-1	4,902598E-5	1,107786E-5
20220411 12:19:36,826	c_0_917_20220411_12_19_36,826.bmp	1,329548E+0	7,399024E-1	-3,769540E-3	-2,534943E-3
20220411 12:19:42,831	c_0_918_20220411_12_19_42,831.bmp	1,355002E+0	7,615429E-1	-1,223829E-3	-1,261932E-3
20220411 12:19:48,834	c_0_919_20220411_12_19_48,834.bmp	1,390638E+0	7,831834E-1	-3,769540E-3	-3,807953E-3
20220411 12:19:54,834	c_0_920_20220411_12_19_54,834.bmp	1,400820E+0	7,984591E-1	2,594737E-3	1,284088E-3
20220411 12:20:00,839	c_0_921_20220411_12_20_00,839.bmp	1,422456E+0	8,213726E-1	4,902598E-5	1,107786E-5
20220411 12:20:06,845	c_0_922_20220411_12_20_06,845.bmp	1,441547E+0	8,442861E-1	-2,496685E-3	-3,807953E-3
20220411 12:20:12,846	c_0_923_20220411_12_20_12,846.bmp	1,433910E+0	8,608348E-1	4,902598E-5	1,107786E-5
20220411 12:20:18,852	c_0_924_20220411_12_20_18,852.bmp	1,377911E+0	8,837483E-1	-5,042396E-3	-3,807953E-3
20220411 12:20:24,853	c_0_925_20220411_12_20_24,853.bmp	1,316820E+0	9,028429E-1	-3,769540E-3	-3,807953E-3
20220411 12:20:30,859	c_0_926_20220411_12_20_30,859.bmp	1,285002E+0	9,181185E-1	3,867592E-3	2,557098E-3
20220411 12:20:36,864	c_0_927_20220411_12_20_36,864.bmp	1,276093E+0	9,448510E-1	4,902598E-5	-3,807953E-3
20220411 12:20:42,867	c_0_928_20220411_12_20_42,867.bmp	1,272275E+0	9,588537E-1	4,902598E-5	1,284088E-3
20220411 12:20:48,868	c_0_929_20220411_12_20_48,868.bmp	1,271003E+0	9,804942E-1	1,321881E-3	3,830109E-3
20220411 12:20:54,872	c_0_930_20220411_12_20_54,872.bmp	1,281184E+0	9,983158E-1	4,902598E-5	3,830109E-3
20220411 12:21:00,874	c_0_931_20220411_12_21_00,874.bmp	1,287548E+0	1,021229E+0	-1,223829E-3	-1,261932E-3
20220411 12:21:06,879	c_0_932_20220411_12_21_06,879.bmp	1,295184E+0	1,041597E+0	-1,223829E-3	1,107786E-5
20220411 12:21:12,880	c_0_933_20220411_12_21_12,880.bmp	1,306639E+0	1,056873E+0	2,594737E-3	2,557098E-3
20220411 12:21:18,883	c_0_934_20220411_12_21_18,883.bmp	1,329548E+0	1,081059E+0	-5,042396E-3	-1,261932E-3
20220411 12:21:24,888	c_0_935_20220411_12_21_24,888.bmp	1,341002E+0	1,105246E+0	-3,769540E-3	-3,807953E-3
20220411 12:21:30,890	c_0_936_20220411_12_21_30,890.bmp	1,349911E+0	1,124340E+0	-1,223829E-3	-3,807953E-3
20220411 12:21:36,895	c_0_937_20220411_12_21_36,895.bmp	1,344820E+0	1,138343E+0	2,594737E-3	1,284088E-3
20220411 12:21:42,902	c_0_938_20220411_12_21_42,902.bmp	1,263366E+0	1,162529E+0	3,867592E-3	1,107786E-5
20220411 12:21:48,908	c_0_939_20220411_12_21_48,908.bmp	9,910046E-1	1,181624E+0	-3,769540E-3	1,107786E-5
20220411 12:21:54,910	c_0_940_20220411_12_21_54,910.bmp	9,960955E-1	1,196900E+0	-1,223829E-3	3,830109E-3
20220411 12:22:00,914	c_0_941_20220411_12_22_00,914.bmp	1,007550E+0	1,224905E+0	-3,769540E-3	-5,080963E-3
20220411 12:22:06,917	c_0_942_20220411_12_22_06,917.bmp	1,017732E+0	1,244000E+0	-3,769540E-3	-5,080963E-3
20220411 12:22:12,922	c_0_943_20220411_12_22_12,922.bmp	1,031732E+0	1,263094E+0	-3,769540E-3	-3,807953E-3
20220411 12:22:18,927	c_0_944_20220411_12_22_18,927.bmp	1,039368E+0	1,282189E+0	-2,496685E-3	-1,261932E-3
20220411 12:22:24,929	c_0_945_20220411_12_22_24,929.bmp	1,047004E+0	1,301283E+0	-1,223829E-3	1,107786E-5
20220411 12:22:30,933	c_0_946_20220411_12_22_30,933.bmp	1,048277E+0	1,317832E+0	3,867592E-3	3,830109E-3
20220411 12:22:36,933	c_0_947_20220411_12_22_36,933.bmp	1,050822E+0	1,340745E+0	4,902598E-5	1,107786E-5
20220411 12:22:42,934	c_0_948_20220411_12_22_42,934.bmp	1,048277E+0	1,362386E+0	4,902598E-5	1,107786E-5
20220411 12:22:48,935	c_0_949_20220411_12_22_48,935.bmp	1,048277E+0	1,385299E+0	-2,496685E-3	-2,534943E-3
20220411 12:22:54,938	c_0_950_20220411_12_22_54,938.bmp	1,038095E+0	1,401848E+0	4,902598E-5	1,107786E-5
20220411 12:23:00,941	c_0_951_20220411_12_23_00,941.bmp	9,782775E-1	1,417124E+0	1,321881E-3	2,557098E-3
20220411 12:23:06,942	c_0_952_20220411_12_23_06,942.bmp	7,351883E-1	1,442583E+0	-2,496685E-3	1,107786E-5
20220411 12:23:12,944	c_0_953_20220411_12_23_12,944.bmp	6,995522E-1	1,457859E+0	1,321881E-3	1,284088E-3
20220411 12:23:18,952	c_0_954_20220411_12_23_18,952.bmp	6,779160E-1	1,478226E+0	2,594737E-3	2,557098E-3
20220411 12:23:24,956	c_0_955_20220411_12_23_24,956.bmp	6,715524E-1	1,501140E+0	1,321881E-3	1,107786E-5
20220411 12:23:30,960	c_0_956_20220411_12_23_30,960.bmp	6,728252E-1	1,521508E+0	1,321881E-3	1,107786E-5
20220411 12:23:36,961	c_0_957_20220411_12_23_36,961.bmp	6,791887E-1	1,538056E+0	4,902598E-5	2,557098E-3
20220411 12:23:42,963	c_0_958_20220411_12_23_42,963.bmp	6,893705E-1	1,564789E+0	-2,496685E-3	-3,807953E-3
20220411 12:23:48,964	c_0_959_20220411_12_23_48,964.bmp	6,931886E-1	1,583883E+0	-2,496685E-3	-3,807953E-3
20220411 12:23:54,968	c_0_960_20220411_12_23_54,968.bmp	7,059158E-1	1,604251E+0	-2,496685E-3	1,107786E-5
20220411 12:24:00,970	c_0_961_20220411_12_24_00,970.bmp	7,160976E-1	1,620799E+0	-2,496685E-3	1,107786E-5
20220411 12:24:06,973	c_0_962_20220411_12_24_06,973.bmp	7,186430E-1	1,637348E+0	3,867592E-3	2,557098E-3
20220411 12:24:12,977	c_0_963_20220411_12_24_12,977.bmp	7,326429E-1	1,660262E+0	-1,223829E-3	2,557098E-3
20220411 12:24:18,982	c_0_964_20220411_12_24_18,982.bmp	7,402792E-1	1,683175E+0	1,321881E-3	1,107786E-5
20220411 12:24:24,985	c_0_965_20220411_12_24_24,985.bmp	7,517337E-1	1,706089E+0	-3,769540E-3	-3,807953E-3
20220411 12:24:30,986	c_0_966_20220411_12_24_30,986.bmp	7,580973E-1	1,716272E+0	1,321881E-3	1,284088E-3
20220411 12:24:36,991	c_0_967_20220411_12_24_36,991.bmp	7,695517E-1	1,741732E+0	-3,769540E-3	-2,534943E-3
20220411 12:24:42,992	c_0_968_20220411_12_24_42,992.bmp	7,784607E-1	1,762099E+0	4,902598E-5	1,107786E-5
20220411 12:24:49,001	c_0_969_20220411_12_24_49,001.bmp	7,886425E-1	1,781194E+0	1,321881E-3	-1,261932E-3
20220411 12:24:55,008	c_0_970_20220411_12_24_55,008.bmp	7,950061E-1	1,797743E+0	4,902598E-5	2,557098E-3
20220411 12:25:01,012	c_0_971_20220411_12_25_01,012.bmp	8,102787E-1	1,820656E+0	-3,769540E-3	1,107786E-5
20220411 12:25:07,017	c_0_972_20220411_12_25_07,017.bmp	8,166423E-1	1,841024E+0	-5,042396E-3	-1,261932E-3
20220411 12:25:13,021	c_0_973_20220411_12_25_13,021.bmp	8,204604E-1	1,862664E+0	-2,496685E-3	1,107786E-5
20220411 12:25:19,021	c_0_974_20220411_12_25_19,021.bmp	8,306422E-1	1,880486E+0	4,902598E-5	1,107786E-5
20220411 12:25:25,022	c_0_975_20220411_12_25_25,022.bmp	8,370058E-1	1,898307E+0	2,594737E-3	1,284088E-3
20220411 12:25:31,024	c_0_976_20220411_12_25_31,024.bmp	8,446421E-1	1,917402E+0	3,867592E-3	3,830109E-3
20220411 12:25:37,025	c_0_977_20220411_12_25_37,025.bmp	8,548238E-1	1,940316E+0	1,321881E-3	-1,261932E-3
20220411 12:25:43,030	c_0_978_20220411_12_25_43,030.bmp	8,650056E-1	1,961956E+0	4,902598E-5	1,107786E-5
20220411 12:25:49,035	c_0_979_20220411_12_25_49,035.bmp	8,713691E-1	1,981051E+0	-1,223829E-3	-2,534943E-3
20220411 12:25:55,039	c_0_980_20220411_12_25_55,039.bmp	8,777327E-1	1,997599E+0	-1,223829E-3	1,284088E-3
20220411 12:26:01,046	c_0_981_20220411_12_26_01,046.bmp	8,904599E-1	2,024332E+0	-3,769540E-3	-3,807953E-3
20220411 12:26:07,048	c_0_982_20220411_12_26_07,048.bmp	8,930054E-1	2,045972E+0	-5,042396E-3	-3,807953E-3
20220411 12:26:13,053	c_0_983_20220411_12_26_13,053.bmp	8,980962E-1	2,057429E+0	2,594737E-3	2,557098E-3
20220411 12:26:19,057	c_0_984_20220411_12_26_19,057.bmp	9,082780E-1	2,081615E+0	-1,223829E-3	1,107786E-5
20220411 12:26:25,059	c_0_985_20220411_12_26_25,059.bmp	9,133688E-1	2,100710E+0	-3,769540E-3	1,107786E-5
20220411 12:26:31,064	c_0_986_20220411_12_26_31,064.bmp	9,146416E-1	2,123624E+0	-5,042396E-3	-3,807953E-3
20220411 12:26:37,065	c_0_987_20220411_12_26_37,065.bmp	9,057325E-1	2,142718E+0	-3,769540E-3	-3,807953E-3
20220411 12:26:43,072	c_0_988_20220411_12_26_43,072.bmp	8,560965E-1	2,161813E+0	3,867592E-3	-1,261932E-3
20220411 12:26:49,074	c_0_989_20220411_12_26_49,074.bmp	6,320982E-1	2,179634E+0	1,321881E-3	-1,261932E-3
20220411 12:26:55,079	c_0_990_20220411_12_26_55,079.bmp	6,053711E-1	2,201275E+0	-1,223829E-3	-1,261932E-3
20220411 12:27:01,084	c_0_991_20220411_12_27_01,084.bmp	6,015530E-1	2,221642E+0	3,867592E-3	3,830109E-3
20220411 12:27:07,089	c_0_992_20220411_12_27_07,089.bmp	6,028257E-1	2,236918E+0	3,867592E-3	1,284088E-3
20220411 12:27:13,090	c_0_993_20220411_12_27_13,090.bmp	6,066438E-1	2,261105E+0	1,321881E-3	-1,261932E-3
20220411 12:27:19,097	c_0_994_20220411_12_27_19,097.bmp	6,180983E-1	2,284018E+0	-3,769540E-3	-3,807953E-3
20220411 12:27:25,102	c_0_995_20220411_12_27_25,102.bmp	6,219164E-1	2,301840E+0	-2,496685E-3	1,107786E-5
20220411 12:27:31,103	c_0_996_20220411_12_27_31,103.bmp	6,282800E-1	2,324753E+0	-3,769540E-3	-3,807953E-3
20220411 12:27:37,104	c_0_997_20220411_12_27_37,104.bmp	6,346436E-1	2,342575E+0	-3,769540E-3	-3,807953E-3
20220411 12:27:43,110	c_0_998_20220411_12_27_43,110.bmp	6,346436E-1	2,364215E+0	-1,223829E-3	-3,807953E-3
20220411 12:27:49,114	c_0_999_20220411_12_27_49,114.bmp	6,384618E-1	2,378218E+0	1,321881E-3	2,557098E-3
20220411 12:27:55,115	c_0_1000_20220411_12_27_55,115.bmp	6,499162E-1	2,404951E+0	-3,769540E-3	-5,080963E-3
20220411 12:28:01,118	c_0_1001_20220411_12_28_01,118.bmp	6,511890E-1	2,418953E+0	2,594737E-3	1,107786E-5
20220411 12:28:07,120	c_0_1002_20220411_12_28_07,120.bmp	6,588253E-1	2,441867E+0	-1,223829E-3	1,107786E-5
20220411 12:28:13,124	c_0_1003_20220411_12_28_13,124.bmp	6,639161E-1	2,457142E+0	1,321881E-3	2,557098E-3
20220411 12:28:19,127	c_0_1004_20220411_12_28_19,127.bmp	6,728252E-1	2,482602E+0	-3,769540E-3	-3,807953E-3
20220411 12:28:25,128	c_0_1005_20220411_12_28_25,128.bmp	6,740979E-1	2,500423E+0	4,902598E-5	1,107786E-5
20220411 12:28:31,129	c_0_1006_20220411_12_28_31,129.bmp	6,842796E-1	2,520791E+0	-3,769540E-3	1,107786E-5
20220411 12:28:37,131	c_0_1007_20220411_12_28_37,131.bmp	6,842796E-1	2,537340E+0	3,867592E-3	2,557098E-3
20220411 12:28:43,133	c_0_1008_20220411_12_28_43,133.bmp	6,893705E-1	2,556434E+0	2,594737E-3	-1,261932E-3
20220411 12:28:49,137	c_0_1009_20220411_12_28_49,137.bmp	6,995522E-1	2,580621E+0	-3,769540E-3	-1,261932E-3
20220411 12:28:55,139	c_0_1010_20220411_12_28_55,139.bmp	6,995522E-1	2,595896E+0	2,594737E-3	2,557098E-3
20220411 12:29:01,141	c_0_1011_20220411_12_29_01,141.bmp	7,110067E-1	2,617537E+0	4,902598E-5	2,557098E-3
20220411 12:29:07,147	c_0_1012_20220411_12_29_07,147.bmp	7,199157E-1	2,642996E+0	-2,496685E-3	-3,807953E-3
20220411 12:29:13,150	c_0_1013_20220411_12_29_13,150.bmp	7,186430E-1	2,656999E+0	2,594737E-3	2,557098E-3
20220411 12:29:19,155	c_0_1014_20220411_12_29_19,155.bmp	7,262793E-1	2,678640E+0	2,594737E-3	1,284088E-3
20220411 12:29:25,157	c_0_1015_20220411_12_29_25,157.bmp	7,351883E-1	2,702826E+0	-1,223829E-3	1,107786E-5
20220411 12:29:31,163	c_0_1016_20220411_12_29_31,163.bmp	7,415519E-1	2,725740E+0	-3,769540E-3	-3,807953E-3
20220411 12:29:37,168	c_0_1017_20220411_12_29_37,168.bmp	7,466428E-1	2,742288E+0	-3,769540E-3	1,107786E-5
20220411 12:29:43,172	c_0_1018_20220411_12_29_43,172.bmp	7,479155E-1	2,760110E+0	2,594737E-3	1,107786E-5
20220411 12:29:49,177	c_0_1019_20220411_12_29_49,177.bmp	7,530064E-1	2,776659E+0	1,321881E-3	3,830109E-3
20220411 12:29:55,178	c_0_1020_20220411_12_29_55,178.bmp	7,644608E-1	2,804664E+0	-3,769540E-3	-5,080963E-3
20220411 12:30:01,183	c_0_1021_20220411_12_30_01,183.bmp	7,606427E-1	2,819940E+0	-1,223829E-3	1,107786E-5
20220411 12:30:07,184	c_0_1022_20220411_12_30_07,184.bmp	7,708244E-1	2,836488E+0	4,902598E-5	1,284088E-3
20220411 12:30:13,188	c_0_1023_20220411_12_30_13,188.bmp	7,720972E-1	2,860675E+0	3,867592E-3	2,557098E-3
20220411 12:30:19,189	c_0_1024_20220411_12_30_19,189.bmp	7,797335E-1	2,883588E+0	1,321881E-3	1,107786E-5
20220411 12:30:25,197	c_0_1025_20220411_12_30_25,197.bmp	7,860971E-1	2,900137E+0	4,902598E-5	1,107786E-5
20220411 12:30:31,202	c_0_1026_20220411_12_30_31,202.bmp	7,950061E-1	2,923050E+0	-3,769540E-3	-3,807953E-3
20220411 12:30:37,206	c_0_1027_20220411_12_30_37,206.bmp	7,950061E-1	2,942145E+0	-1,223829E-3	-3,807953E-3
20220411 12:30:43,208	c_0_1028_20220411_12_30_43,208.bmp	8,013697E-1	2,958694E+0	-3,769540E-3	1,107786E-5
20220411 12:30:49,210	c_0_1029_20220411_12_30_49,210.bmp	8,026424E-1	2,982880E+0	4,902598E-5	-3,807953E-3
20220411 12:30:55,212	c_0_1030_20220411_12_30_55,212.bmp	8,077333E-1	3,003248E+0	4,902598E-5	-3,807953E-3
20220411 12:31:01,216	c_0_1031_20220411_12_31_01,216.bmp	8,064605E-1	3,019796E+0	4,902598E-5	-1,261932E-3
20220411 12:31:07,221	c_0_1032_20220411_12_31_07,221.bmp	8,102787E-1	3,040164E+0	-2,496685E-3	1,107786E-5
20220411 12:31:13,224	c_0_1033_20220411_12_31_13,224.bmp	8,064605E-1	3,057985E+0	1,321881E-3	1,107786E-5
20220411 12:31:19,229	c_0_1034_20220411_12_31_19,229.bmp	8,115514E-1	3,083445E+0	-5,042396E-3	-3,807953E-3
20220411 12:31:25,233	c_0_1035_20220411_12_31_25,233.bmp	8,000969E-1	3,101267E+0	2,594737E-3	1,107786E-5
20220411 12:31:31,238	c_0_1036_20220411_12_31_31,238.bmp	7,950061E-1	3,121634E+0	-2,496685E-3	1,107786E-5
20220411 12:31:37,244	c_0_1037_20220411_12_31_37,244.bmp	7,797335E-1	3,142002E+0	-3,769540E-3	-3,807953E-3
20220411 12:31:43,245	c_0_1038_20220411_12_31_43,245.bmp	6,791887E-1	3,162369E+0	1,321881E-3	-1,261932E-3
20220411 12:31:49,252	c_0_1039_20220411_12_31_49,252.bmp	6,410072E-1	3,184010E+0	-3,769540E-3	-1,261932E-3
20220411 12:31:55,256	c_0_1040_20220411_12_31_55,256.bmp	6,091893E-1	3,201831E+0	4,902598E-5	1,107786E-5
20220411 12:32:01,257	c_0_1041_20220411_12_32_01,257.bmp	5,926439E-1	3,220926E+0	-2,496685E-3	-3,807953E-3
20220411 12:32:07,261	c_0_1042_20220411_12_32_07,261.bmp	5,837349E-1	3,243839E+0	3,867592E-3	1,107786E-5
20220411 12:32:13,265	c_0_1043_20220411_12_32_13,265.bmp	5,837349E-1	3,257842E+0	2,594737E-3	1,107786E-5
20220411 12:32:19,269	c_0_1044_20220411_12_32_19,269.bmp	5,837349E-1	3,276937E+0	1,321881E-3	2,557098E-3
20220411 12:32:25,271	c_0_1045_20220411_12_32_25,271.bmp	5,862803E-1	3,296031E+0	1,321881E-3	3,830109E-3
20220411 12:32:31,275	c_0_1046_20220411_12_32_31,275.bmp	5,900985E-1	3,316399E+0	-1,223829E-3	1,284088E-3
