20220411 12:15:48,705	c_1_879_20220411_12_15_48,705.bmp	5,920992E-3	-4,786603E-3	1,321881E-3	1,107786E-5
20220411 12:15:54,711	c_1_880_20220411_12_15_54,711.bmp	7,193710E-3	4,124205E-3	-3,769540E-3	-3,807953E-3
20220411 12:16:00,721	c_1_881_20220411_12_16_00,721.bmp	1,357382E-1	2,067285E-2	2,594737E-3	-1,261932E-3
20220411 12:16:06,730	c_1_882_20220411_12_16_06,730.bmp	2,986461E-1	4,485933E-2	-1,223829E-3	-3,807953E-3
20220411 12:16:12,742	c_1_883_20220411_12_16_12,742.bmp	4,628267E-1	6,140797E-2	5,140448E-3	1,107786E-5
20220411 12:16:18,747	c_1_884_20220411_12_16_18,747.bmp	6,473708E-1	7,668364E-2	4,902598E-5	1,284088E-3
20220411 12:16:24,754	c_1_885_20220411_12_16_24,754.bmp	8,382785E-1	1,021431E-1	4,902598E-5	1,284088E-3
20220411 12:16:30,758	c_1_886_20220411_12_16_30,758.bmp	1,027913E+0	1,225107E-1	-3,769540E-3	1,107786E-5
20220411 12:16:36,768	c_1_887_20220411_12_16_36,768.bmp	1,212458E+0	1,416052E-1	-3,769540E-3	1,107786E-5
20220411 12:16:42,773	c_1_888_20220411_12_16_42,773.bmp	1,395729E+0	1,645188E-1	-3,769540E-3	-3,807953E-3
20220411 12:16:48,785	c_1_889_20220411_12_16_48,785.bmp	1,576455E+0	1,836133E-1	-5,042396E-3	-3,807953E-3
20220411 12:16:54,792	c_1_890_20220411_12_16_54,792.bmp	1,748272E+0	2,014350E-1	4,902598E-5	-1,261932E-3
20220411 12:17:00,796	c_1_891_20220411_12_17_00,796.bmp	1,916271E+0	2,218025E-1	4,902598E-5	1,107786E-5
20220411 12:17:06,801	c_1_892_20220411_12_17_06,801.bmp	2,065179E+0	2,408971E-1	2,594737E-3	1,107786E-5
20220411 12:17:12,810	c_1_893_20220411_12_17_12,810.bmp	2,187359E+0	2,650836E-1	-2,496685E-3	-3,807953E-3
20220411 12:17:18,824	c_1_894_20220411_12_17_18,824.bmp	2,261177E+0	2,765403E-1	2,594737E-3	-1,261932E-3
20220411 12:17:24,829	c_1_895_20220411_12_17_24,829.bmp	2,222996E+0	3,007268E-1	4,902598E-5	-1,261932E-3
20220411 12:17:30,838	c_1_896_20220411_12_17_30,838.bmp	1,972270E+0	3,236403E-1	-2,496685E-3	1,107786E-5
20220411 12:17:36,849	c_1_897_20220411_12_17_36,849.bmp	1,900998E+0	3,389160E-1	1,321881E-3	2,557098E-3
20220411 12:17:42,852	c_1_898_20220411_12_17_42,852.bmp	1,815726E+0	3,605565E-1	-3,769540E-3	-1,261932E-3
20220411 12:17:48,856	c_1_899_20220411_12_17_48,856.bmp	1,652818E+0	3,847430E-1	-1,223829E-3	1,107786E-5
20220411 12:17:54,859	c_1_900_20220411_12_17_54,859.bmp	1,487365E+0	4,012917E-1	4,902598E-5	1,107786E-5
20220411 12:18:00,864	c_1_901_20220411_12_18_00,864.bmp	1,445365E+0	4,242052E-1	-3,769540E-3	-3,807953E-3
20220411 12:18:06,868	c_1_902_20220411_12_18_06,868.bmp	1,437729E+0	4,407538E-1	4,902598E-5	1,107786E-5
20220411 12:18:12,871	c_1_903_20220411_12_18_12,871.bmp	1,428820E+0	4,573024E-1	2,594737E-3	1,284088E-3
20220411 12:18:18,873	c_1_904_20220411_12_18_18,873.bmp	1,441547E+0	4,776700E-1	3,867592E-3	2,557098E-3
20220411 12:18:24,875	c_1_905_20220411_12_18_24,875.bmp	1,441547E+0	5,044024E-1	4,902598E-5	-3,807953E-3
20220411 12:18:30,880	c_1_906_20220411_12_18_30,880.bmp	1,375365E+0	5,196781E-1	2,594737E-3	2,557098E-3
20220411 12:18:36,884	c_1_907_20220411_12_18_36,884.bmp	1,304093E+0	5,451376E-1	-3,769540E-3	-3,807953E-3
20220411 12:18:42,893	c_1_908_20220411_12_18_42,893.bmp	1,213730E+0	5,604132E-1	-1,223829E-3	1,107786E-5
20220411 12:18:48,901	c_1_909_20220411_12_18_48,901.bmp	1,174276E+0	5,807808E-1	4,902598E-5	2,557098E-3
20220411 12:18:54,909	c_1_910_20220411_12_18_54,909.bmp	1,171731E+0	5,960565E-1	-1,223829E-3	1,284088E-3
20220411 12:19:00,913	c_1_911_20220411_12_19_00,913.bmp	1,179367E+0	6,215159E-1	1,321881E-3	-1,261932E-3
20220411 12:19:06,915	c_1_912_20220411_12_19_06,915.bmp	1,188276E+0	6,444294E-1	-2,496685E-3	-2,534943E-3
20220411 12:19:12,924	c_1_913_20220411_12_19_12,924.bmp	1,206094E+0	6,635240E-1	4,902598E-5	-3,807953E-3
20220411 12:19:18,926	c_1_914_20220411_12_19_18,926.bmp	1,236639E+0	6,864375E-1	-3,769540E-3	-3,807953E-3
20220411 12:19:24,927	c_1_915_20220411_12_19_24,927.bmp	1,264639E+0	7,055321E-1	-1,223829E-3	-3,807953E-3
20220411 12:19:30,928	c_1_916_20220411_12_19_30,928.bmp	1,295184E+0	7,195348E-1	-1,223829E-3	-1,261932E-3
20220411 12:19:36,931	c_1_917_20220411_12_19_36,931.bmp	1,325729E+0	7,411753E-1	3,867592E-3	2,557098E-3
20220411 12:19:42,932	c_1_918_20220411_12_19_42,932.bmp	1,352457E+0	7,628159E-1	2,594737E-3	1,107786E-5
20220411 12:19:48,936	c_1_919_20220411_12_19_48,936.bmp	1,381729E+0	7,806375E-1	2,594737E-3	2,557098E-3
20220411 12:19:54,938	c_1_920_20220411_12_19_54,938.bmp	1,408456E+0	8,035510E-1	-3,769540E-3	-3,807953E-3
20220411 12:20:00,946	c_1_921_20220411_12_20_00,946.bmp	1,425001E+0	8,213726E-1	-5,042396E-3	1,107786E-5
20220411 12:20:06,949	c_1_922_20220411_12_20_06,949.bmp	1,442819E+0	8,417402E-1	-5,042396E-3	-1,261932E-3
20220411 12:20:12,954	c_1_923_20220411_12_20_12,954.bmp	1,432638E+0	8,608348E-1	-1,223829E-3	1,107786E-5
20220411 12:20:18,960	c_1_924_20220411_12_20_18,960.bmp	1,377911E+0	8,812023E-1	4,902598E-5	1,107786E-5
20220411 12:20:24,965	c_1_925_20220411_12_20_24,965.bmp	1,314275E+0	9,015699E-1	-3,769540E-3	-2,534943E-3
20220411 12:20:30,977	c_1_926_20220411_12_20_30,977.bmp	1,281184E+0	9,181185E-1	2,594737E-3	3,830109E-3
20220411 12:20:36,981	c_1_927_20220411_12_20_36,981.bmp	1,276093E+0	9,423050E-1	4,902598E-5	1,107786E-5
20220411 12:20:42,986	c_1_928_20220411_12_20_42,986.bmp	1,274821E+0	9,639455E-1	-3,769540E-3	-2,534943E-3
20220411 12:20:48,986	c_1_929_20220411_12_20_48,986.bmp	1,274821E+0	9,830401E-1	4,902598E-5	-1,261932E-3
20220411 12:20:54,991	c_1_930_20220411_12_20_54,991.bmp	1,278639E+0	9,983158E-1	4,902598E-5	2,557098E-3
20220411 12:21:00,993	c_1_931_20220411_12_21_00,993.bmp	1,282457E+0	1,022502E+0	-2,496685E-3	1,107786E-5
20220411 12:21:06,995	c_1_932_20220411_12_21_06,995.bmp	1,293911E+0	1,039051E+0	4,902598E-5	2,557098E-3
20220411 12:21:13,001	c_1_933_20220411_12_21_13,001.bmp	1,314275E+0	1,061964E+0	-3,769540E-3	-3,807953E-3
20220411 12:21:19,006	c_1_934_20220411_12_21_19,006.bmp	1,327002E+0	1,082332E+0	4,902598E-5	1,107786E-5
20220411 12:21:25,011	c_1_935_20220411_12_21_25,011.bmp	1,341002E+0	1,100154E+0	-2,496685E-3	1,107786E-5
20220411 12:21:31,016	c_1_936_20220411_12_21_31,016.bmp	1,348638E+0	1,124340E+0	-1,223829E-3	-3,807953E-3
20220411 12:21:37,017	c_1_937_20220411_12_21_37,017.bmp	1,342275E+0	1,142162E+0	1,321881E-3	-1,261932E-3
20220411 12:21:43,018	c_1_938_20220411_12_21_43,018.bmp	1,259548E+0	1,161256E+0	4,902598E-5	1,107786E-5
20220411 12:21:49,021	c_1_939_20220411_12_21_49,021.bmp	9,833683E-1	1,181624E+0	-1,223829E-3	-1,261932E-3
20220411 12:21:55,031	c_1_940_20220411_12_21_55,031.bmp	9,910046E-1	1,201991E+0	4,902598E-5	-3,807953E-3
20220411 12:22:01,032	c_1_941_20220411_12_22_01,032.bmp	1,007550E+0	1,222359E+0	4,902598E-5	1,107786E-5
20220411 12:22:07,039	c_1_942_20220411_12_22_07,039.bmp	1,020277E+0	1,241454E+0	4,902598E-5	-1,261932E-3
20220411 12:22:13,042	c_1_943_20220411_12_22_13,042.bmp	1,031732E+0	1,265640E+0	-3,769540E-3	-3,807953E-3
20220411 12:22:19,045	c_1_944_20220411_12_22_19,045.bmp	1,039368E+0	1,279643E+0	1,321881E-3	1,107786E-5
20220411 12:22:25,046	c_1_945_20220411_12_22_25,046.bmp	1,049550E+0	1,306375E+0	-6,315251E-3	-3,807953E-3
20220411 12:22:31,051	c_1_946_20220411_12_22_31,051.bmp	1,050822E+0	1,317832E+0	2,594737E-3	3,830109E-3
20220411 12:22:37,059	c_1_947_20220411_12_22_37,059.bmp	1,049550E+0	1,339472E+0	4,902598E-5	1,284088E-3
20220411 12:22:43,061	c_1_948_20220411_12_22_43,061.bmp	1,045731E+0	1,364932E+0	2,594737E-3	-1,261932E-3
20220411 12:22:49,069	c_1_949_20220411_12_22_49,069.bmp	1,041913E+0	1,377662E+0	5,140448E-3	2,557098E-3
20220411 12:22:55,070	c_1_950_20220411_12_22_55,070.bmp	1,039368E+0	1,400575E+0	4,902598E-5	1,107786E-5
20220411 12:23:01,073	c_1_951_20220411_12_23_01,073.bmp	9,757320E-1	1,419670E+0	1,321881E-3	2,557098E-3
20220411 12:23:07,075	c_1_952_20220411_12_23_07,075.bmp	7,377338E-1	1,441310E+0	-1,223829E-3	1,284088E-3
20220411 12:23:13,084	c_1_953_20220411_12_23_13,084.bmp	7,046431E-1	1,461678E+0	-2,496685E-3	1,107786E-5
20220411 12:23:19,090	c_1_954_20220411_12_23_19,090.bmp	6,753706E-1	1,482045E+0	-2,496685E-3	1,107786E-5
20220411 12:23:25,097	c_1_955_20220411_12_23_25,097.bmp	6,740979E-1	1,499867E+0	4,902598E-5	2,557098E-3
20220411 12:23:31,099	c_1_956_20220411_12_23_31,099.bmp	6,753706E-1	1,520235E+0	4,902598E-5	2,557098E-3
20220411 12:23:37,102	c_1_957_20220411_12_23_37,102.bmp	6,830069E-1	1,540602E+0	-3,769540E-3	-3,807953E-3
20220411 12:23:43,105	c_1_958_20220411_12_23_43,105.bmp	6,931886E-1	1,562243E+0	-3,769540E-3	-1,261932E-3
20220411 12:23:49,111	c_1_959_20220411_12_23_49,111.bmp	6,995522E-1	1,583883E+0	-3,769540E-3	-3,807953E-3
20220411 12:23:55,121	c_1_960_20220411_12_23_55,121.bmp	7,046431E-1	1,602978E+0	2,594737E-3	-1,261932E-3
20220411 12:24:01,123	c_1_961_20220411_12_24_01,123.bmp	7,148248E-1	1,618253E+0	2,594737E-3	3,830109E-3
20220411 12:24:07,128	c_1_962_20220411_12_24_07,128.bmp	7,250066E-1	1,639894E+0	-2,496685E-3	-1,261932E-3
20220411 12:24:13,129	c_1_963_20220411_12_24_13,129.bmp	7,390065E-1	1,660262E+0	-1,223829E-3	3,830109E-3
20220411 12:24:19,131	c_1_964_20220411_12_24_19,131.bmp	7,390065E-1	1,679356E+0	1,321881E-3	2,557098E-3
20220411 12:24:25,138	c_1_965_20220411_12_24_25,138.bmp	7,491882E-1	1,702270E+0	4,902598E-5	-1,261932E-3
20220411 12:24:31,147	c_1_966_20220411_12_24_31,147.bmp	7,606427E-1	1,717545E+0	-1,223829E-3	1,284088E-3
20220411 12:24:37,150	c_1_967_20220411_12_24_37,150.bmp	7,682790E-1	1,737913E+0	4,902598E-5	2,557098E-3
20220411 12:24:43,152	c_1_968_20220411_12_24_43,152.bmp	7,810062E-1	1,765918E+0	-3,769540E-3	-3,807953E-3
20220411 12:24:49,154	c_1_969_20220411_12_24_49,154.bmp	7,810062E-1	1,777375E+0	2,594737E-3	2,557098E-3
20220411 12:24:55,155	c_1_970_20220411_12_24_55,155.bmp	7,950061E-1	1,797743E+0	3,867592E-3	2,557098E-3
20220411 12:25:01,159	c_1_971_20220411_12_25_01,159.bmp	8,064605E-1	1,821929E+0	2,594737E-3	2,557098E-3
20220411 12:25:07,167	c_1_972_20220411_12_25_07,167.bmp	8,140968E-1	1,842297E+0	4,902598E-5	1,284088E-3
20220411 12:25:13,173	c_1_973_20220411_12_25_13,173.bmp	8,255513E-1	1,861391E+0	-1,223829E-3	1,107786E-5
20220411 12:25:19,174	c_1_974_20220411_12_25_19,174.bmp	8,268240E-1	1,877940E+0	2,594737E-3	3,830109E-3
20220411 12:25:25,175	c_1_975_20220411_12_25_25,175.bmp	8,408239E-1	1,904672E+0	4,902598E-5	-3,807953E-3
20220411 12:25:31,179	c_1_976_20220411_12_25_31,179.bmp	8,510057E-1	1,925040E+0	-1,223829E-3	-3,807953E-3
20220411 12:25:37,184	c_1_977_20220411_12_25_37,184.bmp	8,637328E-1	1,944134E+0	-3,769540E-3	-3,807953E-3
20220411 12:25:43,188	c_1_978_20220411_12_25_43,188.bmp	8,713691E-1	1,961956E+0	-3,769540E-3	1,107786E-5
20220411 12:25:49,192	c_1_979_20220411_12_25_49,192.bmp	8,751873E-1	1,982324E+0	4,902598E-5	1,107786E-5
20220411 12:25:55,194	c_1_980_20220411_12_25_55,194.bmp	8,840963E-1	2,003964E+0	-3,769540E-3	-3,807953E-3
20220411 12:26:01,202	c_1_981_20220411_12_26_01,202.bmp	8,828236E-1	2,017967E+0	2,594737E-3	1,284088E-3
20220411 12:26:07,207	c_1_982_20220411_12_26_07,207.bmp	8,955508E-1	2,040880E+0	4,902598E-5	-1,261932E-3
20220411 12:26:13,211	c_1_983_20220411_12_26_13,211.bmp	8,968235E-1	2,058702E+0	1,321881E-3	3,830109E-3
20220411 12:26:19,212	c_1_984_20220411_12_26_19,212.bmp	9,057325E-1	2,079070E+0	4,902598E-5	1,284088E-3
20220411 12:26:25,224	c_1_985_20220411_12_26_25,224.bmp	9,108234E-1	2,099437E+0	4,902598E-5	3,830109E-3
20220411 12:26:31,228	c_1_986_20220411_12_26_31,228.bmp	9,120961E-1	2,123624E+0	-1,223829E-3	-3,807953E-3
20220411 12:26:37,231	c_1_987_20220411_12_26_37,231.bmp	8,993689E-1	2,142718E+0	2,594737E-3	1,284088E-3
20220411 12:26:43,236	c_1_988_20220411_12_26_43,236.bmp	8,560965E-1	2,161813E+0	4,902598E-5	1,107786E-5
20220411 12:26:49,240	c_1_989_20220411_12_26_49,240.bmp	6,295528E-1	2,182180E+0	-3,769540E-3	1,107786E-5
20220411 12:26:55,243	c_1_990_20220411_12_26_55,243.bmp	6,079165E-1	2,205094E+0	-3,769540E-3	-3,807953E-3
20220411 12:27:01,254	c_1_991_20220411_12_27_01,254.bmp	6,015530E-1	2,217824E+0	1,321881E-3	3,830109E-3
20220411 12:27:07,260	c_1_992_20220411_12_27_07,260.bmp	6,104620E-1	2,240737E+0	-3,769540E-3	1,107786E-5
20220411 12:27:13,261	c_1_993_20220411_12_27_13,261.bmp	6,079165E-1	2,257286E+0	2,594737E-3	3,830109E-3
20220411 12:27:19,265	c_1_994_20220411_12_27_19,265.bmp	6,155529E-1	2,281472E+0	-2,496685E-3	1,107786E-5
20220411 12:27:25,270	c_1_995_20220411_12_27_25,270.bmp	6,206437E-1	2,301840E+0	4,902598E-5	1,107786E-5
20220411 12:27:31,276	c_1_996_20220411_12_27_31,276.bmp	6,244619E-1	2,319661E+0	1,321881E-3	2,557098E-3
20220411 12:27:37,278	c_1_997_20220411_12_27_37,278.bmp	6,295528E-1	2,342575E+0	-2,496685E-3	-1,261932E-3
20220411 12:27:43,283	c_1_998_20220411_12_27_43,283.bmp	6,384618E-1	2,362942E+0	-1,223829E-3	-3,807953E-3
20220411 12:27:49,287	c_1_999_20220411_12_27_49,287.bmp	6,410072E-1	2,384583E+0	4,902598E-5	-3,807953E-3
20220411 12:27:55,288	c_1_1000_20220411_12_27_55,288.bmp	6,460981E-1	2,401132E+0	3,867592E-3	1,107786E-5
20220411 12:28:01,291	c_1_1001_20220411_12_28_01,291.bmp	6,537344E-1	2,418953E+0	-1,223829E-3	1,107786E-5
20220411 12:28:07,295	c_1_1002_20220411_12_28_07,295.bmp	6,550071E-1	2,441867E+0	1,321881E-3	1,107786E-5
20220411 12:28:13,296	c_1_1003_20220411_12_28_13,296.bmp	6,626434E-1	2,460961E+0	-1,223829E-3	-1,261932E-3
20220411 12:28:19,306	c_1_1004_20220411_12_28_19,306.bmp	6,690070E-1	2,482602E+0	4,902598E-5	1,107786E-5
20220411 12:28:25,307	c_1_1005_20220411_12_28_25,307.bmp	6,766433E-1	2,501696E+0	4,902598E-5	-1,261932E-3
20220411 12:28:31,315	c_1_1006_20220411_12_28_31,315.bmp	6,817342E-1	2,524610E+0	-1,223829E-3	-3,807953E-3
20220411 12:28:37,320	c_1_1007_20220411_12_28_37,320.bmp	6,880978E-1	2,541159E+0	-1,223829E-3	1,107786E-5
20220411 12:28:43,321	c_1_1008_20220411_12_28_43,321.bmp	6,957341E-1	2,561526E+0	4,902598E-5	-1,261932E-3
20220411 12:28:49,326	c_1_1009_20220411_12_28_49,326.bmp	6,995522E-1	2,580621E+0	3,867592E-3	-1,261932E-3
20220411 12:28:55,332	c_1_1010_20220411_12_28_55,332.bmp	7,046431E-1	2,600988E+0	4,902598E-5	-1,261932E-3
20220411 12:29:01,339	c_1_1011_20220411_12_29_01,339.bmp	7,122794E-1	2,625175E+0	-3,769540E-3	-3,807953E-3
20220411 12:29:07,343	c_1_1012_20220411_12_29_07,343.bmp	7,173703E-1	2,644269E+0	-3,769540E-3	-3,807953E-3
20220411 12:29:13,349	c_1_1013_20220411_12_29_13,349.bmp	7,250066E-1	2,663364E+0	-3,769540E-3	-3,807953E-3
20220411 12:29:19,353	c_1_1014_20220411_12_29_19,353.bmp	7,199157E-1	2,682459E+0	-1,223829E-3	1,107786E-5
20220411 12:29:25,362	c_1_1015_20220411_12_29_25,362.bmp	7,351883E-1	2,704099E+0	-3,769540E-3	1,107786E-5
20220411 12:29:31,367	c_1_1016_20220411_12_29_31,367.bmp	7,364611E-1	2,724467E+0	-3,769540E-3	-3,807953E-3
20220411 12:29:37,370	c_1_1017_20220411_12_29_37,370.bmp	7,466428E-1	2,742288E+0	-3,769540E-3	1,107786E-5
20220411 12:29:43,373	c_1_1018_20220411_12_29_43,373.bmp	7,479155E-1	2,762656E+0	4,902598E-5	1,107786E-5
20220411 12:29:49,379	c_1_1019_20220411_12_29_49,379.bmp	7,555518E-1	2,781750E+0	4,902598E-5	1,107786E-5
20220411 12:29:55,382	c_1_1020_20220411_12_29_55,382.bmp	7,631881E-1	2,799572E+0	-1,223829E-3	2,557098E-3
20220411 12:30:01,388	c_1_1021_20220411_12_30_01,388.bmp	7,708244E-1	2,825031E+0	-3,769540E-3	-3,807953E-3
20220411 12:30:07,396	c_1_1022_20220411_12_30_07,396.bmp	7,682790E-1	2,837761E+0	4,902598E-5	3,830109E-3
20220411 12:30:13,401	c_1_1023_20220411_12_30_13,401.bmp	7,733699E-1	2,863221E+0	1,321881E-3	-1,261932E-3
20220411 12:30:19,402	c_1_1024_20220411_12_30_19,402.bmp	7,746426E-1	2,881042E+0	4,902598E-5	1,107786E-5
20220411 12:30:25,403	c_1_1025_20220411_12_30_25,403.bmp	7,873698E-1	2,901410E+0	4,902598E-5	-1,261932E-3
20220411 12:30:31,406	c_1_1026_20220411_12_30_31,406.bmp	7,886425E-1	2,921777E+0	3,867592E-3	1,107786E-5
20220411 12:30:37,407	c_1_1027_20220411_12_30_37,407.bmp	7,950061E-1	2,937053E+0	3,867592E-3	2,557098E-3
20220411 12:30:43,415	c_1_1028_20220411_12_30_43,415.bmp	7,950061E-1	2,958694E+0	2,594737E-3	2,557098E-3
20220411 12:30:49,421	c_1_1029_20220411_12_30_49,421.bmp	8,000969E-1	2,979061E+0	3,867592E-3	2,557098E-3
20220411 12:30:55,424	c_1_1030_20220411_12_30_55,424.bmp	8,115514E-1	3,001975E+0	-3,769540E-3	1,107786E-5
20220411 12:31:01,429	c_1_1031_20220411_12_31_01,429.bmp	8,077333E-1	3,021069E+0	-1,223829E-3	1,107786E-5
20220411 12:31:07,430	c_1_1032_20220411_12_31_07,430.bmp	8,090060E-1	3,036345E+0	-1,223829E-3	-1,261932E-3
20220411 12:31:13,435	c_1_1033_20220411_12_31_13,435.bmp	8,115514E-1	3,060531E+0	4,902598E-5	1,284088E-3
20220411 12:31:19,444	c_1_1034_20220411_12_31_19,444.bmp	8,064605E-1	3,083445E+0	4,902598E-5	1,107786E-5
20220411 12:31:25,453	c_1_1035_20220411_12_31_25,453.bmp	8,090060E-1	3,101267E+0	-3,769540E-3	1,107786E-5
20220411 12:31:31,454	c_1_1036_20220411_12_31_31,454.bmp	7,988242E-1	3,122907E+0	1,321881E-3	1,107786E-5
20220411 12:31:37,458	c_1_1037_20220411_12_31_37,458.bmp	7,733699E-1	3,140729E+0	2,594737E-3	1,107786E-5
20220411 12:31:43,460	c_1_1038_20220411_12_31_43,460.bmp	6,766433E-1	3,161096E+0	4,902598E-5	1,107786E-5
20220411 12:31:49,464	c_1_1039_20220411_12_31_49,464.bmp	6,384618E-1	3,182737E+0	-2,496685E-3	-2,534943E-3
20220411 12:31:55,470	c_1_1040_20220411_12_31_55,470.bmp	6,104620E-1	3,203104E+0	-1,223829E-3	1,107786E-5
20220411 12:32:01,475	c_1_1041_20220411_12_32_01,475.bmp	5,888258E-1	3,217107E+0	2,594737E-3	1,284088E-3
20220411 12:32:07,477	c_1_1042_20220411_12_32_07,477.bmp	5,862803E-1	3,243839E+0	-3,769540E-3	-3,807953E-3
20220411 12:32:13,480	c_1_1043_20220411_12_32_13,480.bmp	5,837349E-1	3,257842E+0	2,594737E-3	2,557098E-3
20220411 12:32:19,483	c_1_1044_20220411_12_32_19,483.bmp	5,875531E-1	3,282029E+0	1,321881E-3	-1,261932E-3
20220411 12:32:25,487	c_1_1045_20220411_12_32_25,487.bmp	5,926439E-1	3,304942E+0	-3,769540E-3	-3,807953E-3
20220411 12:32:31,491	c_1_1046_20220411_12_32_31,491.bmp	5,862803E-1	3,320218E+0	1,321881E-3	1,107786E-5
