-2.266880802849049605e-05
4.117883112976659032e-05
4.201018158334152153e-03
1.878272757615608371e-02
3.906056187753487868e-02
7.280332275920153862e-02
1.128095293682600808e-01
1.703328611866095355e-01
2.331922126038344090e-01
3.026151650460208731e-01
3.949067166989878586e-01
4.847438577942818072e-01
5.740385731278320192e-01
6.805430674086841991e-01
7.858734004671650286e-01
8.773777366388898491e-01
9.237250422109793968e-01
7.885772279478362456e-01
7.394185224871021589e-01
7.343527966173959420e-01
6.528837634392249401e-01
5.741236271761780419e-01
5.524178891705130434e-01
5.424643504840401809e-01
5.660952058911243867e-01
6.038997851697789354e-01
6.250368201536566914e-01
6.155115782315245809e-01
5.721865805476055167e-01
5.371773386613705181e-01
5.203017506670534198e-01
5.362615649419713026e-01
5.301603520994152552e-01
5.407672688526197202e-01
5.733330297131686848e-01
6.029862585492570259e-01
6.331750428347271420e-01
6.741852570640418651e-01
7.074849275383776614e-01
7.421181351408491222e-01
7.865178289971194170e-01
8.066177382209881452e-01
8.437427578413886353e-01
8.837933091220693260e-01
8.975866138456545240e-01
8.650787371484878197e-01
8.190423123235442970e-01
7.991138700727797861e-01
7.981058591582613770e-01
8.054750678168697275e-01
8.025997540784044482e-01
8.227223631088642630e-01
8.426818542221067299e-01
8.656450951176154485e-01
8.850249095727540372e-01
9.100178466065438343e-01
9.249787843121511921e-01
9.483395403791119449e-01
9.364260387430403121e-01
8.819228557716580763e-01
6.760368527242911485e-01
6.882944102491709293e-01
7.070451395740416922e-01
7.237409099401256318e-01
7.433359520958046085e-01
7.544083749508213588e-01
7.704353159244767824e-01
7.753237819119361829e-01
7.873453777041801160e-01
7.905267904050086170e-01
8.038220975709292615e-01
7.937820646503922495e-01
7.259596596697275306e-01
5.335054694053301683e-01
4.940456248944392614e-01
4.689751486365374422e-01
4.717742272507072787e-01
4.769514183174349831e-01
4.716001476553082217e-01
4.795512920389774503e-01
4.880913323282310423e-01
5.030178912925235002e-01
5.164123882829075862e-01
5.230952536041436618e-01
5.407487936332167067e-01
5.539255595160055279e-01
5.696707407608998519e-01
5.818687914128031213e-01
5.989113656563480603e-01
6.113650204223314288e-01
6.319872503896579730e-01
6.386184910791228297e-01
6.591826094570659711e-01
6.717918697692727426e-01
6.828661221208517373e-01
6.985509586563407591e-01
7.130079712368174727e-01
7.242690011304689923e-01
7.417594150099863226e-01
7.570270555588234362e-01
7.706744725925598338e-01
7.847936479826557177e-01
8.040801216700144138e-01
8.191838752376970900e-01
8.256407844561273190e-01
8.469841855504516293e-01
8.595445142596754851e-01
8.708757532094325571e-01
8.664392787338263124e-01
8.096944925290611161e-01
5.828104618804463843e-01
5.460719788149305254e-01
5.367328405115683321e-01
5.419822699455802972e-01
5.487862247084667189e-01
5.674143664131646725e-01
5.727378036760245594e-01
5.861482062512918256e-01
5.925390295179265854e-01
6.039862054083237064e-01
6.051738208578492095e-01
6.243807186720814473e-01
6.292458710796341448e-01
6.436369703288598032e-01
6.521697150938030596e-01
6.687901175261503628e-01
6.733212916742842280e-01
6.901113023273235392e-01
6.951727754100306411e-01
7.056149549707243507e-01
7.189648051983043020e-01
7.259798849347651739e-01
7.451556856360503911e-01
7.600882855835724428e-01
7.604451040327987466e-01
7.736089678449301621e-01
7.943901429318274143e-01
8.049877230544975060e-01
8.210522236874657764e-01
8.196408714847550625e-01
8.307974804230329191e-01
8.532362803657388417e-01
8.555485293955635839e-01
8.714248834034126201e-01
8.809770150193474425e-01
8.954527621701071638e-01
8.997340356324270427e-01
9.254862753381054574e-01
9.329505243585111129e-01
9.392718891784749280e-01
9.413357835389878359e-01
9.573673792846242314e-01
9.625758722534261125e-01
9.743914905091535239e-01
9.747488170435663069e-01
9.846116849741086696e-01
9.763251877924183919e-01
9.735593176831049966e-01
9.546531168929102140e-01
8.121751694026371204e-01
7.527468097037529615e-01
6.992045187988576993e-01
6.660413342058416619e-01
6.452253446778527524e-01
6.484324118716116025e-01
6.463435915905714202e-01
6.529445253039226627e-01
6.608318447421537289e-01
