0.000000000000000000e+00 -2.650130548302872396e-03
1.000000000000000000e+00 -2.558746736292428266e-03
2.000000000000000000e+00 -2.558746736292428266e-03
3.000000000000000000e+00 -2.467362924281984570e-03
4.000000000000000000e+00 -2.375979112271540874e-03
5.000000000000000000e+00 -2.375979112271540874e-03
6.000000000000000000e+00 -2.284595300261096744e-03
7.000000000000000000e+00 -2.193211488250653048e-03
8.000000000000000000e+00 -2.193211488250653048e-03
9.000000000000000000e+00 -2.101827676240208918e-03
1.000000000000000000e+01 -2.010443864229765221e-03
1.100000000000000000e+01 -2.010443864229765221e-03
1.200000000000000000e+01 -1.919060052219321308e-03
1.300000000000000000e+01 -1.827676240208877395e-03
1.400000000000000000e+01 -1.827676240208877395e-03
1.500000000000000000e+01 -1.736292428198433482e-03
1.600000000000000000e+01 -1.644908616187989786e-03
1.700000000000000000e+01 -1.644908616187989786e-03
1.800000000000000000e+01 -1.553524804177545873e-03
1.900000000000000000e+01 -1.462140992167101959e-03
2.000000000000000000e+01 -1.462140992167101959e-03
2.100000000000000000e+01 -1.370757180156658046e-03
2.200000000000000000e+01 -1.279373368146214133e-03
2.300000000000000000e+01 -1.279373368146214133e-03
2.400000000000000000e+01 -1.187989556135770437e-03
2.500000000000000000e+01 -1.096605744125326524e-03
2.600000000000000000e+01 -1.096605744125326524e-03
2.700000000000000000e+01 -1.005221932114882611e-03
2.800000000000000000e+01 -9.138381201044386976e-04
2.900000000000000000e+01 -9.138381201044386976e-04
3.000000000000000000e+01 -8.224543080939948929e-04
3.100000000000000000e+01 -7.310704960835509797e-04
3.200000000000000000e+01 -7.310704960835509797e-04
3.300000000000000000e+01 -6.396866840731070666e-04
3.400000000000000000e+01 -5.483028720626632619e-04
3.500000000000000000e+01 -5.483028720626632619e-04
3.600000000000000000e+01 -4.569190600522193488e-04
3.700000000000000000e+01 -3.655352480417754899e-04
3.800000000000000000e+01 -3.655352480417754899e-04
3.900000000000000000e+01 -2.741514360313316310e-04
4.000000000000000000e+01 -1.827676240208877449e-04
4.100000000000000000e+01 -9.138381201044386976e-04
4.200000000000000000e+01 -8.224543080939948929e-04
4.300000000000000000e+01 7.310704960835509797e-04
4.400000000000000000e+01 1.187989556135770437e-03
4.500000000000000000e+01 1.827676240208877449e-04
4.600000000000000000e+01 1.005221932114882611e-03
4.700000000000000000e+01 1.187989556135770437e-03
4.800000000000000000e+01 1.827676240208877395e-03
4.900000000000000000e+01 3.838120104438642616e-03
5.000000000000000000e+01 4.386422976501306095e-03
5.100000000000000000e+01 4.934725848563969140e-03
5.200000000000000000e+01 5.757180156657964142e-03
5.300000000000000000e+01 6.214099216710183490e-03
5.400000000000000000e+01 7.036553524804178492e-03
5.500000000000000000e+01 7.950391644908617189e-03
5.600000000000000000e+01 8.681462140992168494e-03
5.700000000000000000e+01 9.229765013054830672e-03
5.800000000000000000e+01 1.005221932114882567e-02
5.900000000000000000e+01 1.050913838120104589e-02
6.000000000000000000e+01 1.078328981723237698e-02
6.100000000000000000e+01 1.124020887728459546e-02
6.200000000000000000e+01 1.169712793733681568e-02
6.300000000000000000e+01 1.224543080939947959e-02
6.400000000000000000e+01 1.297650130548302916e-02
6.500000000000000000e+01 1.370757180156658046e-02
6.600000000000000000e+01 1.407310704960835698e-02
6.700000000000000000e+01 1.462140992167101916e-02
6.800000000000000000e+01 1.507832898172323938e-02
6.900000000000000000e+01 1.526109660574412677e-02
7.000000000000000000e+01 1.562663185378590155e-02
7.100000000000000000e+01 1.590078328981723438e-02
7.200000000000000000e+01 1.617493472584856373e-02
7.300000000000000000e+01 1.635770234986945459e-02
7.400000000000000000e+01 1.654046997389034199e-02
7.500000000000000000e+01 1.672323759791122938e-02
7.600000000000000000e+01 1.690600522193211677e-02
7.700000000000000000e+01 1.727154046997389156e-02
7.800000000000000000e+01 1.754569190600522438e-02
7.900000000000000000e+01 1.781984334203655373e-02
8.000000000000000000e+01 1.836814621409921938e-02
8.100000000000000000e+01 1.900783289817232699e-02
8.200000000000000000e+01 1.992167101827676395e-02
8.300000000000000000e+01 2.037859007832898417e-02
8.400000000000000000e+01 2.083550913838120439e-02
8.500000000000000000e+01 2.120104438642297917e-02
8.600000000000000000e+01 2.165796344647519939e-02
8.700000000000000000e+01 2.202349869451697417e-02
8.800000000000000000e+01 2.266318537859008178e-02
8.900000000000000000e+01 2.321148825065274396e-02
9.000000000000000000e+01 2.339425587467363135e-02
9.100000000000000000e+01 2.385117493472585157e-02
9.200000000000000000e+01 2.439947780678851375e-02
9.300000000000000000e+01 2.503916449086162135e-02
9.400000000000000000e+01 2.586161879895561636e-02
9.500000000000000000e+01 2.677545691906005332e-02
9.600000000000000000e+01 2.741514360313316093e-02
9.700000000000000000e+01 2.768929503916449375e-02
9.800000000000000000e+01 2.915143603133159636e-02
9.900000000000000000e+01 3.171018276762402333e-02
1.000000000000000000e+02 3.116187989556136115e-02
1.010000000000000000e+02 3.426892950391645376e-02
1.020000000000000000e+02 3.417754569190600833e-02
1.030000000000000000e+02 3.426892950391645376e-02
1.040000000000000000e+02 3.372062663185378811e-02
1.050000000000000000e+02 3.481723237597911247e-02
1.060000000000000000e+02 3.573107049608355290e-02
1.070000000000000000e+02 3.637075718015666398e-02
1.080000000000000000e+02 3.682767624020887726e-02
1.090000000000000000e+02 3.755874673629243377e-02
1.100000000000000000e+02 3.883812010443864898e-02
1.110000000000000000e+02 3.984334203655352791e-02
1.120000000000000000e+02 4.057441253263707748e-02
1.130000000000000000e+02 4.084856396866841377e-02
1.140000000000000000e+02 4.148825065274151791e-02
1.150000000000000000e+02 4.203655352480418356e-02
1.160000000000000000e+02 4.240208877284595834e-02
1.170000000000000000e+02 4.304177545691906248e-02
1.180000000000000000e+02 4.349869451697128270e-02
1.190000000000000000e+02 4.413838120104439378e-02
1.200000000000000000e+02 4.459530026109660705e-02
1.210000000000000000e+02 4.523498694516971813e-02
1.220000000000000000e+02 4.578328981723237684e-02
1.230000000000000000e+02 4.596605744125326770e-02
1.240000000000000000e+02 4.633159268929504249e-02
1.250000000000000000e+02 4.678851174934726270e-02
1.260000000000000000e+02 4.706266318537859206e-02
1.270000000000000000e+02 4.742819843342036684e-02
1.280000000000000000e+02 4.779373368146214857e-02
1.290000000000000000e+02 4.797650130548303249e-02
1.300000000000000000e+02 4.834203655352480727e-02
1.310000000000000000e+02 4.889033942558747292e-02
1.320000000000000000e+02 4.934725848563969314e-02
1.330000000000000000e+02 4.989556135770235185e-02
1.340000000000000000e+02 5.016971279373368814e-02
1.350000000000000000e+02 5.035248041775457206e-02
1.360000000000000000e+02 5.071801566579634685e-02
1.370000000000000000e+02 5.108355091383812163e-02
1.380000000000000000e+02 5.154046997389034185e-02
1.390000000000000000e+02 5.218015665796345293e-02
1.400000000000000000e+02 5.281984334203655707e-02
1.410000000000000000e+02 5.327676240208877728e-02
1.420000000000000000e+02 5.373368146214099750e-02
1.430000000000000000e+02 5.409921671018277228e-02
1.440000000000000000e+02 5.437336814621410164e-02
1.450000000000000000e+02 5.464751958224543793e-02
1.460000000000000000e+02 5.501305483028721272e-02
1.470000000000000000e+02 5.537859007832898750e-02
1.480000000000000000e+02 5.556135770234987142e-02
1.490000000000000000e+02 5.574412532637076229e-02
1.500000000000000000e+02 5.601827676240209164e-02
1.510000000000000000e+02 5.629242819843342793e-02
1.520000000000000000e+02 5.684073107049608664e-02
1.530000000000000000e+02 5.720626631853786143e-02
1.540000000000000000e+02 5.738903394255875229e-02
1.550000000000000000e+02 6.113577023498695251e-02
1.560000000000000000e+02 6.122715404699739794e-02
1.570000000000000000e+02 6.122715404699739794e-02
1.580000000000000000e+02 6.131853785900783643e-02
1.590000000000000000e+02 6.131853785900783643e-02
1.600000000000000000e+02 6.031331592689295751e-02
1.610000000000000000e+02 6.095300261096606165e-02
1.620000000000000000e+02 6.131853785900783643e-02
1.630000000000000000e+02 6.168407310704961122e-02
1.640000000000000000e+02 6.186684073107050208e-02
1.650000000000000000e+02 6.204960835509138600e-02
1.660000000000000000e+02 6.232375979112272230e-02
1.670000000000000000e+02 6.268929503916449708e-02
1.680000000000000000e+02 6.296344647519583337e-02
1.690000000000000000e+02 6.305483028720627880e-02
1.700000000000000000e+02 6.342036553524804665e-02
1.710000000000000000e+02 6.378590078328982838e-02
1.720000000000000000e+02 6.433420365535248708e-02
1.730000000000000000e+02 6.469973890339425493e-02
1.740000000000000000e+02 6.497389033942559122e-02
1.750000000000000000e+02 6.488250652741514579e-02
1.760000000000000000e+02 6.524804177545692752e-02
1.770000000000000000e+02 6.543080939947781838e-02
1.780000000000000000e+02 6.908616187989556623e-02
1.790000000000000000e+02 7.091383812010444709e-02
1.800000000000000000e+02 7.100522193211489252e-02
1.810000000000000000e+02 7.127937336814621494e-02
