20220408 14:17:03,160	c_0_1678_20220408_14_17_03,160.bmp	-1,715315E-3	-2,240658E-3	-2,496685E-3	2,557098E-3
20220408 14:17:09,165	c_0_1679_20220408_14_17_09,165.bmp	1,101186E-2	1,578260E-3	-3,769540E-3	1,107786E-5
20220408 14:17:15,171	c_0_1680_20220408_14_17_15,171.bmp	1,573744E-1	2,449177E-2	-2,496685E-3	-3,807953E-3
20220408 14:17:21,176	c_0_1681_20220408_14_17_21,176.bmp	3,355549E-1	4,485933E-2	4,902598E-5	-3,807953E-3
20220408 14:17:27,180	c_0_1682_20220408_14_17_27,180.bmp	5,328262E-1	6,140797E-2	-2,496685E-3	-1,261932E-3
20220408 14:17:33,182	c_0_1683_20220408_14_17_33,182.bmp	7,351883E-1	8,050256E-2	-1,223829E-3	1,107786E-5
20220408 14:17:39,184	c_0_1684_20220408_14_17_39,184.bmp	9,439141E-1	9,832418E-2	4,902598E-5	3,830109E-3
20220408 14:17:45,185	c_0_1685_20220408_14_17_45,185.bmp	1,143731E+0	1,212377E-1	4,902598E-5	3,830109E-3
20220408 14:17:51,187	c_0_1686_20220408_14_17_51,187.bmp	1,352457E+0	1,403323E-1	4,902598E-5	1,107786E-5
20220408 14:17:57,190	c_0_1687_20220408_14_17_57,190.bmp	1,561182E+0	1,645188E-1	-3,769540E-3	-3,807953E-3
20220408 14:18:03,194	c_0_1688_20220408_14_18_03,194.bmp	1,767363E+0	1,836133E-1	-1,223829E-3	-3,807953E-3
20220408 14:18:09,197	c_0_1689_20220408_14_18_09,197.bmp	1,967179E+0	2,014350E-1	4,902598E-5	-1,261932E-3
20220408 14:18:15,198	c_0_1690_20220408_14_18_15,198.bmp	2,160632E+0	2,179836E-1	2,594737E-3	1,107786E-5
20220408 14:18:21,205	c_0_1691_20220408_14_18_21,205.bmp	2,362995E+0	2,434431E-1	-3,769540E-3	-3,807953E-3
20220408 14:18:27,207	c_0_1692_20220408_14_18_27,207.bmp	2,557720E+0	2,650836E-1	-5,042396E-3	1,107786E-5
20220408 14:18:33,210	c_0_1693_20220408_14_18_33,210.bmp	2,743537E+0	2,854511E-1	-1,223829E-3	-3,807953E-3
20220408 14:18:39,214	c_0_1694_20220408_14_18_39,214.bmp	2,925536E+0	2,994538E-1	1,321881E-3	1,284088E-3
20220408 14:18:45,217	c_0_1695_20220408_14_18_45,217.bmp	3,108807E+0	3,249133E-1	-5,042396E-3	-2,534943E-3
20220408 14:18:51,222	c_0_1696_20220408_14_18_51,222.bmp	3,280624E+0	3,389160E-1	-2,496685E-3	1,107786E-5
20220408 14:18:57,226	c_0_1697_20220408_14_18_57,226.bmp	3,449896E+0	3,643755E-1	-3,769540E-3	-3,807953E-3
20220408 14:19:03,229	c_0_1698_20220408_14_19_03,229.bmp	3,596258E+0	3,771052E-1	3,867592E-3	2,557098E-3
20220408 14:19:09,233	c_0_1699_20220408_14_19_09,233.bmp	3,748984E+0	4,000187E-1	-2,496685E-3	-1,261932E-3
20220408 14:19:15,234	c_0_1700_20220408_14_19_15,234.bmp	3,881347E+0	4,203862E-1	-1,223829E-3	1,107786E-5
20220408 14:19:21,236	c_0_1701_20220408_14_19_21,236.bmp	4,002255E+0	4,432998E-1	-1,223829E-3	-3,807953E-3
20220408 14:19:27,241	c_0_1702_20220408_14_19_27,241.bmp	4,101527E+0	4,611214E-1	4,902598E-5	1,107786E-5
20220408 14:19:33,248	c_0_1703_20220408_14_19_33,248.bmp	4,163890E+0	4,853078E-1	-3,769540E-3	-3,807953E-3
20220408 14:19:39,256	c_0_1704_20220408_14_19_39,256.bmp	4,171527E+0	5,018565E-1	1,321881E-3	1,107786E-5
20220408 14:19:45,259	c_0_1705_20220408_14_19_45,259.bmp	4,007346E+0	5,209511E-1	3,867592E-3	1,107786E-5
20220408 14:19:51,260	c_0_1706_20220408_14_19_51,260.bmp	3,685348E+0	5,413186E-1	-2,496685E-3	-1,261932E-3
20220408 14:19:57,264	c_0_1707_20220408_14_19_57,264.bmp	3,512259E+0	5,616862E-1	1,321881E-3	1,107786E-5
20220408 14:20:03,264	c_0_1708_20220408_14_20_03,264.bmp	3,420623E+0	5,807808E-1	3,867592E-3	1,107786E-5
20220408 14:20:09,268	c_0_1709_20220408_14_20_09,268.bmp	3,381169E+0	6,011484E-1	1,321881E-3	-1,261932E-3
20220408 14:20:15,269	c_0_1710_20220408_14_20_15,269.bmp	3,316260E+0	6,202429E-1	-1,223829E-3	1,107786E-5
20220408 14:20:21,272	c_0_1711_20220408_14_20_21,272.bmp	3,270442E+0	6,444294E-1	-3,769540E-3	-3,807953E-3
20220408 14:20:27,273	c_0_1712_20220408_14_20_27,273.bmp	3,229715E+0	6,609781E-1	4,902598E-5	1,107786E-5
20220408 14:20:33,274	c_0_1713_20220408_14_20_33,274.bmp	3,199170E+0	6,813456E-1	-3,769540E-3	-1,261932E-3
20220408 14:20:39,276	c_0_1714_20220408_14_20_39,276.bmp	3,143171E+0	6,978943E-1	1,321881E-3	3,830109E-3
20220408 14:20:45,281	c_0_1715_20220408_14_20_45,281.bmp	3,068080E+0	7,208078E-1	-1,223829E-3	1,107786E-5
20220408 14:20:51,285	c_0_1716_20220408_14_20_51,285.bmp	3,027353E+0	7,424483E-1	2,594737E-3	1,107786E-5
20220408 14:20:57,286	c_0_1717_20220408_14_20_57,286.bmp	3,037535E+0	7,628159E-1	-3,769540E-3	-3,807953E-3
20220408 14:21:03,291	c_0_1718_20220408_14_21_03,291.bmp	3,034990E+0	7,780915E-1	-1,223829E-3	2,557098E-3
20220408 14:21:09,292	c_0_1719_20220408_14_21_09,292.bmp	3,019717E+0	8,048240E-1	-5,042396E-3	-3,807953E-3
20220408 14:21:15,293	c_0_1720_20220408_14_21_15,293.bmp	2,999353E+0	8,239186E-1	-2,496685E-3	-3,807953E-3
20220408 14:21:21,297	c_0_1721_20220408_14_21_21,297.bmp	2,976445E+0	8,430131E-1	-3,769540E-3	-3,807953E-3
20220408 14:21:27,305	c_0_1722_20220408_14_21_27,305.bmp	2,942081E+0	8,557429E-1	2,594737E-3	3,830109E-3
20220408 14:21:33,310	c_0_1723_20220408_14_21_33,310.bmp	2,902627E+0	8,837483E-1	-1,223829E-3	-3,807953E-3
20220408 14:21:39,315	c_0_1724_20220408_14_21_39,315.bmp	2,856809E+0	9,041158E-1	-3,769540E-3	-3,807953E-3
20220408 14:21:45,317	c_0_1725_20220408_14_21_45,317.bmp	2,812264E+0	9,206645E-1	1,321881E-3	-1,261932E-3
20220408 14:21:51,324	c_0_1726_20220408_14_21_51,324.bmp	2,768992E+0	9,410320E-1	3,867592E-3	1,107786E-5
20220408 14:21:57,326	c_0_1727_20220408_14_21_57,326.bmp	2,744810E+0	9,575807E-1	3,867592E-3	3,830109E-3
20220408 14:22:03,331	c_0_1728_20220408_14_22_03,331.bmp	2,721901E+0	9,804942E-1	-1,223829E-3	1,107786E-5
20220408 14:22:09,332	c_0_1729_20220408_14_22_09,332.bmp	2,670992E+0	1,002135E+0	4,902598E-5	-1,261932E-3
20220408 14:22:15,333	c_0_1730_20220408_14_22_15,333.bmp	2,555175E+0	1,023775E+0	-3,769540E-3	-3,807953E-3
20220408 14:22:21,338	c_0_1731_20220408_14_22_21,338.bmp	2,481357E+0	1,039051E+0	-3,769540E-3	1,107786E-5
20220408 14:22:27,341	c_0_1732_20220408_14_22_27,341.bmp	2,424085E+0	1,058146E+0	3,867592E-3	1,284088E-3
20220408 14:22:33,344	c_0_1733_20220408_14_22_33,344.bmp	2,389722E+0	1,078513E+0	1,321881E-3	2,557098E-3
20220408 14:22:39,346	c_0_1734_20220408_14_22_39,346.bmp	2,379540E+0	1,100154E+0	4,902598E-5	-1,261932E-3
20220408 14:22:45,353	c_0_1735_20220408_14_22_45,353.bmp	2,375722E+0	1,120521E+0	4,902598E-5	1,107786E-5
20220408 14:22:51,357	c_0_1736_20220408_14_22_51,357.bmp	2,373176E+0	1,144708E+0	4,902598E-5	-3,807953E-3
20220408 14:22:57,359	c_0_1737_20220408_14_22_57,359.bmp	2,388449E+0	1,162529E+0	-3,769540E-3	-5,080963E-3
20220408 14:23:03,364	c_0_1738_20220408_14_23_03,364.bmp	2,406267E+0	1,180351E+0	-1,223829E-3	1,107786E-5
20220408 14:23:09,368	c_0_1739_20220408_14_23_09,368.bmp	2,432994E+0	1,200718E+0	4,902598E-5	1,107786E-5
20220408 14:23:15,369	c_0_1740_20220408_14_23_15,369.bmp	2,462266E+0	1,222359E+0	-1,223829E-3	2,557098E-3
20220408 14:23:21,370	c_0_1741_20220408_14_23_21,370.bmp	2,492812E+0	1,244000E+0	-3,769540E-3	-3,807953E-3
20220408 14:23:27,373	c_0_1742_20220408_14_23_27,373.bmp	2,520812E+0	1,260548E+0	-1,223829E-3	1,107786E-5
20220408 14:23:33,379	c_0_1743_20220408_14_23_33,379.bmp	2,553902E+0	1,283462E+0	4,902598E-5	-3,807953E-3
20220408 14:23:39,382	c_0_1744_20220408_14_23_39,382.bmp	2,584447E+0	1,300010E+0	-2,496685E-3	1,284088E-3
20220408 14:23:45,387	c_0_1745_20220408_14_23_45,387.bmp	2,616265E+0	1,325470E+0	-3,769540E-3	-3,807953E-3
20220408 14:23:51,389	c_0_1746_20220408_14_23_51,389.bmp	2,642992E+0	1,342018E+0	-3,769540E-3	1,107786E-5
20220408 14:23:57,391	c_0_1747_20220408_14_23_57,391.bmp	2,659538E+0	1,358567E+0	2,594737E-3	2,557098E-3
20220408 14:24:03,393	c_0_1748_20220408_14_24_03,393.bmp	2,683719E+0	1,381481E+0	2,594737E-3	-1,261932E-3
20220408 14:24:09,397	c_0_1749_20220408_14_24_09,397.bmp	2,702810E+0	1,403121E+0	-1,223829E-3	-3,807953E-3
20220408 14:24:15,403	c_0_1750_20220408_14_24_15,403.bmp	2,712992E+0	1,426035E+0	-1,223829E-3	-3,807953E-3
20220408 14:24:21,407	c_0_1751_20220408_14_24_21,407.bmp	2,719356E+0	1,441310E+0	2,594737E-3	-1,261932E-3
20220408 14:24:27,414	c_0_1752_20220408_14_24_27,414.bmp	2,721901E+0	1,457859E+0	3,867592E-3	2,557098E-3
20220408 14:24:33,418	c_0_1753_20220408_14_24_33,418.bmp	2,742264E+0	1,480772E+0	-5,042396E-3	-3,807953E-3
20220408 14:24:39,419	c_0_1754_20220408_14_24_39,419.bmp	2,756264E+0	1,501140E+0	4,902598E-5	-1,261932E-3
20220408 14:24:45,424	c_0_1755_20220408_14_24_45,424.bmp	2,763901E+0	1,522781E+0	2,594737E-3	1,107786E-5
20220408 14:24:51,426	c_0_1756_20220408_14_24_51,426.bmp	2,772810E+0	1,538056E+0	2,594737E-3	1,284088E-3
20220408 14:24:57,432	c_0_1757_20220408_14_24_57,432.bmp	2,770264E+0	1,562243E+0	4,902598E-5	1,107786E-5
20220408 14:25:03,434	c_0_1758_20220408_14_25_03,434.bmp	2,737174E+0	1,583883E+0	4,902598E-5	-3,807953E-3
20220408 14:25:09,438	c_0_1759_20220408_14_25_09,438.bmp	2,593356E+0	1,601705E+0	4,902598E-5	1,107786E-5
20220408 14:25:15,442	c_0_1760_20220408_14_25_15,442.bmp	2,402449E+0	1,624618E+0	-1,223829E-3	-3,807953E-3
20220408 14:25:21,450	c_0_1761_20220408_14_25_21,450.bmp	2,318449E+0	1,642440E+0	1,321881E-3	1,107786E-5
20220408 14:25:27,450	c_0_1762_20220408_14_25_27,450.bmp	2,261177E+0	1,664080E+0	-3,769540E-3	-5,080963E-3
20220408 14:25:33,456	c_0_1763_20220408_14_25_33,456.bmp	2,224268E+0	1,680629E+0	-2,496685E-3	1,107786E-5
20220408 14:25:39,460	c_0_1764_20220408_14_25_39,460.bmp	2,196268E+0	1,698451E+0	3,867592E-3	1,284088E-3
20220408 14:25:45,461	c_0_1765_20220408_14_25_45,461.bmp	2,169541E+0	1,720091E+0	-2,496685E-3	-1,261932E-3
20220408 14:25:51,463	c_0_1766_20220408_14_25_51,463.bmp	2,114815E+0	1,737913E+0	2,594737E-3	3,830109E-3
20220408 14:25:57,468	c_0_1767_20220408_14_25_57,468.bmp	2,081724E+0	1,758280E+0	1,321881E-3	1,284088E-3
20220408 14:26:03,472	c_0_1768_20220408_14_26_03,472.bmp	2,060088E+0	1,782467E+0	-5,042396E-3	-3,807953E-3
20220408 14:26:09,476	c_0_1769_20220408_14_26_09,476.bmp	2,033361E+0	1,800289E+0	4,902598E-5	1,107786E-5
20220408 14:26:15,477	c_0_1770_20220408_14_26_15,477.bmp	2,021906E+0	1,824475E+0	-3,769540E-3	1,107786E-5
20220408 14:26:21,482	c_0_1771_20220408_14_26_21,482.bmp	2,006633E+0	1,841024E+0	-1,223829E-3	1,107786E-5
20220408 14:26:27,483	c_0_1772_20220408_14_26_27,483.bmp	2,002815E+0	1,861391E+0	-1,223829E-3	-1,261932E-3
20220408 14:26:33,487	c_0_1773_20220408_14_26_33,487.bmp	1,986270E+0	1,877940E+0	4,902598E-5	3,830109E-3
20220408 14:26:39,492	c_0_1774_20220408_14_26_39,492.bmp	1,941725E+0	1,899580E+0	4,902598E-5	1,107786E-5
20220408 14:26:45,495	c_0_1775_20220408_14_26_45,495.bmp	1,913725E+0	1,923767E+0	-3,769540E-3	-2,534943E-3
20220408 14:26:51,500	c_0_1776_20220408_14_26_51,500.bmp	1,893362E+0	1,940316E+0	4,902598E-5	-1,261932E-3
20220408 14:26:57,504	c_0_1777_20220408_14_26_57,504.bmp	1,900998E+0	1,963229E+0	-3,769540E-3	-1,261932E-3
20220408 14:27:03,511	c_0_1778_20220408_14_27_03,511.bmp	1,906089E+0	1,981051E+0	-2,496685E-3	2,557098E-3
20220408 14:27:09,512	c_0_1779_20220408_14_27_09,512.bmp	1,916271E+0	2,001418E+0	-2,496685E-3	-3,807953E-3
20220408 14:27:15,515	c_0_1780_20220408_14_27_15,515.bmp	1,925180E+0	2,024332E+0	-3,769540E-3	-3,807953E-3
20220408 14:27:21,517	c_0_1781_20220408_14_27_21,517.bmp	1,935361E+0	2,039607E+0	-1,223829E-3	1,107786E-5
20220408 14:27:27,521	c_0_1782_20220408_14_27_27,521.bmp	1,949361E+0	2,061248E+0	4,902598E-5	1,107786E-5
20220408 14:27:33,522	c_0_1783_20220408_14_27_33,522.bmp	1,963361E+0	2,077797E+0	3,867592E-3	2,557098E-3
20220408 14:27:39,529	c_0_1784_20220408_14_27_39,529.bmp	1,976088E+0	2,103256E+0	4,902598E-5	-1,261932E-3
20220408 14:27:45,532	c_0_1785_20220408_14_27_45,532.bmp	1,988815E+0	2,121078E+0	1,321881E-3	1,107786E-5
20220408 14:27:51,536	c_0_1786_20220408_14_27_51,536.bmp	2,009179E+0	2,141445E+0	-1,223829E-3	1,107786E-5
20220408 14:27:57,537	c_0_1787_20220408_14_27_57,537.bmp	2,019361E+0	2,160540E+0	4,902598E-5	1,107786E-5
20220408 14:28:03,538	c_0_1788_20220408_14_28_03,538.bmp	2,029542E+0	2,178361E+0	2,594737E-3	2,557098E-3
20220408 14:28:09,541	c_0_1789_20220408_14_28_09,541.bmp	2,048633E+0	2,197456E+0	4,902598E-5	2,557098E-3
20220408 14:28:15,548	c_0_1790_20220408_14_28_15,548.bmp	2,060088E+0	2,224188E+0	4,902598E-5	-3,807953E-3
20220408 14:28:21,551	c_0_1791_20220408_14_28_21,551.bmp	2,070269E+0	2,240737E+0	-1,223829E-3	2,557098E-3
20220408 14:28:27,553	c_0_1792_20220408_14_28_27,553.bmp	2,081724E+0	2,261105E+0	4,902598E-5	1,107786E-5
20220408 14:28:33,557	c_0_1793_20220408_14_28_33,557.bmp	2,091906E+0	2,284018E+0	-1,223829E-3	-3,807953E-3
20220408 14:28:39,561	c_0_1794_20220408_14_28_39,561.bmp	2,100815E+0	2,304386E+0	-3,769540E-3	-3,807953E-3
20220408 14:28:45,565	c_0_1795_20220408_14_28_45,565.bmp	2,104633E+0	2,318388E+0	6,413303E-3	3,830109E-3
20220408 14:28:51,569	c_0_1796_20220408_14_28_51,569.bmp	2,103360E+0	2,338756E+0	2,594737E-3	1,107786E-5
20220408 14:28:57,574	c_0_1797_20220408_14_28_57,574.bmp	2,110996E+0	2,360396E+0	4,902598E-5	1,107786E-5
20220408 14:29:03,577	c_0_1798_20220408_14_29_03,577.bmp	2,116087E+0	2,380764E+0	4,902598E-5	1,107786E-5
20220408 14:29:09,581	c_0_1799_20220408_14_29_09,581.bmp	2,117360E+0	2,399859E+0	1,321881E-3	-1,261932E-3
20220408 14:29:15,585	c_0_1800_20220408_14_29_15,585.bmp	2,119905E+0	2,417680E+0	4,902598E-5	2,557098E-3
20220408 14:29:21,586	c_0_1801_20220408_14_29_21,586.bmp	2,117360E+0	2,443140E+0	-1,223829E-3	-3,807953E-3
20220408 14:29:27,589	c_0_1802_20220408_14_29_27,589.bmp	2,109724E+0	2,457142E+0	2,594737E-3	3,830109E-3
20220408 14:29:33,592	c_0_1803_20220408_14_29_33,592.bmp	2,099542E+0	2,480056E+0	2,594737E-3	1,284088E-3
20220408 14:29:39,599	c_0_1804_20220408_14_29_39,599.bmp	2,072815E+0	2,505515E+0	-2,496685E-3	-3,807953E-3
20220408 14:29:45,602	c_0_1805_20220408_14_29_45,602.bmp	2,028270E+0	2,520791E+0	4,902598E-5	1,107786E-5
20220408 14:29:51,605	c_0_1806_20220408_14_29_51,605.bmp	1,895907E+0	2,541159E+0	2,594737E-3	3,830109E-3
20220408 14:29:57,608	c_0_1807_20220408_14_29_57,608.bmp	1,870453E+0	2,561526E+0	-2,496685E-3	1,284088E-3
20220408 14:30:03,611	c_0_1808_20220408_14_30_03,611.bmp	1,860271E+0	2,580621E+0	4,902598E-5	1,107786E-5
20220408 14:30:09,614	c_0_1809_20220408_14_30_09,614.bmp	1,865362E+0	2,602261E+0	4,902598E-5	-1,261932E-3
20220408 14:30:15,617	c_0_1810_20220408_14_30_15,617.bmp	1,872998E+0	2,621356E+0	4,902598E-5	-3,807953E-3
20220408 14:30:21,619	c_0_1811_20220408_14_30_21,619.bmp	1,881907E+0	2,636632E+0	-1,223829E-3	3,830109E-3
20220408 14:30:27,621	c_0_1812_20220408_14_30_27,621.bmp	1,889543E+0	2,656999E+0	2,594737E-3	2,557098E-3
20220408 14:30:33,624	c_0_1813_20220408_14_30_33,624.bmp	1,899725E+0	2,681186E+0	2,594737E-3	-2,534943E-3
20220408 14:30:39,627	c_0_1814_20220408_14_30_39,627.bmp	1,908634E+0	2,697734E+0	2,594737E-3	2,557098E-3
20220408 14:30:45,628	c_0_1815_20220408_14_30_45,628.bmp	1,920089E+0	2,718102E+0	3,867592E-3	2,557098E-3
20220408 14:30:51,629	c_0_1816_20220408_14_30_51,629.bmp	1,931543E+0	2,743561E+0	4,902598E-5	-3,807953E-3
20220408 14:30:57,629	c_0_1817_20220408_14_30_57,629.bmp	1,948088E+0	2,762656E+0	-2,496685E-3	-3,807953E-3
20220408 14:31:03,634	c_0_1818_20220408_14_31_03,634.bmp	1,960816E+0	2,784296E+0	-5,042396E-3	-3,807953E-3
20220408 14:31:09,639	c_0_1819_20220408_14_31_09,639.bmp	1,970997E+0	2,799572E+0	4,902598E-5	1,107786E-5
20220408 14:31:15,646	c_0_1820_20220408_14_31_15,646.bmp	1,974816E+0	2,817394E+0	1,321881E-3	1,107786E-5
20220408 14:31:21,647	c_0_1821_20220408_14_31_21,647.bmp	1,983725E+0	2,840307E+0	-1,223829E-3	-1,261932E-3
20220408 14:31:27,651	c_0_1822_20220408_14_31_27,651.bmp	1,993906E+0	2,860675E+0	2,594737E-3	1,107786E-5
20220408 14:31:33,653	c_0_1823_20220408_14_31_33,653.bmp	2,009179E+0	2,882315E+0	-2,496685E-3	1,107786E-5
20220408 14:31:39,656	c_0_1824_20220408_14_31_39,656.bmp	2,011724E+0	2,896318E+0	2,594737E-3	-1,261932E-3
20220408 14:31:45,657	c_0_1825_20220408_14_31_45,657.bmp	2,024452E+0	2,923050E+0	-3,769540E-3	1,107786E-5
20220408 14:31:51,659	c_0_1826_20220408_14_31_51,659.bmp	2,021906E+0	2,942145E+0	-2,496685E-3	1,107786E-5
20220408 14:31:57,663	c_0_1827_20220408_14_31_57,663.bmp	2,023179E+0	2,959967E+0	-1,223829E-3	2,557098E-3
20220408 14:32:03,664	c_0_1828_20220408_14_32_03,664.bmp	2,024452E+0	2,979061E+0	4,902598E-5	1,107786E-5
20220408 14:32:09,665	c_0_1829_20220408_14_32_09,665.bmp	2,023179E+0	3,000702E+0	1,321881E-3	1,107786E-5
20220408 14:32:15,670	c_0_1830_20220408_14_32_15,670.bmp	2,019361E+0	3,019796E+0	-3,769540E-3	-1,261932E-3
20220408 14:32:21,675	c_0_1831_20220408_14_32_21,675.bmp	2,020633E+0	3,043983E+0	-5,042396E-3	-2,534943E-3
20220408 14:32:27,676	c_0_1832_20220408_14_32_27,676.bmp	2,016815E+0	3,060531E+0	1,321881E-3	1,107786E-5
20220408 14:32:33,678	c_0_1833_20220408_14_32_33,678.bmp	2,009179E+0	3,080899E+0	2,594737E-3	1,107786E-5
20220408 14:32:39,681	c_0_1834_20220408_14_32_39,681.bmp	2,007906E+0	3,096175E+0	4,902598E-5	2,557098E-3
20220408 14:32:45,685	c_0_1835_20220408_14_32_45,685.bmp	2,009179E+0	3,119088E+0	4,902598E-5	1,284088E-3
20220408 14:32:51,688	c_0_1836_20220408_14_32_51,688.bmp	2,004088E+0	3,143275E+0	-2,496685E-3	-2,534943E-3
20220408 14:32:57,696	c_0_1837_20220408_14_32_57,696.bmp	2,004088E+0	3,163642E+0	-3,769540E-3	-3,807953E-3
20220408 14:33:03,702	c_0_1838_20220408_14_33_03,702.bmp	1,995179E+0	3,184010E+0	-3,769540E-3	-3,807953E-3
20220408 14:33:09,707	c_0_1839_20220408_14_33_09,707.bmp	1,983725E+0	3,200558E+0	-5,042396E-3	1,107786E-5
20220408 14:33:15,712	c_0_1840_20220408_14_33_15,712.bmp	1,967179E+0	3,220926E+0	4,902598E-5	1,107786E-5
20220408 14:33:21,717	c_0_1841_20220408_14_33_21,717.bmp	1,899725E+0	3,241294E+0	2,594737E-3	1,107786E-5
20220408 14:33:27,720	c_0_1842_20220408_14_33_27,720.bmp	1,848816E+0	3,261661E+0	-3,769540E-3	-1,261932E-3
20220408 14:33:33,723	c_0_1843_20220408_14_33_33,723.bmp	1,829726E+0	3,283302E+0	-3,769540E-3	-3,807953E-3
20220408 14:33:39,725	c_0_1844_20220408_14_33_39,725.bmp	1,820817E+0	3,298577E+0	-1,223829E-3	-2,534943E-3
20220408 14:33:45,729	c_0_1845_20220408_14_33_45,729.bmp	1,824635E+0	3,324037E+0	-3,769540E-3	-3,807953E-3
20220408 14:33:51,730	c_0_1846_20220408_14_33_51,730.bmp	1,824635E+0	3,340585E+0	4,902598E-5	2,557098E-3
20220408 14:33:57,732	c_0_1847_20220408_14_33_57,732.bmp	1,829726E+0	3,362226E+0	-3,769540E-3	-3,807953E-3
20220408 14:34:03,734	c_0_1848_20220408_14_34_03,734.bmp	1,829726E+0	3,380048E+0	-3,769540E-3	-1,261932E-3
20220408 14:34:09,740	c_0_1849_20220408_14_34_09,740.bmp	1,830998E+0	3,404234E+0	-5,042396E-3	-3,807953E-3
20220408 14:34:15,746	c_0_1850_20220408_14_34_15,746.bmp	1,823362E+0	3,416964E+0	2,594737E-3	2,557098E-3
20220408 14:34:21,752	c_0_1851_20220408_14_34_21,752.bmp	1,811908E+0	3,443696E+0	-3,769540E-3	-3,807953E-3
20220408 14:34:27,758	c_0_1852_20220408_14_34_27,758.bmp	1,782635E+0	3,462791E+0	-3,769540E-3	-3,807953E-3
20220408 14:34:33,762	c_0_1853_20220408_14_34_33,762.bmp	1,731726E+0	3,476793E+0	1,321881E-3	3,830109E-3
20220408 14:34:39,766	c_0_1854_20220408_14_34_39,766.bmp	1,677000E+0	3,499707E+0	4,902598E-5	1,107786E-5
20220408 14:34:45,767	c_0_1855_20220408_14_34_45,767.bmp	1,584091E+0	3,522620E+0	-2,496685E-3	1,107786E-5
20220408 14:34:51,771	c_0_1856_20220408_14_34_51,771.bmp	1,482274E+0	3,536623E+0	2,594737E-3	1,284088E-3
20220408 14:34:57,773	c_0_1857_20220408_14_34_57,773.bmp	1,447910E+0	3,564629E+0	4,902598E-5	-3,807953E-3
20220408 14:35:03,775	c_0_1858_20220408_14_35_03,775.bmp	1,432638E+0	3,579904E+0	2,594737E-3	2,557098E-3
20220408 14:35:09,779	c_0_1859_20220408_14_35_09,779.bmp	1,428820E+0	3,604091E+0	-1,223829E-3	-3,807953E-3
20220408 14:35:15,781	c_0_1860_20220408_14_35_15,781.bmp	1,425001E+0	3,623185E+0	4,902598E-5	-3,807953E-3
20220408 14:35:21,786	c_0_1861_20220408_14_35_21,786.bmp	1,417365E+0	3,638461E+0	4,902598E-5	2,557098E-3
20220408 14:35:27,787	c_0_1862_20220408_14_35_27,787.bmp	1,416092E+0	3,657556E+0	4,902598E-5	2,557098E-3
20220408 14:35:33,795	c_0_1863_20220408_14_35_33,795.bmp	1,417365E+0	3,675377E+0	3,867592E-3	1,284088E-3
20220408 14:35:39,800	c_0_1864_20220408_14_35_39,800.bmp	1,421183E+0	3,700837E+0	-1,223829E-3	1,107786E-5
20220408 14:35:45,801	c_0_1865_20220408_14_35_45,801.bmp	1,423729E+0	3,723750E+0	-3,769540E-3	-3,807953E-3
20220408 14:35:51,809	c_0_1866_20220408_14_35_51,809.bmp	1,414820E+0	3,740299E+0	4,902598E-5	-1,261932E-3
20220408 14:35:57,811	c_0_1867_20220408_14_35_57,811.bmp	1,417365E+0	3,756847E+0	2,594737E-3	1,284088E-3
20220408 14:36:03,812	c_0_1868_20220408_14_36_03,812.bmp	1,412274E+0	3,778488E+0	4,902598E-5	-5,080963E-3
20220408 14:36:09,815	c_0_1869_20220408_14_36_09,815.bmp	1,395729E+0	3,798856E+0	-3,769540E-3	1,107786E-5
20220408 14:36:15,816	c_0_1870_20220408_14_36_15,816.bmp	1,377911E+0	3,819223E+0	-1,223829E-3	1,284088E-3
20220408 14:36:21,817	c_0_1871_20220408_14_36_21,817.bmp	1,372820E+0	3,842137E+0	4,902598E-5	-1,261932E-3
20220408 14:36:27,820	c_0_1872_20220408_14_36_27,820.bmp	1,366456E+0	3,856139E+0	4,902598E-5	3,830109E-3
20220408 14:36:33,822	c_0_1873_20220408_14_36_33,822.bmp	1,356275E+0	3,879053E+0	1,321881E-3	1,107786E-5
20220408 14:36:39,826	c_0_1874_20220408_14_36_39,826.bmp	1,355002E+0	3,901966E+0	4,902598E-5	1,107786E-5
20220408 14:36:45,830	c_0_1875_20220408_14_36_45,830.bmp	1,358820E+0	3,921061E+0	-3,769540E-3	1,107786E-5
20220408 14:36:51,832	c_0_1876_20220408_14_36_51,832.bmp	1,356275E+0	3,940155E+0	-3,769540E-3	1,107786E-5
20220408 14:36:57,837	c_0_1877_20220408_14_36_57,837.bmp	1,352457E+0	3,961796E+0	4,902598E-5	1,284088E-3
20220408 14:37:03,841	c_0_1878_20220408_14_37_03,841.bmp	1,355002E+0	3,982164E+0	4,902598E-5	1,107786E-5
20220408 14:37:09,843	c_0_1879_20220408_14_37_09,843.bmp	1,355002E+0	3,999985E+0	4,902598E-5	1,107786E-5
20220408 14:37:15,850	c_0_1880_20220408_14_37_15,850.bmp	1,356275E+0	4,021626E+0	4,902598E-5	1,107786E-5
20220408 14:37:21,852	c_0_1881_20220408_14_37_21,852.bmp	1,356275E+0	4,044539E+0	1,321881E-3	-3,807953E-3
20220408 14:37:27,853	c_0_1882_20220408_14_37_27,853.bmp	1,355002E+0	4,057269E+0	2,594737E-3	1,284088E-3
20220408 14:37:33,856	c_0_1883_20220408_14_37_33,856.bmp	1,355002E+0	4,078909E+0	1,321881E-3	3,830109E-3
20220408 14:37:39,860	c_0_1884_20220408_14_37_39,860.bmp	1,360093E+0	4,103096E+0	4,902598E-5	-3,807953E-3
20220408 14:37:45,861	c_0_1885_20220408_14_37_45,861.bmp	1,349911E+0	4,120918E+0	2,594737E-3	1,107786E-5
20220408 14:37:51,865	c_0_1886_20220408_14_37_51,865.bmp	1,338457E+0	4,140012E+0	-1,223829E-3	1,107786E-5
20220408 14:37:57,870	c_0_1887_20220408_14_37_57,870.bmp	1,330820E+0	4,160380E+0	1,321881E-3	-1,261932E-3
20220408 14:38:03,871	c_0_1888_20220408_14_38_03,871.bmp	1,323184E+0	4,180747E+0	4,902598E-5	1,107786E-5
20220408 14:38:09,875	c_0_1889_20220408_14_38_09,875.bmp	1,316820E+0	4,198569E+0	1,321881E-3	2,557098E-3
20220408 14:38:15,876	c_0_1890_20220408_14_38_15,876.bmp	1,311730E+0	4,225301E+0	-3,769540E-3	-3,807953E-3
20220408 14:38:21,881	c_0_1891_20220408_14_38_21,881.bmp	1,296457E+0	4,240577E+0	4,902598E-5	1,284088E-3
20220408 14:38:27,884	c_0_1892_20220408_14_38_27,884.bmp	1,292639E+0	4,258399E+0	-1,223829E-3	2,557098E-3
20220408 14:38:33,885	c_0_1893_20220408_14_38_33,885.bmp	1,283730E+0	4,280039E+0	2,594737E-3	1,107786E-5
20220408 14:38:39,891	c_0_1894_20220408_14_38_39,891.bmp	1,278639E+0	4,300407E+0	2,594737E-3	1,107786E-5
20220408 14:38:45,896	c_0_1895_20220408_14_38_45,896.bmp	1,271003E+0	4,323320E+0	-1,223829E-3	-3,807953E-3
20220408 14:38:51,900	c_0_1896_20220408_14_38_51,900.bmp	1,250639E+0	4,341142E+0	4,902598E-5	1,107786E-5
20220408 14:38:57,901	c_0_1897_20220408_14_38_57,901.bmp	1,179367E+0	4,364055E+0	-1,223829E-3	-3,807953E-3
20220408 14:39:03,905	c_0_1898_20220408_14_39_03,905.bmp	1,039368E+0	4,381877E+0	2,594737E-3	1,107786E-5
20220408 14:39:09,906	c_0_1899_20220408_14_39_09,906.bmp	1,019004E+0	4,399699E+0	4,902598E-5	1,107786E-5
20220408 14:39:15,907	c_0_1900_20220408_14_39_15,907.bmp	1,012641E+0	4,421339E+0	4,902598E-5	1,107786E-5
20220408 14:39:21,908	c_0_1901_20220408_14_39_21,908.bmp	1,005005E+0	4,439161E+0	3,867592E-3	-1,261932E-3
20220408 14:39:27,916	c_0_1902_20220408_14_39_27,916.bmp	1,008823E+0	4,456982E+0	-1,223829E-3	3,830109E-3
20220408 14:39:33,918	c_0_1903_20220408_14_39_33,918.bmp	1,007550E+0	4,482442E+0	-5,042396E-3	-5,080963E-3
20220408 14:39:39,921	c_0_1904_20220408_14_39_39,921.bmp	1,013914E+0	4,505355E+0	-3,769540E-3	-3,807953E-3
20220408 14:39:45,926	c_0_1905_20220408_14_39_45,926.bmp	1,013914E+0	4,516812E+0	4,902598E-5	2,557098E-3
20220408 14:39:51,929	c_0_1906_20220408_14_39_51,929.bmp	1,012641E+0	4,540999E+0	4,902598E-5	-1,261932E-3
20220408 14:39:57,932	c_0_1907_20220408_14_39_57,932.bmp	1,011368E+0	4,561366E+0	2,594737E-3	1,107786E-5
20220408 14:40:03,940	c_0_1908_20220408_14_40_03,940.bmp	1,017732E+0	4,583007E+0	-1,223829E-3	-3,807953E-3
20220408 14:40:09,943	c_0_1909_20220408_14_40_09,943.bmp	1,020277E+0	4,603374E+0	-1,223829E-3	-3,807953E-3
20220408 14:40:15,948	c_0_1910_20220408_14_40_15,948.bmp	1,019004E+0	4,619923E+0	1,321881E-3	1,107786E-5
20220408 14:40:21,953	c_0_1911_20220408_14_40_21,953.bmp	1,021550E+0	4,636471E+0	4,902598E-5	3,830109E-3
20220408 14:40:27,954	c_0_1912_20220408_14_40_27,954.bmp	1,025368E+0	4,660658E+0	-1,223829E-3	1,107786E-5
20220408 14:40:33,959	c_0_1913_20220408_14_40_33,959.bmp	1,026641E+0	4,677207E+0	2,594737E-3	3,830109E-3
20220408 14:40:39,964	c_0_1914_20220408_14_40_39,964.bmp	1,026641E+0	4,700120E+0	4,902598E-5	-1,261932E-3
20220408 14:40:45,969	c_0_1915_20220408_14_40_45,969.bmp	1,021550E+0	4,717942E+0	3,867592E-3	2,557098E-3
20220408 14:40:51,970	c_0_1916_20220408_14_40_51,970.bmp	1,019004E+0	4,737036E+0	2,594737E-3	3,830109E-3
20220408 14:40:57,975	c_0_1917_20220408_14_40_57,975.bmp	1,020277E+0	4,761223E+0	-2,496685E-3	1,107786E-5
20220408 14:41:03,976	c_0_1918_20220408_14_41_03,976.bmp	1,017732E+0	4,776498E+0	2,594737E-3	1,284088E-3
20220408 14:41:09,978	c_0_1919_20220408_14_41_09,978.bmp	1,024095E+0	4,803231E+0	-3,769540E-3	-3,807953E-3
20220408 14:41:15,980	c_0_1920_20220408_14_41_15,980.bmp	1,021550E+0	4,821053E+0	-2,496685E-3	-2,534943E-3
20220408 14:41:21,985	c_0_1921_20220408_14_41_21,985.bmp	1,021550E+0	4,843966E+0	-3,769540E-3	-3,807953E-3
20220408 14:41:27,991	c_0_1922_20220408_14_41_27,991.bmp	1,022823E+0	4,859242E+0	4,902598E-5	1,284088E-3
20220408 14:41:33,992	c_0_1923_20220408_14_41_33,992.bmp	1,026641E+0	4,883428E+0	-1,223829E-3	-3,807953E-3
20220408 14:41:39,994	c_0_1924_20220408_14_41_39,994.bmp	1,030459E+0	4,901250E+0	4,902598E-5	1,107786E-5
20220408 14:41:45,999	c_0_1925_20220408_14_41_45,999.bmp	1,039368E+0	4,920344E+0	-3,769540E-3	-1,261932E-3
20220408 14:41:52,004	c_0_1926_20220408_14_41_52,004.bmp	1,034277E+0	4,939439E+0	2,594737E-3	1,107786E-5
20220408 14:41:58,008	c_0_1927_20220408_14_41_58,008.bmp	1,043186E+0	4,959807E+0	4,902598E-5	1,107786E-5
