0.000000000000000000e+00 -6.401045068582626729e-04
1.000000000000000000e+00 -5.486610058785108780e-04
2.000000000000000000e+00 -5.486610058785108780e-04
3.000000000000000000e+00 -4.572175048987590289e-04
4.000000000000000000e+00 -3.657740039190072339e-04
5.000000000000000000e+00 -3.657740039190072339e-04
6.000000000000000000e+00 -2.743305029392554390e-04
7.000000000000000000e+00 -1.828870019595036170e-04
8.000000000000000000e+00 -1.828870019595036170e-04
9.000000000000000000e+00 -9.144350097975180848e-05
1.000000000000000000e+01 0.000000000000000000e+00
1.100000000000000000e+01 0.000000000000000000e+00
1.200000000000000000e+01 9.144350097975180848e-05
1.300000000000000000e+01 1.828870019595036170e-04
1.400000000000000000e+01 2.743305029392554390e-04
1.500000000000000000e+01 2.743305029392554390e-04
1.600000000000000000e+01 3.657740039190072339e-04
1.700000000000000000e+01 4.572175048987590289e-04
1.800000000000000000e+01 4.572175048987590289e-04
1.900000000000000000e+01 5.486610058785108780e-04
2.000000000000000000e+01 6.401045068582626729e-04
2.100000000000000000e+01 1.463096015676028936e-03
2.200000000000000000e+01 1.554539516655780839e-03
2.300000000000000000e+01 1.737426518615284429e-03
2.400000000000000000e+01 2.468974526453299005e-03
2.500000000000000000e+01 2.743305029392554065e-03
2.600000000000000000e+01 3.932070542129327724e-03
2.700000000000000000e+01 4.846505551926845456e-03
2.800000000000000000e+01 7.315480078380144462e-03
2.900000000000000000e+01 7.864141084258655448e-03
3.000000000000000000e+01 9.875898105813196021e-03
3.100000000000000000e+01 1.033311561071195359e-02
3.200000000000000000e+01 1.133899412148922474e-02
3.300000000000000000e+01 1.197909862834748741e-02
3.400000000000000000e+01 1.280209013716525346e-02
3.500000000000000000e+01 1.335075114304376358e-02
3.600000000000000000e+01 1.389941214892227543e-02
3.700000000000000000e+01 1.499673416067929740e-02
3.800000000000000000e+01 1.572828216851731090e-02
3.900000000000000000e+01 1.655127367733507868e-02
4.000000000000000000e+01 1.728282168517309217e-02
4.100000000000000000e+01 1.838014369693011241e-02
4.200000000000000000e+01 1.920313520574788019e-02
4.300000000000000000e+01 1.984323971260614286e-02
4.400000000000000000e+01 2.030045721750490043e-02
4.500000000000000000e+01 2.103200522534291739e-02
4.600000000000000000e+01 2.167210973220118006e-02
4.700000000000000000e+01 2.258654474199869519e-02
4.800000000000000000e+01 2.331809274983671215e-02
4.900000000000000000e+01 2.395819725669497482e-02
5.000000000000000000e+01 2.487263226649249342e-02
5.100000000000000000e+01 2.587851077726976284e-02
5.200000000000000000e+01 2.697583278902678308e-02
5.300000000000000000e+01 2.779882429784455086e-02
5.400000000000000000e+01 2.926192031352057785e-02
5.500000000000000000e+01 2.917047681254082703e-02
5.600000000000000000e+01 2.981058131939908970e-02
5.700000000000000000e+01 2.981058131939908970e-02
5.800000000000000000e+01 2.981058131939908970e-02
5.900000000000000000e+01 3.017635532331809645e-02
6.000000000000000000e+01 3.017635532331809645e-02
6.100000000000000000e+01 3.026779882429784727e-02
6.200000000000000000e+01 3.017635532331809645e-02
6.300000000000000000e+01 3.072501632919660830e-02
6.400000000000000000e+01 3.072501632919660830e-02
6.500000000000000000e+01 3.072501632919660830e-02
6.600000000000000000e+01 3.099934683213586423e-02
6.700000000000000000e+01 3.109079033311561505e-02
6.800000000000000000e+01 3.163945133899412343e-02
6.900000000000000000e+01 3.200522534291313365e-02
7.000000000000000000e+01 3.163945133899412343e-02
7.100000000000000000e+01 3.191378184193337936e-02
7.200000000000000000e+01 3.200522534291313365e-02
7.300000000000000000e+01 3.301110385369040306e-02
7.400000000000000000e+01 3.255388634879164550e-02
7.500000000000000000e+01 3.310254735467015735e-02
7.600000000000000000e+01 3.346832135858916063e-02
7.700000000000000000e+01 3.383409536250817085e-02
7.800000000000000000e+01 3.346832135858916063e-02
7.900000000000000000e+01 3.392553886348791820e-02
8.000000000000000000e+01 3.520574787720444354e-02
8.100000000000000000e+01 3.758327890267799259e-02
8.200000000000000000e+01 3.904637491835401958e-02
8.300000000000000000e+01 4.069235793598955514e-02
8.400000000000000000e+01 4.178967994774657885e-02
8.500000000000000000e+01 4.270411495754409398e-02
8.600000000000000000e+01 4.306988896146310419e-02
8.700000000000000000e+01 4.416721097322012096e-02
8.800000000000000000e+01 4.517308948399739038e-02
8.900000000000000000e+01 4.617896799477466674e-02
9.000000000000000000e+01 4.691051600261268023e-02
9.100000000000000000e+01 4.755062050947093943e-02
9.200000000000000000e+01 4.819072501632920558e-02
9.300000000000000000e+01 4.846505551926846150e-02
9.400000000000000000e+01 4.864794252122796314e-02
9.500000000000000000e+01 4.901371652514696642e-02
9.600000000000000000e+01 4.919660352710647500e-02
9.700000000000000000e+01 4.937949052906597663e-02
9.800000000000000000e+01 4.974526453298498685e-02
9.900000000000000000e+01 4.992815153494448849e-02
1.000000000000000000e+02 5.011103853690399013e-02
1.010000000000000000e+02 5.038536903984324605e-02
1.020000000000000000e+02 5.047681254082300034e-02
1.030000000000000000e+02 5.075114304376225627e-02
1.040000000000000000e+02 5.093403004572175791e-02
1.050000000000000000e+02 5.102547354670151220e-02
1.060000000000000000e+02 5.111691704768125954e-02
1.070000000000000000e+02 5.120836054866101383e-02
1.080000000000000000e+02 5.129980404964076118e-02
1.090000000000000000e+02 5.129980404964076118e-02
1.100000000000000000e+02 5.139124755062051547e-02
1.110000000000000000e+02 5.175702155453952569e-02
1.120000000000000000e+02 5.193990855649902733e-02
1.130000000000000000e+02 5.221423905943828325e-02
1.140000000000000000e+02 5.248856956237753918e-02
1.150000000000000000e+02 5.267145656433704082e-02
1.160000000000000000e+02 5.303723056825605103e-02
1.170000000000000000e+02 5.331156107119530696e-02
1.180000000000000000e+02 5.349444807315480860e-02
1.190000000000000000e+02 5.386022207707381187e-02
1.200000000000000000e+02 5.413455258001306780e-02
1.210000000000000000e+02 5.440888308295232373e-02
1.220000000000000000e+02 5.468321358589157966e-02
1.230000000000000000e+02 5.523187459177009151e-02
1.240000000000000000e+02 5.550620509470934744e-02
1.250000000000000000e+02 5.623775310254736093e-02
1.260000000000000000e+02 5.733507511430438464e-02
1.270000000000000000e+02 5.834095362508165405e-02
1.280000000000000000e+02 6.016982364467669125e-02
1.290000000000000000e+02 6.117570215545396067e-02
1.300000000000000000e+02 6.172436316133247253e-02
1.310000000000000000e+02 6.209013716525147580e-02
1.320000000000000000e+02 6.218158066623123009e-02
1.330000000000000000e+02 6.245591116917048602e-02
1.340000000000000000e+02 6.263879817112999460e-02
1.350000000000000000e+02 6.273024167210973501e-02
1.360000000000000000e+02 6.273024167210973501e-02
1.370000000000000000e+02 6.282168517308948930e-02
1.380000000000000000e+02 6.291312867406924358e-02
1.390000000000000000e+02 6.300457217504899787e-02
1.400000000000000000e+02 6.309601567602875216e-02
1.410000000000000000e+02 6.318745917700850645e-02
1.420000000000000000e+02 6.318745917700850645e-02
1.430000000000000000e+02 6.300457217504899787e-02
1.440000000000000000e+02 6.327890267798824686e-02
1.450000000000000000e+02 6.346178967994775544e-02
1.460000000000000000e+02 6.337034617896800115e-02
1.470000000000000000e+02 6.355323318092750973e-02
1.480000000000000000e+02 6.364467668190726402e-02
1.490000000000000000e+02 6.382756368386675871e-02
1.500000000000000000e+02 6.391900718484651300e-02
1.510000000000000000e+02 6.455911169170477915e-02
1.520000000000000000e+02 6.492488569562378242e-02
1.530000000000000000e+02 6.547354670150229428e-02
1.540000000000000000e+02 6.574787720444155714e-02
1.550000000000000000e+02 6.574787720444155714e-02
1.560000000000000000e+02 6.629653821032005512e-02
1.570000000000000000e+02 6.675375571521882656e-02
1.580000000000000000e+02 6.693664271717832126e-02
1.590000000000000000e+02 6.739386022207707883e-02
1.600000000000000000e+02 6.766819072501634169e-02
1.610000000000000000e+02 6.803396472893534497e-02
1.620000000000000000e+02 6.830829523187460783e-02
1.630000000000000000e+02 6.867406923579361111e-02
1.640000000000000000e+02 6.931417374265187725e-02
1.650000000000000000e+02 6.949706074461137195e-02
1.660000000000000000e+02 7.013716525146963809e-02
1.670000000000000000e+02 7.032005225342914667e-02
1.680000000000000000e+02 7.041149575440888708e-02
1.690000000000000000e+02 7.105160026126715322e-02
1.700000000000000000e+02 7.114304376224690751e-02
1.710000000000000000e+02 7.114304376224690751e-02
1.720000000000000000e+02 7.196603527106466835e-02
1.730000000000000000e+02 7.315480078380144635e-02
1.740000000000000000e+02 7.516655780535598519e-02
1.750000000000000000e+02 7.736120182887003260e-02
1.760000000000000000e+02 7.928151534944481715e-02
1.770000000000000000e+02 8.083605486610059843e-02
1.780000000000000000e+02 8.284781188765513726e-02
1.790000000000000000e+02 8.485956890920967610e-02
1.800000000000000000e+02 8.568256041802745082e-02
1.810000000000000000e+02 8.595689092096669981e-02
1.820000000000000000e+02 8.696276943174396923e-02
1.830000000000000000e+02 8.723709993468323209e-02
1.840000000000000000e+02 8.778576094056173007e-02
1.850000000000000000e+02 8.787720444154148436e-02
1.860000000000000000e+02 8.787720444154148436e-02
1.870000000000000000e+02 8.815153494448074722e-02
1.880000000000000000e+02 8.879163945133899949e-02
1.890000000000000000e+02 8.897452645329850807e-02
1.900000000000000000e+02 8.888308295231875378e-02
1.910000000000000000e+02 8.906596995427826235e-02
1.920000000000000000e+02 8.934030045721751134e-02
1.930000000000000000e+02 8.961463096015677421e-02
1.940000000000000000e+02 8.979751796211628279e-02
1.950000000000000000e+02 8.998040496407577749e-02
1.960000000000000000e+02 8.998040496407577749e-02
1.970000000000000000e+02 9.016329196603528606e-02
1.980000000000000000e+02 9.071195297191379792e-02
1.990000000000000000e+02 9.071195297191379792e-02
2.000000000000000000e+02 9.089483997387329262e-02
2.010000000000000000e+02 9.098628347485304690e-02
2.020000000000000000e+02 9.107772697583280119e-02
2.030000000000000000e+02 9.116917047681255548e-02
2.040000000000000000e+02 9.135205747877205018e-02
2.050000000000000000e+02 9.162638798171131305e-02
2.060000000000000000e+02 9.162638798171131305e-02
2.070000000000000000e+02 9.171783148269106734e-02
2.080000000000000000e+02 9.180927498367082162e-02
2.090000000000000000e+02 9.190071848465056203e-02
2.100000000000000000e+02 9.208360548661007061e-02
2.110000000000000000e+02 9.235793598954933348e-02
2.120000000000000000e+02 9.254082299150882818e-02
2.130000000000000000e+02 9.263226649248858247e-02
2.140000000000000000e+02 9.281515349444809104e-02
2.150000000000000000e+02 9.299804049640758574e-02
2.160000000000000000e+02 9.354670150228609760e-02
2.170000000000000000e+02 9.372958850424560617e-02
2.180000000000000000e+02 9.427824951012411803e-02
2.190000000000000000e+02 9.702155453951666342e-02
2.200000000000000000e+02 1.007707380796864921e-01
2.210000000000000000e+02 1.023252775963422734e-01
2.220000000000000000e+02 1.030568256041802938e-01
2.230000000000000000e+02 1.037883736120183004e-01
2.240000000000000000e+02 1.039712606139778089e-01
2.250000000000000000e+02 1.038798171129980547e-01
2.260000000000000000e+02 1.038798171129980547e-01
2.270000000000000000e+02 1.039712606139778089e-01
2.280000000000000000e+02 1.043370346178968122e-01
2.290000000000000000e+02 1.042455911169170579e-01
2.300000000000000000e+02 1.041541476159373036e-01
2.310000000000000000e+02 1.046113651208360751e-01
2.320000000000000000e+02 1.047942521227955698e-01
2.330000000000000000e+02 1.047028086218158155e-01
2.340000000000000000e+02 1.045199216198563208e-01
2.350000000000000000e+02 1.047942521227955698e-01
2.360000000000000000e+02 1.054343566296538359e-01
2.370000000000000000e+02 1.058001306335728392e-01
2.380000000000000000e+02 1.065316786414108596e-01
2.390000000000000000e+02 1.069888961463096172e-01
2.400000000000000000e+02 1.070803396472893715e-01
2.410000000000000000e+02 1.070803396472893715e-01
2.420000000000000000e+02 1.078118876551273780e-01
2.430000000000000000e+02 1.079033311561071323e-01
2.440000000000000000e+02 1.078118876551273780e-01
2.450000000000000000e+02 1.078118876551273780e-01
2.460000000000000000e+02 1.077204441541476237e-01
2.470000000000000000e+02 1.078118876551273780e-01
2.480000000000000000e+02 1.084519921619856442e-01
2.490000000000000000e+02 1.085434356629653985e-01
