0.000000000000000000e+00 -9.150326797385619632e-04
1.000000000000000000e+00 -8.235294117647057018e-04
2.000000000000000000e+00 -8.235294117647057018e-04
3.000000000000000000e+00 -7.320261437908495488e-04
4.000000000000000000e+00 -7.320261437908495488e-04
5.000000000000000000e+00 -6.405228758169933959e-04
6.000000000000000000e+00 -5.490196078431371345e-04
7.000000000000000000e+00 -5.490196078431371345e-04
8.000000000000000000e+00 -4.575163398692809816e-04
9.000000000000000000e+00 -3.660130718954247744e-04
1.000000000000000000e+01 -3.660130718954247744e-04
1.100000000000000000e+01 -2.745098039215685673e-04
1.200000000000000000e+01 -2.745098039215685673e-04
1.300000000000000000e+01 -1.830065359477123872e-04
1.400000000000000000e+01 -9.150326797385619361e-05
1.500000000000000000e+01 -9.150326797385619361e-05
1.600000000000000000e+01 -9.150326797385619632e-04
1.700000000000000000e+01 -8.235294117647057018e-04
1.800000000000000000e+01 -8.235294117647057018e-04
1.900000000000000000e+01 -7.320261437908495488e-04
2.000000000000000000e+01 -5.490196078431371345e-04
2.100000000000000000e+01 -4.575163398692809816e-04
2.200000000000000000e+01 1.647058823529411404e-03
2.300000000000000000e+01 2.379084967320260844e-03
2.400000000000000000e+01 2.928104575163398195e-03
2.500000000000000000e+01 3.568627450980391483e-03
2.600000000000000000e+01 4.300653594771240706e-03
2.700000000000000000e+01 4.849673202614378058e-03
2.800000000000000000e+01 6.313725490196077372e-03
2.900000000000000000e+01 6.313725490196077372e-03
3.000000000000000000e+01 7.137254901960782966e-03
3.100000000000000000e+01 1.006535947712418159e-02
3.200000000000000000e+01 1.088888888888888719e-02
3.300000000000000000e+01 1.152941176470588004e-02
3.400000000000000000e+01 1.271895424836601111e-02
3.500000000000000000e+01 1.390849673202614219e-02
3.600000000000000000e+01 1.454901960784313504e-02
3.700000000000000000e+01 1.546405228758169700e-02
3.800000000000000000e+01 1.637908496732025723e-02
3.900000000000000000e+01 1.839215686274509390e-02
4.000000000000000000e+01 1.848366013071895200e-02
4.100000000000000000e+01 1.958169934640522497e-02
4.200000000000000000e+01 2.013071895424836319e-02
4.300000000000000000e+01 2.077124183006535604e-02
4.400000000000000000e+01 2.159477124183006164e-02
4.500000000000000000e+01 2.232679738562091259e-02
4.600000000000000000e+01 2.278431372549019271e-02
4.700000000000000000e+01 2.333333333333333093e-02
4.800000000000000000e+01 2.360784313725489830e-02
4.900000000000000000e+01 2.406535947712417842e-02
5.000000000000000000e+01 2.470588235294117127e-02
5.100000000000000000e+01 2.543790849673202223e-02
5.200000000000000000e+01 2.552941176470587686e-02
5.300000000000000000e+01 2.552941176470587686e-02
5.400000000000000000e+01 2.644444444444444056e-02
5.500000000000000000e+01 2.690196078431372068e-02
5.600000000000000000e+01 2.717647058823528805e-02
5.700000000000000000e+01 2.900653594771241198e-02
5.800000000000000000e+01 2.918954248366012472e-02
5.900000000000000000e+01 2.973856209150326294e-02
6.000000000000000000e+01 2.983006535947711757e-02
6.100000000000000000e+01 2.992156862745097567e-02
6.200000000000000000e+01 2.992156862745097567e-02
6.300000000000000000e+01 3.019607843137254305e-02
6.400000000000000000e+01 3.074509803921568127e-02
6.500000000000000000e+01 3.083660130718953590e-02
6.600000000000000000e+01 3.111111111111110675e-02
6.700000000000000000e+01 3.120261437908496138e-02
6.800000000000000000e+01 3.175163398692809613e-02
6.900000000000000000e+01 3.211764705882352161e-02
7.000000000000000000e+01 3.266666666666666330e-02
7.100000000000000000e+01 3.284967320261437257e-02
7.200000000000000000e+01 3.284967320261437257e-02
7.300000000000000000e+01 3.303267973856208878e-02
7.400000000000000000e+01 3.294117647058823067e-02
7.500000000000000000e+01 3.303267973856208878e-02
7.600000000000000000e+01 3.303267973856208878e-02
7.700000000000000000e+01 3.294117647058823067e-02
7.800000000000000000e+01 3.303267973856208878e-02
7.900000000000000000e+01 3.303267973856208878e-02
8.000000000000000000e+01 3.303267973856208878e-02
8.100000000000000000e+01 3.303267973856208878e-02
8.200000000000000000e+01 3.312418300653593994e-02
8.300000000000000000e+01 3.303267973856208878e-02
8.400000000000000000e+01 3.303267973856208878e-02
8.500000000000000000e+01 3.294117647058823067e-02
8.600000000000000000e+01 3.303267973856208878e-02
8.700000000000000000e+01 3.303267973856208878e-02
8.800000000000000000e+01 3.339869281045750732e-02
8.900000000000000000e+01 3.349019607843136542e-02
9.000000000000000000e+01 3.339869281045750732e-02
9.100000000000000000e+01 3.394771241830064901e-02
9.200000000000000000e+01 3.440522875816992565e-02
9.300000000000000000e+01 3.385620915032679090e-02
9.400000000000000000e+01 3.440522875816992565e-02
9.500000000000000000e+01 3.486274509803920924e-02
9.600000000000000000e+01 3.522875816993463471e-02
9.700000000000000000e+01 3.577777777777776946e-02
9.800000000000000000e+01 3.532026143790849282e-02
9.900000000000000000e+01 3.568627450980391830e-02
1.000000000000000000e+02 3.605228758169933684e-02
1.010000000000000000e+02 3.641830065359476232e-02
1.020000000000000000e+02 3.696732026143790401e-02
1.030000000000000000e+02 3.760784313725489686e-02
1.040000000000000000e+02 3.733333333333332948e-02
1.050000000000000000e+02 3.815686274509803161e-02
1.060000000000000000e+02 3.870588235294117330e-02
1.070000000000000000e+02 3.943790849673201732e-02
1.080000000000000000e+02 4.007843137254901017e-02
1.090000000000000000e+02 4.081045751633986113e-02
1.100000000000000000e+02 4.154248366013071209e-02
1.110000000000000000e+02 4.154248366013071209e-02
1.120000000000000000e+02 4.236601307189541421e-02
1.130000000000000000e+02 4.309803921568626517e-02
1.140000000000000000e+02 4.383006535947711613e-02
1.150000000000000000e+02 4.456209150326796709e-02
1.160000000000000000e+02 4.547712418300652731e-02
1.170000000000000000e+02 4.593464052287581090e-02
1.180000000000000000e+02 4.657516339869280375e-02
1.190000000000000000e+02 4.694117647058822923e-02
1.200000000000000000e+02 4.739869281045750588e-02
1.210000000000000000e+02 4.712418300653593850e-02
1.220000000000000000e+02 4.749019607843136398e-02
1.230000000000000000e+02 4.785620915032678946e-02
1.240000000000000000e+02 4.849673202614378231e-02
1.250000000000000000e+02 4.895424836601306590e-02
1.260000000000000000e+02 4.950326797385620065e-02
1.270000000000000000e+02 4.904575163398691706e-02
1.280000000000000000e+02 4.959477124183005875e-02
1.290000000000000000e+02 5.014379084967319350e-02
1.300000000000000000e+02 5.060130718954247708e-02
1.310000000000000000e+02 5.105882352941175373e-02
1.320000000000000000e+02 5.151633986928103731e-02
1.330000000000000000e+02 5.188235294117646279e-02
1.340000000000000000e+02 5.151633986928103731e-02
1.350000000000000000e+02 5.169934640522874658e-02
1.360000000000000000e+02 5.206535947712417206e-02
1.370000000000000000e+02 5.243137254901959754e-02
1.380000000000000000e+02 5.261437908496731375e-02
1.390000000000000000e+02 5.298039215686273923e-02
1.400000000000000000e+02 5.243137254901959754e-02
1.410000000000000000e+02 5.279738562091502302e-02
1.420000000000000000e+02 5.316339869281044850e-02
1.430000000000000000e+02 5.334640522875815777e-02
1.440000000000000000e+02 5.371241830065358325e-02
1.450000000000000000e+02 5.398692810457515756e-02
1.460000000000000000e+02 5.416993464052286683e-02
1.470000000000000000e+02 5.462745098039215041e-02
1.480000000000000000e+02 5.490196078431371779e-02
1.490000000000000000e+02 5.435294117647057610e-02
1.500000000000000000e+02 5.471895424836600158e-02
1.510000000000000000e+02 5.508496732026142706e-02
1.520000000000000000e+02 5.545098039215685254e-02
1.530000000000000000e+02 5.590849673202613612e-02
1.540000000000000000e+02 5.645751633986927087e-02
1.550000000000000000e+02 5.700653594771240562e-02
1.560000000000000000e+02 5.764705882352940541e-02
1.570000000000000000e+02 5.865359477124181681e-02
1.580000000000000000e+02 5.856209150326796564e-02
1.590000000000000000e+02 5.938562091503266777e-02
1.600000000000000000e+02 6.030065359477123493e-02
1.610000000000000000e+02 6.094117647058822779e-02
1.620000000000000000e+02 6.194771241830064612e-02
1.630000000000000000e+02 6.258823529411763897e-02
1.640000000000000000e+02 6.332026143790848993e-02
1.650000000000000000e+02 6.414379084967318512e-02
1.660000000000000000e+02 6.789542483660129801e-02
1.670000000000000000e+02 7.100653594771240418e-02
1.680000000000000000e+02 7.146405228758168082e-02
1.690000000000000000e+02 7.183006535947711324e-02
1.700000000000000000e+02 7.219607843137253178e-02
1.710000000000000000e+02 7.247058823529410609e-02
1.720000000000000000e+02 7.292810457516338274e-02
1.730000000000000000e+02 7.347712418300651749e-02
1.740000000000000000e+02 7.366013071895423370e-02
1.750000000000000000e+02 7.402614379084966612e-02
1.760000000000000000e+02 7.366013071895423370e-02
1.770000000000000000e+02 7.393464052287580801e-02
1.780000000000000000e+02 7.439215686274508466e-02
1.790000000000000000e+02 7.475816993464051707e-02
1.800000000000000000e+02 7.521568627450979372e-02
1.810000000000000000e+02 7.603921568627450278e-02
1.820000000000000000e+02 7.786928104575162324e-02
1.830000000000000000e+02 7.988235294117645990e-02
1.840000000000000000e+02 8.253594771241828942e-02
1.850000000000000000e+02 8.546405228758167938e-02
1.860000000000000000e+02 8.656209150326796276e-02
1.870000000000000000e+02 8.802614379084966467e-02
1.880000000000000000e+02 9.003921568627450134e-02
1.890000000000000000e+02 9.260130718954247275e-02
1.900000000000000000e+02 9.296732026143789129e-02
1.910000000000000000e+02 9.296732026143789129e-02
1.920000000000000000e+02 9.250980392156861465e-02
1.930000000000000000e+02 9.287581699346403319e-02
1.940000000000000000e+02 9.287581699346403319e-02
1.950000000000000000e+02 9.443137254901959321e-02
1.960000000000000000e+02 9.452287581699345131e-02
1.970000000000000000e+02 9.461437908496730942e-02
1.980000000000000000e+02 9.461437908496730942e-02
1.990000000000000000e+02 9.470588235294115365e-02
2.000000000000000000e+02 9.607843137254899746e-02
2.010000000000000000e+02 9.607843137254899746e-02
2.020000000000000000e+02 9.616993464052285556e-02
2.030000000000000000e+02 9.616993464052285556e-02
2.040000000000000000e+02 9.626143790849671367e-02
2.050000000000000000e+02 9.635294117647057177e-02
2.060000000000000000e+02 9.635294117647057177e-02
2.070000000000000000e+02 9.644444444444442988e-02
2.080000000000000000e+02 9.644444444444442988e-02
2.090000000000000000e+02 9.653594771241828798e-02
2.100000000000000000e+02 9.662745098039214608e-02
2.110000000000000000e+02 9.662745098039214608e-02
2.120000000000000000e+02 9.671895424836599031e-02
2.130000000000000000e+02 9.681045751633984842e-02
2.140000000000000000e+02 9.681045751633984842e-02
2.150000000000000000e+02 9.690196078431370652e-02
2.160000000000000000e+02 9.690196078431370652e-02
2.170000000000000000e+02 9.699346405228756463e-02
2.180000000000000000e+02 9.708496732026142273e-02
2.190000000000000000e+02 9.708496732026142273e-02
2.200000000000000000e+02 9.717647058823528083e-02
2.210000000000000000e+02 9.717647058823528083e-02
2.220000000000000000e+02 9.726797385620913894e-02
2.230000000000000000e+02 9.735947712418298317e-02
2.240000000000000000e+02 9.735947712418298317e-02
2.250000000000000000e+02 9.745098039215684127e-02
2.260000000000000000e+02 9.754248366013069937e-02
2.270000000000000000e+02 9.754248366013069937e-02
2.280000000000000000e+02 9.763398692810455748e-02
2.290000000000000000e+02 9.763398692810455748e-02
2.300000000000000000e+02 9.772549019607841558e-02
2.310000000000000000e+02 9.781699346405227369e-02
2.320000000000000000e+02 9.781699346405227369e-02
2.330000000000000000e+02 9.790849673202613179e-02
2.340000000000000000e+02 9.799999999999998990e-02
2.350000000000000000e+02 9.799999999999998990e-02
2.360000000000000000e+02 9.809150326797383412e-02
2.370000000000000000e+02 9.809150326797383412e-02
2.380000000000000000e+02 9.754248366013069937e-02
2.390000000000000000e+02 1.006535947712418194e-01
2.400000000000000000e+02 1.042222222222222022e-01
2.410000000000000000e+02 1.068758169934640317e-01
2.420000000000000000e+02 1.068758169934640317e-01
2.430000000000000000e+02 1.072418300653594642e-01
2.440000000000000000e+02 1.075163398692810246e-01
2.450000000000000000e+02 1.076993464052287408e-01
2.460000000000000000e+02 1.078823529411764570e-01
2.470000000000000000e+02 1.081568627450980175e-01
2.480000000000000000e+02 1.082483660130718756e-01
2.490000000000000000e+02 1.085228758169934499e-01
2.500000000000000000e+02 1.087058823529411522e-01
