0.000000000000000000e+00 -9.126466753585398472e-04
1.000000000000000000e+00 -8.213820078226859167e-04
2.000000000000000000e+00 -8.213820078226859167e-04
3.000000000000000000e+00 -7.301173402868318778e-04
4.000000000000000000e+00 -7.301173402868318778e-04
5.000000000000000000e+00 -6.388526727509778388e-04
6.000000000000000000e+00 -6.388526727509778388e-04
7.000000000000000000e+00 -5.475880052151239083e-04
8.000000000000000000e+00 -5.475880052151239083e-04
9.000000000000000000e+00 -4.563233376792699236e-04
1.000000000000000000e+01 -4.563233376792699236e-04
1.100000000000000000e+01 -3.650586701434159389e-04
1.200000000000000000e+01 -2.737940026075619542e-04
1.300000000000000000e+01 -1.277705345501955678e-03
1.400000000000000000e+01 -2.190352020860495633e-03
1.500000000000000000e+01 -1.734028683181225656e-03
1.600000000000000000e+01 -1.642764015645371833e-03
1.700000000000000000e+01 -1.277705345501955678e-03
1.800000000000000000e+01 1.916558018252933733e-03
1.900000000000000000e+01 1.916558018252933733e-03
2.000000000000000000e+01 4.745762711864407422e-03
2.100000000000000000e+01 8.487614080834419983e-03
2.200000000000000000e+01 8.487614080834419983e-03
2.300000000000000000e+01 1.222946544980443341e-02
2.400000000000000000e+01 1.588005215123859323e-02
2.500000000000000000e+01 1.962190352020860840e-02
2.600000000000000000e+01 2.327249022164276648e-02
2.700000000000000000e+01 2.701434159061277818e-02
2.800000000000000000e+01 2.701434159061277818e-02
2.900000000000000000e+01 2.674054758800521736e-02
3.000000000000000000e+01 2.683181225554107097e-02
3.100000000000000000e+01 2.710560625814863178e-02
3.200000000000000000e+01 2.719687092568448886e-02
3.300000000000000000e+01 2.710560625814863178e-02
3.400000000000000000e+01 2.719687092568448886e-02
3.500000000000000000e+01 2.719687092568448886e-02
3.600000000000000000e+01 2.719687092568448886e-02
3.700000000000000000e+01 2.719687092568448886e-02
3.800000000000000000e+01 2.719687092568448886e-02
3.900000000000000000e+01 2.710560625814863178e-02
4.000000000000000000e+01 2.710560625814863178e-02
4.100000000000000000e+01 2.701434159061277818e-02
4.200000000000000000e+01 2.719687092568448886e-02
4.300000000000000000e+01 3.066492829204693973e-02
4.400000000000000000e+01 3.066492829204693973e-02
4.500000000000000000e+01 3.075619295958279334e-02
4.600000000000000000e+01 3.376792698826597272e-02
4.700000000000000000e+01 3.650586701434159476e-02
4.800000000000000000e+01 3.769230769230769856e-02
4.900000000000000000e+01 3.988265971316819203e-02
5.000000000000000000e+01 4.033898305084746005e-02
5.100000000000000000e+01 4.152542372881356386e-02
5.200000000000000000e+01 4.189048239895697828e-02
5.300000000000000000e+01 4.262059973924381406e-02
5.400000000000000000e+01 4.271186440677966767e-02
5.500000000000000000e+01 4.271186440677966767e-02
5.600000000000000000e+01 4.280312907431552127e-02
5.700000000000000000e+01 4.280312907431552127e-02
5.800000000000000000e+01 4.289439374185137488e-02
5.900000000000000000e+01 4.289439374185137488e-02
6.000000000000000000e+01 4.298565840938722848e-02
6.100000000000000000e+01 4.572359843546284358e-02
6.200000000000000000e+01 4.900912646675358725e-02
6.300000000000000000e+01 4.910039113428944085e-02
6.400000000000000000e+01 4.910039113428944085e-02
6.500000000000000000e+01 5.074315514993481269e-02
6.600000000000000000e+01 4.992177314211213024e-02
6.700000000000000000e+01 5.220338983050847731e-02
6.800000000000000000e+01 5.220338983050847731e-02
6.900000000000000000e+01 5.265971316818775227e-02
7.000000000000000000e+01 5.357235984354628833e-02
7.100000000000000000e+01 5.375488917861799554e-02
7.200000000000000000e+01 5.430247718383312411e-02
7.300000000000000000e+01 5.548891786179922098e-02
7.400000000000000000e+01 5.640156453715776397e-02
7.500000000000000000e+01 5.676662320730117839e-02
7.600000000000000000e+01 5.722294654498044641e-02
7.700000000000000000e+01 5.740547588005215363e-02
7.800000000000000000e+01 5.758800521512386777e-02
7.900000000000000000e+01 5.777053455019557499e-02
8.000000000000000000e+01 5.868318122555411104e-02
8.100000000000000000e+01 5.941329856584094682e-02
8.200000000000000000e+01 5.968709256844850763e-02
8.300000000000000000e+01 6.087353324641460450e-02
8.400000000000000000e+01 6.114732724902217226e-02
8.500000000000000000e+01 6.132985658409387947e-02
8.600000000000000000e+01 6.178617992177314749e-02
8.700000000000000000e+01 6.187744458930900110e-02
8.800000000000000000e+01 6.205997392438070831e-02
8.900000000000000000e+01 6.260756192959583688e-02
9.000000000000000000e+01 6.333767926988266572e-02
9.100000000000000000e+01 6.397653194263364096e-02
9.200000000000000000e+01 6.470664928292046980e-02
9.300000000000000000e+01 6.844850065189049537e-02
9.400000000000000000e+01 7.136897001303781074e-02
9.500000000000000000e+01 7.118644067796610353e-02
9.600000000000000000e+01 7.127770534550195713e-02
9.700000000000000000e+01 7.127770534550195713e-02
9.800000000000000000e+01 7.118644067796610353e-02
9.900000000000000000e+01 7.127770534550195713e-02
1.000000000000000000e+02 7.127770534550195713e-02
1.010000000000000000e+02 7.109517601043024992e-02
1.020000000000000000e+02 7.209908735332465346e-02
1.030000000000000000e+02 7.301173402868318951e-02
1.040000000000000000e+02 7.328552803129075033e-02
1.050000000000000000e+02 7.410691003911343278e-02
1.060000000000000000e+02 7.483702737940026162e-02
1.070000000000000000e+02 7.538461538461539713e-02
1.080000000000000000e+02 7.629726205997393318e-02
1.090000000000000000e+02 7.611473272490222597e-02
1.100000000000000000e+02 7.730117340286832284e-02
1.110000000000000000e+02 7.684485006518905481e-02
1.120000000000000000e+02 7.702737940026076202e-02
1.130000000000000000e+02 7.702737940026076202e-02
1.140000000000000000e+02 7.803129074315515168e-02
1.150000000000000000e+02 7.803129074315515168e-02
1.160000000000000000e+02 7.903520208604955521e-02
1.170000000000000000e+02 7.976531942633638406e-02
1.180000000000000000e+02 7.903520208604955521e-02
1.190000000000000000e+02 7.994784876140809127e-02
1.200000000000000000e+02 8.022164276401565208e-02
1.210000000000000000e+02 8.013037809647979848e-02
1.220000000000000000e+02 7.994784876140809127e-02
1.230000000000000000e+02 7.903520208604955521e-02
1.240000000000000000e+02 8.086049543676662732e-02
1.250000000000000000e+02 8.104302477183833453e-02
1.260000000000000000e+02 8.113428943937418814e-02
1.270000000000000000e+02 8.104302477183833453e-02
1.280000000000000000e+02 8.104302477183833453e-02
1.290000000000000000e+02 8.341590612777054214e-02
1.300000000000000000e+02 8.432855280312907820e-02
1.310000000000000000e+02 8.496740547588005343e-02
1.320000000000000000e+02 8.496740547588005343e-02
1.330000000000000000e+02 8.514993481095177452e-02
1.340000000000000000e+02 8.533246414602348173e-02
1.350000000000000000e+02 8.642764015645372500e-02
1.360000000000000000e+02 8.651890482398957860e-02
1.370000000000000000e+02 8.743155149934811465e-02
1.380000000000000000e+02 8.724902216427640744e-02
1.390000000000000000e+02 8.743155149934811465e-02
1.400000000000000000e+02 8.825293350717079710e-02
1.410000000000000000e+02 8.834419817470665071e-02
1.420000000000000000e+02 8.843546284224250431e-02
1.430000000000000000e+02 8.834419817470665071e-02
1.440000000000000000e+02 8.998696219035202948e-02
1.450000000000000000e+02 8.907431551499349343e-02
1.460000000000000000e+02 8.998696219035202948e-02
1.470000000000000000e+02 9.044328552803129750e-02
1.480000000000000000e+02 9.035202086049544390e-02
1.490000000000000000e+02 9.117340286831812635e-02
1.500000000000000000e+02 9.135593220338983356e-02
1.510000000000000000e+02 9.135593220338983356e-02
1.520000000000000000e+02 9.117340286831812635e-02
1.530000000000000000e+02 9.108213820078227274e-02
1.540000000000000000e+02 9.473272490221643083e-02
1.550000000000000000e+02 9.500651890482399164e-02
1.560000000000000000e+02 9.865710560625816361e-02
1.570000000000000000e+02 1.000260756192959677e-01
1.580000000000000000e+02 1.005736636245110893e-01
1.590000000000000000e+02 1.005736636245110893e-01
1.600000000000000000e+02 1.009387222946545037e-01
1.610000000000000000e+02 1.018513689700130537e-01
1.620000000000000000e+02 1.027640156453715897e-01
1.630000000000000000e+02 1.033116036505867114e-01
1.640000000000000000e+02 1.064146023468057478e-01
1.650000000000000000e+02 1.064146023468057478e-01
1.660000000000000000e+02 1.065058670143416014e-01
1.670000000000000000e+02 1.054106910039113582e-01
1.680000000000000000e+02 1.055019556714472118e-01
1.690000000000000000e+02 1.055932203389830654e-01
1.700000000000000000e+02 1.086962190352021018e-01
1.710000000000000000e+02 1.096088657105606379e-01
1.720000000000000000e+02 1.102477183833116131e-01
1.730000000000000000e+02 1.108865710560625883e-01
1.740000000000000000e+02 1.108865710560625883e-01
1.750000000000000000e+02 1.128031290743155279e-01
1.760000000000000000e+02 1.130769230769230888e-01
1.770000000000000000e+02 1.131681877444589424e-01
1.780000000000000000e+02 1.120730117340286991e-01
1.790000000000000000e+02 1.120730117340286991e-01
1.800000000000000000e+02 1.133507170795306496e-01
1.810000000000000000e+02 1.138070404172099176e-01
1.820000000000000000e+02 1.150847457627118681e-01
1.830000000000000000e+02 1.150847457627118681e-01
1.840000000000000000e+02 1.151760104302477355e-01
1.850000000000000000e+02 1.151760104302477355e-01
1.860000000000000000e+02 1.152672750977835892e-01
1.870000000000000000e+02 1.150847457627118681e-01
1.880000000000000000e+02 1.151760104302477355e-01
1.890000000000000000e+02 1.152672750977835892e-01
1.900000000000000000e+02 1.149934810951760145e-01
1.910000000000000000e+02 1.150847457627118681e-01
1.920000000000000000e+02 1.150847457627118681e-01
1.930000000000000000e+02 1.172750977835723685e-01
1.940000000000000000e+02 1.189178617992177472e-01
1.950000000000000000e+02 1.190091264667536008e-01
1.960000000000000000e+02 1.190091264667536008e-01
1.970000000000000000e+02 1.191003911342894545e-01
1.980000000000000000e+02 1.182790091264667581e-01
1.990000000000000000e+02 1.189178617992177472e-01
2.000000000000000000e+02 1.190091264667536008e-01
2.010000000000000000e+02 1.192829204693611617e-01
2.020000000000000000e+02 1.192829204693611617e-01
2.030000000000000000e+02 1.189178617992177472e-01
2.040000000000000000e+02 1.191003911342894545e-01
2.050000000000000000e+02 1.190091264667536008e-01
2.060000000000000000e+02 1.191003911342894545e-01
2.070000000000000000e+02 1.185528031290743328e-01
2.080000000000000000e+02 1.191003911342894545e-01
2.090000000000000000e+02 1.191003911342894545e-01
2.100000000000000000e+02 1.190091264667536008e-01
2.110000000000000000e+02 1.189178617992177472e-01
2.120000000000000000e+02 1.188265971316818936e-01
2.130000000000000000e+02 1.191003911342894545e-01
2.140000000000000000e+02 1.188265971316818936e-01
2.150000000000000000e+02 1.188265971316818936e-01
2.160000000000000000e+02 1.186440677966101864e-01
2.170000000000000000e+02 1.186440677966101864e-01
2.180000000000000000e+02 1.187353324641460400e-01
2.190000000000000000e+02 1.186440677966101864e-01
2.200000000000000000e+02 1.185528031290743328e-01
2.210000000000000000e+02 1.187353324641460400e-01
2.220000000000000000e+02 1.187353324641460400e-01
2.230000000000000000e+02 1.185528031290743328e-01
2.240000000000000000e+02 1.186440677966101864e-01
2.250000000000000000e+02 1.188265971316818936e-01
2.260000000000000000e+02 1.187353324641460400e-01
2.270000000000000000e+02 1.187353324641460400e-01
2.280000000000000000e+02 1.189178617992177472e-01
2.290000000000000000e+02 1.188265971316818936e-01
2.300000000000000000e+02 1.187353324641460400e-01
2.310000000000000000e+02 1.189178617992177472e-01
2.320000000000000000e+02 1.189178617992177472e-01
2.330000000000000000e+02 1.194654498044328689e-01
2.340000000000000000e+02 1.200130378096479905e-01
2.350000000000000000e+02 1.211082138200782338e-01
2.360000000000000000e+02 1.238461538461538558e-01
2.370000000000000000e+02 1.252151238591916738e-01
2.380000000000000000e+02 1.288657105606258180e-01
2.390000000000000000e+02 1.304172099087353431e-01
2.400000000000000000e+02 1.317861799217731611e-01
2.410000000000000000e+02 1.318774445893090008e-01
2.420000000000000000e+02 1.356192959582790125e-01
2.430000000000000000e+02 1.356192959582790125e-01
2.440000000000000000e+02 1.391786179921773170e-01
2.450000000000000000e+02 1.391786179921773170e-01
2.460000000000000000e+02 1.396349413298565989e-01
2.470000000000000000e+02 1.396349413298565989e-01
2.480000000000000000e+02 1.397262059973924386e-01
2.490000000000000000e+02 1.399087353324641458e-01
