-1.352204323911032617e-05
4.386674289820844807e-05
5.377781564281145128e-03
1.873166077535859050e-02
4.025075400129623365e-02
7.462006802664808425e-02
1.135408363841740736e-01
1.663457375864771937e-01
2.241188835968829784e-01
2.999163112624511629e-01
3.764701082967676360e-01
4.550205814422276229e-01
5.435989864602139843e-01
6.527231304649130372e-01
7.288536180064325576e-01
6.424676868332842572e-01
6.578003470627525884e-01
6.303759807157004458e-01
5.768282005531534251e-01
5.787273529904390923e-01
5.765413094750547751e-01
5.437260897133591175e-01
5.625735448690633023e-01
5.458673984932211898e-01
4.677219222823432165e-01
4.279165363026820601e-01
3.962969545344488531e-01
3.923906582588377323e-01
4.141140727376553254e-01
4.430105953726419243e-01
4.699044586646394239e-01
4.974823095952816132e-01
5.296634426862418810e-01
5.620396895372201662e-01
5.921733720765111064e-01
6.291192243932312023e-01
6.593497927803334546e-01
6.970018889653468719e-01
7.262582150238633405e-01
7.608833733156531443e-01
7.953115212889505514e-01
8.295352111204647994e-01
8.623437095658460505e-01
8.470474525286002532e-01
8.752793325456429407e-01
8.931236637776465148e-01
8.796514321732277208e-01
8.212330233406227586e-01
7.449592538138410935e-01
6.781899593358585721e-01
6.871162122387485249e-01
6.822006623648447787e-01
6.932626759356648183e-01
7.019707978938943826e-01
6.965695823482372928e-01
7.078243090563165474e-01
7.158302383774990396e-01
7.281967726798896923e-01
7.341853422735120649e-01
7.146248397673714559e-01
7.287115614398010921e-01
7.138286549196457553e-01
6.915252275331291720e-01
7.007291196416350898e-01
7.087842464215122762e-01
7.026884898430869608e-01
7.219733577089813004e-01
7.249699522991779332e-01
7.345597936100093373e-01
7.409517657371043065e-01
7.522694887054782731e-01
7.620921464140313351e-01
7.741507041129349620e-01
7.669354452271773814e-01
7.705059816154876673e-01
7.770432043218234996e-01
7.872994083359288187e-01
7.960918987578943229e-01
8.104404106002270902e-01
8.168506928405903089e-01
8.182548261705859804e-01
8.175423261558110166e-01
8.276562376852723002e-01
8.314346279205567791e-01
8.466297435743961319e-01
8.600692876190421110e-01
8.736046773155682343e-01
8.803312537031618978e-01
8.815503064346990048e-01
8.812349641340140316e-01
8.823268804843535928e-01
8.835135429158313958e-01
8.607895009704195077e-01
7.170538265469060812e-01
6.928223309753042125e-01
7.054553984378473253e-01
7.025512733688362710e-01
7.140776808083304505e-01
7.259346454378075020e-01
7.416060323950700583e-01
7.467007447435397571e-01
7.573036518097575609e-01
7.599348654616058241e-01
7.643210212810895854e-01
7.707368900219215835e-01
7.633862388727598036e-01
7.594876907603680394e-01
7.600672610177893196e-01
7.630782106972369139e-01
7.686417095637712027e-01
7.713356935675159676e-01
7.821316025064933841e-01
7.915389449943941447e-01
8.030980638957365692e-01
7.982823458102715763e-01
8.111801659838149270e-01
8.101464268826125137e-01
8.218650187617255742e-01
8.312628511368973516e-01
8.383321151825614548e-01
8.504601989107322124e-01
8.628986220128663787e-01
8.746148883439842647e-01
8.885079784658236335e-01
8.868946960194559193e-01
8.988180053907577349e-01
9.086014490894919193e-01
8.995693671009483694e-01
8.728897410406929458e-01
7.599524563728565774e-01
7.477595073594579533e-01
7.486830935322632552e-01
7.489836150550116534e-01
7.535790486740119309e-01
7.541768171627174500e-01
7.465727497002102586e-01
7.460999727516192115e-01
7.459317201783188800e-01
7.415313961549533373e-01
7.431861948838400789e-01
7.378576369381179001e-01
7.508465274967096592e-01
7.515392337791484412e-01
7.561753306186693724e-01
7.578154630530848923e-01
7.657920327092012647e-01
7.633021481189824486e-01
7.776892216990340945e-01
7.852927775973070901e-01
7.842442250381431723e-01
7.865511377126679360e-01
7.997120958904216925e-01
8.106633092744730540e-01
8.083985739407743010e-01
7.819627322447714191e-01
7.785122443898701006e-01
7.636801098312298031e-01
7.530571965550337810e-01
7.555073869955761801e-01
7.592653501703761076e-01
7.465592368108849852e-01
7.217248983289330511e-01
6.975936780976522700e-01
6.800486176481788103e-01
6.532790337991530860e-01
6.602812616362218057e-01
6.704169265753142648e-01
6.818996596087257833e-01
6.900202532195042204e-01
6.946451378879077154e-01
6.887136720989067706e-01
6.852646426147771530e-01
6.956768540418268865e-01
6.950522483998036183e-01
6.955728495864523797e-01
6.830660510338377733e-01
6.902006549630463894e-01
6.897017140510562916e-01
6.964165245631293022e-01
7.057444296019440566e-01
6.866878920238367323e-01
6.860466556024634732e-01
6.746382753880799665e-01
6.728288111974476404e-01
6.719831244610974252e-01
6.808999090804788157e-01
6.899546509344478551e-01
7.007427562764275697e-01
7.080007979831001164e-01
7.107215049418319497e-01
7.155588380368309576e-01
7.245957564508148652e-01
7.333681314566395937e-01
7.364850681506085461e-01
7.324387141299920634e-01
7.414658782242221635e-01
7.470611459414149280e-01
7.561718495817166819e-01
7.659219320245163054e-01
7.713181397590052057e-01
7.788286972844655764e-01
7.837454560209928811e-01
7.935009330648835624e-01
8.043584977271202030e-01
8.115622722317404891e-01
8.171082583752277140e-01
8.299479754131711129e-01
8.368722592218210687e-01
8.480098269352429607e-01
8.547739724004873585e-01
8.607435558164386880e-01
8.733060185920202834e-01
8.841024161970298945e-01
8.881960211599905231e-01
8.990258777510622412e-01
9.038507013254055700e-01
9.212963285167503624e-01
9.226690779082671323e-01
9.354674275581154053e-01
9.338225146748817540e-01
9.425541007067199661e-01
9.593661556198815887e-01
9.615909383362101215e-01
9.735051662815425999e-01
9.799319969623947468e-01
9.894656933943015709e-01
9.953638679902307995e-01
1.010339237759561914e+00
1.018862351696899538e+00
1.026567099760836266e+00
1.031440159622563524e+00
1.028244703906588065e+00
1.033103131245579842e+00
1.031565405071993791e+00
1.019641021262192915e+00
1.003730770154665386e+00
9.799469650608293447e-01
9.574784773898460388e-01
8.534670296508769516e-01
8.364007512686156831e-01
8.305576104274658977e-01
7.967431180776091137e-01
6.976124495150690663e-01
6.897643235198943623e-01
6.628103553190100028e-01
6.691917097795189173e-01
6.676379994255895456e-01
6.636952372408704282e-01
6.699140234444244113e-01
6.719275761397277558e-01
