20220411 13:55:07,452	c_0_1541_20220411_13_55_07,452.bmp	8,466428E-3	1,812690E-2	1,321881E-3	1,107786E-5
20220411 13:55:13,457	c_0_1542_20220411_13_55_13,457.bmp	-4,425969E-4	1,812690E-2	4,902598E-5	2,557098E-3
20220411 13:55:19,459	c_0_1543_20220411_13_55_19,459.bmp	7,210232E-2	1,685393E-2	-1,223829E-3	1,107786E-5
20220411 13:55:25,464	c_0_1544_20220411_13_55_25,464.bmp	2,248285E-1	3,594852E-2	3,867592E-3	1,107786E-5
20220411 13:55:31,467	c_0_1545_20220411_13_55_31,467.bmp	3,979181E-1	5,631608E-2	-3,769540E-3	1,107786E-5
20220411 13:55:37,469	c_0_1546_20220411_13_55_37,469.bmp	5,570078E-1	7,922959E-2	4,902598E-5	-3,807953E-3
20220411 13:55:43,474	c_0_1547_20220411_13_55_43,474.bmp	7,250066E-1	9,195931E-2	2,594737E-3	3,830109E-3
20220411 13:55:49,479	c_0_1548_20220411_13_55_49,479.bmp	9,006417E-1	1,161458E-1	4,902598E-5	1,284088E-3
20220411 13:55:55,487	c_0_1549_20220411_13_55_55,487.bmp	1,069913E+0	1,339674E-1	3,867592E-3	3,830109E-3
20220411 13:56:01,490	c_0_1550_20220411_13_56_01,490.bmp	1,244275E+0	1,556079E-1	1,321881E-3	-1,261932E-3
20220411 13:56:07,495	c_0_1551_20220411_13_56_07,495.bmp	1,427547E+0	1,759755E-1	3,867592E-3	3,830109E-3
20220411 13:56:13,499	c_0_1552_20220411_13_56_13,499.bmp	1,599364E+0	2,014350E-1	-1,223829E-3	-3,807953E-3
20220411 13:56:19,503	c_0_1553_20220411_13_56_19,503.bmp	1,768635E+0	2,128917E-1	1,321881E-3	-1,261932E-3
20220411 13:56:25,505	c_0_1554_20220411_13_56_25,505.bmp	1,937907E+0	2,396241E-1	-5,042396E-3	-3,807953E-3
20220411 13:56:31,510	c_0_1555_20220411_13_56_31,510.bmp	2,098269E+0	2,561728E-1	1,321881E-3	1,107786E-5
20220411 13:56:37,512	c_0_1556_20220411_13_56_37,512.bmp	2,253541E+0	2,739944E-1	1,321881E-3	2,557098E-3
20220411 13:56:43,518	c_0_1557_20220411_13_56_43,518.bmp	2,399903E+0	2,930890E-1	1,321881E-3	2,557098E-3
20220411 13:56:49,521	c_0_1558_20220411_13_56_49,521.bmp	2,544993E+0	3,185484E-1	-3,769540E-3	1,107786E-5
20220411 13:56:55,522	c_0_1559_20220411_13_56_55,522.bmp	2,672265E+0	3,376430E-1	-1,223829E-3	1,107786E-5
20220411 13:57:01,524	c_0_1560_20220411_13_57_01,524.bmp	2,800809E+0	3,554646E-1	1,321881E-3	1,107786E-5
20220411 13:57:07,525	c_0_1561_20220411_13_57_07,525.bmp	2,910263E+0	3,796511E-1	4,902598E-5	-3,807953E-3
20220411 13:57:13,527	c_0_1562_20220411_13_57_13,527.bmp	2,992990E+0	4,000187E-1	-3,769540E-3	-3,807953E-3
20220411 13:57:19,535	c_0_1563_20220411_13_57_19,535.bmp	3,031171E+0	4,165673E-1	1,321881E-3	1,107786E-5
20220411 13:57:25,541	c_0_1564_20220411_13_57_25,541.bmp	3,064262E+0	4,369349E-1	1,321881E-3	-1,261932E-3
20220411 13:57:31,546	c_0_1565_20220411_13_57_31,546.bmp	3,078262E+0	4,598484E-1	-3,769540E-3	-3,807953E-3
20220411 13:57:37,547	c_0_1566_20220411_13_57_37,547.bmp	3,085898E+0	4,789430E-1	-1,223829E-3	-3,807953E-3
20220411 13:57:43,549	c_0_1567_20220411_13_57_43,549.bmp	3,111353E+0	4,967646E-1	-1,223829E-3	1,107786E-5
20220411 13:57:49,554	c_0_1568_20220411_13_57_49,554.bmp	3,140625E+0	5,196781E-1	-1,223829E-3	-3,807953E-3
20220411 13:57:55,558	c_0_1569_20220411_13_57_55,558.bmp	3,153352E+0	5,400457E-1	-2,496685E-3	-3,807953E-3
20220411 13:58:01,559	c_0_1570_20220411_13_58_01,559.bmp	3,122807E+0	5,591403E-1	4,902598E-5	-3,807953E-3
20220411 13:58:07,562	c_0_1571_20220411_13_58_07,562.bmp	3,139352E+0	5,756889E-1	-1,223829E-3	-1,261932E-3
20220411 13:58:13,567	c_0_1572_20220411_13_58_13,567.bmp	3,130443E+0	5,960565E-1	1,321881E-3	-1,261932E-3
20220411 13:58:19,572	c_0_1573_20220411_13_58_19,572.bmp	2,991717E+0	6,126051E-1	3,867592E-3	1,284088E-3
20220411 13:58:25,573	c_0_1574_20220411_13_58_25,573.bmp	2,972626E+0	6,342456E-1	3,867592E-3	2,557098E-3
20220411 13:58:31,578	c_0_1575_20220411_13_58_31,578.bmp	2,990444E+0	6,597051E-1	-3,769540E-3	1,107786E-5
20220411 13:58:37,584	c_0_1576_20220411_13_58_37,584.bmp	2,995535E+0	6,762537E-1	4,902598E-5	1,107786E-5
20220411 13:58:43,585	c_0_1577_20220411_13_58_43,585.bmp	2,986626E+0	6,928024E-1	4,902598E-5	2,557098E-3
20220411 13:58:49,591	c_0_1578_20220411_13_58_49,591.bmp	2,981535E+0	7,157159E-1	-1,223829E-3	1,107786E-5
20220411 13:58:55,592	c_0_1579_20220411_13_58_55,592.bmp	2,917899E+0	7,373564E-1	-1,223829E-3	1,107786E-5
20220411 13:59:01,597	c_0_1580_20220411_13_59_01,597.bmp	2,877173E+0	7,589970E-1	-5,042396E-3	1,107786E-5
20220411 13:59:07,601	c_0_1581_20220411_13_59_07,601.bmp	2,841536E+0	7,768186E-1	2,594737E-3	1,107786E-5
20220411 13:59:13,603	c_0_1582_20220411_13_59_13,603.bmp	2,830082E+0	7,959132E-1	-5,042396E-3	1,107786E-5
20220411 13:59:19,607	c_0_1583_20220411_13_59_19,607.bmp	2,845355E+0	8,162807E-1	-1,223829E-3	-3,807953E-3
20220411 13:59:25,608	c_0_1584_20220411_13_59_25,608.bmp	2,866991E+0	8,328294E-1	2,594737E-3	1,284088E-3
20220411 13:59:31,613	c_0_1585_20220411_13_59_31,613.bmp	2,884809E+0	8,544699E-1	-2,496685E-3	1,107786E-5
20220411 13:59:37,614	c_0_1586_20220411_13_59_37,614.bmp	2,898809E+0	8,735645E-1	2,594737E-3	2,557098E-3
20220411 13:59:43,616	c_0_1587_20220411_13_59_43,616.bmp	2,910263E+0	8,977510E-1	4,902598E-5	-1,261932E-3
20220411 13:59:49,618	c_0_1588_20220411_13_59_49,618.bmp	2,903900E+0	9,117537E-1	1,321881E-3	2,557098E-3
20220411 13:59:55,620	c_0_1589_20220411_13_59_55,620.bmp	2,907718E+0	9,333942E-1	-1,223829E-3	1,284088E-3
20220411 14:00:01,624	c_0_1590_20220411_14_00_01,624.bmp	2,803355E+0	9,550347E-1	-3,769540E-3	1,107786E-5
20220411 14:00:07,634	c_0_1591_20220411_14_00_07,634.bmp	2,623902E+0	9,754023E-1	-2,496685E-3	1,107786E-5
20220411 14:00:13,640	c_0_1592_20220411_14_00_13,640.bmp	2,548811E+0	9,983158E-1	1,321881E-3	-3,807953E-3
20220411 14:00:19,645	c_0_1593_20220411_14_00_19,645.bmp	2,490266E+0	1,017410E+0	-1,223829E-3	1,107786E-5
20220411 14:00:25,649	c_0_1594_20220411_14_00_25,649.bmp	2,440630E+0	1,036505E+0	4,902598E-5	1,107786E-5
20220411 14:00:31,650	c_0_1595_20220411_14_00_31,650.bmp	2,410085E+0	1,059418E+0	4,902598E-5	-1,261932E-3
20220411 14:00:37,655	c_0_1596_20220411_14_00_37,655.bmp	2,384631E+0	1,073421E+0	2,594737E-3	2,557098E-3
20220411 14:00:43,659	c_0_1597_20220411_14_00_43,659.bmp	2,374449E+0	1,097608E+0	1,321881E-3	-3,807953E-3
20220411 14:00:49,664	c_0_1598_20220411_14_00_49,664.bmp	2,328631E+0	1,115429E+0	4,902598E-5	1,107786E-5
20220411 14:00:55,669	c_0_1599_20220411_14_00_55,669.bmp	2,301904E+0	1,140889E+0	-5,042396E-3	-3,807953E-3
20220411 14:01:01,674	c_0_1600_20220411_14_01_01,674.bmp	2,284086E+0	1,157437E+0	4,902598E-5	1,107786E-5
20220411 14:01:07,675	c_0_1601_20220411_14_01_07,675.bmp	2,259904E+0	1,173986E+0	2,594737E-3	2,557098E-3
20220411 14:01:13,685	c_0_1602_20220411_14_01_13,685.bmp	2,164451E+0	1,194354E+0	-1,223829E-3	2,557098E-3
20220411 14:01:19,691	c_0_1603_20220411_14_01_19,691.bmp	2,169541E+0	1,219813E+0	-2,496685E-3	-3,807953E-3
20220411 14:01:25,694	c_0_1604_20220411_14_01_25,694.bmp	2,173360E+0	1,235089E+0	4,902598E-5	1,107786E-5
20220411 14:01:31,695	c_0_1605_20220411_14_01_31,695.bmp	2,177178E+0	1,255456E+0	4,902598E-5	1,107786E-5
20220411 14:01:37,702	c_0_1606_20220411_14_01_37,702.bmp	2,172087E+0	1,280916E+0	4,902598E-5	-3,807953E-3
20220411 14:01:43,704	c_0_1607_20220411_14_01_43,704.bmp	2,173360E+0	1,298737E+0	-3,769540E-3	-3,807953E-3
20220411 14:01:49,708	c_0_1608_20220411_14_01_49,708.bmp	2,164451E+0	1,317832E+0	4,902598E-5	1,107786E-5
20220411 14:01:55,711	c_0_1609_20220411_14_01_55,711.bmp	2,137723E+0	1,339472E+0	4,902598E-5	1,107786E-5
20220411 14:02:01,713	c_0_1610_20220411_14_02_01,713.bmp	2,103360E+0	1,353475E+0	3,867592E-3	1,284088E-3
20220411 14:02:07,714	c_0_1611_20220411_14_02_07,714.bmp	2,043542E+0	1,378935E+0	1,321881E-3	1,107786E-5
20220411 14:02:13,716	c_0_1612_20220411_14_02_13,716.bmp	2,011724E+0	1,400575E+0	-3,769540E-3	-3,807953E-3
20220411 14:02:19,720	c_0_1613_20220411_14_02_19,720.bmp	1,965907E+0	1,413305E+0	-2,496685E-3	3,830109E-3
20220411 14:02:25,722	c_0_1614_20220411_14_02_25,722.bmp	1,946816E+0	1,436218E+0	3,867592E-3	3,830109E-3
20220411 14:02:31,724	c_0_1615_20220411_14_02_31,724.bmp	1,940452E+0	1,457859E+0	-3,769540E-3	-3,807953E-3
20220411 14:02:37,729	c_0_1616_20220411_14_02_37,729.bmp	1,934089E+0	1,479499E+0	-3,769540E-3	-3,807953E-3
20220411 14:02:43,731	c_0_1617_20220411_14_02_43,731.bmp	1,921361E+0	1,497321E+0	-3,769540E-3	1,107786E-5
20220411 14:02:49,734	c_0_1618_20220411_14_02_49,734.bmp	1,900998E+0	1,521508E+0	-3,769540E-3	1,107786E-5
20220411 14:02:55,737	c_0_1619_20220411_14_02_55,737.bmp	1,878089E+0	1,534237E+0	4,902598E-5	1,284088E-3
20220411 14:03:01,742	c_0_1620_20220411_14_03_01,742.bmp	1,858998E+0	1,557151E+0	4,902598E-5	1,107786E-5
20220411 14:03:07,746	c_0_1621_20220411_14_03_07,746.bmp	1,843726E+0	1,581337E+0	-2,496685E-3	-3,807953E-3
20220411 14:03:13,748	c_0_1622_20220411_14_03_13,748.bmp	1,833544E+0	1,599159E+0	-3,769540E-3	-3,807953E-3
20220411 14:03:19,755	c_0_1623_20220411_14_03_19,755.bmp	1,799180E+0	1,614435E+0	2,594737E-3	2,557098E-3
20220411 14:03:25,760	c_0_1624_20220411_14_03_25,760.bmp	1,575182E+0	1,637348E+0	4,902598E-5	2,557098E-3
20220411 14:03:31,764	c_0_1625_20220411_14_03_31,764.bmp	1,537001E+0	1,652624E+0	3,867592E-3	1,284088E-3
20220411 14:03:37,768	c_0_1626_20220411_14_03_37,768.bmp	1,534455E+0	1,680629E+0	2,594737E-3	-3,807953E-3
20220411 14:03:43,773	c_0_1627_20220411_14_03_43,773.bmp	1,538273E+0	1,697178E+0	4,902598E-5	1,107786E-5
20220411 14:03:49,782	c_0_1628_20220411_14_03_49,782.bmp	1,539546E+0	1,716272E+0	-2,496685E-3	-1,261932E-3
20220411 14:03:55,784	c_0_1629_20220411_14_03_55,784.bmp	1,548455E+0	1,737913E+0	4,902598E-5	2,557098E-3
20220411 14:04:01,789	c_0_1630_20220411_14_04_01,789.bmp	1,557364E+0	1,755734E+0	4,902598E-5	-1,261932E-3
20220411 14:04:07,790	c_0_1631_20220411_14_04_07,790.bmp	1,573909E+0	1,777375E+0	-2,496685E-3	-3,807953E-3
20220411 14:04:13,792	c_0_1632_20220411_14_04_13,792.bmp	1,582818E+0	1,796470E+0	4,902598E-5	1,107786E-5
20220411 14:04:19,797	c_0_1633_20220411_14_04_19,797.bmp	1,586637E+0	1,815564E+0	2,594737E-3	2,557098E-3
20220411 14:04:25,798	c_0_1634_20220411_14_04_25,798.bmp	1,600636E+0	1,837205E+0	-1,223829E-3	2,557098E-3
20220411 14:04:31,801	c_0_1635_20220411_14_04_31,801.bmp	1,608273E+0	1,856299E+0	-1,223829E-3	1,107786E-5
20220411 14:04:37,802	c_0_1636_20220411_14_04_37,802.bmp	1,621000E+0	1,877940E+0	-3,769540E-3	-1,261932E-3
20220411 14:04:43,807	c_0_1637_20220411_14_04_43,807.bmp	1,626091E+0	1,893216E+0	4,902598E-5	2,557098E-3
20220411 14:04:49,811	c_0_1638_20220411_14_04_49,811.bmp	1,637545E+0	1,919948E+0	-3,769540E-3	-3,807953E-3
20220411 14:04:55,814	c_0_1639_20220411_14_04_55,814.bmp	1,647727E+0	1,940316E+0	-3,769540E-3	-3,807953E-3
20220411 14:05:01,817	c_0_1640_20220411_14_05_01,817.bmp	1,655363E+0	1,955591E+0	-3,769540E-3	1,107786E-5
20220411 14:05:07,819	c_0_1641_20220411_14_05_07,819.bmp	1,661727E+0	1,979778E+0	-3,769540E-3	-3,807953E-3
20220411 14:05:13,820	c_0_1642_20220411_14_05_13,820.bmp	1,655363E+0	1,992507E+0	2,594737E-3	-1,261932E-3
20220411 14:05:19,830	c_0_1643_20220411_14_05_19,830.bmp	1,656636E+0	2,020513E+0	-3,769540E-3	-3,807953E-3
20220411 14:05:25,831	c_0_1644_20220411_14_05_25,831.bmp	1,638818E+0	2,039607E+0	4,902598E-5	-3,807953E-3
20220411 14:05:31,834	c_0_1645_20220411_14_05_31,834.bmp	1,584091E+0	2,053610E+0	3,867592E-3	3,830109E-3
20220411 14:05:37,839	c_0_1646_20220411_14_05_37,839.bmp	1,538273E+0	2,076524E+0	-1,223829E-3	-1,261932E-3
20220411 14:05:43,842	c_0_1647_20220411_14_05_43,842.bmp	1,517910E+0	2,094345E+0	-1,223829E-3	1,107786E-5
20220411 14:05:49,846	c_0_1648_20220411_14_05_49,846.bmp	1,509001E+0	2,115986E+0	4,902598E-5	1,107786E-5
20220411 14:05:55,851	c_0_1649_20220411_14_05_55,851.bmp	1,505183E+0	2,135080E+0	1,321881E-3	-1,261932E-3
20220411 14:06:01,852	c_0_1650_20220411_14_06_01,852.bmp	1,509001E+0	2,160540E+0	-3,769540E-3	-1,261932E-3
20220411 14:06:07,854	c_0_1651_20220411_14_06_07,854.bmp	1,510274E+0	2,178361E+0	4,902598E-5	1,107786E-5
20220411 14:06:13,859	c_0_1652_20220411_14_06_13,859.bmp	1,512819E+0	2,196183E+0	-1,223829E-3	1,107786E-5
20220411 14:06:19,863	c_0_1653_20220411_14_06_19,863.bmp	1,517910E+0	2,220369E+0	-1,223829E-3	-3,807953E-3
20220411 14:06:25,864	c_0_1654_20220411_14_06_25,864.bmp	1,524273E+0	2,235645E+0	-1,223829E-3	-1,261932E-3
20220411 14:06:31,866	c_0_1655_20220411_14_06_31,866.bmp	1,526819E+0	2,257286E+0	1,321881E-3	1,107786E-5
20220411 14:06:37,871	c_0_1656_20220411_14_06_37,871.bmp	1,533182E+0	2,273834E+0	2,594737E-3	2,557098E-3
20220411 14:06:43,872	c_0_1657_20220411_14_06_43,872.bmp	1,543364E+0	2,295475E+0	4,902598E-5	1,107786E-5
20220411 14:06:49,878	c_0_1658_20220411_14_06_49,878.bmp	1,548455E+0	2,317115E+0	4,902598E-5	2,557098E-3
20220411 14:06:55,879	c_0_1659_20220411_14_06_55,879.bmp	1,556091E+0	2,336210E+0	4,902598E-5	1,107786E-5
20220411 14:07:01,880	c_0_1660_20220411_14_07_01,880.bmp	1,567546E+0	2,356578E+0	-1,223829E-3	2,557098E-3
20220411 14:07:07,884	c_0_1661_20220411_14_07_07,884.bmp	1,575182E+0	2,375672E+0	-1,223829E-3	1,107786E-5
20220411 14:07:13,889	c_0_1662_20220411_14_07_13,889.bmp	1,584091E+0	2,396040E+0	1,321881E-3	2,557098E-3
20220411 14:07:19,892	c_0_1663_20220411_14_07_19,892.bmp	1,591727E+0	2,412588E+0	4,902598E-5	2,557098E-3
20220411 14:07:25,894	c_0_1664_20220411_14_07_25,894.bmp	1,598091E+0	2,436775E+0	4,902598E-5	-1,261932E-3
20220411 14:07:31,897	c_0_1665_20220411_14_07_31,897.bmp	1,604455E+0	2,453323E+0	-2,496685E-3	1,107786E-5
20220411 14:07:37,899	c_0_1666_20220411_14_07_37,899.bmp	1,613364E+0	2,473691E+0	4,902598E-5	2,557098E-3
20220411 14:07:43,903	c_0_1667_20220411_14_07_43,903.bmp	1,621000E+0	2,499150E+0	4,902598E-5	-3,807953E-3
20220411 14:07:49,904	c_0_1668_20220411_14_07_49,904.bmp	1,628636E+0	2,519518E+0	-3,769540E-3	-2,534943E-3
20220411 14:07:55,908	c_0_1669_20220411_14_07_55,908.bmp	1,628636E+0	2,533521E+0	4,902598E-5	2,557098E-3
20220411 14:08:01,910	c_0_1670_20220411_14_08_01,910.bmp	1,636273E+0	2,560253E+0	-3,769540E-3	-3,807953E-3
20220411 14:08:07,912	c_0_1671_20220411_14_08_07,912.bmp	1,636273E+0	2,576802E+0	2,594737E-3	1,107786E-5
20220411 14:08:13,918	c_0_1672_20220411_14_08_13,918.bmp	1,641363E+0	2,594623E+0	4,902598E-5	1,107786E-5
20220411 14:08:19,920	c_0_1673_20220411_14_08_19,920.bmp	1,638818E+0	2,616264E+0	1,321881E-3	1,107786E-5
20220411 14:08:25,928	c_0_1674_20220411_14_08_25,928.bmp	1,647727E+0	2,636632E+0	-1,223829E-3	1,107786E-5
20220411 14:08:31,934	c_0_1675_20220411_14_08_31,934.bmp	1,646454E+0	2,656999E+0	4,902598E-5	-1,261932E-3
20220411 14:08:37,939	c_0_1676_20220411_14_08_37,939.bmp	1,642636E+0	2,677367E+0	4,902598E-5	1,107786E-5
20220411 14:08:43,943	c_0_1677_20220411_14_08_43,943.bmp	1,641363E+0	2,697734E+0	-5,042396E-3	1,107786E-5
20220411 14:08:49,944	c_0_1678_20220411_14_08_49,944.bmp	1,636273E+0	2,719375E+0	-2,496685E-3	-3,807953E-3
20220411 14:08:55,948	c_0_1679_20220411_14_08_55,948.bmp	1,631182E+0	2,734650E+0	-2,496685E-3	1,107786E-5
20220411 14:09:01,951	c_0_1680_20220411_14_09_01,951.bmp	1,618455E+0	2,753745E+0	1,321881E-3	2,557098E-3
20220411 14:09:07,952	c_0_1681_20220411_14_09_07,952.bmp	1,609546E+0	2,772840E+0	3,867592E-3	2,557098E-3
20220411 14:09:13,955	c_0_1682_20220411_14_09_13,955.bmp	1,596818E+0	2,795753E+0	4,902598E-5	1,107786E-5
20220411 14:09:19,956	c_0_1683_20220411_14_09_19,956.bmp	1,584091E+0	2,816121E+0	3,867592E-3	-1,261932E-3
20220411 14:09:25,959	c_0_1684_20220411_14_09_25,959.bmp	1,580273E+0	2,839034E+0	-5,042396E-3	-3,807953E-3
20220411 14:09:31,963	c_0_1685_20220411_14_09_31,963.bmp	1,567546E+0	2,855583E+0	-1,223829E-3	-1,261932E-3
20220411 14:09:37,965	c_0_1686_20220411_14_09_37,965.bmp	1,566273E+0	2,879769E+0	-3,769540E-3	-3,807953E-3
20220411 14:09:43,969	c_0_1687_20220411_14_09_43,969.bmp	1,554819E+0	2,892499E+0	2,594737E-3	3,830109E-3
20220411 14:09:49,978	c_0_1688_20220411_14_09_49,978.bmp	1,559910E+0	2,917958E+0	-3,769540E-3	-3,807953E-3
20220411 14:09:55,982	c_0_1689_20220411_14_09_55,982.bmp	1,557364E+0	2,937053E+0	-3,769540E-3	1,107786E-5
20220411 14:10:01,987	c_0_1690_20220411_14_10_01,987.bmp	1,553546E+0	2,954875E+0	1,321881E-3	2,557098E-3
20220411 14:10:07,992	c_0_1691_20220411_14_10_07,992.bmp	1,554819E+0	2,972696E+0	4,902598E-5	1,107786E-5
20220411 14:10:13,994	c_0_1692_20220411_14_10_13,994.bmp	1,553546E+0	2,999429E+0	4,902598E-5	-3,807953E-3
20220411 14:10:19,998	c_0_1693_20220411_14_10_19,998.bmp	1,547182E+0	3,017250E+0	4,902598E-5	-1,261932E-3
20220411 14:10:26,003	c_0_1694_20220411_14_10_26,003.bmp	1,545910E+0	3,037618E+0	-3,769540E-3	-1,261932E-3
20220411 14:10:32,007	c_0_1695_20220411_14_10_32,007.bmp	1,539546E+0	3,051621E+0	1,321881E-3	2,557098E-3
20220411 14:10:38,015	c_0_1696_20220411_14_10_38,015.bmp	1,533182E+0	3,073261E+0	3,867592E-3	2,557098E-3
20220411 14:10:44,016	c_0_1697_20220411_14_10_44,016.bmp	1,530637E+0	3,093629E+0	4,902598E-5	-1,261932E-3
20220411 14:10:50,020	c_0_1698_20220411_14_10_50,020.bmp	1,524273E+0	3,121634E+0	-5,042396E-3	-3,807953E-3
20220411 14:10:56,026	c_0_1699_20220411_14_10_56,026.bmp	1,507728E+0	3,135637E+0	2,594737E-3	-1,261932E-3
20220411 14:11:02,030	c_0_1700_20220411_14_11_02,030.bmp	1,460638E+0	3,152185E+0	4,902598E-5	2,557098E-3
20220411 14:11:08,031	c_0_1701_20220411_14_11_08,031.bmp	1,414820E+0	3,176372E+0	4,902598E-5	1,107786E-5
20220411 14:11:14,032	c_0_1702_20220411_14_11_14,032.bmp	1,371547E+0	3,200558E+0	-5,042396E-3	-3,807953E-3
20220411 14:11:20,033	c_0_1703_20220411_14_11_20,033.bmp	1,349911E+0	3,217107E+0	3,867592E-3	1,107786E-5
20220411 14:11:26,036	c_0_1704_20220411_14_11_26,036.bmp	1,343547E+0	3,233656E+0	4,902598E-5	-1,261932E-3
20220411 14:11:32,038	c_0_1705_20220411_14_11_32,038.bmp	1,343547E+0	3,257842E+0	1,321881E-3	-3,807953E-3
20220411 14:11:38,042	c_0_1706_20220411_14_11_38,042.bmp	1,342275E+0	3,273118E+0	4,902598E-5	1,284088E-3
20220411 14:11:44,047	c_0_1707_20220411_14_11_44,047.bmp	1,351184E+0	3,292212E+0	-1,223829E-3	1,107786E-5
20220411 14:11:50,051	c_0_1708_20220411_14_11_50,051.bmp	1,353729E+0	3,313853E+0	2,594737E-3	2,557098E-3
20220411 14:11:56,056	c_0_1709_20220411_14_11_56,056.bmp	1,360093E+0	3,334221E+0	2,594737E-3	1,284088E-3
20220411 14:12:02,059	c_0_1710_20220411_14_12_02,059.bmp	1,371547E+0	3,358407E+0	-2,496685E-3	-3,807953E-3
20220411 14:12:08,061	c_0_1711_20220411_14_12_08,061.bmp	1,374093E+0	3,376229E+0	-1,223829E-3	1,107786E-5
20220411 14:12:14,064	c_0_1712_20220411_14_12_14,064.bmp	1,380456E+0	3,394050E+0	4,902598E-5	1,284088E-3
20220411 14:12:20,068	c_0_1713_20220411_14_12_20,068.bmp	1,390638E+0	3,419510E+0	-3,769540E-3	-3,807953E-3
20220411 14:12:26,074	c_0_1714_20220411_14_12_26,074.bmp	1,389365E+0	3,432239E+0	1,321881E-3	2,557098E-3
20220411 14:12:32,075	c_0_1715_20220411_14_12_32,075.bmp	1,404638E+0	3,457699E+0	-2,496685E-3	1,107786E-5
20220411 14:12:38,078	c_0_1716_20220411_14_12_38,078.bmp	1,407183E+0	3,475520E+0	-3,769540E-3	-3,807953E-3
20220411 14:12:44,083	c_0_1717_20220411_14_12_44,083.bmp	1,414820E+0	3,495888E+0	-5,042396E-3	1,107786E-5
20220411 14:12:50,085	c_0_1718_20220411_14_12_50,085.bmp	1,413547E+0	3,516256E+0	1,321881E-3	1,107786E-5
20220411 14:12:56,086	c_0_1719_20220411_14_12_56,086.bmp	1,425001E+0	3,534077E+0	-1,223829E-3	2,557098E-3
20220411 14:13:02,088	c_0_1720_20220411_14_13_02,088.bmp	1,432638E+0	3,555718E+0	-2,496685E-3	-1,261932E-3
20220411 14:13:08,091	c_0_1721_20220411_14_13_08,091.bmp	1,432638E+0	3,578631E+0	-1,223829E-3	-3,807953E-3
20220411 14:13:14,092	c_0_1722_20220411_14_13_14,092.bmp	1,441547E+0	3,596453E+0	-1,223829E-3	1,107786E-5
20220411 14:13:20,092	c_0_1723_20220411_14_13_20,092.bmp	1,441547E+0	3,613002E+0	2,594737E-3	3,830109E-3
20220411 14:13:26,096	c_0_1724_20220411_14_13_26,096.bmp	1,453001E+0	3,634642E+0	-3,769540E-3	1,107786E-5
20220411 14:13:32,099	c_0_1725_20220411_14_13_32,099.bmp	1,455547E+0	3,657556E+0	-3,769540E-3	-3,807953E-3
20220411 14:13:38,104	c_0_1726_20220411_14_13_38,104.bmp	1,454274E+0	3,675377E+0	-2,496685E-3	1,107786E-5
20220411 14:13:44,105	c_0_1727_20220411_14_13_44,105.bmp	1,451729E+0	3,695745E+0	4,902598E-5	1,284088E-3
20220411 14:13:50,106	c_0_1728_20220411_14_13_50,106.bmp	1,458092E+0	3,717385E+0	-3,769540E-3	-3,807953E-3
20220411 14:13:56,107	c_0_1729_20220411_14_13_56,107.bmp	1,459365E+0	3,732661E+0	4,902598E-5	1,284088E-3
20220411 14:14:02,108	c_0_1730_20220411_14_14_02,108.bmp	1,465728E+0	3,755574E+0	4,902598E-5	-1,261932E-3
20220411 14:14:08,109	c_0_1731_20220411_14_14_08,109.bmp	1,461910E+0	3,772123E+0	3,867592E-3	2,557098E-3
20220411 14:14:14,111	c_0_1732_20220411_14_14_14,111.bmp	1,469547E+0	3,796310E+0	3,867592E-3	1,107786E-5
20220411 14:14:20,113	c_0_1733_20220411_14_14_20,113.bmp	1,477183E+0	3,815404E+0	4,902598E-5	1,107786E-5
20220411 14:14:26,118	c_0_1734_20220411_14_14_26,118.bmp	1,478456E+0	3,831953E+0	1,321881E-3	2,557098E-3
20220411 14:14:32,121	c_0_1735_20220411_14_14_32,121.bmp	1,486092E+0	3,857412E+0	-1,223829E-3	-3,807953E-3
20220411 14:14:38,126	c_0_1736_20220411_14_14_38,126.bmp	1,493728E+0	3,879053E+0	-3,769540E-3	-2,534943E-3
20220411 14:14:44,127	c_0_1737_20220411_14_14_44,127.bmp	1,496274E+0	3,895601E+0	4,902598E-5	1,107786E-5
20220411 14:14:50,129	c_0_1738_20220411_14_14_50,129.bmp	1,496274E+0	3,914696E+0	4,902598E-5	1,107786E-5
20220411 14:14:56,130	c_0_1739_20220411_14_14_56,130.bmp	1,509001E+0	3,937610E+0	1,321881E-3	1,284088E-3
20220411 14:15:02,134	c_0_1740_20220411_14_15_02,134.bmp	1,507728E+0	3,955431E+0	-2,496685E-3	1,284088E-3
20220411 14:15:08,139	c_0_1741_20220411_14_15_08,139.bmp	1,514092E+0	3,977072E+0	-3,769540E-3	-1,261932E-3
20220411 14:15:14,144	c_0_1742_20220411_14_15_14,144.bmp	1,501364E+0	3,996166E+0	2,594737E-3	1,284088E-3
20220411 14:15:20,145	c_0_1743_20220411_14_15_20,145.bmp	1,502637E+0	4,016534E+0	3,867592E-3	2,557098E-3
20220411 14:15:26,146	c_0_1744_20220411_14_15_26,146.bmp	1,501364E+0	4,035628E+0	4,902598E-5	1,107786E-5
20220411 14:15:32,149	c_0_1745_20220411_14_15_32,149.bmp	1,497546E+0	4,058542E+0	-2,496685E-3	-3,807953E-3
20220411 14:15:38,153	c_0_1746_20220411_14_15_38,153.bmp	1,489910E+0	4,078909E+0	-5,042396E-3	-3,807953E-3
20220411 14:15:44,158	c_0_1747_20220411_14_15_44,158.bmp	1,489910E+0	4,095458E+0	-1,223829E-3	-1,261932E-3
20220411 14:15:50,162	c_0_1748_20220411_14_15_50,162.bmp	1,470819E+0	4,112007E+0	1,321881E-3	-1,261932E-3
20220411 14:15:56,162	c_0_1749_20220411_14_15_56,162.bmp	1,475910E+0	4,137466E+0	-3,769540E-3	1,107786E-5
20220411 14:16:02,163	c_0_1750_20220411_14_16_02,163.bmp	1,467001E+0	4,156561E+0	2,594737E-3	-1,261932E-3
20220411 14:16:08,171	c_0_1751_20220411_14_16_08,171.bmp	1,468274E+0	4,175655E+0	4,902598E-5	1,107786E-5
20220411 14:16:14,174	c_0_1752_20220411_14_16_14,174.bmp	1,470819E+0	4,198569E+0	-3,769540E-3	1,107786E-5
20220411 14:16:20,179	c_0_1753_20220411_14_16_20,179.bmp	1,458092E+0	4,217664E+0	3,867592E-3	1,107786E-5
20220411 14:16:26,183	c_0_1754_20220411_14_16_26,183.bmp	1,460638E+0	4,236758E+0	-1,223829E-3	-1,261932E-3
20220411 14:16:32,185	c_0_1755_20220411_14_16_32,185.bmp	1,459365E+0	4,259672E+0	-2,496685E-3	-3,807953E-3
20220411 14:16:38,190	c_0_1756_20220411_14_16_38,190.bmp	1,459365E+0	4,276220E+0	4,902598E-5	1,107786E-5
20220411 14:16:44,194	c_0_1757_20220411_14_16_44,194.bmp	1,453001E+0	4,295315E+0	4,902598E-5	-1,261932E-3
20220411 14:16:50,198	c_0_1758_20220411_14_16_50,198.bmp	1,451729E+0	4,315682E+0	-3,769540E-3	1,107786E-5
20220411 14:16:56,202	c_0_1759_20220411_14_16_56,202.bmp	1,451729E+0	4,338596E+0	-3,769540E-3	-3,807953E-3
20220411 14:17:02,204	c_0_1760_20220411_14_17_02,204.bmp	1,433910E+0	4,356418E+0	3,867592E-3	1,107786E-5
20220411 14:17:08,207	c_0_1761_20220411_14_17_08,207.bmp	1,439001E+0	4,374239E+0	2,594737E-3	2,557098E-3
20220411 14:17:14,208	c_0_1762_20220411_14_17_14,208.bmp	1,431365E+0	4,393334E+0	1,321881E-3	2,557098E-3
20220411 14:17:20,209	c_0_1763_20220411_14_17_20,209.bmp	1,291366E+0	4,413701E+0	4,902598E-5	2,557098E-3
20220411 14:17:26,213	c_0_1764_20220411_14_17_26,213.bmp	1,197185E+0	4,439161E+0	4,902598E-5	-1,261932E-3
20220411 14:17:32,216	c_0_1765_20220411_14_17_32,216.bmp	1,174276E+0	4,451890E+0	3,867592E-3	2,557098E-3
20220411 14:17:38,222	c_0_1766_20220411_14_17_38,222.bmp	1,175549E+0	4,476077E+0	4,902598E-5	1,107786E-5
20220411 14:17:44,225	c_0_1767_20220411_14_17_44,225.bmp	1,183185E+0	4,496445E+0	4,902598E-5	1,107786E-5
20220411 14:17:50,229	c_0_1768_20220411_14_17_50,229.bmp	1,179367E+0	4,516812E+0	1,321881E-3	-1,261932E-3
20220411 14:17:56,234	c_0_1769_20220411_14_17_56,234.bmp	1,187003E+0	4,534634E+0	1,321881E-3	1,107786E-5
20220411 14:18:02,236	c_0_1770_20220411_14_18_02,236.bmp	1,188276E+0	4,553728E+0	1,321881E-3	-1,261932E-3
20220411 14:18:08,238	c_0_1771_20220411_14_18_08,238.bmp	1,189549E+0	4,576642E+0	1,321881E-3	2,557098E-3
20220411 14:18:14,243	c_0_1772_20220411_14_18_14,243.bmp	1,197185E+0	4,597009E+0	1,321881E-3	-1,261932E-3
20220411 14:18:20,246	c_0_1773_20220411_14_18_20,246.bmp	1,203549E+0	4,618650E+0	-3,769540E-3	-3,807953E-3
20220411 14:18:26,250	c_0_1774_20220411_14_18_26,250.bmp	1,206094E+0	4,631380E+0	1,321881E-3	2,557098E-3
20220411 14:18:32,255	c_0_1775_20220411_14_18_32,255.bmp	1,215003E+0	4,659385E+0	-3,769540E-3	-3,807953E-3
20220411 14:18:38,255	c_0_1776_20220411_14_18_38,255.bmp	1,220094E+0	4,675934E+0	-3,769540E-3	1,107786E-5
20220411 14:18:44,257	c_0_1777_20220411_14_18_44,257.bmp	1,225185E+0	4,695028E+0	4,902598E-5	1,107786E-5
20220411 14:18:50,258	c_0_1778_20220411_14_18_50,258.bmp	1,221367E+0	4,712850E+0	2,594737E-3	3,830109E-3
20220411 14:18:56,259	c_0_1779_20220411_14_18_56,259.bmp	1,226457E+0	4,735763E+0	4,902598E-5	2,557098E-3
20220411 14:19:02,264	c_0_1780_20220411_14_19_02,264.bmp	1,231548E+0	4,754858E+0	1,321881E-3	-1,261932E-3
20220411 14:19:08,270	c_0_1781_20220411_14_19_08,270.bmp	1,239185E+0	4,781590E+0	4,902598E-5	-3,807953E-3
20220411 14:19:14,271	c_0_1782_20220411_14_19_14,271.bmp	1,243003E+0	4,795593E+0	-1,223829E-3	-1,261932E-3
20220411 14:19:20,275	c_0_1783_20220411_14_19_20,275.bmp	1,237912E+0	4,805777E+0	2,594737E-3	-1,261932E-3
