20220411 13:55:07,477	c_1_1541_20220411_13_55_07,477.bmp	1,228458E-2	2,194582E-2	-2,496685E-3	-2,534943E-3
20220411 13:55:13,485	c_1_1542_20220411_13_55_13,485.bmp	-2,988033E-3	1,939988E-2	4,902598E-5	1,107786E-5
20220411 13:55:19,494	c_1_1543_20220411_13_55_19,494.bmp	6,701145E-2	1,812690E-2	2,594737E-3	2,557098E-3
20220411 13:55:25,498	c_1_1544_20220411_13_55_25,498.bmp	2,311921E-1	4,104041E-2	4,902598E-5	-3,807953E-3
20220411 13:55:31,501	c_1_1545_20220411_13_55_31,501.bmp	3,966454E-1	5,631608E-2	-2,496685E-3	1,107786E-5
20220411 13:55:37,515	c_1_1546_20220411_13_55_37,515.bmp	5,620987E-1	7,668364E-2	-1,223829E-3	-1,261932E-3
20220411 13:55:43,522	c_1_1547_20220411_13_55_43,522.bmp	7,313702E-1	9,832418E-2	-1,223829E-3	-1,261932E-3
20220411 13:55:49,527	c_1_1548_20220411_13_55_49,527.bmp	9,070052E-1	1,212377E-1	1,321881E-3	-3,807953E-3
20220411 13:55:55,543	c_1_1549_20220411_13_55_55,543.bmp	1,073731E+0	1,365134E-1	-5,042396E-3	1,107786E-5
20220411 13:56:01,556	c_1_1550_20220411_13_56_01,556.bmp	1,249366E+0	1,581539E-1	-3,769540E-3	1,107786E-5
20220411 13:56:07,558	c_1_1551_20220411_13_56_07,558.bmp	1,427547E+0	1,772485E-1	4,902598E-5	2,557098E-3
20220411 13:56:13,568	c_1_1552_20220411_13_56_13,568.bmp	1,600636E+0	1,988890E-1	1,321881E-3	1,107786E-5
20220411 13:56:19,573	c_1_1553_20220411_13_56_19,573.bmp	1,772453E+0	2,167106E-1	4,902598E-5	1,107786E-5
20220411 13:56:25,578	c_1_1554_20220411_13_56_25,578.bmp	1,940452E+0	2,345322E-1	4,902598E-5	1,107786E-5
20220411 13:56:31,583	c_1_1555_20220411_13_56_31,583.bmp	2,100815E+0	2,574458E-1	4,902598E-5	1,107786E-5
20220411 13:56:37,585	c_1_1556_20220411_13_56_37,585.bmp	2,258632E+0	2,790863E-1	-1,223829E-3	-3,807953E-3
20220411 13:56:43,586	c_1_1557_20220411_13_56_43,586.bmp	2,407540E+0	2,969079E-1	-3,769540E-3	-2,534943E-3
20220411 13:56:49,589	c_1_1558_20220411_13_56_49,589.bmp	2,537357E+0	3,172755E-1	1,321881E-3	1,107786E-5
20220411 13:56:55,599	c_1_1559_20220411_13_56_55,599.bmp	2,674810E+0	3,325511E-1	-1,223829E-3	2,557098E-3
20220411 13:57:01,612	c_1_1560_20220411_13_57_01,612.bmp	2,798264E+0	3,567376E-1	2,594737E-3	1,107786E-5
20220411 13:57:07,616	c_1_1561_20220411_13_57_07,616.bmp	2,907718E+0	3,758322E-1	1,321881E-3	1,107786E-5
20220411 13:57:13,625	c_1_1562_20220411_13_57_13,625.bmp	2,989172E+0	3,974727E-1	1,321881E-3	1,107786E-5
20220411 13:57:19,626	c_1_1563_20220411_13_57_19,626.bmp	3,037535E+0	4,165673E-1	-1,223829E-3	1,107786E-5
20220411 13:57:25,628	c_1_1564_20220411_13_57_25,628.bmp	3,068080E+0	4,369349E-1	-1,223829E-3	1,107786E-5
20220411 13:57:31,633	c_1_1565_20220411_13_57_31,633.bmp	3,071898E+0	4,534835E-1	3,867592E-3	1,284088E-3
20220411 13:57:37,637	c_1_1566_20220411_13_57_37,637.bmp	3,089716E+0	4,763970E-1	-3,769540E-3	1,107786E-5
20220411 13:57:43,637	c_1_1567_20220411_13_57_43,637.bmp	3,112625E+0	4,980376E-1	-1,223829E-3	3,830109E-3
20220411 13:57:49,642	c_1_1568_20220411_13_57_49,642.bmp	3,140625E+0	5,171322E-1	4,902598E-5	-1,261932E-3
20220411 13:57:55,643	c_1_1569_20220411_13_57_55,643.bmp	3,152080E+0	5,336808E-1	4,902598E-5	2,557098E-3
20220411 13:58:01,654	c_1_1570_20220411_13_58_01,654.bmp	3,132989E+0	5,578673E-1	-3,769540E-3	-3,807953E-3
20220411 13:58:07,659	c_1_1571_20220411_13_58_07,659.bmp	3,139352E+0	5,744159E-1	-1,223829E-3	3,830109E-3
20220411 13:58:13,662	c_1_1572_20220411_13_58_13,662.bmp	3,129171E+0	6,011484E-1	-1,223829E-3	-3,807953E-3
20220411 13:58:19,667	c_1_1573_20220411_13_58_19,667.bmp	2,987899E+0	6,176970E-1	2,594737E-3	1,107786E-5
20220411 13:58:25,670	c_1_1574_20220411_13_58_25,670.bmp	2,972626E+0	6,329727E-1	5,140448E-3	1,284088E-3
20220411 13:58:31,677	c_1_1575_20220411_13_58_31,677.bmp	2,989172E+0	6,584321E-1	4,902598E-5	1,107786E-5
20220411 13:58:37,681	c_1_1576_20220411_13_58_37,681.bmp	3,000626E+0	6,775267E-1	-2,496685E-3	1,107786E-5
20220411 13:58:43,694	c_1_1577_20220411_13_58_43,694.bmp	2,987899E+0	6,953483E-1	1,321881E-3	2,557098E-3
20220411 13:58:49,695	c_1_1578_20220411_13_58_49,695.bmp	2,980263E+0	7,182618E-1	-1,223829E-3	1,107786E-5
20220411 13:58:55,700	c_1_1579_20220411_13_58_55,700.bmp	2,920445E+0	7,399024E-1	-3,769540E-3	-3,807953E-3
20220411 13:59:01,707	c_1_1580_20220411_13_59_01,707.bmp	2,872082E+0	7,539051E-1	3,867592E-3	1,284088E-3
20220411 13:59:07,711	c_1_1581_20220411_13_59_07,711.bmp	2,840264E+0	7,768186E-1	4,902598E-5	1,107786E-5
20220411 13:59:13,719	c_1_1582_20220411_13_59_13,719.bmp	2,822446E+0	7,984591E-1	-1,223829E-3	-1,261932E-3
20220411 13:59:19,721	c_1_1583_20220411_13_59_19,721.bmp	2,842809E+0	8,150077E-1	-3,769540E-3	1,107786E-5
20220411 13:59:25,723	c_1_1584_20220411_13_59_25,723.bmp	2,863173E+0	8,366483E-1	2,594737E-3	1,107786E-5
20220411 13:59:31,725	c_1_1585_20220411_13_59_31,725.bmp	2,882263E+0	8,557429E-1	1,321881E-3	-1,261932E-3
20220411 13:59:37,727	c_1_1586_20220411_13_59_37,727.bmp	2,903900E+0	8,786564E-1	-1,223829E-3	-1,261932E-3
20220411 13:59:43,737	c_1_1587_20220411_13_59_43,737.bmp	2,920445E+0	8,990239E-1	-3,769540E-3	1,107786E-5
20220411 13:59:49,738	c_1_1588_20220411_13_59_49,738.bmp	2,898809E+0	9,181185E-1	3,867592E-3	-1,261932E-3
20220411 13:59:55,743	c_1_1589_20220411_13_59_55,743.bmp	2,905172E+0	9,397591E-1	-3,769540E-3	-3,807953E-3
20220411 14:00:01,747	c_1_1590_20220411_14_00_01,747.bmp	2,799537E+0	9,537618E-1	-1,223829E-3	2,557098E-3
20220411 14:00:07,751	c_1_1591_20220411_14_00_07,751.bmp	2,613720E+0	9,754023E-1	2,594737E-3	1,284088E-3
20220411 14:00:13,755	c_1_1592_20220411_14_00_13,755.bmp	2,548811E+0	9,995888E-1	-3,769540E-3	-3,807953E-3
20220411 14:00:19,762	c_1_1593_20220411_14_00_19,762.bmp	2,491539E+0	1,017410E+0	4,902598E-5	1,107786E-5
20220411 14:00:25,764	c_1_1594_20220411_14_00_25,764.bmp	2,436812E+0	1,037778E+0	2,594737E-3	-1,261932E-3
20220411 14:00:31,765	c_1_1595_20220411_14_00_31,765.bmp	2,404994E+0	1,054327E+0	2,594737E-3	3,830109E-3
20220411 14:00:37,769	c_1_1596_20220411_14_00_37,769.bmp	2,385903E+0	1,074694E+0	2,594737E-3	2,557098E-3
20220411 14:00:43,771	c_1_1597_20220411_14_00_43,771.bmp	2,366813E+0	1,095062E+0	3,867592E-3	2,557098E-3
20220411 14:00:49,772	c_1_1598_20220411_14_00_49,772.bmp	2,324813E+0	1,115429E+0	3,867592E-3	2,557098E-3
20220411 14:00:55,773	c_1_1599_20220411_14_00_55,773.bmp	2,303177E+0	1,135797E+0	-3,769540E-3	1,107786E-5
20220411 14:01:01,775	c_1_1600_20220411_14_01_01,775.bmp	2,282813E+0	1,153618E+0	2,594737E-3	1,284088E-3
20220411 14:01:07,777	c_1_1601_20220411_14_01_07,777.bmp	2,266268E+0	1,180351E+0	4,902598E-5	-3,807953E-3
20220411 14:01:13,778	c_1_1602_20220411_14_01_13,778.bmp	2,164451E+0	1,195627E+0	-1,223829E-3	1,107786E-5
20220411 14:01:19,789	c_1_1603_20220411_14_01_19,789.bmp	2,170814E+0	1,218540E+0	4,902598E-5	2,557098E-3
20220411 14:01:25,790	c_1_1604_20220411_14_01_25,790.bmp	2,172087E+0	1,233816E+0	2,594737E-3	2,557098E-3
20220411 14:01:31,791	c_1_1605_20220411_14_01_31,791.bmp	2,177178E+0	1,260548E+0	1,321881E-3	-5,080963E-3
20220411 14:01:37,797	c_1_1606_20220411_14_01_37,797.bmp	2,172087E+0	1,277097E+0	4,902598E-5	1,107786E-5
20220411 14:01:43,798	c_1_1607_20220411_14_01_43,798.bmp	2,170814E+0	1,298737E+0	4,902598E-5	-3,807953E-3
20220411 14:01:49,800	c_1_1608_20220411_14_01_49,800.bmp	2,165723E+0	1,319105E+0	4,902598E-5	-3,807953E-3
20220411 14:01:55,802	c_1_1609_20220411_14_01_55,802.bmp	2,127542E+0	1,336927E+0	2,594737E-3	1,284088E-3
20220411 14:02:01,804	c_1_1610_20220411_14_02_01,804.bmp	2,100815E+0	1,359840E+0	4,902598E-5	-1,261932E-3
20220411 14:02:07,813	c_1_1611_20220411_14_02_07,813.bmp	2,046088E+0	1,380208E+0	4,902598E-5	-3,807953E-3
20220411 14:02:13,816	c_1_1612_20220411_14_02_13,816.bmp	2,002815E+0	1,394210E+0	1,321881E-3	1,284088E-3
20220411 14:02:19,819	c_1_1613_20220411_14_02_19,819.bmp	1,974816E+0	1,415851E+0	-5,042396E-3	-3,807953E-3
20220411 14:02:25,822	c_1_1614_20220411_14_02_25,822.bmp	1,953179E+0	1,440037E+0	-3,769540E-3	-3,807953E-3
20220411 14:02:31,824	c_1_1615_20220411_14_02_31,824.bmp	1,944270E+0	1,459132E+0	-2,496685E-3	-1,261932E-3
20220411 14:02:37,825	c_1_1616_20220411_14_02_37,825.bmp	1,931543E+0	1,482045E+0	-3,769540E-3	-3,807953E-3
20220411 14:02:43,826	c_1_1617_20220411_14_02_43,826.bmp	1,920089E+0	1,499867E+0	-3,769540E-3	-3,807953E-3
20220411 14:02:49,827	c_1_1618_20220411_14_02_49,827.bmp	1,897180E+0	1,516416E+0	4,902598E-5	1,107786E-5
20220411 14:02:55,829	c_1_1619_20220411_14_02_55,829.bmp	1,880634E+0	1,539329E+0	-3,769540E-3	-3,807953E-3
20220411 14:03:01,838	c_1_1620_20220411_14_03_01,838.bmp	1,860271E+0	1,557151E+0	-3,769540E-3	-1,261932E-3
20220411 14:03:07,841	c_1_1621_20220411_14_03_07,841.bmp	1,844998E+0	1,581337E+0	-3,769540E-3	-3,807953E-3
20220411 14:03:13,842	c_1_1622_20220411_14_03_13,842.bmp	1,828453E+0	1,599159E+0	-5,042396E-3	-5,080963E-3
20220411 14:03:19,849	c_1_1623_20220411_14_03_19,849.bmp	1,804271E+0	1,620799E+0	2,594737E-3	-3,807953E-3
20220411 14:03:25,853	c_1_1624_20220411_14_03_25,853.bmp	1,570091E+0	1,636075E+0	2,594737E-3	1,107786E-5
20220411 14:03:31,855	c_1_1625_20220411_14_03_31,855.bmp	1,539546E+0	1,657716E+0	1,321881E-3	-1,261932E-3
20220411 14:03:37,856	c_1_1626_20220411_14_03_37,856.bmp	1,533182E+0	1,680629E+0	4,902598E-5	-2,534943E-3
20220411 14:03:43,866	c_1_1627_20220411_14_03_43,866.bmp	1,538273E+0	1,699724E+0	-1,223829E-3	-3,807953E-3
20220411 14:03:49,879	c_1_1628_20220411_14_03_49,879.bmp	1,543364E+0	1,720091E+0	4,902598E-5	-3,807953E-3
20220411 14:03:55,881	c_1_1629_20220411_14_03_55,881.bmp	1,545910E+0	1,736640E+0	-1,223829E-3	1,107786E-5
20220411 14:04:01,886	c_1_1630_20220411_14_04_01,886.bmp	1,557364E+0	1,760826E+0	4,902598E-5	-1,261932E-3
20220411 14:04:07,898	c_1_1631_20220411_14_04_07,898.bmp	1,566273E+0	1,774829E+0	2,594737E-3	1,107786E-5
20220411 14:04:13,903	c_1_1632_20220411_14_04_13,903.bmp	1,576455E+0	1,796470E+0	2,594737E-3	-1,261932E-3
20220411 14:04:19,909	c_1_1633_20220411_14_04_19,909.bmp	1,589182E+0	1,814291E+0	2,594737E-3	2,557098E-3
20220411 14:04:25,916	c_1_1634_20220411_14_04_25,916.bmp	1,599364E+0	1,837205E+0	-1,223829E-3	1,107786E-5
20220411 14:04:31,918	c_1_1635_20220411_14_04_31,918.bmp	1,608273E+0	1,857572E+0	-1,223829E-3	1,107786E-5
20220411 14:04:37,922	c_1_1636_20220411_14_04_37,922.bmp	1,621000E+0	1,876667E+0	4,902598E-5	1,107786E-5
20220411 14:04:43,932	c_1_1637_20220411_14_04_43,932.bmp	1,626091E+0	1,897034E+0	4,902598E-5	1,107786E-5
20220411 14:04:49,935	c_1_1638_20220411_14_04_49,935.bmp	1,636273E+0	1,917402E+0	-6,315251E-3	-1,261932E-3
20220411 14:04:55,940	c_1_1639_20220411_14_04_55,940.bmp	1,638818E+0	1,937770E+0	1,321881E-3	1,107786E-5
20220411 14:05:01,941	c_1_1640_20220411_14_05_01,941.bmp	1,656636E+0	1,956864E+0	-1,223829E-3	1,107786E-5
20220411 14:05:07,946	c_1_1641_20220411_14_05_07,946.bmp	1,659182E+0	1,978505E+0	-1,223829E-3	-3,807953E-3
20220411 14:05:13,956	c_1_1642_20220411_14_05_13,956.bmp	1,655363E+0	1,993780E+0	3,867592E-3	1,107786E-5
20220411 14:05:19,959	c_1_1643_20220411_14_05_19,959.bmp	1,652818E+0	2,021786E+0	-2,496685E-3	-3,807953E-3
20220411 14:05:25,961	c_1_1644_20220411_14_05_25,961.bmp	1,638818E+0	2,039607E+0	-3,769540E-3	-3,807953E-3
20220411 14:05:31,964	c_1_1645_20220411_14_05_31,964.bmp	1,581546E+0	2,057429E+0	5,140448E-3	1,107786E-5
20220411 14:05:37,965	c_1_1646_20220411_14_05_37,965.bmp	1,533182E+0	2,077797E+0	3,867592E-3	-1,261932E-3
20220411 14:05:43,968	c_1_1647_20220411_14_05_43,968.bmp	1,512819E+0	2,093072E+0	3,867592E-3	1,284088E-3
20220411 14:05:49,971	c_1_1648_20220411_14_05_49,971.bmp	1,510274E+0	2,115986E+0	4,902598E-5	1,107786E-5
20220411 14:05:55,978	c_1_1649_20220411_14_05_55,978.bmp	1,507728E+0	2,141445E+0	4,902598E-5	-3,807953E-3
20220411 14:06:01,987	c_1_1650_20220411_14_06_01,987.bmp	1,506455E+0	2,155448E+0	4,902598E-5	2,557098E-3
20220411 14:06:07,992	c_1_1651_20220411_14_06_07,992.bmp	1,509001E+0	2,177088E+0	4,902598E-5	1,107786E-5
20220411 14:06:13,996	c_1_1652_20220411_14_06_13,996.bmp	1,514092E+0	2,193637E+0	4,902598E-5	1,107786E-5
20220411 14:06:19,996	c_1_1653_20220411_14_06_19,996.bmp	1,514092E+0	2,215278E+0	3,867592E-3	-1,261932E-3
20220411 14:06:26,008	c_1_1654_20220411_14_06_26,008.bmp	1,526819E+0	2,234372E+0	1,321881E-3	2,557098E-3
20220411 14:06:32,013	c_1_1655_20220411_14_06_32,013.bmp	1,533182E+0	2,257286E+0	-1,223829E-3	-1,261932E-3
20220411 14:06:38,016	c_1_1656_20220411_14_06_38,016.bmp	1,535728E+0	2,273834E+0	5,140448E-3	2,557098E-3
20220411 14:06:44,020	c_1_1657_20220411_14_06_44,020.bmp	1,538273E+0	2,296748E+0	1,321881E-3	1,107786E-5
20220411 14:06:50,022	c_1_1658_20220411_14_06_50,022.bmp	1,553546E+0	2,318388E+0	-1,223829E-3	-2,534943E-3
20220411 14:06:56,027	c_1_1659_20220411_14_06_56,027.bmp	1,554819E+0	2,332391E+0	2,594737E-3	2,557098E-3
20220411 14:07:02,037	c_1_1660_20220411_14_07_02,037.bmp	1,567546E+0	2,356578E+0	-5,042396E-3	1,107786E-5
20220411 14:07:08,044	c_1_1661_20220411_14_07_08,044.bmp	1,580273E+0	2,378218E+0	-1,223829E-3	1,107786E-5
20220411 14:07:14,049	c_1_1662_20220411_14_07_14,049.bmp	1,585364E+0	2,397313E+0	-3,769540E-3	-1,261932E-3
20220411 14:07:20,052	c_1_1663_20220411_14_07_20,052.bmp	1,595546E+0	2,418953E+0	-3,769540E-3	-3,807953E-3
20220411 14:07:26,053	c_1_1664_20220411_14_07_26,053.bmp	1,605727E+0	2,436775E+0	1,321881E-3	1,107786E-5
20220411 14:07:32,064	c_1_1665_20220411_14_07_32,064.bmp	1,608273E+0	2,458415E+0	-6,315251E-3	-1,261932E-3
20220411 14:07:38,070	c_1_1666_20220411_14_07_38,070.bmp	1,614636E+0	2,480056E+0	-1,223829E-3	-3,807953E-3
20220411 14:07:44,075	c_1_1667_20220411_14_07_44,075.bmp	1,621000E+0	2,496605E+0	-2,496685E-3	-1,261932E-3
20220411 14:07:50,078	c_1_1668_20220411_14_07_50,078.bmp	1,627364E+0	2,516972E+0	4,902598E-5	-1,261932E-3
20220411 14:07:56,080	c_1_1669_20220411_14_07_56,080.bmp	1,636273E+0	2,536067E+0	-3,769540E-3	-1,261932E-3
20220411 14:08:02,084	c_1_1670_20220411_14_08_02,084.bmp	1,637545E+0	2,556434E+0	-1,223829E-3	-1,261932E-3
20220411 14:08:08,093	c_1_1671_20220411_14_08_08,093.bmp	1,640091E+0	2,576802E+0	4,902598E-5	1,107786E-5
20220411 14:08:14,097	c_1_1672_20220411_14_08_14,097.bmp	1,636273E+0	2,597169E+0	1,321881E-3	1,107786E-5
20220411 14:08:20,101	c_1_1673_20220411_14_08_20,101.bmp	1,642636E+0	2,612445E+0	1,321881E-3	1,107786E-5
20220411 14:08:26,105	c_1_1674_20220411_14_08_26,105.bmp	1,642636E+0	2,637905E+0	-1,223829E-3	-1,261932E-3
20220411 14:08:32,110	c_1_1675_20220411_14_08_32,110.bmp	1,646454E+0	2,660818E+0	-1,223829E-3	-3,807953E-3
20220411 14:08:38,119	c_1_1676_20220411_14_08_38,119.bmp	1,640091E+0	2,679913E+0	-1,223829E-3	-3,807953E-3
20220411 14:08:44,127	c_1_1677_20220411_14_08_44,127.bmp	1,642636E+0	2,696461E+0	-3,769540E-3	1,107786E-5
20220411 14:08:50,129	c_1_1678_20220411_14_08_50,129.bmp	1,629909E+0	2,714283E+0	2,594737E-3	1,284088E-3
20220411 14:08:56,131	c_1_1679_20220411_14_08_56,131.bmp	1,626091E+0	2,737196E+0	4,902598E-5	1,107786E-5
20220411 14:09:02,132	c_1_1680_20220411_14_09_02,132.bmp	1,621000E+0	2,755018E+0	4,902598E-5	3,830109E-3
20220411 14:09:08,135	c_1_1681_20220411_14_09_08,135.bmp	1,603182E+0	2,776659E+0	4,902598E-5	-1,261932E-3
20220411 14:09:14,136	c_1_1682_20220411_14_09_14,136.bmp	1,595546E+0	2,800845E+0	-2,496685E-3	-3,807953E-3
20220411 14:09:20,139	c_1_1683_20220411_14_09_20,139.bmp	1,584091E+0	2,816121E+0	3,867592E-3	1,107786E-5
20220411 14:09:26,147	c_1_1684_20220411_14_09_26,147.bmp	1,579000E+0	2,837761E+0	-1,223829E-3	-1,261932E-3
20220411 14:09:32,154	c_1_1685_20220411_14_09_32,154.bmp	1,565000E+0	2,855583E+0	3,867592E-3	2,557098E-3
20220411 14:09:38,158	c_1_1686_20220411_14_09_38,158.bmp	1,559910E+0	2,879769E+0	-1,223829E-3	-3,807953E-3
20220411 14:09:44,161	c_1_1687_20220411_14_09_44,161.bmp	1,559910E+0	2,895045E+0	4,902598E-5	-1,261932E-3
20220411 14:09:50,163	c_1_1688_20220411_14_09_50,163.bmp	1,556091E+0	2,920504E+0	2,594737E-3	-3,807953E-3
20220411 14:09:56,176	c_1_1689_20220411_14_09_56,176.bmp	1,557364E+0	2,940872E+0	-2,496685E-3	-3,807953E-3
20220411 14:10:02,186	c_1_1690_20220411_14_10_02,186.bmp	1,561182E+0	2,957421E+0	-3,769540E-3	1,284088E-3
20220411 14:10:08,188	c_1_1691_20220411_14_10_08,188.bmp	1,553546E+0	2,972696E+0	-1,223829E-3	2,557098E-3
20220411 14:10:14,192	c_1_1692_20220411_14_10_14,192.bmp	1,548455E+0	2,996883E+0	6,413303E-3	1,107786E-5
20220411 14:10:20,193	c_1_1693_20220411_14_10_20,193.bmp	1,553546E+0	3,019796E+0	-5,042396E-3	-3,807953E-3
20220411 14:10:26,196	c_1_1694_20220411_14_10_26,196.bmp	1,538273E+0	3,032526E+0	2,594737E-3	1,284088E-3
20220411 14:10:32,201	c_1_1695_20220411_14_10_32,201.bmp	1,539546E+0	3,055440E+0	4,902598E-5	1,284088E-3
20220411 14:10:38,202	c_1_1696_20220411_14_10_38,202.bmp	1,535728E+0	3,080899E+0	-1,223829E-3	-3,807953E-3
20220411 14:10:44,209	c_1_1697_20220411_14_10_44,209.bmp	1,530637E+0	3,092356E+0	3,867592E-3	1,284088E-3
20220411 14:10:50,214	c_1_1698_20220411_14_10_50,214.bmp	1,523001E+0	3,112723E+0	2,594737E-3	3,830109E-3
20220411 14:10:56,216	c_1_1699_20220411_14_10_56,216.bmp	1,509001E+0	3,134364E+0	2,594737E-3	3,830109E-3
20220411 14:11:02,217	c_1_1700_20220411_14_11_02,217.bmp	1,458092E+0	3,156004E+0	2,594737E-3	1,107786E-5
20220411 14:11:08,220	c_1_1701_20220411_14_11_08,220.bmp	1,413547E+0	3,178918E+0	-3,769540E-3	-3,807953E-3
20220411 14:11:14,233	c_1_1702_20220411_14_11_14,233.bmp	1,376638E+0	3,198012E+0	-2,496685E-3	1,107786E-5
20220411 14:11:20,235	c_1_1703_20220411_14_11_20,235.bmp	1,347366E+0	3,218380E+0	4,902598E-5	1,107786E-5
20220411 14:11:26,243	c_1_1704_20220411_14_11_26,243.bmp	1,341002E+0	3,232383E+0	-1,223829E-3	2,557098E-3
20220411 14:11:32,244	c_1_1705_20220411_14_11_32,244.bmp	1,341002E+0	3,259115E+0	4,902598E-5	1,107786E-5
20220411 14:11:38,248	c_1_1706_20220411_14_11_38,248.bmp	1,344820E+0	3,282029E+0	-3,769540E-3	-3,807953E-3
20220411 14:11:44,253	c_1_1707_20220411_14_11_44,253.bmp	1,351184E+0	3,298577E+0	-3,769540E-3	1,107786E-5
20220411 14:11:50,258	c_1_1708_20220411_14_11_50,258.bmp	1,356275E+0	3,320218E+0	4,902598E-5	-3,807953E-3
20220411 14:11:56,263	c_1_1709_20220411_14_11_56,263.bmp	1,360093E+0	3,335493E+0	2,594737E-3	2,557098E-3
20220411 14:12:02,264	c_1_1710_20220411_14_12_02,264.bmp	1,369002E+0	3,358407E+0	-3,769540E-3	-1,261932E-3
20220411 14:12:08,269	c_1_1711_20220411_14_12_08,269.bmp	1,375365E+0	3,381321E+0	-1,223829E-3	1,107786E-5
20220411 14:12:14,273	c_1_1712_20220411_14_12_14,273.bmp	1,383002E+0	3,401688E+0	-3,769540E-3	-3,807953E-3
20220411 14:12:20,277	c_1_1713_20220411_14_12_20,277.bmp	1,386820E+0	3,420783E+0	-3,769540E-3	-3,807953E-3
20220411 14:12:26,288	c_1_1714_20220411_14_12_26,288.bmp	1,389365E+0	3,434785E+0	2,594737E-3	2,557098E-3
20220411 14:12:32,293	c_1_1715_20220411_14_12_32,293.bmp	1,400820E+0	3,455153E+0	4,902598E-5	-1,261932E-3
20220411 14:12:38,297	c_1_1716_20220411_14_12_38,297.bmp	1,405911E+0	3,476793E+0	4,902598E-5	1,107786E-5
20220411 14:12:44,302	c_1_1717_20220411_14_12_44,302.bmp	1,412274E+0	3,497161E+0	-1,223829E-3	1,284088E-3
20220411 14:12:50,307	c_1_1718_20220411_14_12_50,307.bmp	1,419911E+0	3,516256E+0	-3,769540E-3	1,107786E-5
20220411 14:12:56,316	c_1_1719_20220411_14_12_56,316.bmp	1,426274E+0	3,534077E+0	4,902598E-5	2,557098E-3
20220411 14:13:02,320	c_1_1720_20220411_14_13_02,320.bmp	1,428820E+0	3,556991E+0	1,321881E-3	-3,807953E-3
20220411 14:13:08,325	c_1_1721_20220411_14_13_08,325.bmp	1,433910E+0	3,579904E+0	-1,223829E-3	-3,807953E-3
20220411 14:13:14,329	c_1_1722_20220411_14_13_14,329.bmp	1,437729E+0	3,597726E+0	-1,223829E-3	-5,080963E-3
20220411 14:13:20,334	c_1_1723_20220411_14_13_20,334.bmp	1,440274E+0	3,614274E+0	2,594737E-3	-1,261932E-3
20220411 14:13:26,337	c_1_1724_20220411_14_13_26,337.bmp	1,445365E+0	3,637188E+0	3,867592E-3	1,107786E-5
20220411 14:13:32,342	c_1_1725_20220411_14_13_32,342.bmp	1,453001E+0	3,660102E+0	-3,769540E-3	-3,807953E-3
20220411 14:13:38,348	c_1_1726_20220411_14_13_38,348.bmp	1,454274E+0	3,676650E+0	4,902598E-5	-1,261932E-3
20220411 14:13:44,350	c_1_1727_20220411_14_13_44,350.bmp	1,456819E+0	3,698291E+0	-3,769540E-3	-1,261932E-3
20220411 14:13:50,352	c_1_1728_20220411_14_13_50,352.bmp	1,456819E+0	3,721204E+0	-1,223829E-3	-3,807953E-3
20220411 14:13:56,353	c_1_1729_20220411_14_13_56,353.bmp	1,459365E+0	3,736480E+0	4,902598E-5	-1,261932E-3
20220411 14:14:02,354	c_1_1730_20220411_14_14_02,354.bmp	1,467001E+0	3,760666E+0	1,321881E-3	-3,807953E-3
20220411 14:14:08,359	c_1_1731_20220411_14_14_08,359.bmp	1,472092E+0	3,775942E+0	4,902598E-5	1,107786E-5
20220411 14:14:14,369	c_1_1732_20220411_14_14_14,369.bmp	1,473365E+0	3,796310E+0	1,321881E-3	1,107786E-5
20220411 14:14:20,378	c_1_1733_20220411_14_14_20,378.bmp	1,473365E+0	3,812858E+0	1,321881E-3	3,830109E-3
20220411 14:14:26,381	c_1_1734_20220411_14_14_26,381.bmp	1,481001E+0	3,835772E+0	4,902598E-5	1,107786E-5
20220411 14:14:32,382	c_1_1735_20220411_14_14_32,382.bmp	1,488637E+0	3,859958E+0	-3,769540E-3	-5,080963E-3
20220411 14:14:38,385	c_1_1736_20220411_14_14_38,385.bmp	1,495001E+0	3,875234E+0	-1,223829E-3	1,107786E-5
20220411 14:14:44,388	c_1_1737_20220411_14_14_44,388.bmp	1,493728E+0	3,898147E+0	1,321881E-3	-1,261932E-3
20220411 14:14:50,390	c_1_1738_20220411_14_14_50,390.bmp	1,500092E+0	3,919788E+0	4,902598E-5	-3,807953E-3
20220411 14:14:56,398	c_1_1739_20220411_14_14_56,398.bmp	1,505183E+0	3,940155E+0	-3,769540E-3	-3,807953E-3
20220411 14:15:02,401	c_1_1740_20220411_14_15_02,401.bmp	1,506455E+0	3,954158E+0	2,594737E-3	1,284088E-3
20220411 14:15:08,405	c_1_1741_20220411_14_15_08,405.bmp	1,512819E+0	3,977072E+0	-1,223829E-3	1,107786E-5
20220411 14:15:14,409	c_1_1742_20220411_14_15_14,409.bmp	1,509001E+0	3,997439E+0	4,902598E-5	1,107786E-5
20220411 14:15:20,410	c_1_1743_20220411_14_15_20,410.bmp	1,505183E+0	4,017807E+0	-3,769540E-3	1,284088E-3
20220411 14:15:26,412	c_1_1744_20220411_14_15_26,412.bmp	1,495001E+0	4,033082E+0	5,140448E-3	3,830109E-3
20220411 14:15:32,417	c_1_1745_20220411_14_15_32,417.bmp	1,495001E+0	4,055996E+0	2,594737E-3	2,557098E-3
20220411 14:15:38,427	c_1_1746_20220411_14_15_38,427.bmp	1,482274E+0	4,076364E+0	-1,223829E-3	1,107786E-5
20220411 14:15:44,433	c_1_1747_20220411_14_15_44,433.bmp	1,479728E+0	4,098004E+0	-3,769540E-3	-3,807953E-3
20220411 14:15:50,437	c_1_1748_20220411_14_15_50,437.bmp	1,478456E+0	4,113280E+0	2,594737E-3	3,830109E-3
20220411 14:15:56,438	c_1_1749_20220411_14_15_56,438.bmp	1,468274E+0	4,136193E+0	4,902598E-5	-1,261932E-3
20220411 14:16:02,442	c_1_1750_20220411_14_16_02,442.bmp	1,473365E+0	4,157834E+0	-2,496685E-3	-1,261932E-3
20220411 14:16:08,445	c_1_1751_20220411_14_16_08,445.bmp	1,473365E+0	4,180747E+0	-3,769540E-3	-3,807953E-3
20220411 14:16:14,452	c_1_1752_20220411_14_16_14,452.bmp	1,467001E+0	4,198569E+0	-2,496685E-3	-3,807953E-3
20220411 14:16:20,458	c_1_1753_20220411_14_16_20,458.bmp	1,464456E+0	4,218936E+0	4,902598E-5	-3,807953E-3
20220411 14:16:26,461	c_1_1754_20220411_14_16_26,461.bmp	1,456819E+0	4,236758E+0	-1,223829E-3	-1,261932E-3
20220411 14:16:32,464	c_1_1755_20220411_14_16_32,464.bmp	1,453001E+0	4,257126E+0	1,321881E-3	1,284088E-3
20220411 14:16:38,469	c_1_1756_20220411_14_16_38,469.bmp	1,453001E+0	4,273674E+0	1,321881E-3	3,830109E-3
20220411 14:16:44,473	c_1_1757_20220411_14_16_44,473.bmp	1,453001E+0	4,297861E+0	-3,769540E-3	-1,261932E-3
20220411 14:16:50,481	c_1_1758_20220411_14_16_50,481.bmp	1,449183E+0	4,315682E+0	1,321881E-3	1,107786E-5
20220411 14:16:56,489	c_1_1759_20220411_14_16_56,489.bmp	1,450456E+0	4,336050E+0	-5,042396E-3	1,107786E-5
20220411 14:17:02,494	c_1_1760_20220411_14_17_02,494.bmp	1,447910E+0	4,360236E+0	-3,769540E-3	-3,807953E-3
20220411 14:17:08,496	c_1_1761_20220411_14_17_08,496.bmp	1,446638E+0	4,374239E+0	1,321881E-3	2,557098E-3
20220411 14:17:14,497	c_1_1762_20220411_14_17_14,497.bmp	1,437729E+0	4,400972E+0	-5,042396E-3	-3,807953E-3
20220411 14:17:20,501	c_1_1763_20220411_14_17_20,501.bmp	1,286275E+0	4,417520E+0	-1,223829E-3	1,107786E-5
20220411 14:17:26,508	c_1_1764_20220411_14_17_26,508.bmp	1,192094E+0	4,435342E+0	1,321881E-3	3,830109E-3
20220411 14:17:32,513	c_1_1765_20220411_14_17_32,513.bmp	1,179367E+0	4,454436E+0	6,413303E-3	1,284088E-3
20220411 14:17:38,518	c_1_1766_20220411_14_17_38,518.bmp	1,176821E+0	4,477350E+0	-2,496685E-3	-1,261932E-3
20220411 14:17:44,521	c_1_1767_20220411_14_17_44,521.bmp	1,179367E+0	4,496445E+0	-1,223829E-3	1,107786E-5
20220411 14:17:50,522	c_1_1768_20220411_14_17_50,522.bmp	1,178094E+0	4,512993E+0	3,867592E-3	1,284088E-3
20220411 14:17:56,524	c_1_1769_20220411_14_17_56,524.bmp	1,181912E+0	4,535907E+0	2,594737E-3	1,107786E-5
20220411 14:18:02,527	c_1_1770_20220411_14_18_02,527.bmp	1,189549E+0	4,557547E+0	4,902598E-5	1,107786E-5
20220411 14:18:08,527	c_1_1771_20220411_14_18_08,527.bmp	1,194639E+0	4,579188E+0	4,902598E-5	-3,807953E-3
20220411 14:18:14,533	c_1_1772_20220411_14_18_14,533.bmp	1,198458E+0	4,594463E+0	4,902598E-5	3,830109E-3
20220411 14:18:20,540	c_1_1773_20220411_14_18_20,540.bmp	1,199730E+0	4,617377E+0	4,902598E-5	1,107786E-5
20220411 14:18:26,542	c_1_1774_20220411_14_18_26,542.bmp	1,211185E+0	4,637744E+0	-3,769540E-3	1,107786E-5
20220411 14:18:32,544	c_1_1775_20220411_14_18_32,544.bmp	1,212458E+0	4,655566E+0	-1,223829E-3	3,830109E-3
20220411 14:18:38,548	c_1_1776_20220411_14_18_38,548.bmp	1,213730E+0	4,673388E+0	1,321881E-3	1,284088E-3
20220411 14:18:44,553	c_1_1777_20220411_14_18_44,553.bmp	1,218821E+0	4,697574E+0	2,594737E-3	-1,261932E-3
20220411 14:18:50,554	c_1_1778_20220411_14_18_50,554.bmp	1,227730E+0	4,715396E+0	-3,769540E-3	1,107786E-5
20220411 14:18:56,561	c_1_1779_20220411_14_18_56,561.bmp	1,225185E+0	4,738309E+0	2,594737E-3	2,557098E-3
20220411 14:19:02,569	c_1_1780_20220411_14_19_02,569.bmp	1,230276E+0	4,754858E+0	2,594737E-3	3,830109E-3
20220411 14:19:08,575	c_1_1781_20220411_14_19_08,575.bmp	1,237912E+0	4,776498E+0	1,321881E-3	-1,261932E-3
20220411 14:19:14,580	c_1_1782_20220411_14_19_14,580.bmp	1,241730E+0	4,795593E+0	-1,223829E-3	-1,261932E-3
