-2.965855119327237316e-05
1.714667449877615318e-04
4.372648459178997589e-03
1.728725771029373040e-02
4.087167854759739261e-02
6.929013440690985626e-02
1.034261369488740923e-01
1.595379982352292114e-01
2.044771029595726375e-01
2.749021270259024985e-01
3.379627531968422693e-01
4.223063063220093838e-01
4.994149857686927541e-01
6.006599999254164102e-01
7.008506966008556383e-01
8.067858048889952061e-01
9.278635866026375689e-01
1.039948745283546749e+00
1.161098789949927212e+00
1.281481864044298868e+00
1.400153550003884195e+00
1.515825890223045036e+00
1.635955562253887052e+00
1.744204776507991106e+00
1.887447030276010906e+00
1.999194226463242297e+00
2.092459616615254703e+00
2.175382611951399703e+00
2.239210533847272977e+00
2.276350331792221127e+00
2.298835977907005113e+00
2.307606358934081836e+00
2.274210255597627572e+00
2.214604153329345682e+00
2.223128887720429159e+00
2.264883088592396732e+00
2.304751469216536730e+00
2.055049115485782618e+00
2.118340422506348020e+00
2.140806778560148782e+00
2.150371176973769227e+00
2.128204789275000230e+00
2.091812683564902908e+00
2.096445219766670753e+00
2.103755480009064538e+00
1.886017762576250423e+00
1.876067771646373172e+00
1.875064952957909981e+00
1.894990599238884021e+00
1.932037676162703388e+00
1.952190453107981671e+00
1.991113843831372687e+00
2.032969691462676476e+00
2.068505213494983064e+00
2.079623419043679089e+00
2.062870156541368960e+00
2.072753495709076521e+00
2.043575385403611389e+00
2.043848081345757350e+00
2.008024829274797529e+00
1.999895693912354000e+00
2.016442730508531955e+00
2.017559332252896631e+00
2.029593565744633565e+00
2.033558564711300587e+00
2.057474541068223139e+00
2.080327052725037262e+00
2.106192782233711647e+00
2.114828628221088191e+00
2.126659413071418925e+00
2.144595863737202013e+00
2.154379103557688246e+00
2.156944228746704439e+00
2.134379400600478593e+00
2.123241603664550503e+00
1.960209126609379515e+00
1.855347480941477611e+00
1.821907740195823910e+00
1.810255331654462285e+00
1.801340519332809809e+00
1.770163979460114945e+00
1.780918585540160359e+00
1.781476036038536659e+00
1.787879798277879351e+00
1.792801958708875265e+00
1.801325475846281998e+00
1.818555241849310500e+00
1.824269396939853349e+00
1.816686854435622278e+00
1.802611485794336943e+00
1.775108747501587203e+00
1.747539359795738267e+00
1.725670482770599090e+00
1.714889691809779793e+00
1.706192296640993256e+00
1.697985759409487150e+00
1.697162945667642253e+00
1.707478625244025716e+00
1.721865786288007572e+00
1.738587557691203989e+00
1.748861780838786517e+00
1.763573136538560071e+00
1.772217177370426278e+00
1.773748562178428800e+00
1.788885996903777365e+00
1.812836381962544596e+00
1.816333558828496786e+00
1.836197078493162271e+00
1.782397834741240583e+00
1.795945929990904411e+00
1.816296040560212210e+00
1.833128088218613838e+00
1.847657493933201556e+00
1.857598037449593953e+00
1.876686657874655939e+00
1.899334332245766310e+00
1.925643161007342785e+00
1.965329121536879553e+00
1.988368723727113041e+00
2.003973784526493329e+00
2.028372404468501422e+00
2.043483812314648151e+00
2.056348056316591233e+00
2.073022855692403077e+00
2.089274340615379977e+00
2.091879232235775099e+00
2.104281763099983049e+00
2.103212491648072557e+00
2.113323272004264730e+00
2.125264740667325292e+00
2.132810821780493526e+00
2.106363268344651818e+00
2.083183094896550624e+00
2.008575896336934008e+00
1.941591407900108424e+00
1.894409471865776906e+00
1.870763373585613287e+00
1.843574614259297695e+00
1.829571417072080264e+00
1.828413538670754068e+00
1.820180529024463256e+00
1.820820222560654900e+00
1.816639419796629129e+00
1.819645453549182612e+00
1.832676644656678011e+00
1.834758282217334724e+00
1.840571813508005805e+00
1.844434909440828552e+00
1.853564232134587320e+00
1.864049973840526730e+00
1.877669238449375611e+00
1.882346339711574723e+00
1.892818013024468060e+00
1.899736092493988782e+00
1.896523597054103893e+00
1.915766548534883151e+00
1.921388268824038681e+00
1.928967048252969940e+00
1.945008979659383241e+00
1.960647930137990658e+00
1.970816096899540959e+00
1.984014442722518590e+00
2.000851846433748804e+00
2.007396897884842435e+00
2.005834187251792411e+00
2.007885716664351339e+00
2.002383269124007992e+00
2.004273391063377208e+00
1.986851359791084182e+00
1.976134026807069066e+00
1.952554778900138288e+00
1.948299803486935433e+00
1.943169404943411172e+00
1.933487027522978075e+00
1.936144098155245796e+00
1.920224966462805272e+00
1.892760013967152766e+00
1.898702632907493193e+00
1.907709025579673368e+00
1.894080204519182020e+00
