20220325 11:59:53,537	c1_0_611_20220325_11_59_53,537.bmp	-1,715315E-3	1,939988E-2	4,902598E-5	1,284088E-3
20220325 11:59:59,542	c1_0_612_20220325_11_59_59,542.bmp	4,664796E-2	4,124205E-3	2,594737E-3	2,557098E-3
20220325 12:00:05,547	c1_0_613_20220325_12_00_05,547.bmp	2,235557E-1	2,194582E-2	2,594737E-3	3,830109E-3
20220325 12:00:11,550	c1_0_614_20220325_12_00_11,550.bmp	4,450087E-1	4,358636E-2	4,902598E-5	2,557098E-3
20220325 12:00:17,553	c1_0_615_20220325_12_00_17,553.bmp	6,766433E-1	6,777284E-2	-3,769540E-3	1,107786E-5
20220325 12:00:23,556	c1_0_616_20220325_12_00_23,556.bmp	9,082780E-1	8,559445E-2	-1,223829E-3	-1,261932E-3
20220325 12:00:29,557	c1_0_617_20220325_12_00_29,557.bmp	1,136094E+0	1,021431E-1	2,594737E-3	1,284088E-3
20220325 12:00:35,560	c1_0_618_20220325_12_00_35,560.bmp	1,375365E+0	1,301485E-1	-3,769540E-3	-2,534943E-3
20220325 12:00:41,563	c1_0_619_20220325_12_00_41,563.bmp	1,605727E+0	1,428782E-1	4,902598E-5	2,557098E-3
20220325 12:00:47,564	c1_0_620_20220325_12_00_47,564.bmp	1,832271E+0	1,683377E-1	1,321881E-3	1,107786E-5
20220325 12:00:53,565	c1_0_621_20220325_12_00_53,565.bmp	2,065179E+0	1,836133E-1	2,594737E-3	2,557098E-3
20220325 12:00:59,570	c1_0_622_20220325_12_00_59,570.bmp	2,294268E+0	2,065268E-1	1,321881E-3	1,107786E-5
20220325 12:01:05,571	c1_0_623_20220325_12_01_05,571.bmp	2,511902E+0	2,230755E-1	1,321881E-3	1,107786E-5
20220325 12:01:11,574	c1_0_624_20220325_12_01_11,574.bmp	2,739719E+0	2,459890E-1	-3,769540E-3	-1,261932E-3
20220325 12:01:17,576	c1_0_625_20220325_12_01_17,576.bmp	2,952263E+0	2,663566E-1	3,867592E-3	1,107786E-5
20220325 12:01:23,584	c1_0_626_20220325_12_01_23,584.bmp	3,171170E+0	2,854511E-1	-3,769540E-3	1,107786E-5
20220325 12:01:29,589	c1_0_627_20220325_12_01_29,589.bmp	3,376078E+0	3,083647E-1	-2,496685E-3	-2,534943E-3
20220325 12:01:35,592	c1_0_628_20220325_12_01_35,592.bmp	3,577167E+0	3,261863E-1	-3,769540E-3	1,107786E-5
20220325 12:01:41,596	c1_0_629_20220325_12_01_41,596.bmp	3,759166E+0	3,465538E-1	-2,496685E-3	1,107786E-5
20220325 12:01:47,600	c1_0_630_20220325_12_01_47,600.bmp	3,932256E+0	3,656484E-1	1,321881E-3	1,107786E-5
20220325 12:01:53,601	c1_0_631_20220325_12_01_53,601.bmp	4,069709E+0	3,860160E-1	2,594737E-3	1,107786E-5
20220325 12:01:59,602	c1_0_632_20220325_12_01_59,602.bmp	4,198254E+0	4,051106E-1	4,902598E-5	1,107786E-5
20220325 12:02:05,606	c1_0_633_20220325_12_02_05,606.bmp	4,314071E+0	4,254781E-1	4,902598E-5	1,107786E-5
20220325 12:02:11,611	c1_0_634_20220325_12_02_11,611.bmp	4,414616E+0	4,432998E-1	3,867592E-3	2,557098E-3
20220325 12:02:17,616	c1_0_635_20220325_12_02_17,616.bmp	4,517706E+0	4,687592E-1	4,902598E-5	1,107786E-5
20220325 12:02:23,620	c1_0_636_20220325_12_02_23,620.bmp	4,597887E+0	4,878538E-1	4,902598E-5	-1,261932E-3
20220325 12:02:29,623	c1_0_637_20220325_12_02_29,623.bmp	4,619523E+0	5,082214E-1	-3,769540E-3	-3,807953E-3
20220325 12:02:35,626	c1_0_638_20220325_12_02_35,626.bmp	4,639887E+0	5,260430E-1	-1,223829E-3	-2,534943E-3
20220325 12:02:41,627	c1_0_639_20220325_12_02_41,627.bmp	4,619523E+0	5,438646E-1	4,902598E-5	3,830109E-3
20220325 12:02:47,631	c1_0_640_20220325_12_02_47,631.bmp	4,516433E+0	5,655051E-1	4,902598E-5	1,107786E-5
20220325 12:02:53,636	c1_0_641_20220325_12_02_53,636.bmp	4,412070E+0	5,845997E-1	4,902598E-5	2,557098E-3
20220325 12:02:59,640	c1_0_642_20220325_12_02_59,640.bmp	4,244072E+0	6,100592E-1	4,902598E-5	-3,807953E-3
20220325 12:03:05,643	c1_0_643_20220325_12_03_05,643.bmp	4,055709E+0	6,291538E-1	-2,496685E-3	-3,807953E-3
20220325 12:03:11,644	c1_0_644_20220325_12_03_11,644.bmp	3,840620E+0	6,469754E-1	2,594737E-3	1,107786E-5
20220325 12:03:17,652	c1_0_645_20220325_12_03_17,652.bmp	3,723530E+0	6,698889E-1	-3,769540E-3	1,107786E-5
20220325 12:03:23,657	c1_0_646_20220325_12_03_23,657.bmp	3,681530E+0	6,902564E-1	-2,496685E-3	-3,807953E-3
20220325 12:03:29,661	c1_0_647_20220325_12_03_29,661.bmp	3,658621E+0	7,068051E-1	1,321881E-3	1,107786E-5
20220325 12:03:35,662	c1_0_648_20220325_12_03_35,662.bmp	3,643349E+0	7,233537E-1	2,594737E-3	1,284088E-3
20220325 12:03:41,664	c1_0_649_20220325_12_03_41,664.bmp	3,621712E+0	7,500861E-1	4,902598E-5	-1,261932E-3
20220325 12:03:47,665	c1_0_650_20220325_12_03_47,665.bmp	3,580986E+0	7,679078E-1	-3,769540E-3	-1,261932E-3
20220325 12:03:53,670	c1_0_651_20220325_12_03_53,670.bmp	3,509713E+0	7,870024E-1	4,902598E-5	-1,261932E-3
20220325 12:03:59,675	c1_0_652_20220325_12_03_59,675.bmp	3,424441E+0	8,086429E-1	-3,769540E-3	-3,807953E-3
20220325 12:04:05,676	c1_0_653_20220325_12_04_05,676.bmp	3,335351E+0	8,251915E-1	1,321881E-3	1,284088E-3
20220325 12:04:11,680	c1_0_654_20220325_12_04_11,680.bmp	3,288260E+0	8,468321E-1	4,902598E-5	1,107786E-5
20220325 12:04:17,685	c1_0_655_20220325_12_04_17,685.bmp	3,242443E+0	8,671996E-1	-3,769540E-3	1,107786E-5
20220325 12:04:23,689	c1_0_656_20220325_12_04_23,689.bmp	3,202988E+0	8,888402E-1	-2,496685E-3	-3,807953E-3
20220325 12:04:29,692	c1_0_657_20220325_12_04_29,692.bmp	3,162261E+0	9,066618E-1	4,902598E-5	1,107786E-5
20220325 12:04:35,694	c1_0_658_20220325_12_04_35,694.bmp	3,141898E+0	9,244834E-1	-1,223829E-3	1,107786E-5
20220325 12:04:41,701	c1_0_659_20220325_12_04_41,701.bmp	3,144443E+0	9,448510E-1	-3,769540E-3	1,107786E-5
20220325 12:04:47,706	c1_0_660_20220325_12_04_47,706.bmp	3,150807E+0	9,677645E-1	-3,769540E-3	-3,807953E-3
20220325 12:04:53,710	c1_0_661_20220325_12_04_53,710.bmp	3,150807E+0	9,843131E-1	-2,496685E-3	1,107786E-5
20220325 12:04:59,711	c1_0_662_20220325_12_04_59,711.bmp	3,160989E+0	1,005954E+0	4,902598E-5	1,107786E-5
20220325 12:05:05,714	c1_0_663_20220325_12_05_05,714.bmp	3,180079E+0	1,027594E+0	-1,223829E-3	1,107786E-5
20220325 12:05:11,717	c1_0_664_20220325_12_05_11,717.bmp	3,188988E+0	1,046689E+0	-2,496685E-3	-3,807953E-3
20220325 12:05:17,718	c1_0_665_20220325_12_05_17,718.bmp	3,153352E+0	1,068329E+0	-5,042396E-3	-3,807953E-3
20220325 12:05:23,721	c1_0_666_20220325_12_05_23,721.bmp	3,096080E+0	1,084878E+0	3,867592E-3	-1,261932E-3
20220325 12:05:29,722	c1_0_667_20220325_12_05_29,722.bmp	3,066807E+0	1,110337E+0	-1,223829E-3	-3,807953E-3
20220325 12:05:35,727	c1_0_668_20220325_12_05_35,727.bmp	3,015899E+0	1,123067E+0	2,594737E-3	2,557098E-3
20220325 12:05:41,731	c1_0_669_20220325_12_05_41,731.bmp	2,968808E+0	1,151073E+0	-2,496685E-3	-3,807953E-3
20220325 12:05:47,734	c1_0_670_20220325_12_05_47,734.bmp	2,901354E+0	1,170167E+0	4,902598E-5	-3,807953E-3
20220325 12:05:53,736	c1_0_671_20220325_12_05_53,736.bmp	2,870809E+0	1,187989E+0	-1,223829E-3	-3,807953E-3
20220325 12:05:59,740	c1_0_672_20220325_12_05_59,740.bmp	2,865718E+0	1,205810E+0	-5,042396E-3	1,107786E-5
20220325 12:06:05,744	c1_0_673_20220325_12_06_05,744.bmp	2,846627E+0	1,224905E+0	1,321881E-3	2,557098E-3
20220325 12:06:11,749	c1_0_674_20220325_12_06_11,749.bmp	2,831355E+0	1,247818E+0	4,902598E-5	-3,807953E-3
20220325 12:06:17,755	c1_0_675_20220325_12_06_17,755.bmp	2,823718E+0	1,265640E+0	2,594737E-3	-1,261932E-3
20220325 12:06:23,756	c1_0_676_20220325_12_06_23,756.bmp	2,830082E+0	1,282189E+0	2,594737E-3	2,557098E-3
20220325 12:06:29,759	c1_0_677_20220325_12_06_29,759.bmp	2,830082E+0	1,302556E+0	1,321881E-3	2,557098E-3
20220325 12:06:35,764	c1_0_678_20220325_12_06_35,764.bmp	2,826264E+0	1,326743E+0	4,902598E-5	1,284088E-3
20220325 12:06:41,767	c1_0_679_20220325_12_06_41,767.bmp	2,819900E+0	1,344564E+0	1,321881E-3	2,557098E-3
20220325 12:06:47,768	c1_0_680_20220325_12_06_47,768.bmp	2,816082E+0	1,364932E+0	1,321881E-3	2,557098E-3
20220325 12:06:53,770	c1_0_681_20220325_12_06_53,770.bmp	2,812264E+0	1,387845E+0	4,902598E-5	1,107786E-5
20220325 12:06:59,775	c1_0_682_20220325_12_06_59,775.bmp	2,803355E+0	1,408213E+0	-3,769540E-3	-3,807953E-3
20220325 12:07:05,778	c1_0_683_20220325_12_07_05,778.bmp	2,789355E+0	1,429854E+0	-3,769540E-3	-3,807953E-3
20220325 12:07:11,783	c1_0_684_20220325_12_07_11,783.bmp	2,756264E+0	1,446402E+0	4,902598E-5	-3,807953E-3
20220325 12:07:17,787	c1_0_685_20220325_12_07_17,787.bmp	2,721901E+0	1,466770E+0	-5,042396E-3	1,107786E-5
20220325 12:07:23,788	c1_0_686_20220325_12_07_23,788.bmp	2,552629E+0	1,487137E+0	-3,769540E-3	1,107786E-5
20220325 12:07:29,790	c1_0_687_20220325_12_07_29,790.bmp	2,441903E+0	1,506232E+0	-1,223829E-3	1,107786E-5
20220325 12:07:35,792	c1_0_688_20220325_12_07_35,792.bmp	2,392267E+0	1,524053E+0	2,594737E-3	3,830109E-3
20220325 12:07:41,798	c1_0_689_20220325_12_07_41,798.bmp	2,361722E+0	1,541875E+0	2,594737E-3	3,830109E-3
20220325 12:07:47,803	c1_0_690_20220325_12_07_47,803.bmp	2,336267E+0	1,562243E+0	3,867592E-3	2,557098E-3
20220325 12:07:53,804	c1_0_691_20220325_12_07_53,804.bmp	2,280268E+0	1,582610E+0	2,594737E-3	2,557098E-3
20220325 12:07:59,809	c1_0_692_20220325_12_07_59,809.bmp	2,267541E+0	1,609343E+0	-3,769540E-3	-3,807953E-3
20220325 12:08:05,810	c1_0_693_20220325_12_08_05,810.bmp	2,254813E+0	1,627164E+0	2,594737E-3	1,107786E-5
20220325 12:08:11,815	c1_0_694_20220325_12_08_11,815.bmp	2,249723E+0	1,644986E+0	4,902598E-5	1,107786E-5
20220325 12:08:17,820	c1_0_695_20220325_12_08_17,820.bmp	2,239541E+0	1,665353E+0	-5,042396E-3	-1,261932E-3
20220325 12:08:23,823	c1_0_696_20220325_12_08_23,823.bmp	2,231905E+0	1,685721E+0	4,902598E-5	1,107786E-5
20220325 12:08:29,825	c1_0_697_20220325_12_08_29,825.bmp	2,231905E+0	1,708635E+0	-3,769540E-3	-3,807953E-3
20220325 12:08:35,826	c1_0_698_20220325_12_08_35,826.bmp	2,226814E+0	1,726456E+0	4,902598E-5	-1,261932E-3
20220325 12:08:41,832	c1_0_699_20220325_12_08_41,832.bmp	2,212814E+0	1,745551E+0	-1,223829E-3	1,107786E-5
20220325 12:08:47,837	c1_0_700_20220325_12_08_47,837.bmp	2,187359E+0	1,765918E+0	4,902598E-5	1,107786E-5
20220325 12:08:53,842	c1_0_701_20220325_12_08_53,842.bmp	2,154269E+0	1,786286E+0	-3,769540E-3	-1,261932E-3
20220325 12:08:59,847	c1_0_702_20220325_12_08_59,847.bmp	2,116087E+0	1,809199E+0	4,902598E-5	-3,807953E-3
20220325 12:09:05,848	c1_0_703_20220325_12_09_05,848.bmp	2,082997E+0	1,827021E+0	4,902598E-5	1,107786E-5
20220325 12:09:11,849	c1_0_704_20220325_12_09_11,849.bmp	2,062633E+0	1,847389E+0	-3,769540E-3	-1,261932E-3
20220325 12:09:17,850	c1_0_705_20220325_12_09_17,850.bmp	2,034633E+0	1,870302E+0	4,902598E-5	-3,807953E-3
20220325 12:09:23,853	c1_0_706_20220325_12_09_23,853.bmp	2,019361E+0	1,889397E+0	-1,223829E-3	-3,807953E-3
20220325 12:09:29,858	c1_0_707_20220325_12_09_29,858.bmp	2,010452E+0	1,902126E+0	4,902598E-5	2,557098E-3
20220325 12:09:35,864	c1_0_708_20220325_12_09_35,864.bmp	2,002815E+0	1,926313E+0	4,902598E-5	1,107786E-5
20220325 12:09:41,868	c1_0_709_20220325_12_09_41,868.bmp	2,004088E+0	1,946680E+0	4,902598E-5	1,107786E-5
20220325 12:09:47,869	c1_0_710_20220325_12_09_47,869.bmp	2,007906E+0	1,970867E+0	-5,042396E-3	-3,807953E-3
20220325 12:09:53,874	c1_0_711_20220325_12_09_53,874.bmp	2,007906E+0	1,986143E+0	-1,223829E-3	1,107786E-5
20220325 12:09:59,878	c1_0_712_20220325_12_09_59,878.bmp	2,007906E+0	2,006510E+0	3,867592E-3	1,107786E-5
20220325 12:10:05,882	c1_0_713_20220325_12_10_05,882.bmp	2,014270E+0	2,031970E+0	-1,223829E-3	-3,807953E-3
20220325 12:10:11,883	c1_0_714_20220325_12_10_11,883.bmp	2,016815E+0	2,042153E+0	-1,223829E-3	2,557098E-3
20220325 12:10:17,884	c1_0_715_20220325_12_10_17,884.bmp	2,019361E+0	2,062521E+0	4,902598E-5	2,557098E-3
20220325 12:10:23,886	c1_0_716_20220325_12_10_23,886.bmp	2,025724E+0	2,085434E+0	-1,223829E-3	-3,807953E-3
20220325 12:10:29,889	c1_0_717_20220325_12_10_29,889.bmp	2,033361E+0	2,105802E+0	-3,769540E-3	-1,261932E-3
20220325 12:10:35,896	c1_0_718_20220325_12_10_35,896.bmp	2,035906E+0	2,126170E+0	-1,223829E-3	-1,261932E-3
20220325 12:10:41,902	c1_0_719_20220325_12_10_41,902.bmp	2,042270E+0	2,146537E+0	-3,769540E-3	1,107786E-5
20220325 12:10:47,907	c1_0_720_20220325_12_10_47,907.bmp	2,038451E+0	2,166905E+0	1,321881E-3	1,107786E-5
20220325 12:10:53,912	c1_0_721_20220325_12_10_53,912.bmp	2,043542E+0	2,185999E+0	4,902598E-5	1,107786E-5
20220325 12:10:59,914	c1_0_722_20220325_12_10_59,914.bmp	2,048633E+0	2,206367E+0	-1,223829E-3	-1,261932E-3
20220325 12:11:05,915	c1_0_723_20220325_12_11_05,915.bmp	2,044815E+0	2,228007E+0	4,902598E-5	-3,807953E-3
20220325 12:11:11,918	c1_0_724_20220325_12_11_11,918.bmp	2,043542E+0	2,243283E+0	3,867592E-3	3,830109E-3
20220325 12:11:17,921	c1_0_725_20220325_12_11_17,921.bmp	2,044815E+0	2,264924E+0	-1,223829E-3	1,107786E-5
20220325 12:11:23,922	c1_0_726_20220325_12_11_23,922.bmp	2,049906E+0	2,286564E+0	4,902598E-5	1,107786E-5
20220325 12:11:29,923	c1_0_727_20220325_12_11_29,923.bmp	2,058815E+0	2,308205E+0	-3,769540E-3	-3,807953E-3
20220325 12:11:35,927	c1_0_728_20220325_12_11_35,927.bmp	2,062633E+0	2,324753E+0	4,902598E-5	1,107786E-5
20220325 12:11:41,931	c1_0_729_20220325_12_11_41,931.bmp	2,071542E+0	2,341302E+0	4,902598E-5	1,284088E-3
20220325 12:11:47,933	c1_0_730_20220325_12_11_47,933.bmp	2,076633E+0	2,362942E+0	4,902598E-5	3,830109E-3
20220325 12:11:53,937	c1_0_731_20220325_12_11_53,937.bmp	2,077906E+0	2,382037E+0	2,594737E-3	2,557098E-3
20220325 12:11:59,938	c1_0_732_20220325_12_11_59,938.bmp	2,084269E+0	2,403678E+0	4,902598E-5	2,557098E-3
20220325 12:12:05,945	c1_0_733_20220325_12_12_05,945.bmp	2,081724E+0	2,426591E+0	4,902598E-5	-1,261932E-3
20220325 12:12:11,949	c1_0_734_20220325_12_12_11,949.bmp	2,081724E+0	2,441867E+0	2,594737E-3	1,284088E-3
20220325 12:12:17,952	c1_0_735_20220325_12_12_17,952.bmp	2,080451E+0	2,467326E+0	4,902598E-5	-1,261932E-3
20220325 12:12:23,958	c1_0_736_20220325_12_12_23,958.bmp	2,081724E+0	2,485148E+0	4,902598E-5	-1,261932E-3
20220325 12:12:29,963	c1_0_737_20220325_12_12_29,963.bmp	2,071542E+0	2,506788E+0	2,594737E-3	-1,261932E-3
20220325 12:12:35,966	c1_0_738_20220325_12_12_35,966.bmp	2,071542E+0	2,525883E+0	1,321881E-3	1,107786E-5
20220325 12:12:41,967	c1_0_739_20220325_12_12_41,967.bmp	2,063906E+0	2,542432E+0	2,594737E-3	2,557098E-3
20220325 12:12:47,971	c1_0_740_20220325_12_12_47,971.bmp	2,060088E+0	2,561526E+0	2,594737E-3	2,557098E-3
20220325 12:12:53,975	c1_0_741_20220325_12_12_53,975.bmp	2,058815E+0	2,581894E+0	4,902598E-5	2,557098E-3
20220325 12:12:59,979	c1_0_742_20220325_12_12_59,979.bmp	2,047360E+0	2,609899E+0	-1,223829E-3	-3,807953E-3
20220325 12:13:05,982	c1_0_743_20220325_12_13_05,982.bmp	2,023179E+0	2,621356E+0	2,594737E-3	2,557098E-3
20220325 12:13:11,983	c1_0_744_20220325_12_13_11,983.bmp	1,987543E+0	2,645542E+0	2,594737E-3	1,107786E-5
20220325 12:13:17,986	c1_0_745_20220325_12_13_17,986.bmp	1,931543E+0	2,665910E+0	-2,496685E-3	1,107786E-5
20220325 12:13:23,993	c1_0_746_20220325_12_13_23,993.bmp	1,869180E+0	2,682459E+0	1,321881E-3	1,284088E-3
20220325 12:13:29,994	c1_0_747_20220325_12_13_29,994.bmp	1,818271E+0	2,707918E+0	3,867592E-3	-1,261932E-3
20220325 12:13:35,998	c1_0_748_20220325_12_13_35,998.bmp	1,794090E+0	2,723194E+0	4,902598E-5	2,557098E-3
20220325 12:13:42,002	c1_0_749_20220325_12_13_42,002.bmp	1,766090E+0	2,743561E+0	2,594737E-3	1,284088E-3
20220325 12:13:48,007	c1_0_750_20220325_12_13_48,007.bmp	1,746999E+0	2,767748E+0	-1,223829E-3	-3,807953E-3
20220325 12:13:54,008	c1_0_751_20220325_12_13_54,008.bmp	1,741908E+0	2,789388E+0	-3,769540E-3	-3,807953E-3
20220325 12:14:00,012	c1_0_752_20220325_12_14_00,012.bmp	1,731726E+0	2,808483E+0	-3,769540E-3	-3,807953E-3
20220325 12:14:06,014	c1_0_753_20220325_12_14_06,014.bmp	1,727908E+0	2,828850E+0	-3,769540E-3	-2,534943E-3
20220325 12:14:12,015	c1_0_754_20220325_12_14_12,015.bmp	1,721545E+0	2,841580E+0	4,902598E-5	1,284088E-3
20220325 12:14:18,017	c1_0_755_20220325_12_14_18,017.bmp	1,716454E+0	2,865767E+0	4,902598E-5	1,107786E-5
20220325 12:14:24,020	c1_0_756_20220325_12_14_24,020.bmp	1,718999E+0	2,888680E+0	4,902598E-5	-3,807953E-3
20220325 12:14:30,022	c1_0_757_20220325_12_14_30,022.bmp	1,717727E+0	2,905229E+0	4,902598E-5	1,284088E-3
20220325 12:14:36,027	c1_0_758_20220325_12_14_36,027.bmp	1,717727E+0	2,925596E+0	-3,769540E-3	-1,261932E-3
20220325 12:14:42,030	c1_0_759_20220325_12_14_42,030.bmp	1,713908E+0	2,947237E+0	4,902598E-5	1,107786E-5
20220325 12:14:48,034	c1_0_760_20220325_12_14_48,034.bmp	1,713908E+0	2,966331E+0	1,321881E-3	1,107786E-5
20220325 12:14:54,035	c1_0_761_20220325_12_14_54,035.bmp	1,715181E+0	2,985426E+0	-2,496685E-3	1,107786E-5
20220325 12:15:00,041	c1_0_762_20220325_12_15_00,041.bmp	1,717727E+0	3,009613E+0	-2,496685E-3	-3,807953E-3
20220325 12:15:06,043	c1_0_763_20220325_12_15_06,043.bmp	1,715181E+0	3,026161E+0	-1,223829E-3	1,107786E-5
20220325 12:15:12,048	c1_0_764_20220325_12_15_12,048.bmp	1,713908E+0	3,045256E+0	4,902598E-5	-1,261932E-3
20220325 12:15:18,053	c1_0_765_20220325_12_15_18,053.bmp	1,713908E+0	3,065623E+0	-3,769540E-3	1,107786E-5
20220325 12:15:24,055	c1_0_766_20220325_12_15_24,055.bmp	1,710090E+0	3,083445E+0	2,594737E-3	1,284088E-3
20220325 12:15:30,059	c1_0_767_20220325_12_15_30,059.bmp	1,717727E+0	3,110177E+0	-3,769540E-3	-3,807953E-3
20220325 12:15:36,064	c1_0_768_20220325_12_15_36,064.bmp	1,717727E+0	3,121634E+0	4,902598E-5	2,557098E-3
20220325 12:15:42,065	c1_0_769_20220325_12_15_42,065.bmp	1,713908E+0	3,143275E+0	3,867592E-3	2,557098E-3
20220325 12:15:48,071	c1_0_770_20220325_12_15_48,071.bmp	1,717727E+0	3,162369E+0	4,902598E-5	2,557098E-3
20220325 12:15:54,073	c1_0_771_20220325_12_15_54,073.bmp	1,720272E+0	3,187829E+0	4,902598E-5	-3,807953E-3
20220325 12:16:00,075	c1_0_772_20220325_12_16_00,075.bmp	1,721545E+0	3,204377E+0	4,902598E-5	1,107786E-5
20220325 12:16:06,078	c1_0_773_20220325_12_16_06,078.bmp	1,724090E+0	3,223472E+0	4,902598E-5	2,557098E-3
20220325 12:16:12,079	c1_0_774_20220325_12_16_12,079.bmp	1,729181E+0	3,245112E+0	4,902598E-5	1,107786E-5
20220325 12:16:18,084	c1_0_775_20220325_12_16_18,084.bmp	1,726636E+0	3,262934E+0	2,594737E-3	2,557098E-3
20220325 12:16:24,091	c1_0_776_20220325_12_16_24,091.bmp	1,730454E+0	3,283302E+0	-1,223829E-3	1,284088E-3
20220325 12:16:30,096	c1_0_777_20220325_12_16_30,096.bmp	1,726636E+0	3,304942E+0	1,321881E-3	1,107786E-5
20220325 12:16:36,101	c1_0_778_20220325_12_16_36,101.bmp	1,725363E+0	3,325310E+0	-3,769540E-3	1,107786E-5
20220325 12:16:42,106	c1_0_779_20220325_12_16_42,106.bmp	1,716454E+0	3,343131E+0	2,594737E-3	2,557098E-3
20220325 12:16:48,109	c1_0_780_20220325_12_16_48,109.bmp	1,712636E+0	3,363499E+0	4,902598E-5	1,284088E-3
20220325 12:16:54,112	c1_0_781_20220325_12_16_54,112.bmp	1,694818E+0	3,386412E+0	3,867592E-3	1,284088E-3
20220325 12:17:00,114	c1_0_782_20220325_12_17_00,114.bmp	1,684636E+0	3,408053E+0	-3,769540E-3	-3,807953E-3
20220325 12:17:06,115	c1_0_783_20220325_12_17_06,115.bmp	1,663000E+0	3,425875E+0	2,594737E-3	-1,261932E-3
20220325 12:17:12,120	c1_0_784_20220325_12_17_12,120.bmp	1,656636E+0	3,446242E+0	4,902598E-5	1,284088E-3
20220325 12:17:18,125	c1_0_785_20220325_12_17_18,125.bmp	1,651545E+0	3,465337E+0	-1,223829E-3	1,107786E-5
20220325 12:17:24,130	c1_0_786_20220325_12_17_24,130.bmp	1,645182E+0	3,485704E+0	1,321881E-3	-1,261932E-3
20220325 12:17:30,133	c1_0_787_20220325_12_17_30,133.bmp	1,635000E+0	3,502253E+0	2,594737E-3	2,557098E-3
20220325 12:17:36,135	c1_0_788_20220325_12_17_36,135.bmp	1,631182E+0	3,525166E+0	4,902598E-5	1,107786E-5
20220325 12:17:42,141	c1_0_789_20220325_12_17_42,141.bmp	1,624818E+0	3,546807E+0	4,902598E-5	1,107786E-5
20220325 12:17:48,143	c1_0_790_20220325_12_17_48,143.bmp	1,614636E+0	3,562083E+0	2,594737E-3	2,557098E-3
20220325 12:17:54,148	c1_0_791_20220325_12_17_54,148.bmp	1,612091E+0	3,586269E+0	1,321881E-3	-1,261932E-3
20220325 12:18:00,152	c1_0_792_20220325_12_18_00,152.bmp	1,613364E+0	3,605364E+0	-3,769540E-3	1,107786E-5
20220325 12:18:06,155	c1_0_793_20220325_12_18_06,155.bmp	1,600636E+0	3,613002E+0	1,321881E-3	3,830109E-3
