-1.139384745124746748e-04
-2.281851941485012289e-04
2.568847108835782154e-04
1.294204620422421091e-03
2.768111429754780122e-03
4.614110842921396137e-03
7.466519146059319607e-03
9.965560820942621217e-03
1.334314523406418714e-02
1.629866779253260831e-02
2.083575440238406157e-02
2.513496084981574341e-02
2.996701140178919046e-02
3.720748237224219546e-02
4.350197771111465744e-02
4.768079671697381811e-02
5.550450936691925241e-02
6.199965528478194182e-02
7.216130938066912803e-02
8.079017752911743511e-02
8.764931082753908698e-02
9.584536694886566788e-02
1.072715209853882246e-01
1.183220349959374224e-01
1.262576847724572737e-01
1.369110830732678807e-01
1.474609218893611906e-01
1.620156714572820456e-01
1.717407204456170566e-01
1.868301867366269631e-01
1.984722977425691925e-01
2.119428824442070036e-01
2.287815556953805562e-01
2.423205728808074388e-01
2.574720782562508470e-01
2.715110558991400413e-01
2.889197930109700385e-01
3.014698765276055403e-01
3.199545325603295742e-01
3.378064580849932108e-01
3.537114091170064367e-01
3.706850220745737112e-01
3.935774613634371866e-01
4.140564893909629007e-01
4.308602075907950746e-01
4.464297659676390584e-01
4.717961726367875808e-01
4.918650380512331610e-01
5.117268245904507129e-01
5.357480636728473300e-01
5.553359186016206817e-01
5.819557241797365110e-01
6.032703995877677361e-01
6.258903586183630630e-01
6.521373183524382666e-01
6.763523596812889283e-01
7.046540760951646165e-01
7.316488581321364260e-01
7.582791258764104425e-01
7.815406096700022731e-01
8.097396302090387188e-01
8.385562190719688669e-01
8.679244095557316907e-01
8.976925919398272002e-01
9.171296479034671822e-01
9.517913579591641415e-01
9.816020457611708272e-01
1.017428675128717153e+00
1.045382046418267707e+00
1.080969213826229458e+00
1.105443891803772116e+00
1.139784025140685442e+00
1.168465684419179862e+00
1.198048833338175356e+00
1.232286696899817624e+00
1.258466046936373761e+00
1.293595081378578371e+00
1.333168357724793029e+00
1.371807180048617791e+00
1.397226966491988520e+00
1.435458526516783406e+00
1.475986891476518181e+00
1.526850301559688372e+00
1.161580737984275302e+00
1.034751000355560668e+00
9.689153011928591797e-01
9.574950178673591328e-01
9.613681343096045495e-01
9.857416442089020903e-01
9.991012390910769536e-01
1.025569392115996292e+00
1.034900332826426350e+00
1.055206751200250315e+00
1.059986350725044657e+00
1.057007553074936768e+00
1.052236874050628934e+00
9.934796387937254725e-01
9.500569482245171393e-01
9.422957969081189322e-01
9.417075945666759651e-01
9.506444563787751489e-01
9.358100345443308710e-01
9.207489044626245844e-01
9.279075239061472802e-01
9.412356388184085487e-01
9.625047828310403508e-01
9.715099493797346719e-01
9.983482693606059444e-01
1.007014735251673621e+00
1.021078845615672748e+00
1.036577733921979050e+00
1.050579420987984847e+00
1.075037509691952886e+00
1.091644369429779493e+00
1.112665988722845389e+00
1.118513697648223060e+00
1.139878785498592340e+00
1.158253587159332909e+00
1.175479048942950300e+00
1.204722325924631132e+00
1.222252419810585522e+00
1.238254029783728338e+00
1.254673968314229171e+00
1.280783279183369316e+00
1.295249998394342628e+00
1.309698767570434574e+00
1.330407201590126709e+00
1.342957181964774760e+00
1.371210927541825830e+00
1.382940369425987193e+00
1.409789632440546781e+00
1.431400730577846447e+00
1.453780113900249971e+00
1.469530767563838047e+00
1.499775943959572588e+00
1.507263867194144291e+00
1.524458723079190614e+00
1.551637530488696681e+00
1.565714808621653464e+00
1.546461129958935699e+00
1.309329816303875793e+00
1.165903091813257353e+00
1.181705351868960863e+00
1.187381491340223416e+00
1.186224354935361935e+00
1.199655432164667967e+00
1.208943990065997287e+00
1.218180626458751803e+00
1.234792180400067885e+00
1.227210267296287016e+00
1.243080379048191464e+00
1.233352338026794559e+00
1.105746707954148533e+00
9.615396712815726943e-01
9.290450288060949635e-01
9.361047181874967427e-01
9.456212171798548116e-01
9.400565613250572161e-01
9.462152341932492661e-01
9.619245386875959758e-01
9.673696931457267389e-01
9.794026163123594753e-01
9.940977263213299775e-01
1.009792986864398889e+00
1.018365336313328928e+00
1.023552575794819841e+00
1.038043661559217234e+00
1.039793425273192851e+00
1.056646601168418131e+00
1.066626368166698313e+00
1.084088389833687049e+00
1.099215310143002666e+00
1.106237389615204680e+00
1.120541930690399424e+00
1.133040021003846487e+00
1.153472989739138477e+00
1.180584961749871376e+00
1.192963166245164741e+00
1.181822664495926656e+00
1.196405151116494814e+00
1.189800205429726088e+00
1.194532785433067623e+00
1.201227739953108831e+00
1.171759527866061079e+00
1.152527861395746589e+00
1.093465474895051637e+00
9.702736648228440508e-01
9.649217991541336747e-01
9.442306378265592492e-01
9.435219342402012543e-01
9.596393964719325265e-01
9.674565728515837071e-01
9.766225440924075629e-01
9.898171858022551950e-01
9.974363297735613365e-01
9.907757547153476230e-01
1.003375935507793137e+00
1.022615438905952079e+00
1.024211122521208717e+00
1.035892610730125618e+00
1.032313540844852051e+00
1.032854126771684200e+00
1.041897740231916503e+00
1.051564454253478997e+00
1.057604438713477535e+00
1.057926651883670299e+00
1.062959695486589418e+00
1.049794167375002418e+00
1.036935821167270344e+00
9.983136131893063370e-01
1.005058140671317490e+00
1.015904431393022778e+00
1.023415009391171360e+00
1.040481800462218054e+00
1.047465145903070161e+00
1.048617459682006148e+00
1.068956623818292151e+00
1.074984868877643329e+00
1.088571354980890415e+00
1.088681893258298672e+00
1.099400917223529284e+00
1.109260589921145623e+00
1.114528380810091424e+00
1.102707138121465702e+00
1.098851850631981542e+00
9.649051604518968928e-01
9.723182572491563258e-01
9.764555033377967375e-01
9.930153622395270219e-01
1.004656578544699919e+00
1.009271119827062968e+00
1.021416527132219088e+00
1.026576683801237566e+00
1.040607079952504899e+00
1.045032511376585482e+00
1.063069661555465562e+00
1.067419317095897213e+00
1.090874711564675081e+00
1.096814134393436779e+00
1.115125854538089989e+00
1.121125216838033456e+00
1.137201783707063818e+00
1.144655172510132379e+00
1.154449427883192048e+00
1.172778340503208616e+00
1.176470054385603481e+00
1.190251096685070564e+00
1.210246428986953671e+00
1.215386646373967316e+00
1.224626521001594970e+00
1.240427973129684114e+00
1.243717666800294497e+00
1.257400550972799014e+00
1.271258073059054139e+00
1.284426106677682311e+00
1.296478935144859124e+00
1.306617223202070743e+00
1.317704509545965630e+00
1.329201408322931766e+00
1.352155484118686912e+00
1.360845179989468301e+00
1.374835570980046828e+00
1.376571775437040124e+00
1.392276095574153771e+00
1.405704468030750887e+00
1.411521382942051206e+00
1.441170939508162219e+00
1.440975638280088011e+00
1.467459601846779149e+00
1.479115230998826691e+00
1.491581694576425532e+00
1.504036113915434569e+00
1.502154984024929085e+00
1.527763427390819384e+00
1.533748677988203468e+00
1.557149568005863349e+00
1.565977013534785689e+00
1.583979049571512032e+00
1.600220284766333378e+00
1.607223970438598881e+00
1.625652009815269139e+00
1.631971272518894400e+00
1.656527760164704155e+00
1.681124862349783422e+00
1.689536654990287490e+00
1.704302105532294220e+00
1.691677395735104783e+00
1.695614346259051830e+00
1.489459493216949815e+00
1.172713164929999330e+00
1.135201828677137481e+00
1.147171528860065015e+00
1.148626230348366750e+00
1.150228382121439630e+00
