0.000000000000000000e+00 4.450331125827814392e-03
1.000000000000000000e+00 4.543046357615893732e-03
2.000000000000000000e+00 4.543046357615893732e-03
3.000000000000000000e+00 4.635761589403973072e-03
4.000000000000000000e+00 4.635761589403973072e-03
5.000000000000000000e+00 4.728476821192052412e-03
6.000000000000000000e+00 4.821192052980131752e-03
7.000000000000000000e+00 4.821192052980131752e-03
8.000000000000000000e+00 4.913907284768211092e-03
9.000000000000000000e+00 4.913907284768211092e-03
1.000000000000000000e+01 5.006622516556291300e-03
1.100000000000000000e+01 5.006622516556291300e-03
1.200000000000000000e+01 5.099337748344370640e-03
1.300000000000000000e+01 5.192052980132449980e-03
1.400000000000000000e+01 5.192052980132449980e-03
1.500000000000000000e+01 5.284768211920529320e-03
1.600000000000000000e+01 5.284768211920529320e-03
1.700000000000000000e+01 5.377483443708608660e-03
1.800000000000000000e+01 5.470198675496688000e-03
1.900000000000000000e+01 5.470198675496688000e-03
2.000000000000000000e+01 5.562913907284767340e-03
2.100000000000000000e+01 5.562913907284767340e-03
2.200000000000000000e+01 5.655629139072847547e-03
2.300000000000000000e+01 5.748344370860926887e-03
2.400000000000000000e+01 5.748344370860926887e-03
2.500000000000000000e+01 5.933774834437085567e-03
2.600000000000000000e+01 5.933774834437085567e-03
2.700000000000000000e+01 6.026490066225164907e-03
2.800000000000000000e+01 6.026490066225164907e-03
2.900000000000000000e+01 6.119205298013244247e-03
3.000000000000000000e+01 6.211920529801323587e-03
3.100000000000000000e+01 6.211920529801323587e-03
3.200000000000000000e+01 6.304635761589403795e-03
3.300000000000000000e+01 6.304635761589403795e-03
3.400000000000000000e+01 6.397350993377483135e-03
3.500000000000000000e+01 6.490066225165562475e-03
3.600000000000000000e+01 6.490066225165562475e-03
3.700000000000000000e+01 6.582781456953641815e-03
3.800000000000000000e+01 6.582781456953641815e-03
3.900000000000000000e+01 6.675496688741721155e-03
4.000000000000000000e+01 6.768211920529800495e-03
4.100000000000000000e+01 6.768211920529800495e-03
4.200000000000000000e+01 6.860927152317879835e-03
4.300000000000000000e+01 6.860927152317879835e-03
4.400000000000000000e+01 6.953642384105960042e-03
4.500000000000000000e+01 6.953642384105960042e-03
4.600000000000000000e+01 7.046357615894039382e-03
4.700000000000000000e+01 7.139072847682118722e-03
4.800000000000000000e+01 7.139072847682118722e-03
4.900000000000000000e+01 7.231788079470198062e-03
5.000000000000000000e+01 7.231788079470198062e-03
5.100000000000000000e+01 7.324503311258277402e-03
5.200000000000000000e+01 7.417218543046356742e-03
5.300000000000000000e+01 7.417218543046356742e-03
5.400000000000000000e+01 7.509933774834436082e-03
5.500000000000000000e+01 7.509933774834436082e-03
5.600000000000000000e+01 7.602649006622516289e-03
5.700000000000000000e+01 7.695364238410595630e-03
5.800000000000000000e+01 7.695364238410595630e-03
5.900000000000000000e+01 7.788079470198674970e-03
6.000000000000000000e+01 7.788079470198674970e-03
6.100000000000000000e+01 7.880794701986753442e-03
6.200000000000000000e+01 7.880794701986753442e-03
6.300000000000000000e+01 7.973509933774833650e-03
6.400000000000000000e+01 8.066225165562913857e-03
6.500000000000000000e+01 8.066225165562913857e-03
6.600000000000000000e+01 8.158940397350992330e-03
6.700000000000000000e+01 8.158940397350992330e-03
6.800000000000000000e+01 8.251655629139072537e-03
6.900000000000000000e+01 8.344370860927151010e-03
7.000000000000000000e+01 8.344370860927151010e-03
7.100000000000000000e+01 8.437086092715231217e-03
7.200000000000000000e+01 8.437086092715231217e-03
7.300000000000000000e+01 8.529801324503309690e-03
7.400000000000000000e+01 8.622516556291389897e-03
7.500000000000000000e+01 8.622516556291389897e-03
7.600000000000000000e+01 8.715231788079470104e-03
7.700000000000000000e+01 8.715231788079470104e-03
7.800000000000000000e+01 8.066225165562913857e-03
7.900000000000000000e+01 8.066225165562913857e-03
8.000000000000000000e+01 7.509933774834436082e-03
8.100000000000000000e+01 7.509933774834436082e-03
8.200000000000000000e+01 5.470198675496688000e-03
8.300000000000000000e+01 9.920529801324502392e-03
8.400000000000000000e+01 1.455629139072847633e-02
8.500000000000000000e+01 1.928476821192052701e-02
8.600000000000000000e+01 2.215894039735099089e-02
8.700000000000000000e+01 2.252980132450330825e-02
8.800000000000000000e+01 2.252980132450330825e-02
8.900000000000000000e+01 2.243708609271522977e-02
9.000000000000000000e+01 2.252980132450330825e-02
9.100000000000000000e+01 2.252980132450330825e-02
9.200000000000000000e+01 2.271523178807946866e-02
9.300000000000000000e+01 2.317880794701986449e-02
9.400000000000000000e+01 2.373509933774834227e-02
9.500000000000000000e+01 2.392052980132450268e-02
9.600000000000000000e+01 2.642384105960264573e-02
9.700000000000000000e+01 2.929801324503310961e-02
9.800000000000000000e+01 3.022516556291390474e-02
9.900000000000000000e+01 3.022516556291390474e-02
1.000000000000000000e+02 3.031788079470198322e-02
1.010000000000000000e+02 3.031788079470198322e-02
1.020000000000000000e+02 3.050331125827814363e-02
1.030000000000000000e+02 3.059602649006622210e-02
1.040000000000000000e+02 3.059602649006622210e-02
1.050000000000000000e+02 3.068874172185430058e-02
1.060000000000000000e+02 3.068874172185430058e-02
1.070000000000000000e+02 3.003973509933774433e-02
1.080000000000000000e+02 3.013245033112582627e-02
1.090000000000000000e+02 3.124503311258277835e-02
1.100000000000000000e+02 3.133774834437085682e-02
1.110000000000000000e+02 3.133774834437085682e-02
1.120000000000000000e+02 3.115231788079469988e-02
1.130000000000000000e+02 3.115231788079469988e-02
1.140000000000000000e+02 3.124503311258277835e-02
1.150000000000000000e+02 3.133774834437085682e-02
1.160000000000000000e+02 3.133774834437085682e-02
1.170000000000000000e+02 3.143046357615893877e-02
1.180000000000000000e+02 3.143046357615893877e-02
1.190000000000000000e+02 3.152317880794701377e-02
1.200000000000000000e+02 3.161589403973509571e-02
1.210000000000000000e+02 3.161589403973509571e-02
1.220000000000000000e+02 3.170860927152317765e-02
1.230000000000000000e+02 3.170860927152317765e-02
1.240000000000000000e+02 3.180132450331125266e-02
1.250000000000000000e+02 3.189403973509933460e-02
1.260000000000000000e+02 3.189403973509933460e-02
1.270000000000000000e+02 3.198675496688741654e-02
1.280000000000000000e+02 3.198675496688741654e-02
1.290000000000000000e+02 3.207947019867549154e-02
1.300000000000000000e+02 3.207947019867549154e-02
1.310000000000000000e+02 3.217218543046357349e-02
1.320000000000000000e+02 3.226490066225165543e-02
1.330000000000000000e+02 3.226490066225165543e-02
1.340000000000000000e+02 3.235761589403973043e-02
1.350000000000000000e+02 3.235761589403973043e-02
1.360000000000000000e+02 3.245033112582781237e-02
1.370000000000000000e+02 3.254304635761589432e-02
1.380000000000000000e+02 3.254304635761589432e-02
1.390000000000000000e+02 3.263576158940396932e-02
1.400000000000000000e+02 3.727152317880794152e-02
1.410000000000000000e+02 3.810596026490065819e-02
1.420000000000000000e+02 3.727152317880794152e-02
1.430000000000000000e+02 3.708609271523178458e-02
1.440000000000000000e+02 3.856953642384105402e-02
1.450000000000000000e+02 3.847682119205297901e-02
1.460000000000000000e+02 3.894039735099337485e-02
1.470000000000000000e+02 3.894039735099337485e-02
1.480000000000000000e+02 3.949668874172185262e-02
1.490000000000000000e+02 3.977483443708609151e-02
1.500000000000000000e+02 3.977483443708609151e-02
1.510000000000000000e+02 4.005298013245033040e-02
1.520000000000000000e+02 4.394701986754966788e-02
1.530000000000000000e+02 4.867549668874171509e-02
1.540000000000000000e+02 4.876821192052979703e-02
1.550000000000000000e+02 4.876821192052979703e-02
1.560000000000000000e+02 4.886092715231787897e-02
1.570000000000000000e+02 5.015894039735099147e-02
1.580000000000000000e+02 5.015894039735099147e-02
1.590000000000000000e+02 5.015894039735099147e-02
1.600000000000000000e+02 5.015894039735099147e-02
1.610000000000000000e+02 5.015894039735099147e-02
1.620000000000000000e+02 5.015894039735099147e-02
1.630000000000000000e+02 5.025165562913906647e-02
1.640000000000000000e+02 5.034437086092714841e-02
1.650000000000000000e+02 5.034437086092714841e-02
1.660000000000000000e+02 5.034437086092714841e-02
1.670000000000000000e+02 5.034437086092714841e-02
1.680000000000000000e+02 5.043708609271523036e-02
1.690000000000000000e+02 5.043708609271523036e-02
1.700000000000000000e+02 5.025165562913906647e-02
1.710000000000000000e+02 5.034437086092714841e-02
1.720000000000000000e+02 5.034437086092714841e-02
1.730000000000000000e+02 5.043708609271523036e-02
1.740000000000000000e+02 5.025165562913906647e-02
1.750000000000000000e+02 5.025165562913906647e-02
1.760000000000000000e+02 4.830463576158940120e-02
1.770000000000000000e+02 4.830463576158940120e-02
1.780000000000000000e+02 5.006622516556290953e-02
1.790000000000000000e+02 5.034437086092714841e-02
1.800000000000000000e+02 5.043708609271523036e-02
1.810000000000000000e+02 5.127152317880794008e-02
1.820000000000000000e+02 5.117880794701986508e-02
1.830000000000000000e+02 5.442384105960264284e-02
1.840000000000000000e+02 5.544370860927151645e-02
1.850000000000000000e+02 5.766887417218542755e-02
1.860000000000000000e+02 5.766887417218542755e-02
1.870000000000000000e+02 5.776158940397350255e-02
1.880000000000000000e+02 6.156291390728476504e-02
1.890000000000000000e+02 6.202649006622516087e-02
1.900000000000000000e+02 6.156291390728476504e-02
1.910000000000000000e+02 6.193377483443707893e-02
1.920000000000000000e+02 6.193377483443707893e-02
1.930000000000000000e+02 6.193377483443707893e-02
1.940000000000000000e+02 6.221192052980131781e-02
1.950000000000000000e+02 6.267549668874171365e-02
1.960000000000000000e+02 6.267549668874171365e-02
1.970000000000000000e+02 6.267549668874171365e-02
1.980000000000000000e+02 6.267549668874171365e-02
1.990000000000000000e+02 6.258278145695363170e-02
2.000000000000000000e+02 6.341721854304635531e-02
2.010000000000000000e+02 6.341721854304635531e-02
2.020000000000000000e+02 6.369536423841058725e-02
2.030000000000000000e+02 6.378807947019866920e-02
2.040000000000000000e+02 6.397350993377483308e-02
2.050000000000000000e+02 6.406622516556291502e-02
2.060000000000000000e+02 6.406622516556291502e-02
2.070000000000000000e+02 6.499337748344370669e-02
2.080000000000000000e+02 6.508609271523178863e-02
2.090000000000000000e+02 6.545695364238410252e-02
2.100000000000000000e+02 6.554966887417218446e-02
2.110000000000000000e+02 6.545695364238410252e-02
2.120000000000000000e+02 6.554966887417218446e-02
2.130000000000000000e+02 6.545695364238410252e-02
2.140000000000000000e+02 6.545695364238410252e-02
2.150000000000000000e+02 6.545695364238410252e-02
2.160000000000000000e+02 6.536423841059602058e-02
2.170000000000000000e+02 6.536423841059602058e-02
2.180000000000000000e+02 6.527152317880793864e-02
2.190000000000000000e+02 6.527152317880793864e-02
2.200000000000000000e+02 6.508609271523178863e-02
2.210000000000000000e+02 6.508609271523178863e-02
2.220000000000000000e+02 6.508609271523178863e-02
2.230000000000000000e+02 6.721854304635760391e-02
2.240000000000000000e+02 6.731125827814568585e-02
2.250000000000000000e+02 7.111258278145694833e-02
2.260000000000000000e+02 7.185430463576157611e-02
2.270000000000000000e+02 7.185430463576157611e-02
2.280000000000000000e+02 7.176158940397350805e-02
2.290000000000000000e+02 7.176158940397350805e-02
2.300000000000000000e+02 7.166887417218542611e-02
2.310000000000000000e+02 7.157615894039734417e-02
2.320000000000000000e+02 7.157615894039734417e-02
2.330000000000000000e+02 7.148344370860926222e-02
2.340000000000000000e+02 7.139072847682118028e-02
2.350000000000000000e+02 7.129801324503311222e-02
2.360000000000000000e+02 7.129801324503311222e-02
2.370000000000000000e+02 7.111258278145694833e-02
2.380000000000000000e+02 7.111258278145694833e-02
2.390000000000000000e+02 7.111258278145694833e-02
2.400000000000000000e+02 7.092715231788078445e-02
2.410000000000000000e+02 7.092715231788078445e-02
2.420000000000000000e+02 7.083443708609270251e-02
2.430000000000000000e+02 7.083443708609270251e-02
2.440000000000000000e+02 7.074172185430463444e-02
2.450000000000000000e+02 7.074172185430463444e-02
2.460000000000000000e+02 7.083443708609270251e-02
2.470000000000000000e+02 7.083443708609270251e-02
2.480000000000000000e+02 7.092715231788078445e-02
2.490000000000000000e+02 7.101986754966886639e-02
2.500000000000000000e+02 7.101986754966886639e-02
2.510000000000000000e+02 7.111258278145694833e-02
2.520000000000000000e+02 7.111258278145694833e-02
2.530000000000000000e+02 7.120529801324503028e-02
2.540000000000000000e+02 7.120529801324503028e-02
2.550000000000000000e+02 7.129801324503311222e-02
2.560000000000000000e+02 7.139072847682118028e-02
2.570000000000000000e+02 7.139072847682118028e-02
2.580000000000000000e+02 7.148344370860926222e-02
2.590000000000000000e+02 7.148344370860926222e-02
2.600000000000000000e+02 7.157615894039734417e-02
2.610000000000000000e+02 7.166887417218542611e-02
2.620000000000000000e+02 7.166887417218542611e-02
2.630000000000000000e+02 7.176158940397350805e-02
2.640000000000000000e+02 7.176158940397350805e-02
2.650000000000000000e+02 7.185430463576157611e-02
2.660000000000000000e+02 7.194701986754965806e-02
2.670000000000000000e+02 7.194701986754965806e-02
2.680000000000000000e+02 7.203973509933774000e-02
2.690000000000000000e+02 7.203973509933774000e-02
2.700000000000000000e+02 7.213245033112582194e-02
2.710000000000000000e+02 7.213245033112582194e-02
2.720000000000000000e+02 7.222516556291390388e-02
2.730000000000000000e+02 7.231788079470198582e-02
2.740000000000000000e+02 7.231788079470198582e-02
2.750000000000000000e+02 7.241059602649005389e-02
2.760000000000000000e+02 7.241059602649005389e-02
2.770000000000000000e+02 7.250331125827813583e-02
2.780000000000000000e+02 7.259602649006621777e-02
2.790000000000000000e+02 7.259602649006621777e-02
2.800000000000000000e+02 7.268874172185429972e-02
2.810000000000000000e+02 7.268874172185429972e-02
2.820000000000000000e+02 7.203973509933774000e-02
2.830000000000000000e+02 7.213245033112582194e-02
2.840000000000000000e+02 7.213245033112582194e-02
2.850000000000000000e+02 7.222516556291390388e-02
2.860000000000000000e+02 7.222516556291390388e-02
2.870000000000000000e+02 7.148344370860926222e-02
2.880000000000000000e+02 7.593377483443708442e-02
2.890000000000000000e+02 8.066225165562913857e-02
2.900000000000000000e+02 8.539072847682117884e-02
2.910000000000000000e+02 8.529801324503311077e-02
2.920000000000000000e+02 8.594701986754965661e-02
2.930000000000000000e+02 8.566887417218542466e-02
