20220916 19:16:55,605	c_0_1873_20220916_19_16_55,605.bmp	2,439196E-3	-6,853899E-2	3,700242E-3	1,094073E-2	1,611011E-2	-5,461963E-3	1,385405E+0	1,385905E+0
20220916 19:17:01,611	c_0_1874_20220916_19_17_01,611.bmp	4,984003E-3	-6,726583E-2	3,700242E-3	1,094073E-2	3,389540E-3	-2,912223E-3	1,387954E+0	1,385905E+0
20220916 19:17:07,613	c_0_1875_20220916_19_17_07,613.bmp	2,915967E-2	1,294318E-2	7,518835E-3	8,388745E-3	-4,242803E-3	4,736996E-3	1,390502E+0	1,383347E+0
20220916 19:17:13,617	c_0_1876_20220916_19_17_13,617.bmp	5,715255E-2	3,331373E-2	4,973106E-3	8,388745E-3	8,477769E-3	-2,912223E-3	1,382857E+0	1,383347E+0
20220916 19:17:19,621	c_0_1877_20220916_19_17_19,621.bmp	7,242139E-2	5,623059E-2	7,518835E-3	8,388745E-3	-1,441926E-2	-2,912223E-3	1,382857E+0	1,380789E+0
20220916 19:17:25,623	c_0_1878_20220916_19_17_25,623.bmp	1,004143E-1	6,768902E-2	6,245971E-3	1,349272E-2	-4,242803E-3	-1,566092E-2	1,395599E+0	1,396136E+0
20220916 19:17:31,624	c_0_1879_20220916_19_17_31,624.bmp	1,182279E-1	9,315219E-2	3,700242E-3	8,388745E-3	-4,242803E-3	-8,011703E-3	1,382857E+0	1,380789E+0
20220916 19:17:37,628	c_0_1880_20220916_19_17_37,628.bmp	1,309519E-1	1,122496E-1	8,791700E-3	9,664739E-3	-6,786918E-3	-5,461963E-3	1,387954E+0	1,388463E+0
20220916 19:17:43,631	c_0_1881_20220916_19_17_43,631.bmp	1,500380E-1	1,313470E-1	6,245971E-3	1,094073E-2	8,454256E-4	-8,011703E-3	1,387954E+0	1,396136E+0
20220916 19:17:49,635	c_0_1882_20220916_19_17_49,635.bmp	1,627620E-1	1,478980E-1	4,973106E-3	1,476871E-2	-1,441926E-2	-1,056144E-2	1,398148E+0	1,393578E+0
20220916 19:17:55,639	c_0_1883_20220916_19_17_55,639.bmp	1,831205E-1	1,682686E-1	8,791700E-3	1,476871E-2	-1,441926E-2	-2,585988E-2	1,395599E+0	1,388463E+0
20220916 19:18:01,640	c_0_1884_20220916_19_18_01,640.bmp	1,983893E-1	1,873660E-1	1,006456E-2	1,476871E-2	-4,242803E-3	-8,011703E-3	1,395599E+0	1,396136E+0
20220916 19:18:07,641	c_0_1885_20220916_19_18_07,641.bmp	2,149306E-1	2,064633E-1	1,006456E-2	1,349272E-2	-9,331032E-3	-1,311118E-2	1,398148E+0	1,385905E+0
20220916 19:18:13,645	c_0_1886_20220916_19_18_13,645.bmp	2,352890E-1	2,344728E-1	6,245971E-3	8,388745E-3	-1,698689E-3	2,003543E-2	1,382857E+0	1,383347E+0
20220916 19:18:19,648	c_0_1887_20220916_19_18_19,648.bmp	2,543751E-1	2,535702E-1	2,427377E-3	1,094073E-2	-9,331032E-3	-5,461963E-3	1,382857E+0	1,388463E+0
20220916 19:18:25,653	c_0_1888_20220916_19_18_25,653.bmp	2,658267E-1	2,663018E-1	1,006456E-2	1,349272E-2	-1,187515E-2	-5,461963E-3	1,398148E+0	1,388463E+0
20220916 19:18:31,656	c_0_1889_20220916_19_18_31,656.bmp	2,861852E-1	2,879455E-1	8,791700E-3	1,349272E-2	-1,441926E-2	-2,912223E-3	1,398148E+0	1,396136E+0
20220916 19:18:37,662	c_0_1890_20220916_19_18_37,662.bmp	3,001816E-1	3,070429E-1	8,791700E-3	1,349272E-2	-4,242803E-3	-1,311118E-2	1,395599E+0	1,396136E+0
20220916 19:18:43,665	c_0_1891_20220916_19_18_43,665.bmp	3,218125E-1	3,337792E-1	3,700242E-3	1,094073E-2	-1,698689E-3	2,187256E-3	1,385405E+0	1,388463E+0
20220916 19:18:49,669	c_0_1892_20220916_19_18_49,669.bmp	3,383537E-1	3,554229E-1	3,700242E-3	1,094073E-2	3,389540E-3	-1,311118E-2	1,382857E+0	1,388463E+0
20220916 19:18:55,672	c_0_1893_20220916_19_18_55,672.bmp	3,536226E-1	3,694277E-1	8,791700E-3	1,094073E-2	-1,698689E-3	-1,056144E-2	1,387954E+0	1,388463E+0
20220916 19:19:01,676	c_0_1894_20220916_19_19_01,676.bmp	3,688914E-1	3,872519E-1	1,006456E-2	1,221673E-2	-1,696338E-2	-1,056144E-2	1,395599E+0	1,396136E+0
20220916 19:19:07,679	c_0_1895_20220916_19_19_07,679.bmp	3,867051E-1	4,139882E-1	7,518835E-3	8,388745E-3	-3,731629E-2	2,187256E-3	1,385405E+0	1,380789E+0
20220916 19:19:13,680	c_0_1896_20220916_19_19_13,680.bmp	4,070635E-1	4,343588E-1	3,700242E-3	7,112750E-3	-6,786918E-3	-3,624835E-4	1,385405E+0	1,383347E+0
20220916 19:19:19,684	c_0_1897_20220916_19_19_19,684.bmp	4,172427E-1	4,521830E-1	8,791700E-3	9,664739E-3	-1,441926E-2	-5,461963E-3	1,398148E+0	1,391021E+0
20220916 19:19:25,686	c_0_1898_20220916_19_19_25,686.bmp	4,376012E-1	4,687341E-1	8,791700E-3	1,349272E-2	-1,950749E-2	-1,566092E-2	1,395599E+0	1,396136E+0
20220916 19:19:31,690	c_0_1899_20220916_19_19_31,690.bmp	4,528700E-1	4,878315E-1	8,791700E-3	1,476871E-2	8,454256E-4	-3,624835E-4	1,395599E+0	1,388463E+0
20220916 19:19:37,690	c_0_1900_20220916_19_19_37,690.bmp	4,770457E-1	5,094752E-1	3,700242E-3	1,094073E-2	-6,786918E-3	-2,912223E-3	1,385405E+0	1,391021E+0
20220916 19:19:43,692	c_0_1901_20220916_19_19_43,692.bmp	4,897697E-1	5,260262E-1	1,006456E-2	1,349272E-2	-9,331032E-3	-8,011703E-3	1,398148E+0	1,385905E+0
20220916 19:19:49,696	c_0_1902_20220916_19_19_49,696.bmp	5,088558E-1	5,514894E-1	4,973106E-3	9,664739E-3	-1,950749E-2	-8,011703E-3	1,387954E+0	1,380789E+0
20220916 19:19:55,699	c_0_1903_20220916_19_19_55,699.bmp	5,266694E-1	5,667673E-1	7,518835E-3	1,604471E-2	-4,242803E-3	-8,011703E-3	1,395599E+0	1,396136E+0
20220916 19:20:01,699	c_0_1904_20220916_19_20_01,699.bmp	5,393935E-1	5,909573E-1	8,791700E-3	9,664739E-3	-2,459572E-2	-5,461963E-3	1,395599E+0	1,388463E+0
20220916 19:20:07,704	c_0_1905_20220916_19_20_07,704.bmp	5,635691E-1	6,113279E-1	7,518835E-3	7,112750E-3	-6,786918E-3	4,736996E-3	1,387954E+0	1,383347E+0
20220916 19:20:13,706	c_0_1906_20220916_19_20_13,706.bmp	5,788380E-1	6,304253E-1	7,518835E-3	1,476871E-2	-1,698689E-3	-1,311118E-2	1,390502E+0	1,396136E+0
20220916 19:20:19,713	c_0_1907_20220916_19_20_19,713.bmp	5,953792E-1	6,520690E-1	6,245971E-3	1,094073E-2	-9,331032E-3	-2,912223E-3	1,387954E+0	1,385905E+0
20220916 19:20:25,716	c_0_1908_20220916_19_20_25,716.bmp	6,119205E-1	6,698932E-1	6,245971E-3	1,349272E-2	-6,786918E-3	-8,011703E-3	1,390502E+0	1,396136E+0
20220916 19:20:31,720	c_0_1909_20220916_19_20_31,720.bmp	6,284617E-1	6,940832E-1	7,518835E-3	7,112750E-3	-6,786918E-3	2,187256E-3	1,385405E+0	1,380789E+0
20220916 19:20:37,723	c_0_1910_20220916_19_20_37,723.bmp	6,424582E-1	7,093611E-1	8,791700E-3	9,664739E-3	-1,441926E-2	-1,311118E-2	1,387954E+0	1,385905E+0
20220916 19:20:43,726	c_0_1911_20220916_19_20_43,726.bmp	6,628166E-1	7,297317E-1	6,245971E-3	1,349272E-2	-9,331032E-3	-1,311118E-2	1,390502E+0	1,396136E+0
20220916 19:20:49,729	c_0_1912_20220916_19_20_49,729.bmp	6,793579E-1	7,526485E-1	7,518835E-3	5,836756E-3	-6,786918E-3	2,187256E-3	1,390502E+0	1,383347E+0
20220916 19:20:55,729	c_0_1913_20220916_19_20_55,729.bmp	6,946267E-1	7,717459E-1	8,791700E-3	1,094073E-2	-1,187515E-2	-5,461963E-3	1,390502E+0	1,385905E+0
20220916 19:21:01,733	c_0_1914_20220916_19_21_01,733.bmp	7,149852E-1	7,857506E-1	1,006456E-2	1,349272E-2	-1,950749E-2	-2,585988E-2	1,395599E+0	1,388463E+0
20220916 19:21:07,736	c_0_1915_20220916_19_21_07,736.bmp	7,327988E-1	8,150333E-1	7,518835E-3	8,388745E-3	-6,786918E-3	2,187256E-3	1,387954E+0	1,383347E+0
20220916 19:21:13,740	c_0_1916_20220916_19_21_13,740.bmp	7,544297E-1	8,328575E-1	3,700242E-3	1,094073E-2	8,454256E-4	-3,624835E-4	1,382857E+0	1,388463E+0
20220916 19:21:19,741	c_0_1917_20220916_19_21_19,741.bmp	7,684261E-1	8,519549E-1	7,518835E-3	7,112750E-3	-4,242803E-3	2,187256E-3	1,382857E+0	1,383347E+0
20220916 19:21:25,743	c_0_1918_20220916_19_21_25,743.bmp	7,798777E-1	8,697791E-1	1,006456E-2	1,094073E-2	-9,331032E-3	-8,011703E-3	1,387954E+0	1,388463E+0
20220916 19:21:31,746	c_0_1919_20220916_19_21_31,746.bmp	8,040534E-1	8,926960E-1	3,700242E-3	7,112750E-3	-6,786918E-3	4,736996E-3	1,382857E+0	1,380789E+0
20220916 19:21:37,750	c_0_1920_20220916_19_21_37,750.bmp	8,205946E-1	9,130665E-1	3,700242E-3	7,112750E-3	-6,786918E-3	-3,624835E-4	1,385405E+0	1,388463E+0
20220916 19:21:43,750	c_0_1921_20220916_19_21_43,750.bmp	8,396807E-1	9,283444E-1	7,518835E-3	1,476871E-2	3,389540E-3	-8,011703E-3	1,387954E+0	1,396136E+0
20220916 19:21:49,754	c_0_1922_20220916_19_21_49,754.bmp	8,613116E-1	9,487150E-1	3,700242E-3	1,094073E-2	-9,331032E-3	-3,624835E-4	1,390502E+0	1,388463E+0
20220916 19:21:55,756	c_0_1923_20220916_19_21_55,756.bmp	8,740356E-1	9,690855E-1	7,518835E-3	1,349272E-2	-1,187515E-2	-8,011703E-3	1,395599E+0	1,396136E+0
20220916 19:22:01,763	c_0_1924_20220916_19_22_01,763.bmp	8,982113E-1	9,894561E-1	3,700242E-3	1,094073E-2	1,356600E-2	2,187256E-3	1,390502E+0	1,388463E+0
20220916 19:22:07,765	c_0_1925_20220916_19_22_07,765.bmp	9,134801E-1	1,009827E+0	6,245971E-3	1,094073E-2	-1,187515E-2	-5,461963E-3	1,387954E+0	1,385905E+0
20220916 19:22:13,766	c_0_1926_20220916_19_22_13,766.bmp	9,312937E-1	1,027651E+0	1,006456E-2	1,476871E-2	-1,187515E-2	-5,461963E-3	1,395599E+0	1,388463E+0
20220916 19:22:19,768	c_0_1927_20220916_19_22_19,768.bmp	9,503798E-1	1,050568E+0	4,973106E-3	1,094073E-2	-9,331032E-3	1,238622E-2	1,387954E+0	1,388463E+0
20220916 19:22:25,772	c_0_1928_20220916_19_22_25,772.bmp	9,669210E-1	1,070938E+0	8,791700E-3	1,094073E-2	-1,187515E-2	-8,011703E-3	1,398148E+0	1,385905E+0
20220916 19:22:31,775	c_0_1929_20220916_19_22_31,775.bmp	9,898243E-1	1,091309E+0	2,427377E-3	1,094073E-2	-4,242803E-3	-1,311118E-2	1,387954E+0	1,385905E+0
20220916 19:22:37,775	c_0_1930_20220916_19_22_37,775.bmp	1,010183E+0	1,111679E+0	3,700242E-3	8,388745E-3	8,477769E-3	2,187256E-3	1,385405E+0	1,383347E+0
20220916 19:22:43,779	c_0_1931_20220916_19_22_43,779.bmp	1,029269E+0	1,130777E+0	3,700242E-3	1,094073E-2	3,389540E-3	7,286736E-3	1,390502E+0	1,385905E+0
20220916 19:22:49,782	c_0_1932_20220916_19_22_49,782.bmp	1,044538E+0	1,149874E+0	6,245971E-3	7,112750E-3	-6,786918E-3	-2,912223E-3	1,390502E+0	1,385905E+0
20220916 19:22:55,785	c_0_1933_20220916_19_22_55,785.bmp	1,061079E+0	1,172791E+0	6,245971E-3	7,112750E-3	-1,698689E-3	-3,624835E-4	1,382857E+0	1,388463E+0
20220916 19:23:01,786	c_0_1934_20220916_19_23_01,786.bmp	1,081437E+0	1,193162E+0	3,700242E-3	5,836756E-3	-4,242803E-3	2,187256E-3	1,382857E+0	1,383347E+0
20220916 19:23:07,789	c_0_1935_20220916_19_23_07,789.bmp	1,100523E+0	1,213532E+0	3,700242E-3	8,388745E-3	-1,698689E-3	9,836476E-3	1,385405E+0	1,388463E+0
20220916 19:23:13,792	c_0_1936_20220916_19_23_13,792.bmp	1,120882E+0	1,233903E+0	3,700242E-3	1,094073E-2	8,454256E-4	-8,011703E-3	1,385405E+0	1,388463E+0
20220916 19:23:19,796	c_0_1937_20220916_19_23_19,796.bmp	1,134878E+0	1,246634E+0	8,791700E-3	1,349272E-2	-6,786918E-3	-2,076040E-2	1,395599E+0	1,396136E+0
20220916 19:23:25,800	c_0_1938_20220916_19_23_25,800.bmp	1,156509E+0	1,269551E+0	7,518835E-3	1,094073E-2	-6,786918E-3	-2,912223E-3	1,387954E+0	1,388463E+0
20220916 19:23:31,802	c_0_1939_20220916_19_23_31,802.bmp	1,173050E+0	1,292468E+0	1,006456E-2	1,094073E-2	-1,950749E-2	-8,011703E-3	1,387954E+0	1,388463E+0
20220916 19:23:37,803	c_0_1940_20220916_19_23_37,803.bmp	1,194681E+0	1,315385E+0	7,518835E-3	8,388745E-3	2,628657E-2	2,187256E-3	1,382857E+0	1,383347E+0
20220916 19:23:43,806	c_0_1941_20220916_19_23_43,806.bmp	1,213767E+0	1,331936E+0	7,518835E-3	9,664739E-3	-6,786918E-3	-1,056144E-2	1,390502E+0	1,391021E+0
20220916 19:23:49,807	c_0_1942_20220916_19_23_49,807.bmp	1,235398E+0	1,354853E+0	3,700242E-3	1,094073E-2	-4,242803E-3	-8,011703E-3	1,382857E+0	1,391021E+0
20220916 19:23:55,809	c_0_1943_20220916_19_23_55,809.bmp	1,248122E+0	1,371404E+0	7,518835E-3	1,094073E-2	-9,331032E-3	-8,011703E-3	1,387954E+0	1,383347E+0
20220916 19:24:01,814	c_0_1944_20220916_19_24_01,814.bmp	1,268481E+0	1,393047E+0	6,245971E-3	8,388745E-3	8,454256E-4	2,187256E-3	1,382857E+0	1,388463E+0
20220916 19:24:07,816	c_0_1945_20220916_19_24_07,816.bmp	1,286294E+0	1,408325E+0	7,518835E-3	1,349272E-2	-1,187515E-2	-1,056144E-2	1,398148E+0	1,396136E+0
20220916 19:24:13,821	c_0_1946_20220916_19_24_13,821.bmp	1,302836E+0	1,427423E+0	8,791700E-3	1,349272E-2	-1,441926E-2	-8,011703E-3	1,395599E+0	1,396136E+0
20220916 19:24:19,821	c_0_1947_20220916_19_24_19,821.bmp	1,319377E+0	1,451613E+0	4,973106E-3	1,094073E-2	-1,187515E-2	-3,624835E-4	1,390502E+0	1,385905E+0
20220916 19:24:25,822	c_0_1948_20220916_19_24_25,822.bmp	1,333373E+0	1,466891E+0	1,006456E-2	1,221673E-2	-1,187515E-2	-2,912223E-3	1,395599E+0	1,396136E+0
20220916 19:24:31,827	c_0_1949_20220916_19_24_31,827.bmp	1,351187E+0	1,489808E+0	6,245971E-3	1,094073E-2	-6,786918E-3	-5,461963E-3	1,390502E+0	1,388463E+0
20220916 19:24:37,831	c_0_1950_20220916_19_24_37,831.bmp	1,370273E+0	1,513998E+0	3,700242E-3	9,664739E-3	-2,968395E-2	-2,912223E-3	1,385405E+0	1,388463E+0
20220916 19:24:43,832	c_0_1951_20220916_19_24_43,832.bmp	1,379180E+0	1,534368E+0	7,518835E-3	8,388745E-3	8,454256E-4	-8,011703E-3	1,382857E+0	1,388463E+0
20220916 19:24:49,835	c_0_1952_20220916_19_24_49,835.bmp	1,393176E+0	1,547100E+0	8,791700E-3	1,349272E-2	-2,205160E-2	-1,311118E-2	1,398148E+0	1,393578E+0
20220916 19:24:55,836	c_0_1953_20220916_19_24_55,836.bmp	1,402083E+0	1,567470E+0	1,006456E-2	1,476871E-2	-4,242803E-3	-8,011703E-3	1,395599E+0	1,393578E+0
20220916 19:25:01,836	c_0_1954_20220916_19_25_01,836.bmp	1,418624E+0	1,592933E+0	3,700242E-3	8,388745E-3	3,389540E-3	2,187256E-3	1,382857E+0	1,383347E+0
20220916 19:25:07,841	c_0_1955_20220916_19_25_07,841.bmp	1,410990E+0	1,610758E+0	1,006456E-2	9,664739E-3	-9,331032E-3	-5,461963E-3	1,390502E+0	1,383347E+0
20220916 19:25:13,844	c_0_1956_20220916_19_25_13,844.bmp	1,123427E+0	1,634948E+0	3,700242E-3	8,388745E-3	1,102188E-2	-1,056144E-2	1,382857E+0	1,383347E+0
20220916 19:25:19,846	c_0_1957_20220916_19_25_19,846.bmp	1,049627E+0	1,654045E+0	3,700242E-3	1,094073E-2	5,933654E-3	-2,912223E-3	1,382857E+0	1,388463E+0
20220916 19:25:25,851	c_0_1958_20220916_19_25_25,851.bmp	1,031814E+0	1,668050E+0	1,006456E-2	1,349272E-2	-1,696338E-2	2,187256E-3	1,398148E+0	1,396136E+0
20220916 19:25:31,855	c_0_1959_20220916_19_25_31,855.bmp	1,038176E+0	1,693513E+0	3,700242E-3	7,112750E-3	-6,786918E-3	-2,912223E-3	1,385405E+0	1,383347E+0
20220916 19:25:37,859	c_0_1960_20220916_19_25_37,859.bmp	1,038176E+0	1,707518E+0	1,006456E-2	1,349272E-2	-1,696338E-2	-1,056144E-2	1,395599E+0	1,385905E+0
20220916 19:25:43,860	c_0_1961_20220916_19_25_43,860.bmp	1,049627E+0	1,731708E+0	7,518835E-3	1,094073E-2	-6,786918E-3	1,238622E-2	1,390502E+0	1,388463E+0
20220916 19:25:49,865	c_0_1962_20220916_19_25_49,865.bmp	1,053444E+0	1,746986E+0	1,006456E-2	1,349272E-2	-1,187515E-2	-1,056144E-2	1,398148E+0	1,393578E+0
20220916 19:25:55,867	c_0_1963_20220916_19_25_55,867.bmp	1,066169E+0	1,773722E+0	3,700242E-3	1,094073E-2	-4,242803E-3	2,187256E-3	1,385405E+0	1,385905E+0
20220916 19:26:01,871	c_0_1964_20220916_19_26_01,871.bmp	1,067441E+0	1,787727E+0	1,006456E-2	1,349272E-2	-1,696338E-2	-3,624835E-4	1,395599E+0	1,393578E+0
20220916 19:26:07,872	c_0_1965_20220916_19_26_07,872.bmp	1,077620E+0	1,809370E+0	7,518835E-3	1,476871E-2	-1,187515E-2	-8,011703E-3	1,395599E+0	1,396136E+0
20220916 19:26:13,873	c_0_1966_20220916_19_26_13,873.bmp	1,073803E+0	1,833560E+0	3,700242E-3	8,388745E-3	-4,242803E-3	2,187256E-3	1,385405E+0	1,383347E+0
20220916 19:26:19,876	c_0_1967_20220916_19_26_19,876.bmp	1,064896E+0	1,855204E+0	7,518835E-3	8,388745E-3	8,454256E-4	2,187256E-3	1,382857E+0	1,383347E+0
20220916 19:26:25,876	c_0_1968_20220916_19_26_25,876.bmp	1,052172E+0	1,873028E+0	6,245971E-3	8,388745E-3	-6,786918E-3	-3,624835E-4	1,382857E+0	1,383347E+0
20220916 19:26:31,879	c_0_1969_20220916_19_26_31,879.bmp	1,011455E+0	1,890853E+0	7,518835E-3	1,094073E-2	-4,242803E-3	-5,461963E-3	1,390502E+0	1,388463E+0
20220916 19:26:37,882	c_0_1970_20220916_19_26_37,882.bmp	9,847347E-1	1,915043E+0	2,427377E-3	1,094073E-2	-1,698689E-3	-1,056144E-2	1,385405E+0	1,388463E+0
20220916 19:26:43,882	c_0_1971_20220916_19_26_43,882.bmp	9,771003E-1	1,932867E+0	3,700242E-3	1,094073E-2	-6,786918E-3	-8,011703E-3	1,385405E+0	1,388463E+0
20220916 19:26:49,883	c_0_1972_20220916_19_26_49,883.bmp	9,694659E-1	1,946872E+0	1,006456E-2	1,221673E-2	-1,187515E-2	-3,624835E-4	1,395599E+0	1,396136E+0
20220916 19:26:55,887	c_0_1973_20220916_19_26_55,887.bmp	9,694659E-1	1,967242E+0	7,518835E-3	1,349272E-2	-9,331032E-3	-2,331014E-2	1,398148E+0	1,396136E+0
20220916 19:27:01,888	c_0_1974_20220916_19_27_01,888.bmp	9,427454E-1	1,991432E+0	7,518835E-3	1,349272E-2	-1,698689E-3	-1,056144E-2	1,390502E+0	1,396136E+0
20220916 19:27:07,889	c_0_1975_20220916_19_27_07,889.bmp	9,211145E-1	2,009256E+0	1,006456E-2	9,664739E-3	-1,187515E-2	-1,821066E-2	1,398148E+0	1,388463E+0
20220916 19:27:13,893	c_0_1976_20220916_19_27_13,893.bmp	9,198421E-1	2,029627E+0	1,006456E-2	1,094073E-2	-1,696338E-2	-1,821066E-2	1,398148E+0	1,388463E+0
20220916 19:27:19,894	c_0_1977_20220916_19_27_19,894.bmp	9,249317E-1	2,047451E+0	6,245971E-3	1,349272E-2	-6,786918E-3	-1,821066E-2	1,398148E+0	1,396136E+0
20220916 19:27:25,898	c_0_1978_20220916_19_27_25,898.bmp	9,351110E-1	2,072914E+0	3,700242E-3	8,388745E-3	-4,242803E-3	-1,821066E-2	1,382857E+0	1,383347E+0
20220916 19:27:31,899	c_0_1979_20220916_19_27_31,899.bmp	9,363834E-1	2,089465E+0	7,518835E-3	1,476871E-2	-4,242803E-3	-8,011703E-3	1,390502E+0	1,396136E+0
20220916 19:27:37,899	c_0_1980_20220916_19_27_37,899.bmp	9,465626E-1	2,109836E+0	6,245971E-3	1,349272E-2	-9,331032E-3	-1,311118E-2	1,390502E+0	1,393578E+0
20220916 19:27:43,902	c_0_1981_20220916_19_27_43,902.bmp	9,465626E-1	2,130206E+0	8,791700E-3	1,094073E-2	-9,331032E-3	-5,461963E-3	1,387954E+0	1,388463E+0
20220916 19:27:49,902	c_0_1982_20220916_19_27_49,902.bmp	9,605590E-1	2,153123E+0	3,700242E-3	7,112750E-3	3,389540E-3	-3,624835E-4	1,385405E+0	1,385905E+0
20220916 19:27:55,902	c_0_1983_20220916_19_27_55,902.bmp	9,669210E-1	2,173494E+0	6,245971E-3	8,388745E-3	-6,786918E-3	2,187256E-3	1,385405E+0	1,383347E+0
20220916 19:28:01,907	c_0_1984_20220916_19_28_01,907.bmp	9,720107E-1	2,191318E+0	6,245971E-3	1,094073E-2	-9,331032E-3	-5,461963E-3	1,387954E+0	1,388463E+0
20220916 19:28:07,907	c_0_1985_20220916_19_28_07,907.bmp	9,847347E-1	2,209142E+0	7,518835E-3	1,094073E-2	-1,441926E-2	2,187256E-3	1,387954E+0	1,388463E+0
20220916 19:28:13,913	c_0_1986_20220916_19_28_13,913.bmp	9,885519E-1	2,234606E+0	6,245971E-3	8,388745E-3	-6,786918E-3	1,238622E-2	1,385405E+0	1,383347E+0
20220916 19:28:19,914	c_0_1987_20220916_19_28_19,914.bmp	1,000004E+0	2,253703E+0	3,700242E-3	1,094073E-2	-4,242803E-3	-1,311118E-2	1,385405E+0	1,388463E+0
20220916 19:28:25,915	c_0_1988_20220916_19_28_25,915.bmp	1,000004E+0	2,267708E+0	1,006456E-2	1,094073E-2	-1,441926E-2	-2,912223E-3	1,395599E+0	1,388463E+0
20220916 19:28:31,916	c_0_1989_20220916_19_28_31,916.bmp	1,008910E+0	2,290624E+0	7,518835E-3	1,094073E-2	-6,786918E-3	-1,311118E-2	1,387954E+0	1,396136E+0
20220916 19:28:37,917	c_0_1990_20220916_19_28_37,917.bmp	1,016545E+0	2,312268E+0	7,518835E-3	8,388745E-3	5,933654E-3	-2,912223E-3	1,382857E+0	1,383347E+0
20220916 19:28:43,919	c_0_1991_20220916_19_28_43,919.bmp	1,025452E+0	2,326273E+0	7,518835E-3	1,349272E-2	-1,696338E-2	-1,056144E-2	1,395599E+0	1,385905E+0
20220916 19:28:49,922	c_0_1992_20220916_19_28_49,922.bmp	1,039448E+0	2,354282E+0	2,427377E-3	7,112750E-3	-6,786918E-3	-3,624835E-4	1,385405E+0	1,383347E+0
20220916 19:28:55,927	c_0_1993_20220916_19_28_55,927.bmp	1,047082E+0	2,373380E+0	3,700242E-3	1,094073E-2	8,454256E-4	-2,912223E-3	1,385405E+0	1,388463E+0
20220916 19:29:01,932	c_0_1994_20220916_19_29_01,932.bmp	1,053444E+0	2,389931E+0	6,245971E-3	1,094073E-2	-4,242803E-3	4,736996E-3	1,390502E+0	1,388463E+0
20220916 19:29:07,933	c_0_1995_20220916_19_29_07,933.bmp	1,061079E+0	2,406482E+0	6,245971E-3	1,349272E-2	-9,331032E-3	-1,821066E-2	1,398148E+0	1,385905E+0
20220916 19:29:13,935	c_0_1996_20220916_19_29_13,935.bmp	1,071258E+0	2,433218E+0	2,427377E-3	1,094073E-2	1,611011E-2	-1,821066E-2	1,382857E+0	1,388463E+0
20220916 19:29:19,937	c_0_1997_20220916_19_29_19,937.bmp	1,077620E+0	2,448496E+0	7,518835E-3	1,349272E-2	8,454256E-4	-1,566092E-2	1,390502E+0	1,393578E+0
20220916 19:29:25,938	c_0_1998_20220916_19_29_25,938.bmp	1,078893E+0	2,475233E+0	7,518835E-3	7,112750E-3	-1,441926E-2	7,286736E-3	1,390502E+0	1,383347E+0
20220916 19:29:31,939	c_0_1999_20220916_19_29_31,939.bmp	1,090344E+0	2,487964E+0	3,700242E-3	1,094073E-2	-9,331032E-3	-5,461963E-3	1,390502E+0	1,396136E+0
20220916 19:29:37,942	c_0_2000_20220916_19_29_37,942.bmp	1,091617E+0	2,510881E+0	1,006456E-2	1,094073E-2	-1,698689E-3	-1,056144E-2	1,387954E+0	1,385905E+0
20220916 19:29:43,947	c_0_2001_20220916_19_29_43,947.bmp	1,105613E+0	2,531252E+0	3,700242E-3	8,388745E-3	-4,242803E-3	-1,056144E-2	1,385405E+0	1,383347E+0
20220916 19:29:49,947	c_0_2002_20220916_19_29_49,947.bmp	1,109430E+0	2,546529E+0	1,006456E-2	1,221673E-2	-1,950749E-2	2,187256E-3	1,395599E+0	1,385905E+0
20220916 19:29:55,948	c_0_2003_20220916_19_29_55,948.bmp	1,120882E+0	2,569446E+0	6,245971E-3	1,094073E-2	-1,441926E-2	2,187256E-3	1,390502E+0	1,388463E+0
20220916 19:30:01,950	c_0_2004_20220916_19_30_01,950.bmp	1,128516E+0	2,593636E+0	4,973106E-3	7,112750E-3	-4,242803E-3	2,187256E-3	1,382857E+0	1,383347E+0
20220916 19:30:07,952	c_0_2005_20220916_19_30_07,952.bmp	1,139968E+0	2,610187E+0	4,973106E-3	1,094073E-2	-1,441926E-2	-2,912223E-3	1,387954E+0	1,388463E+0
20220916 19:30:13,954	c_0_2006_20220916_19_30_13,954.bmp	1,145058E+0	2,626738E+0	8,791700E-3	1,349272E-2	-1,696338E-2	-3,624835E-4	1,395599E+0	1,388463E+0
20220916 19:30:19,955	c_0_2007_20220916_19_30_19,955.bmp	1,159054E+0	2,650928E+0	2,427377E-3	1,094073E-2	-4,242803E-3	-5,461963E-3	1,382857E+0	1,388463E+0
20220916 19:30:25,957	c_0_2008_20220916_19_30_25,957.bmp	1,156509E+0	2,670026E+0	1,006456E-2	9,664739E-3	-1,696338E-2	-8,011703E-3	1,398148E+0	1,388463E+0
20220916 19:30:31,961	c_0_2009_20220916_19_30_31,961.bmp	1,164144E+0	2,685304E+0	1,006456E-2	1,349272E-2	-1,950749E-2	-8,011703E-3	1,398148E+0	1,396136E+0
20220916 19:30:37,964	c_0_2010_20220916_19_30_37,964.bmp	1,174323E+0	2,712040E+0	3,700242E-3	8,388745E-3	5,933654E-3	-1,056144E-2	1,385405E+0	1,388463E+0
20220916 19:30:43,964	c_0_2011_20220916_19_30_43,964.bmp	1,175595E+0	2,733684E+0	2,427377E-3	1,094073E-2	-1,698689E-3	-3,624835E-4	1,382857E+0	1,388463E+0
20220916 19:30:49,965	c_0_2012_20220916_19_30_49,965.bmp	1,155237E+0	2,750235E+0	6,245971E-3	7,112750E-3	-6,786918E-3	2,187256E-3	1,387954E+0	1,383347E+0
20220916 19:30:55,968	c_0_2013_20220916_19_30_55,968.bmp	1,016545E+0	2,770605E+0	7,518835E-3	8,388745E-3	-1,441926E-2	-1,311118E-2	1,390502E+0	1,380789E+0
20220916 19:31:01,968	c_0_2014_20220916_19_31_01,968.bmp	9,058457E-1	2,790976E+0	1,006456E-2	9,664739E-3	-6,786918E-3	-3,624835E-4	1,387954E+0	1,388463E+0
20220916 19:31:07,972	c_0_2015_20220916_19_31_07,972.bmp	9,045733E-1	2,810073E+0	4,973106E-3	1,349272E-2	-1,441926E-2	-5,390702E-2	1,390502E+0	1,396136E+0
20220916 19:31:13,976	c_0_2016_20220916_19_31_13,976.bmp	9,007561E-1	2,830444E+0	7,518835E-3	1,094073E-2	-4,242803E-3	2,187256E-3	1,387954E+0	1,388463E+0
20220916 19:31:19,979	c_0_2017_20220916_19_31_19,979.bmp	9,071181E-1	2,848268E+0	6,245971E-3	1,094073E-2	-4,242803E-3	-3,350910E-2	1,387954E+0	1,388463E+0
20220916 19:31:25,981	c_0_2018_20220916_19_31_25,981.bmp	9,096629E-1	2,869912E+0	7,518835E-3	7,112750E-3	8,454256E-4	-2,912223E-3	1,387954E+0	1,380789E+0
20220916 19:31:31,982	c_0_2019_20220916_19_31_31,982.bmp	9,134801E-1	2,892829E+0	7,518835E-3	8,388745E-3	3,389540E-3	-5,461963E-3	1,382857E+0	1,388463E+0
20220916 19:31:37,986	c_0_2020_20220916_19_31_37,986.bmp	9,160249E-1	2,906833E+0	1,006456E-2	1,349272E-2	-9,331032E-3	-3,624835E-4	1,398148E+0	1,388463E+0
20220916 19:31:43,988	c_0_2021_20220916_19_31_43,988.bmp	9,249317E-1	2,933570E+0	3,700242E-3	1,094073E-2	-1,698689E-3	-3,624835E-4	1,385405E+0	1,388463E+0
20220916 19:31:49,993	c_0_2022_20220916_19_31_49,993.bmp	9,172973E-1	2,947575E+0	8,791700E-3	1,094073E-2	-4,242803E-3	-1,056144E-2	1,387954E+0	1,388463E+0
20220916 19:31:55,993	c_0_2023_20220916_19_31_55,993.bmp	9,223869E-1	2,969218E+0	7,518835E-3	1,349272E-2	-1,187515E-2	-1,821066E-2	1,390502E+0	1,396136E+0
20220916 19:32:01,994	c_0_2024_20220916_19_32_01,994.bmp	9,109353E-1	2,990862E+0	7,518835E-3	1,476871E-2	-6,786918E-3	-1,311118E-2	1,387954E+0	1,396136E+0
20220916 19:32:07,997	c_0_2025_20220916_19_32_07,997.bmp	8,409531E-1	3,011232E+0	7,518835E-3	7,112750E-3	-4,242803E-3	2,187256E-3	1,385405E+0	1,385905E+0
20220916 19:32:13,999	c_0_2026_20220916_19_32_13,999.bmp	7,582469E-1	3,029057E+0	6,245971E-3	1,094073E-2	1,865423E-2	-8,011703E-3	1,390502E+0	1,388463E+0
20220916 19:32:20,002	c_0_2027_20220916_19_32_20,002.bmp	7,277092E-1	3,051974E+0	6,245971E-3	8,388745E-3	-9,331032E-3	7,286736E-3	1,385405E+0	1,383347E+0
20220916 19:32:26,003	c_0_2028_20220916_19_32_26,003.bmp	7,289816E-1	3,069798E+0	6,245971E-3	1,094073E-2	-1,187515E-2	-1,311118E-2	1,390502E+0	1,388463E+0
20220916 19:32:32,003	c_0_2029_20220916_19_32_32,003.bmp	7,315264E-1	3,092715E+0	2,427377E-3	1,094073E-2	-1,698689E-3	-8,011703E-3	1,385405E+0	1,385905E+0
20220916 19:32:38,004	c_0_2030_20220916_19_32_38,004.bmp	7,315264E-1	3,109266E+0	8,791700E-3	1,094073E-2	-1,187515E-2	-3,350910E-2	1,395599E+0	1,388463E+0
20220916 19:32:44,004	c_0_2031_20220916_19_32_44,004.bmp	7,315264E-1	3,129636E+0	7,518835E-3	9,664739E-3	-1,187515E-2	-3,624835E-4	1,387954E+0	1,385905E+0
20220916 19:32:50,008	c_0_2032_20220916_19_32_50,008.bmp	7,391608E-1	3,148734E+0	6,245971E-3	1,349272E-2	-2,205160E-2	-1,056144E-2	1,390502E+0	1,398694E+0
20220916 19:32:56,009	c_0_2033_20220916_19_32_56,009.bmp	7,391608E-1	3,166558E+0	1,006456E-2	1,094073E-2	-1,696338E-2	-2,912223E-3	1,395599E+0	1,388463E+0
20220916 19:33:02,017	c_0_2034_20220916_19_33_02,017.bmp	7,429780E-1	3,189475E+0	8,791700E-3	1,094073E-2	-2,459572E-2	-8,011703E-3	1,390502E+0	1,388463E+0
20220916 19:33:08,018	c_0_2035_20220916_19_33_08,018.bmp	7,493400E-1	3,209845E+0	6,245971E-3	1,094073E-2	-9,331032E-3	-1,311118E-2	1,393051E+0	1,391021E+0
20220916 19:33:14,022	c_0_2036_20220916_19_33_14,022.bmp	7,569745E-1	3,230216E+0	3,700242E-3	9,664739E-3	-4,242803E-3	-8,011703E-3	1,387954E+0	1,391021E+0
20220916 19:33:20,026	c_0_2037_20220916_19_33_20,026.bmp	7,595193E-1	3,249313E+0	2,427377E-3	1,094073E-2	-1,187515E-2	-1,056144E-2	1,393051E+0	1,396136E+0
20220916 19:33:26,029	c_0_2038_20220916_19_33_26,029.bmp	7,595193E-1	3,265864E+0	6,245971E-3	1,349272E-2	-1,187515E-2	-1,311118E-2	1,398148E+0	1,396136E+0
20220916 19:33:32,030	c_0_2039_20220916_19_33_32,030.bmp	7,646089E-1	3,290054E+0	6,245971E-3	1,094073E-2	8,454256E-4	-2,912223E-3	1,390502E+0	1,396136E+0
20220916 19:33:38,030	c_0_2040_20220916_19_33_38,030.bmp	7,620641E-1	3,306605E+0	1,006456E-2	9,664739E-3	-1,696338E-2	-1,311118E-2	1,398148E+0	1,388463E+0
20220916 19:33:44,030	c_0_2041_20220916_19_33_44,030.bmp	7,696985E-1	3,329522E+0	6,245971E-3	8,388745E-3	8,454256E-4	7,286736E-3	1,390502E+0	1,383347E+0
20220916 19:33:50,035	c_0_2042_20220916_19_33_50,035.bmp	7,722433E-1	3,349893E+0	8,791700E-3	9,664739E-3	-9,331032E-3	-1,311118E-2	1,390502E+0	1,388463E+0
20220916 19:33:56,036	c_0_2043_20220916_19_33_56,036.bmp	7,786053E-1	3,371536E+0	7,518835E-3	8,388745E-3	-1,187515E-2	-1,566092E-2	1,387954E+0	1,383347E+0
20220916 19:34:02,040	c_0_2044_20220916_19_34_02,040.bmp	7,862397E-1	3,388087E+0	7,518835E-3	1,349272E-2	-1,441926E-2	-1,056144E-2	1,390502E+0	1,396136E+0
20220916 19:34:08,044	c_0_2045_20220916_19_34_08,044.bmp	7,862397E-1	3,409731E+0	7,518835E-3	1,094073E-2	-1,698689E-3	-5,461963E-3	1,390502E+0	1,388463E+0
20220916 19:34:14,044	c_0_2046_20220916_19_34_14,044.bmp	7,926018E-1	3,428829E+0	6,245971E-3	1,221673E-2	-4,242803E-3	-1,056144E-2	1,387954E+0	1,393578E+0
20220916 19:34:20,047	c_0_2047_20220916_19_34_20,047.bmp	7,951466E-1	3,450472E+0	1,006456E-2	1,094073E-2	-1,441926E-2	-5,461963E-3	1,395599E+0	1,388463E+0
20220916 19:34:26,048	c_0_2048_20220916_19_34_26,048.bmp	8,053258E-1	3,468297E+0	3,700242E-3	1,221673E-2	-9,331032E-3	-8,011703E-3	1,387954E+0	1,388463E+0
20220916 19:34:32,048	c_0_2049_20220916_19_34_32,048.bmp	8,065982E-1	3,484848E+0	1,006456E-2	1,349272E-2	-9,331032E-3	-1,821066E-2	1,398148E+0	1,393578E+0
20220916 19:34:38,048	c_0_2050_20220916_19_34_38,048.bmp	8,091430E-1	3,510311E+0	7,518835E-3	9,664739E-3	-1,696338E-2	7,286736E-3	1,390502E+0	1,383347E+0
20220916 19:34:44,049	c_0_2051_20220916_19_34_44,049.bmp	8,104154E-1	3,525589E+0	8,791700E-3	1,094073E-2	-1,187515E-2	-1,311118E-2	1,398148E+0	1,385905E+0
20220916 19:34:50,053	c_0_2052_20220916_19_34_50,053.bmp	8,167774E-1	3,549779E+0	7,518835E-3	1,094073E-2	-1,441926E-2	7,286736E-3	1,387954E+0	1,385905E+0
20220916 19:34:56,055	c_0_2053_20220916_19_34_56,055.bmp	8,091430E-1	3,566330E+0	1,006456E-2	1,094073E-2	-2,205160E-2	-8,011703E-3	1,398148E+0	1,385905E+0
20220916 19:35:02,059	c_0_2054_20220916_19_35_02,059.bmp	8,129602E-1	3,589247E+0	7,518835E-3	1,094073E-2	-6,786918E-3	2,187256E-3	1,390502E+0	1,396136E+0
20220916 19:35:08,067	c_0_2055_20220916_19_35_08,067.bmp	8,116878E-1	3,612163E+0	3,700242E-3	7,112750E-3	-6,786918E-3	-8,011703E-3	1,382857E+0	1,383347E+0
20220916 19:35:14,070	c_0_2056_20220916_19_35_14,070.bmp	8,091430E-1	3,632534E+0	2,427377E-3	8,388745E-3	8,454256E-4	4,736996E-3	1,382857E+0	1,388463E+0
20220916 19:35:20,075	c_0_2057_20220916_19_35_20,075.bmp	7,989638E-1	3,649085E+0	7,518835E-3	1,094073E-2	-1,441926E-2	-8,011703E-3	1,390502E+0	1,396136E+0
20220916 19:35:26,075	c_0_2058_20220916_19_35_26,075.bmp	7,684261E-1	3,665636E+0	8,791700E-3	1,349272E-2	-1,187515E-2	-5,461963E-3	1,395599E+0	1,393578E+0
20220916 19:35:32,075	c_0_2059_20220916_19_35_32,075.bmp	6,780855E-1	3,686007E+0	7,518835E-3	1,349272E-2	-9,331032E-3	-1,056144E-2	1,395599E+0	1,385905E+0
20220916 19:35:38,076	c_0_2060_20220916_19_35_38,076.bmp	6,704510E-1	3,710197E+0	7,518835E-3	1,094073E-2	-9,331032E-3	-1,311118E-2	1,390502E+0	1,388463E+0
20220916 19:35:44,076	c_0_2061_20220916_19_35_44,076.bmp	6,729958E-1	3,728021E+0	3,700242E-3	1,094073E-2	-1,187515E-2	1,748570E-2	1,387954E+0	1,388463E+0
20220916 19:35:50,081	c_0_2062_20220916_19_35_50,081.bmp	6,717234E-1	3,745845E+0	1,133743E-2	1,349272E-2	-1,441926E-2	-1,056144E-2	1,395599E+0	1,396136E+0
20220916 19:35:56,081	c_0_2063_20220916_19_35_56,081.bmp	6,768130E-1	3,767489E+0	7,518835E-3	1,094073E-2	-6,786918E-3	-5,461963E-3	1,387954E+0	1,388463E+0
20220916 19:36:02,083	c_0_2064_20220916_19_36_02,083.bmp	6,806303E-1	3,787859E+0	7,518835E-3	8,388745E-3	-1,187515E-2	2,187256E-3	1,387954E+0	1,380789E+0
20220916 19:36:08,085	c_0_2065_20220916_19_36_08,085.bmp	6,831751E-1	3,809503E+0	7,518835E-3	1,094073E-2	1,102188E-2	-1,311118E-2	1,390502E+0	1,396136E+0
20220916 19:36:14,085	c_0_2066_20220916_19_36_14,085.bmp	6,882647E-1	3,832420E+0	2,427377E-3	1,094073E-2	8,454256E-4	-3,624835E-4	1,382857E+0	1,388463E+0
20220916 19:36:20,088	c_0_2067_20220916_19_36_20,088.bmp	6,920819E-1	3,848971E+0	6,245971E-3	1,094073E-2	-6,786918E-3	2,258517E-2	1,390502E+0	1,388463E+0
20220916 19:36:26,089	c_0_2068_20220916_19_36_26,089.bmp	6,869923E-1	3,865522E+0	1,006456E-2	1,094073E-2	-1,441926E-2	-2,912223E-3	1,395599E+0	1,388463E+0
20220916 19:36:32,090	c_0_2069_20220916_19_36_32,090.bmp	6,920819E-1	3,885893E+0	7,518835E-3	1,349272E-2	-1,187515E-2	-8,011703E-3	1,395599E+0	1,396136E+0
20220916 19:36:38,094	c_0_2070_20220916_19_36_38,094.bmp	7,009887E-1	3,910083E+0	4,973106E-3	1,094073E-2	-4,242803E-3	-8,011703E-3	1,390502E+0	1,388463E+0
20220916 19:36:44,095	c_0_2071_20220916_19_36_44,095.bmp	6,984439E-1	3,930453E+0	7,518835E-3	1,094073E-2	-1,187515E-2	-3,624835E-4	1,390502E+0	1,388463E+0
20220916 19:36:50,099	c_0_2072_20220916_19_36_50,099.bmp	7,022611E-1	3,950824E+0	6,245971E-3	1,094073E-2	-4,242803E-3	-1,821066E-2	1,387954E+0	1,388463E+0
20220916 19:36:56,099	c_0_2073_20220916_19_36_56,099.bmp	7,009887E-1	3,969921E+0	7,518835E-3	1,094073E-2	-1,187515E-2	-8,011703E-3	1,387954E+0	1,383347E+0
20220916 19:37:02,103	c_0_2074_20220916_19_37_02,103.bmp	6,984439E-1	3,986472E+0	1,133743E-2	1,349272E-2	-1,187515E-2	-1,566092E-2	1,398148E+0	1,396136E+0
20220916 19:37:08,104	c_0_2075_20220916_19_37_08,104.bmp	7,022611E-1	4,008116E+0	7,518835E-3	1,094073E-2	-1,696338E-2	-1,311118E-2	1,390502E+0	1,388463E+0
20220916 19:37:14,104	c_0_2076_20220916_19_37_14,104.bmp	7,048059E-1	4,033579E+0	3,700242E-3	9,664739E-3	-4,242803E-3	-8,011703E-3	1,382857E+0	1,388463E+0
20220916 19:37:20,109	c_0_2077_20220916_19_37_20,109.bmp	7,060783E-1	4,055223E+0	3,700242E-3	1,094073E-2	3,389540E-3	-8,011703E-3	1,382857E+0	1,388463E+0
20220916 19:37:26,110	c_0_2078_20220916_19_37_26,110.bmp	7,048059E-1	4,066681E+0	6,245971E-3	1,349272E-2	-1,441926E-2	-5,461963E-3	1,398148E+0	1,388463E+0
20220916 19:37:32,111	c_0_2079_20220916_19_37_32,111.bmp	7,035335E-1	4,093418E+0	3,700242E-3	8,388745E-3	8,454256E-4	-2,912223E-3	1,382857E+0	1,380789E+0
20220916 19:37:38,116	c_0_2080_20220916_19_37_38,116.bmp	6,971715E-1	4,108695E+0	6,245971E-3	1,094073E-2	-1,698689E-3	-8,011703E-3	1,387954E+0	1,388463E+0
20220916 19:37:44,116	c_0_2081_20220916_19_37_44,116.bmp	6,857199E-1	4,129066E+0	6,245971E-3	1,349272E-2	8,454256E-4	-1,056144E-2	1,387954E+0	1,393578E+0
20220916 19:37:50,120	c_0_2082_20220916_19_37_50,120.bmp	6,589994E-1	4,148163E+0	6,245971E-3	1,094073E-2	8,477769E-3	-1,311118E-2	1,390502E+0	1,388463E+0
20220916 19:37:56,124	c_0_2083_20220916_19_37_56,124.bmp	6,602718E-1	4,171080E+0	6,245971E-3	1,094073E-2	-6,786918E-3	2,187256E-3	1,387954E+0	1,383347E+0
20220916 19:38:02,126	c_0_2084_20220916_19_38_02,126.bmp	6,640890E-1	4,188904E+0	7,518835E-3	1,094073E-2	-6,786918E-3	-1,566092E-2	1,390502E+0	1,391021E+0
20220916 19:38:08,130	c_0_2085_20220916_19_38_08,130.bmp	6,666338E-1	4,206729E+0	7,518835E-3	1,349272E-2	-1,441926E-2	-1,566092E-2	1,395599E+0	1,396136E+0
20220916 19:38:14,134	c_0_2086_20220916_19_38_14,134.bmp	6,729958E-1	4,233465E+0	2,427377E-3	1,094073E-2	-4,242803E-3	-2,912223E-3	1,385405E+0	1,388463E+0
20220916 19:38:20,135	c_0_2087_20220916_19_38_20,135.bmp	6,742682E-1	4,253836E+0	3,700242E-3	5,836756E-3	8,454256E-4	-2,912223E-3	1,385405E+0	1,383347E+0
20220916 19:38:26,139	c_0_2088_20220916_19_38_26,139.bmp	6,729958E-1	4,266567E+0	6,245971E-3	1,349272E-2	-4,242803E-3	-1,311118E-2	1,395599E+0	1,396136E+0
20220916 19:38:32,140	c_0_2089_20220916_19_38_32,140.bmp	6,819027E-1	4,289484E+0	4,973106E-3	1,094073E-2	-9,331032E-3	-5,461963E-3	1,387954E+0	1,393578E+0
20220916 19:38:38,144	c_0_2090_20220916_19_38_38,144.bmp	6,819027E-1	4,313674E+0	7,518835E-3	8,388745E-3	-9,331032E-3	-2,912223E-3	1,390502E+0	1,383347E+0
20220916 19:38:44,144	c_0_2091_20220916_19_38_44,144.bmp	6,869923E-1	4,332771E+0	3,700242E-3	7,112750E-3	3,389540E-3	-8,011703E-3	1,382857E+0	1,388463E+0
20220916 19:38:50,149	c_0_2092_20220916_19_38_50,149.bmp	6,844475E-1	4,349322E+0	6,245971E-3	1,349272E-2	-6,786918E-3	-1,311118E-2	1,390502E+0	1,393578E+0
20220916 19:38:56,153	c_0_2093_20220916_19_38_56,153.bmp	6,869923E-1	4,369693E+0	6,245971E-3	1,094073E-2	-9,331032E-3	4,736996E-3	1,390502E+0	1,383347E+0
20220916 19:39:02,153	c_0_2094_20220916_19_39_02,153.bmp	6,895371E-1	4,392610E+0	6,245971E-3	7,112750E-3	-6,786918E-3	2,187256E-3	1,382857E+0	1,383347E+0
20220916 19:39:08,156	c_0_2095_20220916_19_39_08,156.bmp	6,908095E-1	4,405341E+0	6,245971E-3	1,349272E-2	-6,786918E-3	-8,011703E-3	1,398148E+0	1,396136E+0
20220916 19:39:14,157	c_0_2096_20220916_19_39_14,157.bmp	6,908095E-1	4,429531E+0	7,518835E-3	1,094073E-2	-6,786918E-3	-5,461963E-3	1,390502E+0	1,388463E+0
20220916 19:39:20,162	c_0_2097_20220916_19_39_20,162.bmp	6,857199E-1	4,449902E+0	6,245971E-3	9,664739E-3	-1,696338E-2	-3,624835E-4	1,390502E+0	1,388463E+0
20220916 19:39:26,162	c_0_2098_20220916_19_39_26,162.bmp	6,170101E-1	4,466453E+0	1,006456E-2	1,349272E-2	-1,696338E-2	-8,011703E-3	1,395599E+0	1,388463E+0
20220916 19:39:32,166	c_0_2099_20220916_19_39_32,166.bmp	6,220997E-1	4,488097E+0	7,518835E-3	1,094073E-2	-9,331032E-3	-1,056144E-2	1,390502E+0	1,388463E+0
20220916 19:39:38,168	c_0_2100_20220916_19_39_38,168.bmp	6,220997E-1	4,507194E+0	1,006456E-2	9,664739E-3	-1,441926E-2	-1,311118E-2	1,395599E+0	1,391021E+0
20220916 19:39:44,171	c_0_2101_20220916_19_39_44,171.bmp	6,297341E-1	4,525018E+0	7,518835E-3	1,349272E-2	-1,950749E-2	-1,056144E-2	1,398148E+0	1,393578E+0
20220916 19:39:50,174	c_0_2102_20220916_19_39_50,174.bmp	6,335513E-1	4,550482E+0	3,700242E-3	1,094073E-2	-6,786918E-3	-5,461963E-3	1,390502E+0	1,388463E+0
20220916 19:39:56,176	c_0_2103_20220916_19_39_56,176.bmp	6,335513E-1	4,568306E+0	7,518835E-3	1,094073E-2	-6,786918E-3	2,187256E-3	1,390502E+0	1,388463E+0
20220916 19:40:02,176	c_0_2104_20220916_19_40_02,176.bmp	6,373685E-1	4,592496E+0	7,518835E-3	8,388745E-3	-1,187515E-2	-2,912223E-3	1,382857E+0	1,380789E+0
20220916 19:40:08,180	c_0_2105_20220916_19_40_08,180.bmp	6,386409E-1	4,606501E+0	1,006456E-2	1,094073E-2	-9,331032E-3	9,836476E-3	1,398148E+0	1,388463E+0
20220916 19:40:14,185	c_0_2106_20220916_19_40_14,185.bmp	6,437306E-1	4,629417E+0	1,006456E-2	1,094073E-2	-1,696338E-2	-1,056144E-2	1,387954E+0	1,388463E+0
20220916 19:40:20,187	c_0_2107_20220916_19_40_20,187.bmp	6,437306E-1	4,645969E+0	1,006456E-2	1,349272E-2	-9,331032E-3	-1,821066E-2	1,395599E+0	1,396136E+0
20220916 19:40:26,189	c_0_2108_20220916_19_40_26,189.bmp	6,513650E-1	4,667612E+0	7,518835E-3	1,094073E-2	-6,786918E-3	-5,461963E-3	1,390502E+0	1,380789E+0
20220916 19:40:32,194	c_0_2109_20220916_19_40_32,194.bmp	6,513650E-1	4,686710E+0	8,791700E-3	1,476871E-2	-4,242803E-3	-8,011703E-3	1,398148E+0	1,396136E+0
20220916 19:40:38,194	c_0_2110_20220916_19_40_38,194.bmp	6,615442E-1	4,709626E+0	3,700242E-3	1,094073E-2	8,477769E-3	-5,461963E-3	1,390502E+0	1,388463E+0
20220916 19:40:44,198	c_0_2111_20220916_19_40_44,198.bmp	6,628166E-1	4,726178E+0	6,245971E-3	1,221673E-2	2,119834E-2	-8,011703E-3	1,395599E+0	1,396136E+0
20220916 19:40:50,200	c_0_2112_20220916_19_40_50,200.bmp	6,704510E-1	4,750368E+0	3,700242E-3	1,094073E-2	3,389540E-3	-5,461963E-3	1,385405E+0	1,385905E+0
20220916 19:40:56,200	c_0_2113_20220916_19_40_56,200.bmp	6,704510E-1	4,769465E+0	3,700242E-3	1,094073E-2	-1,187515E-2	-8,011703E-3	1,390502E+0	1,396136E+0
20220916 19:41:02,201	c_0_2114_20220916_19_41_02,201.bmp	6,768130E-1	4,792382E+0	6,245971E-3	8,388745E-3	-4,242803E-3	1,238622E-2	1,387954E+0	1,383347E+0
20220916 19:41:08,202	c_0_2115_20220916_19_41_08,202.bmp	6,780855E-1	4,811479E+0	7,518835E-3	7,112750E-3	8,454256E-4	7,286736E-3	1,385405E+0	1,383347E+0
20220916 19:41:14,206	c_0_2116_20220916_19_41_14,206.bmp	6,819027E-1	4,825484E+0	6,245971E-3	1,476871E-2	-1,187515E-2	-8,011703E-3	1,398148E+0	1,393578E+0
20220916 19:41:20,210	c_0_2117_20220916_19_41_20,210.bmp	6,882647E-1	4,853493E+0	4,973106E-3	7,112750E-3	8,454256E-4	-5,461963E-3	1,385405E+0	1,388463E+0
20220916 19:41:26,213	c_0_2118_20220916_19_41_26,213.bmp	6,882647E-1	4,868771E+0	1,006456E-2	1,094073E-2	-1,698689E-3	-2,912223E-3	1,390502E+0	1,388463E+0
20220916 19:41:32,213	c_0_2119_20220916_19_41_32,213.bmp	6,933543E-1	4,892961E+0	3,700242E-3	5,836756E-3	8,454256E-4	4,736996E-3	1,385405E+0	1,383347E+0
20220916 19:41:38,216	c_0_2120_20220916_19_41_38,216.bmp	7,022611E-1	4,912059E+0	3,700242E-3	7,112750E-3	3,389540E-3	-3,624835E-4	1,382857E+0	1,383347E+0
20220916 19:41:44,217	c_0_2121_20220916_19_41_44,217.bmp	7,035335E-1	4,927337E+0	7,518835E-3	1,094073E-2	-1,698689E-3	-8,011703E-3	1,390502E+0	1,388463E+0
20220916 19:41:50,218	c_0_2122_20220916_19_41_50,218.bmp	7,060783E-1	4,950253E+0	6,245971E-3	5,836756E-3	-9,331032E-3	-8,011703E-3	1,390502E+0	1,380789E+0
20220916 19:41:56,220	c_0_2123_20220916_19_41_56,220.bmp	7,124403E-1	4,969351E+0	6,245971E-3	1,094073E-2	-9,331032E-3	-1,056144E-2	1,390502E+0	1,396136E+0
20220916 19:42:02,225	c_0_2124_20220916_19_42_02,225.bmp	7,124403E-1	4,985902E+0	1,006456E-2	1,094073E-2	-9,331032E-3	-8,011703E-3	1,398148E+0	1,388463E+0
20220916 19:42:08,225	c_0_2125_20220916_19_42_08,225.bmp	7,175300E-1	5,004999E+0	8,791700E-3	1,094073E-2	-1,696338E-2	-5,461963E-3	1,395599E+0	1,385905E+0
20220916 19:42:14,229	c_0_2126_20220916_19_42_14,229.bmp	7,226196E-1	5,027916E+0	7,518835E-3	8,388745E-3	-9,331032E-3	-3,624835E-4	1,390502E+0	1,383347E+0
20220916 19:42:20,230	c_0_2127_20220916_19_42_20,230.bmp	7,277092E-1	5,044467E+0	6,245971E-3	1,349272E-2	-9,331032E-3	-1,056144E-2	1,395599E+0	1,396136E+0
20220916 19:42:26,230	c_0_2128_20220916_19_42_26,230.bmp	7,315264E-1	5,068657E+0	6,245971E-3	1,094073E-2	-9,331032E-3	-5,461963E-3	1,387954E+0	1,388463E+0
20220916 19:42:32,235	c_0_2129_20220916_19_42_32,235.bmp	7,353436E-1	5,085208E+0	8,791700E-3	1,476871E-2	-6,786918E-3	-8,011703E-3	1,398148E+0	1,396136E+0
20220916 19:42:38,235	c_0_2130_20220916_19_42_38,235.bmp	7,378884E-1	5,110672E+0	8,791700E-3	1,221673E-2	-1,187515E-2	2,187256E-3	1,387954E+0	1,388463E+0
20220916 19:42:44,235	c_0_2131_20220916_19_42_44,235.bmp	7,429780E-1	5,123403E+0	4,973106E-3	1,349272E-2	-9,331032E-3	-1,056144E-2	1,387954E+0	1,396136E+0
20220916 19:42:50,237	c_0_2132_20220916_19_42_50,237.bmp	7,518849E-1	5,150139E+0	2,427377E-3	1,094073E-2	-6,786918E-3	2,187256E-3	1,390502E+0	1,388463E+0
20220916 19:42:56,239	c_0_2133_20220916_19_42_56,239.bmp	7,544297E-1	5,169237E+0	3,700242E-3	1,094073E-2	8,454256E-4	-5,461963E-3	1,387954E+0	1,391021E+0
20220916 19:43:02,242	c_0_2134_20220916_19_43_02,242.bmp	7,595193E-1	5,190881E+0	3,700242E-3	8,388745E-3	8,454256E-4	-5,461963E-3	1,385405E+0	1,388463E+0
20220916 19:43:08,244	c_0_2135_20220916_19_43_08,244.bmp	7,582469E-1	5,206158E+0	1,006456E-2	1,349272E-2	-2,713983E-2	-1,311118E-2	1,398148E+0	1,393578E+0
20220916 19:43:14,244	c_0_2136_20220916_19_43_14,244.bmp	7,646089E-1	5,225256E+0	1,006456E-2	1,221673E-2	-6,786918E-3	-1,311118E-2	1,395599E+0	1,396136E+0
20220916 19:43:20,247	c_0_2137_20220916_19_43_20,247.bmp	7,684261E-1	5,249446E+0	6,245971E-3	9,664739E-3	-2,713983E-2	-2,912223E-3	1,387954E+0	1,388463E+0
20220916 19:43:26,252	c_0_2138_20220916_19_43_26,252.bmp	7,696985E-1	5,265997E+0	8,791700E-3	1,349272E-2	-1,187515E-2	-1,311118E-2	1,398148E+0	1,396136E+0
20220916 19:43:32,254	c_0_2139_20220916_19_43_32,254.bmp	7,824225E-1	5,292733E+0	3,700242E-3	9,664739E-3	8,454256E-4	-8,011703E-3	1,382857E+0	1,385905E+0
20220916 19:43:38,258	c_0_2140_20220916_19_43_38,258.bmp	7,798777E-1	5,309284E+0	8,791700E-3	1,094073E-2	-9,331032E-3	-8,011703E-3	1,387954E+0	1,380789E+0
20220916 19:43:44,259	c_0_2141_20220916_19_43_44,259.bmp	7,913294E-1	5,332201E+0	3,700242E-3	7,112750E-3	-1,698689E-3	-1,311118E-2	1,385405E+0	1,388463E+0
20220916 19:43:50,263	c_0_2142_20220916_19_43_50,263.bmp	7,951466E-1	5,348752E+0	6,245971E-3	1,094073E-2	-1,696338E-2	-2,912223E-3	1,387954E+0	1,393578E+0
20220916 19:43:56,264	c_0_2143_20220916_19_43_56,264.bmp	7,989638E-1	5,371669E+0	3,700242E-3	1,094073E-2	8,454256E-4	-1,311118E-2	1,385405E+0	1,388463E+0
20220916 19:44:02,268	c_0_2144_20220916_19_44_02,268.bmp	8,027810E-1	5,390766E+0	2,427377E-3	8,388745E-3	-3,986040E-2	7,286736E-3	1,382857E+0	1,383347E+0
20220916 19:44:08,269	c_0_2145_20220916_19_44_08,269.bmp	8,002362E-1	5,404771E+0	1,006456E-2	1,349272E-2	-1,696338E-2	-5,461963E-3	1,398148E+0	1,396136E+0
20220916 19:44:14,269	c_0_2146_20220916_19_44_14,269.bmp	8,104154E-1	5,431508E+0	3,700242E-3	8,388745E-3	8,454256E-4	-1,056144E-2	1,382857E+0	1,383347E+0
20220916 19:44:20,271	c_0_2147_20220916_19_44_20,271.bmp	8,116878E-1	5,444239E+0	8,791700E-3	1,349272E-2	8,454256E-4	-8,011703E-3	1,398148E+0	1,396136E+0
20220916 19:44:26,276	c_0_2148_20220916_19_44_26,276.bmp	8,205946E-1	5,470975E+0	3,700242E-3	8,388745E-3	-4,242803E-3	2,187256E-3	1,382857E+0	1,383347E+0
20220916 19:44:32,278	c_0_2149_20220916_19_44_32,278.bmp	8,231394E-1	5,484980E+0	8,791700E-3	1,476871E-2	-1,441926E-2	-1,821066E-2	1,395599E+0	1,396136E+0
20220916 19:44:38,283	c_0_2150_20220916_19_44_38,283.bmp	8,295015E-1	5,509170E+0	6,245971E-3	9,664739E-3	-2,968395E-2	-8,011703E-3	1,390502E+0	1,393578E+0
20220916 19:44:44,287	c_0_2151_20220916_19_44_44,287.bmp	8,358635E-1	5,526994E+0	6,245971E-3	1,094073E-2	8,454256E-4	2,187256E-3	1,390502E+0	1,396136E+0
20220916 19:44:50,291	c_0_2152_20220916_19_44_50,291.bmp	8,358635E-1	5,551184E+0	3,700242E-3	7,112750E-3	1,356600E-2	-5,461963E-3	1,385405E+0	1,388463E+0
20220916 19:44:56,293	c_0_2153_20220916_19_44_56,293.bmp	8,434979E-1	5,567736E+0	2,427377E-3	1,094073E-2	-2,968395E-2	-8,011703E-3	1,390502E+0	1,388463E+0
20220916 19:45:02,294	c_0_2154_20220916_19_45_02,294.bmp	8,434979E-1	5,589379E+0	6,245971E-3	1,349272E-2	-6,786918E-3	-2,076040E-2	1,390502E+0	1,393578E+0
20220916 19:45:08,294	c_0_2155_20220916_19_45_08,294.bmp	8,498599E-1	5,604657E+0	6,245971E-3	1,349272E-2	-2,205160E-2	-8,011703E-3	1,395599E+0	1,396136E+0
20220916 19:45:14,296	c_0_2156_20220916_19_45_14,296.bmp	8,587667E-1	5,632667E+0	3,700242E-3	1,094073E-2	-3,477218E-2	-1,056144E-2	1,385405E+0	1,388463E+0
20220916 19:45:20,300	c_0_2157_20220916_19_45_20,300.bmp	8,613116E-1	5,644125E+0	1,006456E-2	1,349272E-2	-2,459572E-2	-5,461963E-3	1,398148E+0	1,393578E+0
20220916 19:45:26,303	c_0_2158_20220916_19_45_26,303.bmp	8,651288E-1	5,672135E+0	3,700242E-3	7,112750E-3	-6,786918E-3	-8,011703E-3	1,385405E+0	1,383347E+0
20220916 19:45:32,305	c_0_2159_20220916_19_45_32,305.bmp	8,562219E-1	5,688686E+0	8,791700E-3	9,664739E-3	-1,696338E-2	-2,912223E-3	1,387954E+0	1,385905E+0
20220916 19:45:38,308	c_0_2160_20220916_19_45_38,308.bmp	8,511323E-1	5,705237E+0	8,791700E-3	1,476871E-2	-3,986040E-2	-8,011703E-3	1,398148E+0	1,393578E+0
20220916 19:45:44,308	c_0_2161_20220916_19_45_44,308.bmp	7,684261E-1	5,730700E+0	4,973106E-3	8,388745E-3	3,389540E-3	4,736996E-3	1,387954E+0	1,383347E+0
20220916 19:45:50,312	c_0_2162_20220916_19_45_50,312.bmp	6,233721E-1	5,747251E+0	7,518835E-3	1,094073E-2	-1,187515E-2	-2,912223E-3	1,387954E+0	1,383347E+0
20220916 19:45:56,317	c_0_2163_20220916_19_45_56,317.bmp	6,208273E-1	5,766348E+0	7,518835E-3	1,094073E-2	-4,242803E-3	-5,461963E-3	1,390502E+0	1,393578E+0
20220916 19:46:02,318	c_0_2164_20220916_19_46_02,318.bmp	6,246445E-1	5,787992E+0	7,518835E-3	1,094073E-2	-6,786918E-3	-2,912223E-3	1,387954E+0	1,388463E+0
20220916 19:46:08,320	c_0_2165_20220916_19_46_08,320.bmp	6,259169E-1	5,808363E+0	7,518835E-3	1,094073E-2	-6,786918E-3	-8,011703E-3	1,390502E+0	1,391021E+0
20220916 19:46:14,320	c_0_2166_20220916_19_46_14,320.bmp	6,259169E-1	5,805816E+0	3,700242E-3	1,094073E-2	8,454256E-4	-5,461963E-3	1,385405E+0	1,391021E+0
