20220916 19:16:55,636	c_1_1873_20220916_19_16_55,636.bmp	2,439196E-3	-6,599267E-2	7,518835E-3	1,094073E-2	-6,786918E-3	-3,624835E-4	1,387954E+0	1,385905E+0
20220916 19:17:01,636	c_1_1874_20220916_19_17_01,636.bmp	-1,056110E-4	-7,108531E-2	6,245971E-3	1,349272E-2	-1,187515E-2	-1,056144E-2	1,395599E+0	1,393578E+0
20220916 19:17:07,640	c_1_1875_20220916_19_17_07,640.bmp	3,043207E-2	1,167002E-2	6,245971E-3	1,094073E-2	-4,242803E-3	-5,461963E-3	1,390502E+0	1,388463E+0
20220916 19:17:13,645	c_1_1876_20220916_19_17_13,645.bmp	5,206293E-2	3,331373E-2	4,973106E-3	8,388745E-3	-2,205160E-2	4,736996E-3	1,387954E+0	1,383347E+0
20220916 19:17:19,648	c_1_1877_20220916_19_17_19,648.bmp	7,369379E-2	4,731847E-2	1,006456E-2	1,349272E-2	-6,786918E-3	-5,461963E-3	1,395599E+0	1,396136E+0
20220916 19:17:25,650	c_1_1878_20220916_19_17_25,650.bmp	9,914186E-2	7,405481E-2	2,427377E-3	8,388745E-3	8,454256E-4	2,187256E-3	1,385405E+0	1,380789E+0
20220916 19:17:31,651	c_1_1879_20220916_19_17_31,651.bmp	1,169555E-1	9,442535E-2	7,518835E-3	8,388745E-3	-1,696338E-2	7,286736E-3	1,382857E+0	1,380789E+0
20220916 19:17:37,654	c_1_1880_20220916_19_17_37,654.bmp	1,360416E-1	1,147959E-1	3,700242E-3	7,112750E-3	-6,786918E-3	-2,331014E-2	1,385405E+0	1,385905E+0
20220916 19:17:43,655	c_1_1881_20220916_19_17_43,655.bmp	1,500380E-1	1,313470E-1	6,245971E-3	1,349272E-2	8,454256E-4	-1,056144E-2	1,387954E+0	1,396136E+0
20220916 19:17:49,660	c_1_1882_20220916_19_17_49,660.bmp	1,691241E-1	1,542638E-1	2,427377E-3	1,094073E-2	8,454256E-4	-8,011703E-3	1,385405E+0	1,388463E+0
20220916 19:17:55,664	c_1_1883_20220916_19_17_55,664.bmp	1,780309E-1	1,682686E-1	1,006456E-2	1,349272E-2	-4,242803E-3	-3,624835E-4	1,398148E+0	1,393578E+0
20220916 19:18:01,667	c_1_1884_20220916_19_18_01,667.bmp	2,009341E-1	1,886391E-1	7,518835E-3	1,349272E-2	-1,696338E-2	-1,311118E-2	1,398148E+0	1,388463E+0
20220916 19:18:07,673	c_1_1885_20220916_19_18_07,673.bmp	2,187478E-1	2,141023E-1	3,700242E-3	8,388745E-3	-4,242803E-3	-1,056144E-2	1,382857E+0	1,391021E+0
20220916 19:18:13,675	c_1_1886_20220916_19_18_13,675.bmp	2,327442E-1	2,319265E-1	6,245971E-3	1,094073E-2	-4,242803E-3	2,187256E-3	1,387954E+0	1,383347E+0
20220916 19:18:19,675	c_1_1887_20220916_19_18_19,675.bmp	2,505579E-1	2,484776E-1	1,133743E-2	1,349272E-2	-9,331032E-3	-1,821066E-2	1,395599E+0	1,396136E+0
20220916 19:18:25,676	c_1_1888_20220916_19_18_25,676.bmp	2,721887E-1	2,739408E-1	3,700242E-3	7,112750E-3	-1,696338E-2	9,836476E-3	1,385405E+0	1,380789E+0
20220916 19:18:31,677	c_1_1889_20220916_19_18_31,677.bmp	2,849128E-1	2,879455E-1	8,791700E-3	1,221673E-2	-9,331032E-3	2,187256E-3	1,398148E+0	1,396136E+0
20220916 19:18:37,680	c_1_1890_20220916_19_18_37,680.bmp	3,027264E-1	3,108624E-1	6,245971E-3	9,664739E-3	-1,187515E-2	2,187256E-3	1,387954E+0	1,385905E+0
20220916 19:18:43,685	c_1_1891_20220916_19_18_43,685.bmp	3,230849E-1	3,337792E-1	3,700242E-3	8,388745E-3	8,454256E-4	2,187256E-3	1,382857E+0	1,383347E+0
20220916 19:18:49,688	c_1_1892_20220916_19_18_49,688.bmp	3,332641E-1	3,503303E-1	6,245971E-3	9,664739E-3	-1,441926E-2	-3,624835E-4	1,390502E+0	1,388463E+0
20220916 19:18:55,714	c_1_1893_20220916_19_18_55,714.bmp	3,548950E-1	3,732472E-1	4,973106E-3	7,112750E-3	-2,459572E-2	-3,624835E-4	1,385405E+0	1,383347E+0
20220916 19:19:01,717	c_1_1894_20220916_19_19_01,717.bmp	3,727086E-1	3,910714E-1	2,427377E-3	1,094073E-2	8,454256E-4	-3,624835E-4	1,390502E+0	1,388463E+0
20220916 19:19:07,719	c_1_1895_20220916_19_19_07,719.bmp	3,816154E-1	4,076224E-1	8,791700E-3	1,094073E-2	8,454256E-4	7,286736E-3	1,398148E+0	1,388463E+0
20220916 19:19:13,721	c_1_1896_20220916_19_19_13,721.bmp	4,032463E-1	4,267198E-1	7,518835E-3	1,221673E-2	1,356600E-2	-1,311118E-2	1,387954E+0	1,393578E+0
20220916 19:19:19,724	c_1_1897_20220916_19_19_19,724.bmp	4,172427E-1	4,509099E-1	1,006456E-2	1,094073E-2	-1,698689E-3	-1,311118E-2	1,390502E+0	1,385905E+0
20220916 19:19:25,726	c_1_1898_20220916_19_19_25,726.bmp	4,363288E-1	4,700072E-1	1,006456E-2	1,094073E-2	-2,205160E-2	-1,056144E-2	1,395599E+0	1,388463E+0
20220916 19:19:31,730	c_1_1899_20220916_19_19_31,730.bmp	4,579596E-1	4,941973E-1	3,700242E-3	7,112750E-3	-4,242803E-3	-2,912223E-3	1,382857E+0	1,383347E+0
20220916 19:19:37,731	c_1_1900_20220916_19_19_37,731.bmp	4,770457E-1	5,132946E-1	3,700242E-3	1,094073E-2	-1,698689E-3	-5,461963E-3	1,382857E+0	1,388463E+0
20220916 19:19:43,734	c_1_1901_20220916_19_19_43,734.bmp	4,884973E-1	5,285725E-1	1,006456E-2	1,094073E-2	-1,441926E-2	-8,011703E-3	1,395599E+0	1,385905E+0
20220916 19:19:49,739	c_1_1902_20220916_19_19_49,739.bmp	5,114006E-1	5,553089E-1	3,700242E-3	7,112750E-3	3,389540E-3	-5,461963E-3	1,382857E+0	1,383347E+0
20220916 19:19:55,742	c_1_1903_20220916_19_19_55,742.bmp	5,215798E-1	5,667673E-1	8,791700E-3	1,349272E-2	-1,187515E-2	-3,624835E-4	1,395599E+0	1,393578E+0
20220916 19:20:01,746	c_1_1904_20220916_19_20_01,746.bmp	5,419383E-1	5,922305E-1	6,245971E-3	7,112750E-3	-6,786918E-3	-8,011703E-3	1,390502E+0	1,383347E+0
20220916 19:20:07,748	c_1_1905_20220916_19_20_07,748.bmp	5,584795E-1	6,075084E-1	8,791700E-3	1,476871E-2	-6,786918E-3	-8,011703E-3	1,398148E+0	1,388463E+0
20220916 19:20:13,748	c_1_1906_20220916_19_20_13,748.bmp	5,801104E-1	6,329716E-1	3,700242E-3	8,388745E-3	-4,242803E-3	2,187256E-3	1,385405E+0	1,383347E+0
20220916 19:20:19,749	c_1_1907_20220916_19_20_19,749.bmp	5,979240E-1	6,495226E-1	4,973106E-3	1,094073E-2	-4,242803E-3	-3,624835E-4	1,387954E+0	1,396136E+0
20220916 19:20:25,751	c_1_1908_20220916_19_20_25,751.bmp	6,106481E-1	6,711663E-1	6,245971E-3	1,094073E-2	-4,242803E-3	-3,350910E-2	1,387954E+0	1,396136E+0
20220916 19:20:31,755	c_1_1909_20220916_19_20_31,755.bmp	6,322789E-1	6,915369E-1	3,700242E-3	1,094073E-2	8,477769E-3	-5,461963E-3	1,382857E+0	1,388463E+0
20220916 19:20:37,764	c_1_1910_20220916_19_20_37,764.bmp	6,437306E-1	7,119074E-1	1,006456E-2	1,094073E-2	-1,441926E-2	-5,461963E-3	1,398148E+0	1,388463E+0
20220916 19:20:43,768	c_1_1911_20220916_19_20_43,768.bmp	6,589994E-1	7,271853E-1	1,006456E-2	1,476871E-2	-6,786918E-3	-8,011703E-3	1,395599E+0	1,396136E+0
20220916 19:20:49,769	c_1_1912_20220916_19_20_49,769.bmp	6,831751E-1	7,501022E-1	3,700242E-3	1,094073E-2	-1,696338E-2	-1,056144E-2	1,390502E+0	1,388463E+0
20220916 19:20:55,778	c_1_1913_20220916_19_20_55,778.bmp	7,009887E-1	7,755654E-1	3,700242E-3	8,388745E-3	8,477769E-3	-5,461963E-3	1,385405E+0	1,380789E+0
20220916 19:21:01,783	c_1_1914_20220916_19_21_01,783.bmp	7,111679E-1	7,857506E-1	8,791700E-3	1,476871E-2	-9,331032E-3	-3,350910E-2	1,398148E+0	1,393578E+0
20220916 19:21:07,784	c_1_1915_20220916_19_21_07,784.bmp	7,366160E-1	8,137601E-1	7,518835E-3	8,388745E-3	8,454256E-4	2,513491E-2	1,382857E+0	1,388463E+0
20220916 19:21:13,790	c_1_1916_20220916_19_21_13,790.bmp	7,493400E-1	8,315844E-1	6,245971E-3	1,094073E-2	-6,786918E-3	2,513491E-2	1,390502E+0	1,385905E+0
20220916 19:21:19,795	c_1_1917_20220916_19_21_19,795.bmp	7,671537E-1	8,532281E-1	6,245971E-3	7,112750E-3	-9,331032E-3	-2,912223E-3	1,385405E+0	1,380789E+0
20220916 19:21:25,795	c_1_1918_20220916_19_21_25,795.bmp	7,824225E-1	8,697791E-1	8,791700E-3	9,664739E-3	-1,698689E-3	-8,011703E-3	1,387954E+0	1,385905E+0
20220916 19:21:31,799	c_1_1919_20220916_19_21_31,799.bmp	7,989638E-1	8,876034E-1	8,791700E-3	1,349272E-2	-1,696338E-2	-1,311118E-2	1,395599E+0	1,396136E+0
20220916 19:21:37,803	c_1_1920_20220916_19_21_37,803.bmp	8,167774E-1	9,067007E-1	1,006456E-2	1,094073E-2	-2,713983E-2	-8,011703E-3	1,398148E+0	1,385905E+0
20220916 19:21:43,804	c_1_1921_20220916_19_21_43,804.bmp	8,396807E-1	9,334371E-1	7,518835E-3	7,112750E-3	8,477769E-3	-5,461963E-3	1,382857E+0	1,380789E+0
20220916 19:21:49,807	c_1_1922_20220916_19_21_49,807.bmp	8,549495E-1	9,474418E-1	8,791700E-3	1,094073E-2	-1,696338E-2	-8,011703E-3	1,395599E+0	1,388463E+0
20220916 19:21:55,812	c_1_1923_20220916_19_21_55,812.bmp	8,791252E-1	9,741782E-1	2,427377E-3	5,836756E-3	1,102188E-2	2,187256E-3	1,382857E+0	1,383347E+0
20220916 19:22:01,813	c_1_1924_20220916_19_22_01,813.bmp	8,918492E-1	9,920024E-1	8,791700E-3	1,094073E-2	-4,242803E-3	2,187256E-3	1,387954E+0	1,385905E+0
20220916 19:22:07,815	c_1_1925_20220916_19_22_07,815.bmp	9,134801E-1	1,011100E+0	7,518835E-3	1,094073E-2	-1,187515E-2	-3,624835E-4	1,390502E+0	1,385905E+0
20220916 19:22:13,820	c_1_1926_20220916_19_22_13,820.bmp	9,300213E-1	1,026378E+0	8,791700E-3	1,221673E-2	8,454256E-4	-2,076040E-2	1,398148E+0	1,396136E+0
20220916 19:22:19,820	c_1_1927_20220916_19_22_19,820.bmp	9,478350E-1	1,050568E+0	1,006456E-2	1,094073E-2	-1,698689E-3	-8,011703E-3	1,387954E+0	1,391021E+0
20220916 19:22:25,824	c_1_1928_20220916_19_22_25,824.bmp	9,732831E-1	1,069665E+0	6,245971E-3	1,094073E-2	-4,242803E-3	-8,011703E-3	1,387954E+0	1,388463E+0
20220916 19:22:31,826	c_1_1929_20220916_19_22_31,826.bmp	9,898243E-1	1,092582E+0	3,700242E-3	7,112750E-3	8,454256E-4	4,736996E-3	1,382857E+0	1,383347E+0
20220916 19:22:37,831	c_1_1930_20220916_19_22_37,831.bmp	1,007638E+0	1,110406E+0	4,973106E-3	7,112750E-3	-4,242803E-3	2,187256E-3	1,387954E+0	1,383347E+0
20220916 19:22:43,836	c_1_1931_20220916_19_22_43,836.bmp	1,027996E+0	1,133323E+0	3,700242E-3	1,094073E-2	8,454256E-4	-5,461963E-3	1,385405E+0	1,388463E+0
20220916 19:22:49,840	c_1_1932_20220916_19_22_49,840.bmp	1,041993E+0	1,151147E+0	7,518835E-3	1,094073E-2	-1,187515E-2	-2,912223E-3	1,387954E+0	1,385905E+0
20220916 19:22:55,841	c_1_1933_20220916_19_22_55,841.bmp	1,066169E+0	1,175337E+0	3,700242E-3	7,112750E-3	8,454256E-4	2,187256E-3	1,382857E+0	1,383347E+0
20220916 19:23:01,844	c_1_1934_20220916_19_23_01,844.bmp	1,083982E+0	1,190615E+0	7,518835E-3	1,094073E-2	-9,331032E-3	-3,624835E-4	1,390502E+0	1,383347E+0
20220916 19:23:07,845	c_1_1935_20220916_19_23_07,845.bmp	1,097979E+0	1,208439E+0	8,791700E-3	1,476871E-2	-1,441926E-2	-8,011703E-3	1,398148E+0	1,393578E+0
20220916 19:23:13,845	c_1_1936_20220916_19_23_13,845.bmp	1,119609E+0	1,232629E+0	6,245971E-3	7,112750E-3	-9,331032E-3	9,836476E-3	1,382857E+0	1,383347E+0
20220916 19:23:19,847	c_1_1937_20220916_19_23_19,847.bmp	1,137423E+0	1,250454E+0	6,245971E-3	1,094073E-2	-9,331032E-3	9,836476E-3	1,390502E+0	1,388463E+0
20220916 19:23:25,851	c_1_1938_20220916_19_23_25,851.bmp	1,159054E+0	1,268278E+0	1,006456E-2	1,221673E-2	-6,786918E-3	-8,011703E-3	1,398148E+0	1,393578E+0
20220916 19:23:31,855	c_1_1939_20220916_19_23_31,855.bmp	1,173050E+0	1,287375E+0	1,006456E-2	1,221673E-2	-1,950749E-2	-5,461963E-3	1,395599E+0	1,388463E+0
20220916 19:23:37,857	c_1_1940_20220916_19_23_37,857.bmp	1,195954E+0	1,311565E+0	7,518835E-3	1,349272E-2	-9,331032E-3	-5,461963E-3	1,387954E+0	1,393578E+0
20220916 19:23:43,860	c_1_1941_20220916_19_23_43,860.bmp	1,211223E+0	1,330663E+0	1,006456E-2	9,664739E-3	-9,331032E-3	-8,011703E-3	1,390502E+0	1,388463E+0
20220916 19:23:49,860	c_1_1942_20220916_19_23_49,860.bmp	1,227764E+0	1,351033E+0	8,791700E-3	9,664739E-3	-2,968395E-2	-5,461963E-3	1,387954E+0	1,385905E+0
20220916 19:23:55,865	c_1_1943_20220916_19_23_55,865.bmp	1,253212E+0	1,376496E+0	3,700242E-3	7,112750E-3	3,389540E-3	-2,912223E-3	1,382857E+0	1,383347E+0
20220916 19:24:01,865	c_1_1944_20220916_19_24_01,865.bmp	1,269753E+0	1,394321E+0	7,518835E-3	7,112750E-3	-6,786918E-3	-3,624835E-4	1,382857E+0	1,383347E+0
20220916 19:24:07,867	c_1_1945_20220916_19_24_07,867.bmp	1,283750E+0	1,410872E+0	1,006456E-2	1,094073E-2	-6,786918E-3	-2,912223E-3	1,387954E+0	1,385905E+0
20220916 19:24:13,870	c_1_1946_20220916_19_24_13,870.bmp	1,304108E+0	1,428696E+0	4,973106E-3	1,476871E-2	-6,786918E-3	-8,011703E-3	1,398148E+0	1,388463E+0
20220916 19:24:19,893	c_1_1947_20220916_19_24_19,893.bmp	1,323194E+0	1,454159E+0	4,973106E-3	7,112750E-3	1,102188E-2	2,187256E-3	1,385405E+0	1,388463E+0
20220916 19:24:25,897	c_1_1948_20220916_19_24_25,897.bmp	1,335918E+0	1,471983E+0	6,245971E-3	9,664739E-3	-1,187515E-2	7,286736E-3	1,387954E+0	1,388463E+0
20220916 19:24:31,904	c_1_1949_20220916_19_24_31,904.bmp	1,352459E+0	1,493627E+0	6,245971E-3	8,388745E-3	-6,786918E-3	2,187256E-3	1,382857E+0	1,383347E+0
20220916 19:24:37,904	c_1_1950_20220916_19_24_37,904.bmp	1,367728E+0	1,511451E+0	7,518835E-3	1,221673E-2	3,389540E-3	-1,311118E-2	1,390502E+0	1,393578E+0
20220916 19:24:43,904	c_1_1951_20220916_19_24_43,904.bmp	1,384269E+0	1,534368E+0	3,700242E-3	7,112750E-3	-1,698689E-3	-5,461963E-3	1,382857E+0	1,383347E+0
20220916 19:24:49,909	c_1_1952_20220916_19_24_49,909.bmp	1,394449E+0	1,553465E+0	4,973106E-3	8,388745E-3	5,933654E-3	-3,624835E-4	1,385405E+0	1,383347E+0
20220916 19:24:55,912	c_1_1953_20220916_19_24_55,912.bmp	1,405900E+0	1,567470E+0	6,245971E-3	1,349272E-2	-6,786918E-3	-8,011703E-3	1,390502E+0	1,396136E+0
20220916 19:25:01,915	c_1_1954_20220916_19_25_01,915.bmp	1,413535E+0	1,592933E+0	3,700242E-3	8,388745E-3	3,389540E-3	-1,821066E-2	1,382857E+0	1,388463E+0
20220916 19:25:07,919	c_1_1955_20220916_19_25_07,919.bmp	1,410990E+0	1,608211E+0	8,791700E-3	1,349272E-2	-1,950749E-2	-5,461963E-3	1,395599E+0	1,393578E+0
20220916 19:25:13,922	c_1_1956_20220916_19_25_13,922.bmp	1,119609E+0	1,631128E+0	3,700242E-3	1,094073E-2	-4,242803E-3	-8,011703E-3	1,387954E+0	1,388463E+0
20220916 19:25:19,925	c_1_1957_20220916_19_25_19,925.bmp	1,045810E+0	1,650226E+0	7,518835E-3	1,094073E-2	8,454256E-4	7,286736E-3	1,387954E+0	1,383347E+0
20220916 19:25:25,930	c_1_1958_20220916_19_25_25,930.bmp	1,034358E+0	1,670596E+0	7,518835E-3	8,388745E-3	-2,968395E-2	2,187256E-3	1,387954E+0	1,383347E+0
20220916 19:25:31,937	c_1_1959_20220916_19_25_31,937.bmp	1,034358E+0	1,692240E+0	7,518835E-3	1,094073E-2	-9,331032E-3	1,493596E-2	1,387954E+0	1,383347E+0
20220916 19:25:37,940	c_1_1960_20220916_19_25_37,940.bmp	1,039448E+0	1,712610E+0	3,700242E-3	8,388745E-3	8,477769E-3	-2,912223E-3	1,382857E+0	1,383347E+0
20220916 19:25:43,941	c_1_1961_20220916_19_25_43,941.bmp	1,050900E+0	1,732981E+0	6,245971E-3	7,112750E-3	-1,187515E-2	-1,056144E-2	1,382857E+0	1,383347E+0
20220916 19:25:49,941	c_1_1962_20220916_19_25_49,941.bmp	1,050900E+0	1,749532E+0	1,006456E-2	1,094073E-2	-4,494863E-2	-1,056144E-2	1,395599E+0	1,391021E+0
20220916 19:25:55,943	c_1_1963_20220916_19_25_55,943.bmp	1,068713E+0	1,771176E+0	3,700242E-3	1,094073E-2	-6,786918E-3	-3,624835E-4	1,382857E+0	1,388463E+0
20220916 19:26:01,947	c_1_1964_20220916_19_26_01,947.bmp	1,068713E+0	1,789000E+0	1,006456E-2	1,349272E-2	-1,696338E-2	-1,311118E-2	1,395599E+0	1,393578E+0
20220916 19:26:07,950	c_1_1965_20220916_19_26_07,950.bmp	1,077620E+0	1,813190E+0	3,700242E-3	7,112750E-3	3,389540E-3	9,836476E-3	1,382857E+0	1,383347E+0
20220916 19:26:13,952	c_1_1966_20220916_19_26_13,952.bmp	1,067441E+0	1,832287E+0	8,791700E-3	1,094073E-2	-1,441926E-2	-1,821066E-2	1,395599E+0	1,385905E+0
20220916 19:26:19,956	c_1_1967_20220916_19_26_19,956.bmp	1,067441E+0	1,855204E+0	3,700242E-3	1,094073E-2	-4,242803E-3	-5,461963E-3	1,382857E+0	1,388463E+0
20220916 19:26:25,959	c_1_1968_20220916_19_26_25,959.bmp	1,053444E+0	1,873028E+0	3,700242E-3	8,388745E-3	3,389540E-3	2,187256E-3	1,385405E+0	1,385905E+0
20220916 19:26:31,960	c_1_1969_20220916_19_26_31,960.bmp	1,012728E+0	1,893399E+0	3,700242E-3	1,221673E-2	-4,242803E-3	-8,011703E-3	1,382857E+0	1,388463E+0
20220916 19:26:37,961	c_1_1970_20220916_19_26_37,961.bmp	9,796451E-1	1,907404E+0	6,245971E-3	1,349272E-2	-9,331032E-3	-2,076040E-2	1,387954E+0	1,393578E+0
20220916 19:26:43,962	c_1_1971_20220916_19_26_43,962.bmp	9,771003E-1	1,931594E+0	7,518835E-3	1,094073E-2	-1,187515E-2	4,736996E-3	1,390502E+0	1,393578E+0
20220916 19:26:49,966	c_1_1972_20220916_19_26_49,966.bmp	9,758279E-1	1,951964E+0	3,700242E-3	1,094073E-2	-2,713983E-2	-8,011703E-3	1,390502E+0	1,393578E+0
20220916 19:26:55,971	c_1_1973_20220916_19_26_55,971.bmp	9,732831E-1	1,974881E+0	3,700242E-3	5,836756E-3	-6,786918E-3	-3,624835E-4	1,385405E+0	1,388463E+0
20220916 19:27:01,974	c_1_1974_20220916_19_27_01,974.bmp	9,376558E-1	1,987613E+0	1,006456E-2	1,349272E-2	-1,950749E-2	-1,311118E-2	1,395599E+0	1,396136E+0
20220916 19:27:07,978	c_1_1975_20220916_19_27_07,978.bmp	9,236593E-1	2,007983E+0	7,518835E-3	1,349272E-2	-1,187515E-2	-1,566092E-2	1,387954E+0	1,393578E+0
20220916 19:27:13,979	c_1_1976_20220916_19_27_13,979.bmp	9,211145E-1	2,030900E+0	1,006456E-2	9,664739E-3	-1,696338E-2	4,736996E-3	1,398148E+0	1,385905E+0
20220916 19:27:19,986	c_1_1977_20220916_19_27_19,986.bmp	9,287489E-1	2,053817E+0	3,700242E-3	7,112750E-3	3,389540E-3	-8,011703E-3	1,382857E+0	1,383347E+0
20220916 19:27:25,991	c_1_1978_20220916_19_27_25,991.bmp	9,287489E-1	2,067822E+0	1,006456E-2	1,221673E-2	-9,331032E-3	-1,311118E-2	1,398148E+0	1,396136E+0
20220916 19:27:31,991	c_1_1979_20220916_19_27_31,991.bmp	9,312937E-1	2,090739E+0	1,006456E-2	1,094073E-2	-1,187515E-2	-1,056144E-2	1,395599E+0	1,385905E+0
20220916 19:27:37,992	c_1_1980_20220916_19_27_37,992.bmp	9,427454E-1	2,114929E+0	7,518835E-3	7,112750E-3	-4,242803E-3	-3,624835E-4	1,382857E+0	1,383347E+0
20220916 19:27:43,993	c_1_1981_20220916_19_27_43,993.bmp	9,529246E-1	2,130206E+0	3,700242E-3	1,094073E-2	-1,698689E-3	-5,461963E-3	1,390502E+0	1,388463E+0
20220916 19:27:49,997	c_1_1982_20220916_19_27_49,997.bmp	9,554694E-1	2,150577E+0	1,006456E-2	9,664739E-3	-1,187515E-2	-5,461963E-3	1,398148E+0	1,388463E+0
20220916 19:27:56,000	c_1_1983_20220916_19_27_56,000.bmp	9,681934E-1	2,173494E+0	6,245971E-3	8,388745E-3	-9,331032E-3	-2,912223E-3	1,382857E+0	1,383347E+0
20220916 19:28:02,002	c_1_1984_20220916_19_28_02,002.bmp	9,707383E-1	2,191318E+0	8,791700E-3	1,094073E-2	-6,786918E-3	-8,011703E-3	1,387954E+0	1,383347E+0
20220916 19:28:08,005	c_1_1985_20220916_19_28_08,005.bmp	9,821899E-1	2,206596E+0	7,518835E-3	1,476871E-2	-4,242803E-3	-8,011703E-3	1,398148E+0	1,393578E+0
20220916 19:28:14,009	c_1_1986_20220916_19_28_14,009.bmp	9,847347E-1	2,232059E+0	8,791700E-3	9,664739E-3	-1,696338E-2	-8,011703E-3	1,390502E+0	1,388463E+0
20220916 19:28:20,010	c_1_1987_20220916_19_28_20,010.bmp	1,000004E+0	2,252430E+0	3,700242E-3	1,094073E-2	-1,698689E-3	-1,056144E-2	1,387954E+0	1,388463E+0
20220916 19:28:26,019	c_1_1988_20220916_19_28_26,019.bmp	1,007638E+0	2,274073E+0	3,700242E-3	8,388745E-3	1,102188E-2	4,736996E-3	1,385405E+0	1,383347E+0
20220916 19:28:32,020	c_1_1989_20220916_19_28_32,020.bmp	1,012728E+0	2,291898E+0	3,700242E-3	1,094073E-2	3,389540E-3	-5,461963E-3	1,382857E+0	1,388463E+0
20220916 19:28:38,021	c_1_1990_20220916_19_28_38,021.bmp	1,014000E+0	2,310995E+0	8,791700E-3	1,094073E-2	-1,698689E-3	-3,624835E-4	1,390502E+0	1,388463E+0
20220916 19:28:44,023	c_1_1991_20220916_19_28_44,023.bmp	1,024179E+0	2,331366E+0	1,006456E-2	1,094073E-2	-6,786918E-3	-2,912223E-3	1,387954E+0	1,383347E+0
20220916 19:28:50,028	c_1_1992_20220916_19_28_50,028.bmp	1,034358E+0	2,351736E+0	7,518835E-3	1,094073E-2	-4,242803E-3	-2,912223E-3	1,387954E+0	1,385905E+0
20220916 19:28:56,029	c_1_1993_20220916_19_28_56,029.bmp	1,047082E+0	2,373380E+0	3,700242E-3	1,094073E-2	8,454256E-4	-3,624835E-4	1,382857E+0	1,388463E+0
20220916 19:29:02,029	c_1_1994_20220916_19_29_02,029.bmp	1,050900E+0	2,386111E+0	7,518835E-3	1,349272E-2	-6,786918E-3	7,286736E-3	1,390502E+0	1,393578E+0
20220916 19:29:08,034	c_1_1995_20220916_19_29_08,034.bmp	1,064896E+0	2,410301E+0	7,518835E-3	1,094073E-2	8,454256E-4	-2,076040E-2	1,390502E+0	1,388463E+0
20220916 19:29:14,035	c_1_1996_20220916_19_29_14,035.bmp	1,071258E+0	2,430672E+0	6,245971E-3	1,094073E-2	8,454256E-4	-1,311118E-2	1,390502E+0	1,388463E+0
20220916 19:29:20,037	c_1_1997_20220916_19_29_20,037.bmp	1,077620E+0	2,453589E+0	3,700242E-3	8,388745E-3	-1,698689E-3	4,736996E-3	1,382857E+0	1,383347E+0
20220916 19:29:26,040	c_1_1998_20220916_19_29_26,040.bmp	1,078893E+0	2,470140E+0	6,245971E-3	8,388745E-3	-6,786918E-3	7,286736E-3	1,387954E+0	1,383347E+0
20220916 19:29:32,041	c_1_1999_20220916_19_29_32,041.bmp	1,086527E+0	2,490510E+0	7,518835E-3	9,664739E-3	-6,786918E-3	-3,624835E-4	1,390502E+0	1,388463E+0
20220916 19:29:38,045	c_1_2000_20220916_19_29_38,045.bmp	1,096706E+0	2,509608E+0	6,245971E-3	9,664739E-3	-1,187515E-2	-5,461963E-3	1,390502E+0	1,383347E+0
20220916 19:29:44,046	c_1_2001_20220916_19_29_44,046.bmp	1,108158E+0	2,529978E+0	6,245971E-3	1,094073E-2	-1,696338E-2	-8,011703E-3	1,387954E+0	1,388463E+0
20220916 19:29:50,048	c_1_2002_20220916_19_29_50,048.bmp	1,111975E+0	2,552895E+0	7,518835E-3	7,112750E-3	-6,786918E-3	4,736996E-3	1,385405E+0	1,383347E+0
20220916 19:29:56,048	c_1_2003_20220916_19_29_56,048.bmp	1,120882E+0	2,574539E+0	7,518835E-3	7,112750E-3	-6,786918E-3	2,187256E-3	1,385405E+0	1,383347E+0
20220916 19:30:02,050	c_1_2004_20220916_19_30_02,050.bmp	1,129789E+0	2,587271E+0	6,245971E-3	1,476871E-2	-1,696338E-2	-1,311118E-2	1,390502E+0	1,393578E+0
20220916 19:30:08,050	c_1_2005_20220916_19_30_08,050.bmp	1,137423E+0	2,610187E+0	7,518835E-3	1,094073E-2	-6,786918E-3	-1,311118E-2	1,390502E+0	1,388463E+0
20220916 19:30:14,050	c_1_2006_20220916_19_30_14,050.bmp	1,147602E+0	2,629285E+0	7,518835E-3	1,094073E-2	-1,698689E-3	-5,461963E-3	1,390502E+0	1,388463E+0
20220916 19:30:20,053	c_1_2007_20220916_19_30_20,053.bmp	1,155237E+0	2,648382E+0	7,518835E-3	1,476871E-2	-9,331032E-3	-8,011703E-3	1,395599E+0	1,396136E+0
20220916 19:30:26,055	c_1_2008_20220916_19_30_26,055.bmp	1,162871E+0	2,667480E+0	1,006456E-2	1,349272E-2	-6,786918E-3	-8,011703E-3	1,395599E+0	1,396136E+0
20220916 19:30:32,055	c_1_2009_20220916_19_30_32,055.bmp	1,169233E+0	2,690396E+0	6,245971E-3	1,094073E-2	-9,331032E-3	-5,461963E-3	1,390502E+0	1,396136E+0
20220916 19:30:38,060	c_1_2010_20220916_19_30_38,060.bmp	1,171778E+0	2,710767E+0	7,518835E-3	1,094073E-2	-4,242803E-3	-3,624835E-4	1,387954E+0	1,383347E+0
20220916 19:30:44,063	c_1_2011_20220916_19_30_44,063.bmp	1,170506E+0	2,729864E+0	8,791700E-3	1,094073E-2	-6,786918E-3	2,187256E-3	1,390502E+0	1,388463E+0
20220916 19:30:50,065	c_1_2012_20220916_19_30_50,065.bmp	1,156509E+0	2,752781E+0	4,973106E-3	1,094073E-2	-4,242803E-3	-5,461963E-3	1,382857E+0	1,388463E+0
20220916 19:30:56,070	c_1_2013_20220916_19_30_56,070.bmp	9,987311E-1	2,766786E+0	1,006456E-2	1,094073E-2	-1,441926E-2	-2,912223E-3	1,395599E+0	1,388463E+0
20220916 19:31:02,074	c_1_2014_20220916_19_31_02,074.bmp	9,134801E-1	2,790976E+0	3,700242E-3	1,094073E-2	8,454256E-4	-2,912223E-3	1,382857E+0	1,388463E+0
20220916 19:31:08,075	c_1_2015_20220916_19_31_08,075.bmp	9,083905E-1	2,812620E+0	3,700242E-3	1,094073E-2	-1,698689E-3	4,736996E-3	1,382857E+0	1,388463E+0
20220916 19:31:14,084	c_1_2016_20220916_19_31_14,084.bmp	9,071181E-1	2,830444E+0	6,245971E-3	1,094073E-2	-6,786918E-3	-2,912223E-3	1,390502E+0	1,393578E+0
20220916 19:31:20,088	c_1_2017_20220916_19_31_20,088.bmp	9,071181E-1	2,848268E+0	4,973106E-3	1,094073E-2	-1,441926E-2	-3,624835E-4	1,390502E+0	1,388463E+0
20220916 19:31:26,092	c_1_2018_20220916_19_31_26,092.bmp	9,109353E-1	2,872458E+0	3,700242E-3	1,094073E-2	-4,242803E-3	2,187256E-3	1,382857E+0	1,388463E+0
20220916 19:31:32,093	c_1_2019_20220916_19_31_32,093.bmp	9,160249E-1	2,891556E+0	3,700242E-3	1,094073E-2	-4,242803E-3	-5,461963E-3	1,387954E+0	1,388463E+0
20220916 19:31:38,098	c_1_2020_20220916_19_31_38,098.bmp	9,211145E-1	2,911926E+0	3,700242E-3	1,094073E-2	-9,331032E-3	-5,461963E-3	1,387954E+0	1,388463E+0
20220916 19:31:44,099	c_1_2021_20220916_19_31_44,099.bmp	9,236593E-1	2,929750E+0	2,427377E-3	9,664739E-3	8,454256E-4	-2,912223E-3	1,385405E+0	1,388463E+0
20220916 19:31:50,100	c_1_2022_20220916_19_31_50,100.bmp	9,223869E-1	2,950121E+0	7,518835E-3	5,836756E-3	-1,696338E-2	-2,912223E-3	1,390502E+0	1,383347E+0
20220916 19:31:56,102	c_1_2023_20220916_19_31_56,102.bmp	9,223869E-1	2,973038E+0	7,518835E-3	8,388745E-3	-6,786918E-3	-3,624835E-4	1,382857E+0	1,383347E+0
20220916 19:32:02,105	c_1_2024_20220916_19_32_02,105.bmp	9,147525E-1	2,985769E+0	7,518835E-3	1,221673E-2	-1,441926E-2	-1,311118E-2	1,398148E+0	1,396136E+0
20220916 19:32:08,107	c_1_2025_20220916_19_32_08,107.bmp	8,358635E-1	3,006140E+0	8,791700E-3	9,664739E-3	-1,696338E-2	4,736996E-3	1,398148E+0	1,388463E+0
20220916 19:32:14,107	c_1_2026_20220916_19_32_14,107.bmp	7,569745E-1	3,029057E+0	6,245971E-3	1,349272E-2	8,454256E-4	-1,311118E-2	1,387954E+0	1,396136E+0
20220916 19:32:20,107	c_1_2027_20220916_19_32_20,107.bmp	7,315264E-1	3,049427E+0	3,700242E-3	1,094073E-2	3,389540E-3	2,187256E-3	1,390502E+0	1,388463E+0
20220916 19:32:26,112	c_1_2028_20220916_19_32_26,112.bmp	7,289816E-1	3,072344E+0	7,518835E-3	9,664739E-3	-6,786918E-3	-2,912223E-3	1,390502E+0	1,388463E+0
20220916 19:32:32,120	c_1_2029_20220916_19_32_32,120.bmp	7,289816E-1	3,086349E+0	7,518835E-3	1,349272E-2	-6,786918E-3	-8,011703E-3	1,398148E+0	1,396136E+0
20220916 19:32:38,121	c_1_2030_20220916_19_32_38,121.bmp	7,353436E-1	3,114358E+0	3,700242E-3	5,836756E-3	-6,786918E-3	7,286736E-3	1,385405E+0	1,380789E+0
20220916 19:32:44,124	c_1_2031_20220916_19_32_44,124.bmp	7,353436E-1	3,130909E+0	6,245971E-3	1,094073E-2	-9,331032E-3	-5,461963E-3	1,387954E+0	1,385905E+0
20220916 19:32:50,126	c_1_2032_20220916_19_32_50,126.bmp	7,391608E-1	3,151280E+0	7,518835E-3	9,664739E-3	-1,187515E-2	7,286736E-3	1,390502E+0	1,385905E+0
20220916 19:32:56,131	c_1_2033_20220916_19_32_56,131.bmp	7,429780E-1	3,166558E+0	8,791700E-3	1,349272E-2	-1,187515E-2	-8,011703E-3	1,398148E+0	1,396136E+0
20220916 19:33:02,131	c_1_2034_20220916_19_33_02,131.bmp	7,467952E-1	3,190748E+0	6,245971E-3	1,094073E-2	-1,187515E-2	-8,011703E-3	1,387954E+0	1,388463E+0
20220916 19:33:08,132	c_1_2035_20220916_19_33_08,132.bmp	7,531573E-1	3,209845E+0	2,427377E-3	9,664739E-3	-6,786918E-3	-5,461963E-3	1,387954E+0	1,396136E+0
20220916 19:33:14,133	c_1_2036_20220916_19_33_14,133.bmp	7,531573E-1	3,227669E+0	8,791700E-3	1,476871E-2	-1,187515E-2	-8,011703E-3	1,395599E+0	1,396136E+0
20220916 19:33:20,134	c_1_2037_20220916_19_33_20,134.bmp	7,569745E-1	3,249313E+0	6,245971E-3	1,094073E-2	-9,331032E-3	-2,912223E-3	1,390502E+0	1,388463E+0
20220916 19:33:26,136	c_1_2038_20220916_19_33_26,136.bmp	7,595193E-1	3,270957E+0	6,245971E-3	9,664739E-3	-9,331032E-3	-1,566092E-2	1,390502E+0	1,393578E+0
20220916 19:33:32,138	c_1_2039_20220916_19_33_32,138.bmp	7,620641E-1	3,286235E+0	1,006456E-2	1,094073E-2	-2,968395E-2	-5,461963E-3	1,398148E+0	1,385905E+0
20220916 19:33:38,141	c_1_2040_20220916_19_33_38,141.bmp	7,658813E-1	3,309152E+0	6,245971E-3	1,349272E-2	-1,696338E-2	-1,056144E-2	1,390502E+0	1,396136E+0
20220916 19:33:44,142	c_1_2041_20220916_19_33_44,142.bmp	7,684261E-1	3,330795E+0	8,791700E-3	1,094073E-2	-1,441926E-2	7,286736E-3	1,387954E+0	1,388463E+0
20220916 19:33:50,144	c_1_2042_20220916_19_33_50,144.bmp	7,760605E-1	3,352439E+0	7,518835E-3	8,388745E-3	-9,331032E-3	1,238622E-2	1,385405E+0	1,383347E+0
20220916 19:33:56,144	c_1_2043_20220916_19_33_56,144.bmp	7,824225E-1	3,372810E+0	4,973106E-3	8,388745E-3	-6,786918E-3	-8,011703E-3	1,382857E+0	1,388463E+0
20220916 19:34:02,145	c_1_2044_20220916_19_34_02,145.bmp	7,811501E-1	3,386814E+0	1,006456E-2	1,349272E-2	-9,331032E-3	-1,566092E-2	1,398148E+0	1,396136E+0
20220916 19:34:08,149	c_1_2045_20220916_19_34_08,149.bmp	7,900570E-1	3,407185E+0	7,518835E-3	1,349272E-2	-2,205160E-2	-8,011703E-3	1,395599E+0	1,393578E+0
20220916 19:34:14,153	c_1_2046_20220916_19_34_14,153.bmp	7,989638E-1	3,431375E+0	3,700242E-3	1,094073E-2	8,477769E-3	-5,461963E-3	1,390502E+0	1,388463E+0
20220916 19:34:20,157	c_1_2047_20220916_19_34_20,157.bmp	7,951466E-1	3,449199E+0	1,006456E-2	9,664739E-3	-1,187515E-2	-8,011703E-3	1,387954E+0	1,388463E+0
20220916 19:34:26,159	c_1_2048_20220916_19_34_26,159.bmp	7,989638E-1	3,469570E+0	1,006456E-2	1,094073E-2	-6,786918E-3	2,187256E-3	1,390502E+0	1,388463E+0
20220916 19:34:32,161	c_1_2049_20220916_19_34_32,161.bmp	8,065982E-1	3,489940E+0	6,245971E-3	1,094073E-2	-1,698689E-3	-5,461963E-3	1,390502E+0	1,388463E+0
20220916 19:34:38,169	c_1_2050_20220916_19_34_38,169.bmp	8,116878E-1	3,512857E+0	4,973106E-3	7,112750E-3	-1,698689E-3	-8,011703E-3	1,382857E+0	1,383347E+0
20220916 19:34:44,172	c_1_2051_20220916_19_34_44,172.bmp	8,104154E-1	3,526862E+0	8,791700E-3	1,349272E-2	-1,441926E-2	-8,011703E-3	1,395599E+0	1,388463E+0
20220916 19:34:50,175	c_1_2052_20220916_19_34_50,175.bmp	8,142326E-1	3,549779E+0	1,006456E-2	1,094073E-2	-6,786918E-3	-5,461963E-3	1,387954E+0	1,388463E+0
20220916 19:34:56,178	c_1_2053_20220916_19_34_56,178.bmp	8,104154E-1	3,568876E+0	7,518835E-3	1,094073E-2	-1,698689E-3	-8,011703E-3	1,390502E+0	1,388463E+0
20220916 19:35:02,179	c_1_2054_20220916_19_35_02,179.bmp	8,116878E-1	3,593066E+0	2,427377E-3	1,221673E-2	3,389540E-3	-2,912223E-3	1,385405E+0	1,388463E+0
20220916 19:35:08,181	c_1_2055_20220916_19_35_08,181.bmp	8,027810E-1	3,609617E+0	1,006456E-2	1,094073E-2	-9,331032E-3	2,187256E-3	1,395599E+0	1,388463E+0
20220916 19:35:14,181	c_1_2056_20220916_19_35_14,181.bmp	8,091430E-1	3,632534E+0	2,427377E-3	8,388745E-3	3,389540E-3	-3,624835E-4	1,385405E+0	1,388463E+0
20220916 19:35:20,186	c_1_2057_20220916_19_35_20,186.bmp	7,989638E-1	3,649085E+0	4,973106E-3	1,476871E-2	-1,950749E-2	-2,076040E-2	1,390502E+0	1,393578E+0
20220916 19:35:26,187	c_1_2058_20220916_19_35_26,187.bmp	7,684261E-1	3,669456E+0	4,973106E-3	7,112750E-3	-1,696338E-2	7,286736E-3	1,390502E+0	1,383347E+0
20220916 19:35:32,190	c_1_2059_20220916_19_35_32,190.bmp	6,780855E-1	3,686007E+0	1,006456E-2	1,349272E-2	8,454256E-4	-8,011703E-3	1,395599E+0	1,393578E+0
20220916 19:35:38,195	c_1_2060_20220916_19_35_38,195.bmp	6,717234E-1	3,710197E+0	6,245971E-3	8,388745E-3	-9,331032E-3	7,286736E-3	1,390502E+0	1,380789E+0
20220916 19:35:44,199	c_1_2061_20220916_19_35_44,199.bmp	6,742682E-1	3,729294E+0	3,700242E-3	1,094073E-2	-1,698689E-3	-5,461963E-3	1,390502E+0	1,388463E+0
20220916 19:35:50,201	c_1_2062_20220916_19_35_50,201.bmp	6,704510E-1	3,749665E+0	1,006456E-2	9,664739E-3	-4,242803E-3	-5,461963E-3	1,387954E+0	1,388463E+0
20220916 19:35:56,204	c_1_2063_20220916_19_35_56,204.bmp	6,755406E-1	3,770035E+0	6,245971E-3	1,094073E-2	8,477769E-3	-1,821066E-2	1,387954E+0	1,393578E+0
20220916 19:36:02,208	c_1_2064_20220916_19_36_02,208.bmp	6,780855E-1	3,787859E+0	7,518835E-3	1,094073E-2	-6,786918E-3	-8,011703E-3	1,387954E+0	1,388463E+0
20220916 19:36:08,212	c_1_2065_20220916_19_36_08,212.bmp	6,857199E-1	3,810776E+0	3,700242E-3	1,221673E-2	-4,242803E-3	-8,011703E-3	1,382857E+0	1,388463E+0
20220916 19:36:14,217	c_1_2066_20220916_19_36_14,217.bmp	6,844475E-1	3,829874E+0	6,245971E-3	1,349272E-2	-1,187515E-2	-8,011703E-3	1,387954E+0	1,396136E+0
20220916 19:36:20,221	c_1_2067_20220916_19_36_20,221.bmp	6,933543E-1	3,850244E+0	4,973106E-3	1,094073E-2	8,454256E-4	7,286736E-3	1,390502E+0	1,388463E+0
20220916 19:36:26,225	c_1_2068_20220916_19_36_26,225.bmp	6,908095E-1	3,869342E+0	6,245971E-3	1,094073E-2	-9,331032E-3	-8,011703E-3	1,390502E+0	1,391021E+0
20220916 19:36:32,227	c_1_2069_20220916_19_36_32,227.bmp	6,997163E-1	3,892258E+0	4,973106E-3	1,094073E-2	8,454256E-4	7,286736E-3	1,385405E+0	1,388463E+0
20220916 19:36:38,227	c_1_2070_20220916_19_36_38,227.bmp	6,933543E-1	3,910083E+0	8,791700E-3	1,094073E-2	-6,786918E-3	-5,461963E-3	1,390502E+0	1,388463E+0
20220916 19:36:44,228	c_1_2071_20220916_19_36_44,228.bmp	7,009887E-1	3,933000E+0	6,245971E-3	7,112750E-3	8,454256E-4	-3,624835E-4	1,382857E+0	1,388463E+0
20220916 19:36:50,230	c_1_2072_20220916_19_36_50,230.bmp	7,073507E-1	3,954643E+0	4,973106E-3	8,388745E-3	8,454256E-4	4,736996E-3	1,382857E+0	1,383347E+0
20220916 19:36:56,233	c_1_2073_20220916_19_36_56,233.bmp	7,073507E-1	3,971194E+0	7,518835E-3	9,664739E-3	-1,696338E-2	-2,912223E-3	1,387954E+0	1,388463E+0
20220916 19:37:02,237	c_1_2074_20220916_19_37_02,237.bmp	7,022611E-1	3,989018E+0	6,245971E-3	7,112750E-3	-6,786918E-3	-5,461963E-3	1,387954E+0	1,383347E+0
20220916 19:37:08,245	c_1_2075_20220916_19_37_08,245.bmp	7,022611E-1	4,009389E+0	6,245971E-3	1,094073E-2	-6,786918E-3	-2,912223E-3	1,390502E+0	1,388463E+0
20220916 19:37:14,250	c_1_2076_20220916_19_37_14,250.bmp	7,048059E-1	4,033579E+0	3,700242E-3	7,112750E-3	-1,698689E-3	-3,624835E-4	1,382857E+0	1,388463E+0
20220916 19:37:20,253	c_1_2077_20220916_19_37_20,253.bmp	7,073507E-1	4,052676E+0	3,700242E-3	5,836756E-3	-4,242803E-3	2,187256E-3	1,385405E+0	1,388463E+0
20220916 19:37:26,255	c_1_2078_20220916_19_37_26,255.bmp	7,073507E-1	4,074320E+0	2,427377E-3	7,112750E-3	3,389540E-3	7,286736E-3	1,385405E+0	1,385905E+0
20220916 19:37:32,258	c_1_2079_20220916_19_37_32,258.bmp	7,022611E-1	4,085779E+0	8,791700E-3	1,349272E-2	-1,441926E-2	-1,311118E-2	1,398148E+0	1,396136E+0
20220916 19:37:38,261	c_1_2080_20220916_19_37_38,261.bmp	6,984439E-1	4,111242E+0	6,245971E-3	1,094073E-2	-6,786918E-3	-5,461963E-3	1,387954E+0	1,396136E+0
20220916 19:37:44,262	c_1_2081_20220916_19_37_44,262.bmp	6,819027E-1	4,131612E+0	8,791700E-3	1,094073E-2	-4,242803E-3	-8,011703E-3	1,387954E+0	1,388463E+0
20220916 19:37:50,265	c_1_2082_20220916_19_37_50,265.bmp	6,615442E-1	4,154529E+0	3,700242E-3	8,388745E-3	-6,786918E-3	7,286736E-3	1,382857E+0	1,383347E+0
20220916 19:37:56,271	c_1_2083_20220916_19_37_56,271.bmp	6,577270E-1	4,172353E+0	8,791700E-3	1,094073E-2	-1,950749E-2	7,286736E-3	1,387954E+0	1,388463E+0
20220916 19:38:02,276	c_1_2084_20220916_19_38_02,276.bmp	6,602718E-1	4,187631E+0	1,006456E-2	1,221673E-2	-1,187515E-2	7,286736E-3	1,395599E+0	1,396136E+0
20220916 19:38:08,276	c_1_2085_20220916_19_38_08,276.bmp	6,704510E-1	4,213094E+0	3,700242E-3	1,094073E-2	3,389540E-3	-5,461963E-3	1,382857E+0	1,388463E+0
20220916 19:38:14,280	c_1_2086_20220916_19_38_14,280.bmp	6,666338E-1	4,233465E+0	6,245971E-3	7,112750E-3	-1,187515E-2	4,736996E-3	1,390502E+0	1,383347E+0
20220916 19:38:20,284	c_1_2087_20220916_19_38_20,284.bmp	6,742682E-1	4,251289E+0	2,427377E-3	1,094073E-2	-4,242803E-3	-1,566092E-2	1,390502E+0	1,385905E+0
20220916 19:38:26,287	c_1_2088_20220916_19_38_26,287.bmp	6,780855E-1	4,270387E+0	2,427377E-3	1,094073E-2	-9,331032E-3	-2,076040E-2	1,387954E+0	1,388463E+0
20220916 19:38:32,292	c_1_2089_20220916_19_38_32,292.bmp	6,780855E-1	4,294577E+0	3,700242E-3	7,112750E-3	8,454256E-4	2,187256E-3	1,382857E+0	1,383347E+0
20220916 19:38:38,296	c_1_2090_20220916_19_38_38,296.bmp	6,819027E-1	4,313674E+0	6,245971E-3	7,112750E-3	8,454256E-4	9,836476E-3	1,382857E+0	1,383347E+0
20220916 19:38:44,297	c_1_2091_20220916_19_38_44,297.bmp	6,831751E-1	4,326406E+0	7,518835E-3	1,349272E-2	-1,187515E-2	-5,461963E-3	1,393051E+0	1,393578E+0
20220916 19:38:50,301	c_1_2092_20220916_19_38_50,301.bmp	6,857199E-1	4,353142E+0	6,245971E-3	7,112750E-3	-6,786918E-3	-1,056144E-2	1,385405E+0	1,383347E+0
20220916 19:38:56,305	c_1_2093_20220916_19_38_56,305.bmp	6,831751E-1	4,367147E+0	1,006456E-2	1,349272E-2	-1,441926E-2	-1,311118E-2	1,395599E+0	1,385905E+0
20220916 19:39:02,308	c_1_2094_20220916_19_39_02,308.bmp	6,920819E-1	4,392610E+0	2,427377E-3	1,094073E-2	-6,786918E-3	-8,011703E-3	1,382857E+0	1,388463E+0
20220916 19:39:08,308	c_1_2095_20220916_19_39_08,308.bmp	6,882647E-1	4,410434E+0	7,518835E-3	1,476871E-2	-1,698689E-3	-1,566092E-2	1,390502E+0	1,396136E+0
20220916 19:39:14,308	c_1_2096_20220916_19_39_14,308.bmp	6,882647E-1	4,428258E+0	6,245971E-3	1,349272E-2	-1,950749E-2	-1,056144E-2	1,398148E+0	1,388463E+0
20220916 19:39:20,311	c_1_2097_20220916_19_39_20,311.bmp	6,895371E-1	4,449902E+0	4,973106E-3	1,094073E-2	-4,242803E-3	-5,461963E-3	1,387954E+0	1,388463E+0
20220916 19:39:26,315	c_1_2098_20220916_19_39_26,315.bmp	6,208273E-1	4,470273E+0	7,518835E-3	1,349272E-2	-1,187515E-2	-1,056144E-2	1,387954E+0	1,396136E+0
20220916 19:39:32,325	c_1_2099_20220916_19_39_32,325.bmp	6,246445E-1	4,491916E+0	3,700242E-3	8,388745E-3	8,454256E-4	-3,624835E-4	1,382857E+0	1,383347E+0
20220916 19:39:38,329	c_1_2100_20220916_19_39_38,329.bmp	6,271893E-1	4,511014E+0	2,427377E-3	1,094073E-2	-6,786918E-3	2,187256E-3	1,390502E+0	1,388463E+0
20220916 19:39:44,332	c_1_2101_20220916_19_39_44,332.bmp	6,271893E-1	4,526292E+0	7,518835E-3	1,349272E-2	-6,786918E-3	-8,011703E-3	1,398148E+0	1,393578E+0
20220916 19:39:50,336	c_1_2102_20220916_19_39_50,336.bmp	6,259169E-1	4,546662E+0	8,791700E-3	1,349272E-2	-1,187515E-2	-8,011703E-3	1,395599E+0	1,393578E+0
20220916 19:39:56,337	c_1_2103_20220916_19_39_56,337.bmp	6,360961E-1	4,573398E+0	3,700242E-3	8,388745E-3	3,389540E-3	-3,624835E-4	1,385405E+0	1,380789E+0
20220916 19:40:02,340	c_1_2104_20220916_19_40_02,340.bmp	6,335513E-1	4,586130E+0	8,791700E-3	1,476871E-2	-9,331032E-3	-1,566092E-2	1,398148E+0	1,396136E+0
20220916 19:40:08,344	c_1_2105_20220916_19_40_08,344.bmp	6,399133E-1	4,609047E+0	3,700242E-3	1,094073E-2	-6,786918E-3	-8,011703E-3	1,387954E+0	1,388463E+0
20220916 19:40:14,348	c_1_2106_20220916_19_40_14,348.bmp	6,488202E-1	4,631964E+0	3,700242E-3	8,388745E-3	8,454256E-4	-2,912223E-3	1,382857E+0	1,388463E+0
20220916 19:40:20,349	c_1_2107_20220916_19_40_20,349.bmp	6,475478E-1	4,649788E+0	6,245971E-3	1,476871E-2	-9,331032E-3	-2,331014E-2	1,387954E+0	1,396136E+0
20220916 19:40:26,349	c_1_2108_20220916_19_40_26,349.bmp	6,551822E-1	4,672705E+0	3,700242E-3	7,112750E-3	-6,786918E-3	-2,912223E-3	1,385405E+0	1,383347E+0
20220916 19:40:32,352	c_1_2109_20220916_19_40_32,352.bmp	6,589994E-1	4,694349E+0	3,700242E-3	7,112750E-3	-4,242803E-3	-8,011703E-3	1,382857E+0	1,383347E+0
20220916 19:40:38,353	c_1_2110_20220916_19_40_38,353.bmp	6,564546E-1	4,707080E+0	8,791700E-3	1,094073E-2	-1,950749E-2	-5,461963E-3	1,395599E+0	1,388463E+0
20220916 19:40:44,357	c_1_2111_20220916_19_40_44,357.bmp	6,628166E-1	4,726178E+0	7,518835E-3	1,349272E-2	-1,441926E-2	-8,011703E-3	1,398148E+0	1,396136E+0
20220916 19:40:50,362	c_1_2112_20220916_19_40_50,362.bmp	6,666338E-1	4,749094E+0	7,518835E-3	1,094073E-2	-1,187515E-2	4,736996E-3	1,387954E+0	1,383347E+0
20220916 19:40:56,365	c_1_2113_20220916_19_40_56,365.bmp	6,717234E-1	4,769465E+0	7,518835E-3	9,664739E-3	-6,786918E-3	-8,011703E-3	1,387954E+0	1,383347E+0
20220916 19:41:02,369	c_1_2114_20220916_19_41_02,369.bmp	6,742682E-1	4,789835E+0	6,245971E-3	1,476871E-2	-1,696338E-2	-8,011703E-3	1,390502E+0	1,396136E+0
20220916 19:41:08,375	c_1_2115_20220916_19_41_08,375.bmp	6,742682E-1	4,806387E+0	1,006456E-2	1,476871E-2	-1,441926E-2	-3,624835E-4	1,398148E+0	1,396136E+0
20220916 19:41:14,376	c_1_2116_20220916_19_41_14,376.bmp	6,780855E-1	4,829303E+0	8,791700E-3	1,094073E-2	-3,986040E-2	-2,912223E-3	1,387954E+0	1,388463E+0
20220916 19:41:20,379	c_1_2117_20220916_19_41_20,379.bmp	6,819027E-1	4,848401E+0	7,518835E-3	9,664739E-3	3,389540E-3	-8,011703E-3	1,390502E+0	1,383347E+0
20220916 19:41:26,384	c_1_2118_20220916_19_41_26,384.bmp	6,908095E-1	4,867498E+0	6,245971E-3	1,476871E-2	-6,786918E-3	-1,821066E-2	1,395599E+0	1,396136E+0
20220916 19:41:32,388	c_1_2119_20220916_19_41_32,388.bmp	6,946267E-1	4,892961E+0	6,245971E-3	7,112750E-3	-6,786918E-3	-8,011703E-3	1,382857E+0	1,383347E+0
20220916 19:41:38,391	c_1_2120_20220916_19_41_38,391.bmp	7,022611E-1	4,909512E+0	3,700242E-3	1,094073E-2	-6,786918E-3	-8,011703E-3	1,390502E+0	1,385905E+0
20220916 19:41:44,393	c_1_2121_20220916_19_41_44,393.bmp	7,022611E-1	4,929883E+0	7,518835E-3	9,664739E-3	-9,331032E-3	4,736996E-3	1,390502E+0	1,383347E+0
20220916 19:41:50,395	c_1_2122_20220916_19_41_50,395.bmp	7,111679E-1	4,950253E+0	3,700242E-3	1,094073E-2	8,454256E-4	-5,461963E-3	1,380308E+0	1,388463E+0
20220916 19:41:56,401	c_1_2123_20220916_19_41_56,401.bmp	7,098955E-1	4,966805E+0	7,518835E-3	1,349272E-2	-1,187515E-2	-5,461963E-3	1,395599E+0	1,393578E+0
20220916 19:42:02,403	c_1_2124_20220916_19_42_02,403.bmp	7,149852E-1	4,989721E+0	6,245971E-3	1,094073E-2	-9,331032E-3	-3,624835E-4	1,390502E+0	1,385905E+0
20220916 19:42:08,408	c_1_2125_20220916_19_42_08,408.bmp	7,213472E-1	5,010092E+0	6,245971E-3	1,094073E-2	-6,786918E-3	-2,912223E-3	1,390502E+0	1,388463E+0
20220916 19:42:14,411	c_1_2126_20220916_19_42_14,411.bmp	7,188024E-1	5,026643E+0	8,791700E-3	1,349272E-2	-6,786918E-3	-1,311118E-2	1,398148E+0	1,396136E+0
20220916 19:42:20,412	c_1_2127_20220916_19_42_20,412.bmp	7,277092E-1	5,049560E+0	7,518835E-3	1,094073E-2	-9,331032E-3	-8,011703E-3	1,390502E+0	1,388463E+0
20220916 19:42:26,414	c_1_2128_20220916_19_42_26,414.bmp	7,327988E-1	5,069930E+0	6,245971E-3	1,094073E-2	-1,441926E-2	-1,566092E-2	1,390502E+0	1,396136E+0
20220916 19:42:32,416	c_1_2129_20220916_19_42_32,416.bmp	7,404332E-1	5,090301E+0	3,700242E-3	9,664739E-3	-6,786918E-3	-5,461963E-3	1,387954E+0	1,388463E+0
20220916 19:42:38,419	c_1_2130_20220916_19_42_38,419.bmp	7,391608E-1	5,109398E+0	7,518835E-3	1,094073E-2	-4,242803E-3	-8,011703E-3	1,390502E+0	1,385905E+0
20220916 19:42:44,419	c_1_2131_20220916_19_42_44,419.bmp	7,442504E-1	5,128496E+0	7,518835E-3	1,094073E-2	-1,441926E-2	-5,461963E-3	1,390502E+0	1,388463E+0
20220916 19:42:50,427	c_1_2132_20220916_19_42_50,427.bmp	7,442504E-1	5,148866E+0	8,791700E-3	1,094073E-2	-6,786918E-3	-8,011703E-3	1,390502E+0	1,388463E+0
20220916 19:42:56,430	c_1_2133_20220916_19_42_56,430.bmp	7,518849E-1	5,165417E+0	4,973106E-3	1,349272E-2	-4,242803E-3	-8,011703E-3	1,395599E+0	1,393578E+0
20220916 19:43:02,430	c_1_2134_20220916_19_43_02,430.bmp	7,569745E-1	5,189607E+0	6,245971E-3	1,094073E-2	-6,786918E-3	2,187256E-3	1,387954E+0	1,388463E+0
20220916 19:43:08,433	c_1_2135_20220916_19_43_08,433.bmp	7,646089E-1	5,212524E+0	2,427377E-3	7,112750E-3	-4,242803E-3	-5,461963E-3	1,382857E+0	1,383347E+0
20220916 19:43:14,434	c_1_2136_20220916_19_43_14,434.bmp	7,646089E-1	5,226529E+0	6,245971E-3	1,476871E-2	-1,696338E-2	-1,566092E-2	1,398148E+0	1,388463E+0
20220916 19:43:20,435	c_1_2137_20220916_19_43_20,435.bmp	7,684261E-1	5,251992E+0	6,245971E-3	7,112750E-3	-1,698689E-3	7,286736E-3	1,387954E+0	1,383347E+0
20220916 19:43:26,436	c_1_2138_20220916_19_43_26,436.bmp	7,747881E-1	5,268543E+0	6,245971E-3	7,112750E-3	-1,696338E-2	4,736996E-3	1,390502E+0	1,385905E+0
20220916 19:43:32,436	c_1_2139_20220916_19_43_32,436.bmp	7,786053E-1	5,290187E+0	6,245971E-3	9,664739E-3	-9,331032E-3	-1,056144E-2	1,387954E+0	1,385905E+0
20220916 19:43:38,436	c_1_2140_20220916_19_43_38,436.bmp	7,836949E-1	5,305465E+0	6,245971E-3	1,221673E-2	-9,331032E-3	-3,350910E-2	1,398148E+0	1,396136E+0
20220916 19:43:44,440	c_1_2141_20220916_19_43_44,440.bmp	7,913294E-1	5,328382E+0	3,700242E-3	9,664739E-3	-4,242803E-3	-5,461963E-3	1,390502E+0	1,396136E+0
20220916 19:43:50,442	c_1_2142_20220916_19_43_50,442.bmp	7,938742E-1	5,353845E+0	3,700242E-3	7,112750E-3	3,389540E-3	-3,624835E-4	1,385405E+0	1,388463E+0
20220916 19:43:56,442	c_1_2143_20220916_19_43_56,442.bmp	7,926018E-1	5,365303E+0	8,791700E-3	1,094073E-2	-9,331032E-3	-3,624835E-4	1,398148E+0	1,388463E+0
20220916 19:44:02,447	c_1_2144_20220916_19_44_02,447.bmp	8,002362E-1	5,389493E+0	7,518835E-3	1,476871E-2	-6,786918E-3	-1,056144E-2	1,390502E+0	1,396136E+0
20220916 19:44:08,448	c_1_2145_20220916_19_44_08,448.bmp	8,027810E-1	5,406044E+0	1,006456E-2	1,476871E-2	-9,331032E-3	-3,350910E-2	1,395599E+0	1,388463E+0
20220916 19:44:14,449	c_1_2146_20220916_19_44_14,449.bmp	8,104154E-1	5,430234E+0	6,245971E-3	7,112750E-3	-9,331032E-3	1,493596E-2	1,390502E+0	1,383347E+0
20220916 19:44:20,453	c_1_2147_20220916_19_44_20,453.bmp	8,142326E-1	5,449332E+0	4,973106E-3	8,388745E-3	-1,698689E-3	2,187256E-3	1,387954E+0	1,383347E+0
20220916 19:44:26,453	c_1_2148_20220916_19_44_26,453.bmp	8,180498E-1	5,469702E+0	8,791700E-3	9,664739E-3	-9,331032E-3	7,286736E-3	1,390502E+0	1,383347E+0
20220916 19:44:32,455	c_1_2149_20220916_19_44_32,455.bmp	8,256843E-1	5,490073E+0	6,245971E-3	1,094073E-2	-1,441926E-2	-1,311118E-2	1,387954E+0	1,388463E+0
20220916 19:44:38,458	c_1_2150_20220916_19_44_38,458.bmp	8,295015E-1	5,509170E+0	3,700242E-3	1,094073E-2	-1,187515E-2	7,286736E-3	1,390502E+0	1,388463E+0
20220916 19:44:44,458	c_1_2151_20220916_19_44_44,458.bmp	8,320463E-1	5,529541E+0	7,518835E-3	8,388745E-3	-6,786918E-3	4,736996E-3	1,390502E+0	1,383347E+0
20220916 19:44:50,458	c_1_2152_20220916_19_44_50,458.bmp	8,384083E-1	5,552458E+0	3,700242E-3	8,388745E-3	-6,786918E-3	-2,912223E-3	1,382857E+0	1,388463E+0
20220916 19:44:56,461	c_1_2153_20220916_19_44_56,461.bmp	8,396807E-1	5,567736E+0	6,245971E-3	1,221673E-2	-6,786918E-3	-8,011703E-3	1,390502E+0	1,388463E+0
20220916 19:45:02,465	c_1_2154_20220916_19_45_02,465.bmp	8,409531E-1	5,588106E+0	1,133743E-2	9,664739E-3	-6,786918E-3	-3,624835E-4	1,398148E+0	1,388463E+0
20220916 19:45:08,466	c_1_2155_20220916_19_45_08,466.bmp	8,511323E-1	5,611023E+0	3,700242E-3	8,388745E-3	8,454256E-4	2,187256E-3	1,385405E+0	1,388463E+0
20220916 19:45:14,471	c_1_2156_20220916_19_45_14,471.bmp	8,549495E-1	5,631394E+0	7,518835E-3	8,388745E-3	-1,187515E-2	-3,624835E-4	1,385405E+0	1,383347E+0
20220916 19:45:20,473	c_1_2157_20220916_19_45_20,473.bmp	8,613116E-1	5,649218E+0	7,518835E-3	1,094073E-2	-6,786918E-3	2,187256E-3	1,390502E+0	1,388463E+0
20220916 19:45:26,474	c_1_2158_20220916_19_45_26,474.bmp	8,664012E-1	5,673408E+0	3,700242E-3	7,112750E-3	3,389540E-3	-8,011703E-3	1,382857E+0	1,388463E+0
20220916 19:45:32,479	c_1_2159_20220916_19_45_32,479.bmp	8,613116E-1	5,688686E+0	4,973106E-3	1,094073E-2	-4,242803E-3	-8,011703E-3	1,390502E+0	1,388463E+0
20220916 19:45:38,483	c_1_2160_20220916_19_45_38,483.bmp	8,536771E-1	5,709056E+0	6,245971E-3	7,112750E-3	-1,698689E-3	1,238622E-2	1,387954E+0	1,383347E+0
20220916 19:45:44,485	c_1_2161_20220916_19_45_44,485.bmp	7,633365E-1	5,731973E+0	7,518835E-3	7,112750E-3	-1,698689E-3	4,736996E-3	1,385405E+0	1,385905E+0
20220916 19:45:50,487	c_1_2162_20220916_19_45_50,487.bmp	6,220997E-1	5,751070E+0	8,791700E-3	8,388745E-3	-1,187515E-2	4,736996E-3	1,385405E+0	1,383347E+0
20220916 19:45:56,487	c_1_2163_20220916_19_45_56,487.bmp	6,233721E-1	5,767622E+0	6,245971E-3	1,094073E-2	-1,187515E-2	-1,311118E-2	1,387954E+0	1,388463E+0
20220916 19:46:02,491	c_1_2164_20220916_19_46_02,491.bmp	6,271893E-1	5,787992E+0	3,700242E-3	1,094073E-2	8,454256E-4	-8,011703E-3	1,390502E+0	1,388463E+0
20220916 19:46:08,494	c_1_2165_20220916_19_46_08,494.bmp	6,259169E-1	5,812182E+0	6,245971E-3	8,388745E-3	-1,441926E-2	-8,011703E-3	1,385405E+0	1,388463E+0
20220916 19:46:14,500	c_1_2166_20220916_19_46_14,500.bmp	6,233721E-1	5,799450E+0	7,518835E-3	1,094073E-2	8,454256E-4	-1,311118E-2	1,390502E+0	1,396136E+0
