1.019951490747740079e-05
-1.786528882201760831e-05
1.640646020502873649e-03
8.400598896462574752e-03
2.366826685469396174e-02
3.967403393298076647e-02
6.861675751768550602e-02
1.026512188666664771e-01
1.444195837720097519e-01
1.833346623405272824e-01
2.411429335823399023e-01
3.034375604035125518e-01
3.546571241824507115e-01
4.262690278478345474e-01
5.073536628738126719e-01
5.715039604364934300e-01
6.530821264546532445e-01
7.327124791364015843e-01
8.027788689841532932e-01
8.672137738899604598e-01
8.967991390280038999e-01
9.166054893583350793e-01
9.207547616823795744e-01
9.024053138918417538e-01
8.632265394875500153e-01
8.147230103781184507e-01
7.975352831659987540e-01
8.022098803723900495e-01
8.064883641087925437e-01
8.050167727353758629e-01
8.026566962445425002e-01
8.301838437040639507e-01
7.887170672668413207e-01
6.519489085824964336e-01
6.444851120027016433e-01
6.421879495049376274e-01
6.420128347679208147e-01
6.291033091489299789e-01
6.216896237715114903e-01
6.144220447172790145e-01
6.223800785472346497e-01
6.388277711067738007e-01
6.245512065127126755e-01
6.322746392125990766e-01
6.269676619674281470e-01
6.238435832428433914e-01
6.203493615797254224e-01
6.086292188876050169e-01
5.813504785830677646e-01
5.735735080383926876e-01
5.743840025896489454e-01
5.752136833584686748e-01
5.732574831011515437e-01
5.686626440062794163e-01
5.535327819406905547e-01
5.398240999593264533e-01
5.233058810148839557e-01
5.194861867082042339e-01
5.237653838041935739e-01
5.280245186211667274e-01
5.318147095724966578e-01
5.620025526470727728e-01
5.728154421331917989e-01
5.765158105352639062e-01
5.831252451443846851e-01
5.501977716646204719e-01
5.462917317158560992e-01
5.433047896270475352e-01
5.435925417704347007e-01
5.488082137218794898e-01
5.458035073566052109e-01
5.465115946344365483e-01
5.483164576078983776e-01
5.475208231202293163e-01
5.549946918572050691e-01
5.544999851875686003e-01
5.573519588487121368e-01
5.606065974696496923e-01
5.617743590308349466e-01
5.750313067710639547e-01
5.657658693705263087e-01
5.676004586198993840e-01
5.663991585111813887e-01
5.603580292245576855e-01
5.516254205655266585e-01
5.457873125413466031e-01
5.427743184126041509e-01
5.330503398792031389e-01
5.380710455775595813e-01
5.311529333963947996e-01
5.294351197861953962e-01
5.369158603489242454e-01
5.420623638219289608e-01
5.465088205341862571e-01
5.554000368373754881e-01
5.578624629450841255e-01
5.628626005230534801e-01
5.700950418343131432e-01
5.733117382675618767e-01
5.806942319412558007e-01
5.911371251080309586e-01
5.972134382174650868e-01
6.034474724790301892e-01
6.072447808989237528e-01
6.132158308652811973e-01
6.204696768929252038e-01
6.338496240727631292e-01
6.443174072204546077e-01
6.503473697311640267e-01
6.475107658482955886e-01
6.533500307525369477e-01
6.635404352857563470e-01
6.612975157652452030e-01
6.745870252477973450e-01
6.795220120898496363e-01
6.853395586540853568e-01
6.922097232511976728e-01
6.976937109602324716e-01
6.889194766106819801e-01
6.447664408199094144e-01
6.282784894330454284e-01
6.242001545515155625e-01
6.300880622489696270e-01
6.317312671539927482e-01
6.323263879915250740e-01
6.341370173761097240e-01
6.430705728444713332e-01
6.434232221967447485e-01
6.486020749284945319e-01
6.520326099105551165e-01
6.586118491564587618e-01
6.536519933987636755e-01
6.585795521373588590e-01
6.607059969841257985e-01
6.528711876218800114e-01
6.459092636204276650e-01
6.473609576172029145e-01
6.464346296796419367e-01
6.500960476066666160e-01
6.587420774655070588e-01
6.538201875827310827e-01
6.633406312067606780e-01
