1.560000000000000000e+02
1.560000000000000000e+02
1.560000000000000000e+02
1.560000000000000000e+02
1.560000000000000000e+02
1.560000000000000000e+02
1.560000000000000000e+02
1.560000000000000000e+02
1.640000000000000000e+02
1.560000000000000000e+02
1.560000000000000000e+02
1.640000000000000000e+02
1.680000000000000000e+02
1.690000000000000000e+02
1.700000000000000000e+02
1.710000000000000000e+02
1.680000000000000000e+02
1.690000000000000000e+02
1.740000000000000000e+02
1.750000000000000000e+02
1.760000000000000000e+02
1.800000000000000000e+02
1.900000000000000000e+02
2.000000000000000000e+02
2.110000000000000000e+02
2.120000000000000000e+02
2.200000000000000000e+02
2.210000000000000000e+02
2.240000000000000000e+02
2.310000000000000000e+02
2.320000000000000000e+02
