20220325 10:40:29,746	a2_1_154_20220325_10_40_29,746.bmp	-6,806186E-3	1,558096E-2	4,902598E-5	-1,261932E-3
20220325 10:40:35,753	a2_1_155_20220325_10_40_35,753.bmp	1,228458E-2	4,124205E-3	-3,769540E-3	-3,807953E-3
20220325 10:40:41,756	a2_1_156_20220325_10_40_41,756.bmp	7,464776E-2	1,939988E-2	2,594737E-3	2,557098E-3
20220325 10:40:47,761	a2_1_157_20220325_10_40_47,761.bmp	2,362829E-1	4,485933E-2	-1,223829E-3	-3,807953E-3
20220325 10:40:53,771	a2_1_158_20220325_10_40_53,771.bmp	4,131907E-1	6,140797E-2	4,902598E-5	-2,534943E-3
20220325 10:40:59,773	a2_1_159_20220325_10_40_59,773.bmp	5,964621E-1	8,559445E-2	4,902598E-5	-3,807953E-3
20220325 10:41:05,777	a2_1_160_20220325_10_41_05,777.bmp	7,848243E-1	1,034161E-1	4,902598E-5	1,107786E-5
20220325 10:41:11,782	a2_1_161_20220325_10_41_11,782.bmp	9,731866E-1	1,237836E-1	-1,223829E-3	1,107786E-5
20220325 10:41:17,792	a2_1_162_20220325_10_41_17,792.bmp	1,153913E+0	1,377863E-1	2,594737E-3	2,557098E-3
20220325 10:41:23,793	a2_1_163_20220325_10_41_23,793.bmp	1,343547E+0	1,632458E-1	5,140448E-3	-1,261932E-3
20220325 10:41:29,794	a2_1_164_20220325_10_41_29,794.bmp	1,534455E+0	1,785215E-1	1,321881E-3	3,830109E-3
20220325 10:41:35,801	a2_1_165_20220325_10_41_35,801.bmp	1,722817E+0	2,027079E-1	4,902598E-5	-1,261932E-3
20220325 10:41:41,806	a2_1_166_20220325_10_41_41,806.bmp	1,907362E+0	2,205295E-1	-2,496685E-3	-1,261932E-3
20220325 10:41:47,810	a2_1_167_20220325_10_41_47,810.bmp	2,077906E+0	2,447160E-1	-5,042396E-3	-3,807953E-3
20220325 10:41:53,814	a2_1_168_20220325_10_41_53,814.bmp	2,234450E+0	2,587187E-1	4,902598E-5	1,284088E-3
20220325 10:41:59,824	a2_1_169_20220325_10_41_59,824.bmp	2,383358E+0	2,816322E-1	4,902598E-5	1,107786E-5
20220325 10:42:05,830	a2_1_170_20220325_10_42_05,830.bmp	2,518266E+0	2,981809E-1	2,594737E-3	1,284088E-3
20220325 10:42:11,834	a2_1_171_20220325_10_42_11,834.bmp	2,646811E+0	3,236403E-1	-1,223829E-3	1,107786E-5
20220325 10:42:17,837	a2_1_172_20220325_10_42_17,837.bmp	2,748628E+0	3,389160E-1	2,594737E-3	1,284088E-3
20220325 10:42:23,847	a2_1_173_20220325_10_42_23,847.bmp	2,813537E+0	3,618295E-1	4,902598E-5	-1,261932E-3
20220325 10:42:29,857	a2_1_174_20220325_10_42_29,857.bmp	2,780446E+0	3,834700E-1	-2,496685E-3	-3,807953E-3
20220325 10:42:35,859	a2_1_175_20220325_10_42_35,859.bmp	2,679901E+0	4,025646E-1	4,902598E-5	1,107786E-5
20220325 10:42:41,861	a2_1_176_20220325_10_42_41,861.bmp	2,604811E+0	4,216592E-1	4,902598E-5	1,107786E-5
20220325 10:42:47,863	a2_1_177_20220325_10_42_47,863.bmp	2,487721E+0	4,407538E-1	4,902598E-5	-1,261932E-3
20220325 10:42:53,869	a2_1_178_20220325_10_42_53,869.bmp	2,362995E+0	4,662133E-1	-3,769540E-3	-3,807953E-3
20220325 10:42:59,877	a2_1_179_20220325_10_42_59,877.bmp	2,179723E+0	4,814889E-1	4,902598E-5	1,107786E-5
20220325 10:43:05,879	a2_1_180_20220325_10_43_05,879.bmp	2,035906E+0	5,069484E-1	-3,769540E-3	-2,534943E-3
20220325 10:43:11,887	a2_1_181_20220325_10_43_11,887.bmp	2,010452E+0	5,184051E-1	3,867592E-3	2,557098E-3
20220325 10:43:17,892	a2_1_182_20220325_10_43_17,892.bmp	1,990088E+0	5,387727E-1	1,321881E-3	2,557098E-3
20220325 10:43:23,895	a2_1_183_20220325_10_43_23,895.bmp	1,941725E+0	5,629592E-1	4,902598E-5	-3,807953E-3
20220325 10:43:29,904	a2_1_184_20220325_10_43_29,904.bmp	1,907362E+0	5,833267E-1	1,321881E-3	1,284088E-3
20220325 10:43:35,913	a2_1_185_20220325_10_43_35,913.bmp	1,869180E+0	6,024213E-1	-1,223829E-3	-1,261932E-3
20220325 10:43:41,917	a2_1_186_20220325_10_43_41,917.bmp	1,848816E+0	6,215159E-1	3,867592E-3	-1,261932E-3
20220325 10:43:47,922	a2_1_187_20220325_10_43_47,922.bmp	1,816999E+0	6,444294E-1	-1,223829E-3	1,107786E-5
20220325 10:43:53,928	a2_1_188_20220325_10_43_53,928.bmp	1,741908E+0	6,660700E-1	-3,769540E-3	-1,261932E-3
20220325 10:43:59,930	a2_1_189_20220325_10_43_59,930.bmp	1,477183E+0	6,826186E-1	4,902598E-5	1,107786E-5
20220325 10:44:05,936	a2_1_190_20220325_10_44_05,936.bmp	1,440274E+0	7,029862E-1	2,594737E-3	1,107786E-5
20220325 10:44:11,941	a2_1_191_20220325_10_44_11,941.bmp	1,416092E+0	7,182618E-1	-1,223829E-3	1,284088E-3
20220325 10:44:17,943	a2_1_192_20220325_10_44_17,943.bmp	1,394456E+0	7,386294E-1	-1,223829E-3	2,557098E-3
20220325 10:44:23,945	a2_1_193_20220325_10_44_23,945.bmp	1,361366E+0	7,615429E-1	4,902598E-5	-1,261932E-3
20220325 10:44:29,947	a2_1_194_20220325_10_44_29,947.bmp	1,325729E+0	7,793645E-1	-1,223829E-3	2,557098E-3
20220325 10:44:35,948	a2_1_195_20220325_10_44_35,948.bmp	1,306639E+0	8,035510E-1	-1,223829E-3	1,107786E-5
20220325 10:44:41,952	a2_1_196_20220325_10_44_41,952.bmp	1,300275E+0	8,213726E-1	4,902598E-5	-1,261932E-3
20220325 10:44:47,960	a2_1_197_20220325_10_44_47,960.bmp	1,290093E+0	8,442861E-1	-1,223829E-3	-3,807953E-3
20220325 10:44:53,969	a2_1_198_20220325_10_44_53,969.bmp	1,269730E+0	8,621077E-1	4,902598E-5	-1,261932E-3
20220325 10:44:59,971	a2_1_199_20220325_10_44_59,971.bmp	1,243003E+0	8,862942E-1	-5,042396E-3	-3,807953E-3
20220325 10:45:05,973	a2_1_200_20220325_10_45_05,973.bmp	1,236639E+0	8,990239E-1	3,867592E-3	2,557098E-3
20220325 10:45:11,978	a2_1_201_20220325_10_45_11,978.bmp	1,222639E+0	9,193915E-1	1,321881E-3	2,557098E-3
20220325 10:45:17,984	a2_1_202_20220325_10_45_17,984.bmp	1,206094E+0	9,423050E-1	4,902598E-5	1,284088E-3
20220325 10:45:23,986	a2_1_203_20220325_10_45_23,986.bmp	1,190821E+0	9,613996E-1	4,902598E-5	1,107786E-5
20220325 10:45:29,991	a2_1_204_20220325_10_45_29,991.bmp	1,166640E+0	9,817672E-1	1,321881E-3	-1,261932E-3
20220325 10:45:35,994	a2_1_205_20220325_10_45_35,994.bmp	1,127185E+0	1,003408E+0	-1,223829E-3	-2,534943E-3
20220325 10:45:41,996	a2_1_206_20220325_10_45_41,996.bmp	1,104277E+0	1,021229E+0	4,902598E-5	1,107786E-5
20220325 10:45:47,997	a2_1_207_20220325_10_45_47,997.bmp	1,083913E+0	1,039051E+0	2,594737E-3	3,830109E-3
20220325 10:45:54,001	a2_1_208_20220325_10_45_54,001.bmp	1,071186E+0	1,063237E+0	3,867592E-3	1,107786E-5
20220325 10:46:00,006	a2_1_209_20220325_10_46_00,006.bmp	1,052095E+0	1,082332E+0	1,321881E-3	-1,261932E-3
20220325 10:46:06,016	a2_1_210_20220325_10_46_06,016.bmp	1,038095E+0	1,103973E+0	-5,042396E-3	-3,807953E-3
20220325 10:46:12,027	a2_1_211_20220325_10_46_12,027.bmp	1,012641E+0	1,119248E+0	-1,223829E-3	2,557098E-3
20220325 10:46:18,032	a2_1_212_20220325_10_46_18,032.bmp	9,820956E-1	1,139616E+0	3,867592E-3	2,557098E-3
20220325 10:46:24,043	a2_1_213_20220325_10_46_24,043.bmp	9,617321E-1	1,161256E+0	4,902598E-5	1,107786E-5
20220325 10:46:30,051	a2_1_214_20220325_10_46_30,051.bmp	9,362778E-1	1,181624E+0	-1,223829E-3	1,107786E-5
20220325 10:46:36,054	a2_1_215_20220325_10_46_36,054.bmp	9,260960E-1	1,199445E+0	1,321881E-3	2,557098E-3
20220325 10:46:42,055	a2_1_216_20220325_10_46_42,055.bmp	9,273687E-1	1,218540E+0	2,594737E-3	1,284088E-3
20220325 10:46:48,059	a2_1_217_20220325_10_46_48,059.bmp	9,286415E-1	1,242727E+0	-1,223829E-3	1,107786E-5
20220325 10:46:54,062	a2_1_218_20220325_10_46_54,062.bmp	9,324596E-1	1,260548E+0	2,594737E-3	1,107786E-5
20220325 10:47:00,070	a2_1_219_20220325_10_47_00,070.bmp	9,362778E-1	1,277097E+0	3,867592E-3	2,557098E-3
20220325 10:47:06,076	a2_1_220_20220325_10_47_06,076.bmp	9,439141E-1	1,298737E+0	2,594737E-3	1,284088E-3
20220325 10:47:12,078	a2_1_221_20220325_10_47_12,078.bmp	9,528231E-1	1,324197E+0	-3,769540E-3	1,107786E-5
20220325 10:47:18,079	a2_1_222_20220325_10_47_18,079.bmp	9,540958E-1	1,342018E+0	4,902598E-5	1,107786E-5
20220325 10:47:24,081	a2_1_223_20220325_10_47_24,081.bmp	9,630048E-1	1,362386E+0	-1,223829E-3	1,107786E-5
20220325 10:47:30,083	a2_1_224_20220325_10_47_30,083.bmp	9,579140E-1	1,382754E+0	4,902598E-5	3,830109E-3
20220325 10:47:36,087	a2_1_225_20220325_10_47_36,087.bmp	9,540958E-1	1,405667E+0	4,902598E-5	-3,807953E-3
20220325 10:47:42,097	a2_1_226_20220325_10_47_42,097.bmp	9,439141E-1	1,423489E+0	-1,223829E-3	-1,261932E-3
20220325 10:47:48,100	a2_1_227_20220325_10_47_48,100.bmp	9,350050E-1	1,445129E+0	-5,042396E-3	-3,807953E-3
20220325 10:47:54,106	a2_1_228_20220325_10_47_54,106.bmp	9,184597E-1	1,459132E+0	3,867592E-3	1,284088E-3
20220325 10:48:00,108	a2_1_229_20220325_10_48_00,108.bmp	9,146416E-1	1,484591E+0	-5,042396E-3	-3,807953E-3
20220325 10:48:06,111	a2_1_230_20220325_10_48_06,111.bmp	9,108234E-1	1,504959E+0	-5,042396E-3	-3,807953E-3
20220325 10:48:12,113	a2_1_231_20220325_10_48_12,113.bmp	9,006417E-1	1,522781E+0	4,902598E-5	1,107786E-5
20220325 10:48:18,123	a2_1_232_20220325_10_48_18,123.bmp	9,031871E-1	1,544421E+0	-2,496685E-3	-3,807953E-3
20220325 10:48:24,128	a2_1_233_20220325_10_48_24,128.bmp	8,879145E-1	1,564789E+0	4,902598E-5	-3,807953E-3
20220325 10:48:30,131	a2_1_234_20220325_10_48_30,131.bmp	8,790055E-1	1,582610E+0	-1,223829E-3	-1,261932E-3
20220325 10:48:36,134	a2_1_235_20220325_10_48_36,134.bmp	8,751873E-1	1,602978E+0	-3,769540E-3	-1,261932E-3
20220325 10:48:42,136	a2_1_236_20220325_10_48_42,136.bmp	8,713691E-1	1,618253E+0	2,594737E-3	3,830109E-3
20220325 10:48:48,138	a2_1_237_20220325_10_48_48,138.bmp	8,700964E-1	1,643713E+0	-1,223829E-3	-1,261932E-3
20220325 10:48:54,140	a2_1_238_20220325_10_48_54,140.bmp	8,726419E-1	1,665353E+0	4,902598E-5	-3,807953E-3
20220325 10:49:00,143	a2_1_239_20220325_10_49_00,143.bmp	8,688237E-1	1,680629E+0	4,902598E-5	1,107786E-5
20220325 10:49:06,153	a2_1_240_20220325_10_49_06,153.bmp	8,662783E-1	1,703543E+0	3,867592E-3	2,557098E-3
20220325 10:49:12,161	a2_1_241_20220325_10_49_12,161.bmp	8,624601E-1	1,726456E+0	-2,496685E-3	-3,807953E-3
20220325 10:49:18,161	a2_1_242_20220325_10_49_18,161.bmp	8,624601E-1	1,743005E+0	4,902598E-5	1,107786E-5
20220325 10:49:24,162	a2_1_243_20220325_10_49_24,162.bmp	8,662783E-1	1,762099E+0	4,902598E-5	1,107786E-5
20220325 10:49:30,167	a2_1_244_20220325_10_49_30,167.bmp	8,675510E-1	1,786286E+0	-3,769540E-3	1,107786E-5
20220325 10:49:36,170	a2_1_245_20220325_10_49_36,170.bmp	8,611874E-1	1,801562E+0	4,902598E-5	1,107786E-5
20220325 10:49:42,175	a2_1_246_20220325_10_49_42,175.bmp	8,471875E-1	1,823202E+0	1,321881E-3	1,107786E-5
20220325 10:49:48,176	a2_1_247_20220325_10_49_48,176.bmp	8,280967E-1	1,838478E+0	3,867592E-3	2,557098E-3
20220325 10:49:54,183	a2_1_248_20220325_10_49_54,183.bmp	8,166423E-1	1,860118E+0	1,321881E-3	2,557098E-3
20220325 10:50:00,185	a2_1_249_20220325_10_50_00,185.bmp	8,140968E-1	1,880486E+0	4,902598E-5	1,107786E-5
20220325 10:50:06,190	a2_1_250_20220325_10_50_06,190.bmp	8,013697E-1	1,904672E+0	-3,769540E-3	-3,807953E-3
20220325 10:50:12,191	a2_1_251_20220325_10_50_12,191.bmp	7,937334E-1	1,925040E+0	-3,769540E-3	-3,807953E-3
20220325 10:50:18,195	a2_1_252_20220325_10_50_18,195.bmp	7,873698E-1	1,945407E+0	-3,769540E-3	-3,807953E-3
20220325 10:50:24,206	a2_1_253_20220325_10_50_24,206.bmp	7,810062E-1	1,965775E+0	-5,042396E-3	1,107786E-5
20220325 10:50:30,209	a2_1_254_20220325_10_50_30,209.bmp	7,733699E-1	1,983597E+0	1,321881E-3	1,107786E-5
20220325 10:50:36,213	a2_1_255_20220325_10_50_36,213.bmp	7,746426E-1	2,000145E+0	4,902598E-5	1,107786E-5
20220325 10:50:42,218	a2_1_256_20220325_10_50_42,218.bmp	7,746426E-1	2,019240E+0	1,321881E-3	2,557098E-3
20220325 10:50:48,221	a2_1_257_20220325_10_50_48,221.bmp	7,784607E-1	2,039607E+0	2,594737E-3	2,557098E-3
20220325 10:50:54,225	a2_1_258_20220325_10_50_54,225.bmp	7,810062E-1	2,059975E+0	3,867592E-3	2,557098E-3
20220325 10:51:00,233	a2_1_259_20220325_10_51_00,233.bmp	7,848243E-1	2,082888E+0	4,902598E-5	1,107786E-5
20220325 10:51:06,238	a2_1_260_20220325_10_51_06,238.bmp	7,860971E-1	2,098164E+0	-2,496685E-3	1,107786E-5
20220325 10:51:12,242	a2_1_261_20220325_10_51_12,242.bmp	7,911879E-1	2,123624E+0	-2,496685E-3	1,107786E-5
20220325 10:51:18,245	a2_1_262_20220325_10_51_18,245.bmp	7,937334E-1	2,146537E+0	1,321881E-3	-3,807953E-3
20220325 10:51:24,248	a2_1_263_20220325_10_51_24,248.bmp	7,975515E-1	2,161813E+0	-3,769540E-3	1,107786E-5
20220325 10:51:30,250	a2_1_264_20220325_10_51_30,250.bmp	7,975515E-1	2,184726E+0	4,902598E-5	-3,807953E-3
20220325 10:51:36,252	a2_1_265_20220325_10_51_36,252.bmp	8,013697E-1	2,205094E+0	-3,769540E-3	-3,807953E-3
20220325 10:51:42,260	a2_1_266_20220325_10_51_42,260.bmp	8,064605E-1	2,225461E+0	-3,769540E-3	-2,534943E-3
20220325 10:51:48,267	a2_1_267_20220325_10_51_48,267.bmp	8,064605E-1	2,245829E+0	4,902598E-5	-3,807953E-3
20220325 10:51:54,270	a2_1_268_20220325_10_51_54,270.bmp	8,077333E-1	2,262378E+0	4,902598E-5	1,284088E-3
20220325 10:52:00,272	a2_1_269_20220325_10_52_00,272.bmp	8,115514E-1	2,281472E+0	4,902598E-5	1,107786E-5
20220325 10:52:06,276	a2_1_270_20220325_10_52_06,276.bmp	8,230059E-1	2,303113E+0	3,867592E-3	-1,261932E-3
20220325 10:52:12,279	a2_1_271_20220325_10_52_12,279.bmp	8,217332E-1	2,318388E+0	1,321881E-3	2,557098E-3
20220325 10:52:18,287	a2_1_272_20220325_10_52_18,287.bmp	8,268240E-1	2,345121E+0	-1,223829E-3	-2,534943E-3
20220325 10:52:24,294	a2_1_273_20220325_10_52_24,294.bmp	8,268240E-1	2,362942E+0	-1,223829E-3	-1,261932E-3
20220325 10:52:30,298	a2_1_274_20220325_10_52_30,298.bmp	8,306422E-1	2,380764E+0	1,321881E-3	1,107786E-5
20220325 10:52:36,304	a2_1_275_20220325_10_52_36,304.bmp	8,331876E-1	2,404951E+0	4,902598E-5	-1,261932E-3
20220325 10:52:42,315	a2_1_276_20220325_10_52_42,315.bmp	8,344603E-1	2,421499E+0	4,902598E-5	1,107786E-5
20220325 10:52:48,321	a2_1_277_20220325_10_52_48,321.bmp	8,319149E-1	2,441867E+0	2,594737E-3	1,107786E-5
20220325 10:52:54,324	a2_1_278_20220325_10_52_54,324.bmp	8,408239E-1	2,462234E+0	-1,223829E-3	-1,261932E-3
20220325 10:53:00,326	a2_1_279_20220325_10_53_00,326.bmp	8,420966E-1	2,481329E+0	1,321881E-3	1,107786E-5
20220325 10:53:06,331	a2_1_280_20220325_10_53_06,331.bmp	8,497329E-1	2,499150E+0	4,902598E-5	1,107786E-5
20220325 10:53:12,335	a2_1_281_20220325_10_53_12,335.bmp	8,471875E-1	2,520791E+0	4,902598E-5	1,107786E-5
20220325 10:53:18,344	a2_1_282_20220325_10_53_18,344.bmp	8,293695E-1	2,538613E+0	2,594737E-3	2,557098E-3
20220325 10:53:24,346	a2_1_283_20220325_10_53_24,346.bmp	7,860971E-1	2,560253E+0	-5,042396E-3	1,107786E-5
20220325 10:53:30,353	a2_1_284_20220325_10_53_30,353.bmp	7,644608E-1	2,580621E+0	1,321881E-3	2,557098E-3
20220325 10:53:36,357	a2_1_285_20220325_10_53_36,357.bmp	7,580973E-1	2,598442E+0	2,594737E-3	1,284088E-3
20220325 10:53:42,359	a2_1_286_20220325_10_53_42,359.bmp	7,606427E-1	2,625175E+0	-3,769540E-3	-3,807953E-3
20220325 10:53:48,363	a2_1_287_20220325_10_53_48,363.bmp	7,580973E-1	2,646815E+0	-1,223829E-3	-3,807953E-3
20220325 10:53:54,373	a2_1_288_20220325_10_53_54,373.bmp	7,606427E-1	2,659545E+0	-1,223829E-3	2,557098E-3
20220325 10:54:00,379	a2_1_289_20220325_10_54_00,379.bmp	7,606427E-1	2,681186E+0	4,902598E-5	-1,261932E-3
20220325 10:54:06,384	a2_1_290_20220325_10_54_06,384.bmp	7,619154E-1	2,700280E+0	-1,223829E-3	2,557098E-3
20220325 10:54:12,389	a2_1_291_20220325_10_54_12,389.bmp	7,580973E-1	2,721921E+0	4,902598E-5	1,107786E-5
20220325 10:54:18,394	a2_1_292_20220325_10_54_18,394.bmp	7,580973E-1	2,739742E+0	4,902598E-5	2,557098E-3
20220325 10:54:24,404	a2_1_293_20220325_10_54_24,404.bmp	7,580973E-1	2,762656E+0	1,321881E-3	-1,261932E-3
20220325 10:54:30,411	a2_1_294_20220325_10_54_30,411.bmp	7,606427E-1	2,783023E+0	4,902598E-5	-3,807953E-3
20220325 10:54:36,414	a2_1_295_20220325_10_54_36,414.bmp	7,593700E-1	2,800845E+0	4,902598E-5	1,107786E-5
20220325 10:54:42,419	a2_1_296_20220325_10_54_42,419.bmp	7,555518E-1	2,823759E+0	-3,769540E-3	1,107786E-5
20220325 10:54:48,420	a2_1_297_20220325_10_54_48,420.bmp	7,440974E-1	2,839034E+0	3,867592E-3	2,557098E-3
20220325 10:54:54,430	a2_1_298_20220325_10_54_54,430.bmp	7,415519E-1	2,863221E+0	1,321881E-3	1,107786E-5
20220325 10:55:00,436	a2_1_299_20220325_10_55_00,436.bmp	7,351883E-1	2,883588E+0	2,594737E-3	-1,261932E-3
20220325 10:55:06,439	a2_1_300_20220325_10_55_06,439.bmp	7,402792E-1	2,905229E+0	-3,769540E-3	-3,807953E-3
20220325 10:55:12,445	a2_1_301_20220325_10_55_12,445.bmp	7,339156E-1	2,923050E+0	-1,223829E-3	1,284088E-3
20220325 10:55:18,448	a2_1_302_20220325_10_55_18,448.bmp	7,288247E-1	2,942145E+0	2,594737E-3	1,107786E-5
20220325 10:55:24,454	a2_1_303_20220325_10_55_24,454.bmp	7,326429E-1	2,965058E+0	-3,769540E-3	1,107786E-5
20220325 10:55:30,459	a2_1_304_20220325_10_55_30,459.bmp	7,250066E-1	2,977788E+0	5,140448E-3	2,557098E-3
20220325 10:55:36,465	a2_1_305_20220325_10_55_36,465.bmp	7,275520E-1	3,000702E+0	4,902598E-5	1,107786E-5
