20220516 10:01:20,260	c_0_039_20220516_10_01_20,260.bmp	-4,425969E-4	-7,596594E-1	4,902598E-5	-1,261932E-3
20220516 10:01:26,266	c_0_040_20220516_10_01_26,266.bmp	1,228458E-2	2,851233E-3	-3,769540E-3	-3,807953E-3
20220516 10:01:32,272	c_0_041_20220516_10_01_32,272.bmp	1,242838E-1	2,067285E-2	4,902598E-5	2,557098E-3
20220516 10:01:38,281	c_0_042_20220516_10_01_38,281.bmp	3,215550E-1	4,358636E-2	4,902598E-5	1,107786E-5
20220516 10:01:44,288	c_0_043_20220516_10_01_44,288.bmp	5,366443E-1	6,140797E-2	-1,223829E-3	1,107786E-5
20220516 10:01:50,305	c_0_044_20220516_10_01_50,305.bmp	7,542791E-1	8,559445E-2	-3,769540E-3	-3,807953E-3
20220516 10:01:56,310	c_0_045_20220516_10_01_56,310.bmp	9,591867E-1	1,059620E-1	-2,496685E-3	-3,807953E-3
20220516 10:02:02,315	c_0_046_20220516_10_02_02,315.bmp	1,169185E+0	1,250566E-1	-2,496685E-3	-3,807953E-3
20220516 10:02:08,316	c_0_047_20220516_10_02_08,316.bmp	1,374093E+0	1,428782E-1	4,902598E-5	1,107786E-5
20220516 10:02:14,317	c_0_048_20220516_10_02_14,317.bmp	1,579000E+0	1,657917E-1	4,902598E-5	-5,080963E-3
20220516 10:02:20,324	c_0_049_20220516_10_02_20,324.bmp	1,791544E+0	1,836133E-1	-5,042396E-3	-3,807953E-3
20220516 10:02:26,331	c_0_050_20220516_10_02_26,331.bmp	1,998997E+0	2,001620E-1	1,321881E-3	2,557098E-3
20220516 10:02:32,338	c_0_051_20220516_10_02_32,338.bmp	2,214087E+0	2,256214E-1	-3,769540E-3	-3,807953E-3
20220516 10:02:38,343	c_0_052_20220516_10_02_38,343.bmp	2,413903E+0	2,383512E-1	2,594737E-3	2,557098E-3
20220516 10:02:44,347	c_0_053_20220516_10_02_44,347.bmp	2,608629E+0	2,625376E-1	4,902598E-5	1,107786E-5
20220516 10:02:50,356	c_0_054_20220516_10_02_50,356.bmp	2,785537E+0	2,829052E-1	-1,223829E-3	1,107786E-5
20220516 10:02:56,362	c_0_055_20220516_10_02_56,362.bmp	2,944627E+0	3,058187E-1	-3,769540E-3	-3,807953E-3
20220516 10:03:02,365	c_0_056_20220516_10_03_02,365.bmp	3,080807E+0	3,210944E-1	4,902598E-5	-1,261932E-3
20220516 10:03:08,368	c_0_057_20220516_10_03_08,368.bmp	3,209352E+0	3,401890E-1	1,321881E-3	2,557098E-3
20220516 10:03:14,369	c_0_058_20220516_10_03_14,369.bmp	3,336624E+0	3,618295E-1	-1,223829E-3	1,107786E-5
20220516 10:03:20,371	c_0_059_20220516_10_03_20,371.bmp	3,460077E+0	3,821971E-1	1,321881E-3	-1,261932E-3
20220516 10:03:26,374	c_0_060_20220516_10_03_26,374.bmp	3,575895E+0	3,987457E-1	2,594737E-3	3,830109E-3
20220516 10:03:32,384	c_0_061_20220516_10_03_32,384.bmp	3,654803E+0	4,229322E-1	4,902598E-5	-1,261932E-3
20220516 10:03:38,389	c_0_062_20220516_10_03_38,389.bmp	3,706985E+0	4,420268E-1	4,902598E-5	1,107786E-5
20220516 10:03:44,394	c_0_063_20220516_10_03_44,394.bmp	3,754075E+0	4,636673E-1	-5,042396E-3	-3,807953E-3
20220516 10:03:50,396	c_0_064_20220516_10_03_50,396.bmp	3,764257E+0	4,827619E-1	1,321881E-3	1,107786E-5
20220516 10:03:56,399	c_0_065_20220516_10_03_56,399.bmp	3,756621E+0	5,031295E-1	4,902598E-5	1,107786E-5
20220516 10:04:02,402	c_0_066_20220516_10_04_02,402.bmp	3,731166E+0	5,247700E-1	-3,769540E-3	-5,080963E-3
20220516 10:04:08,409	c_0_067_20220516_10_04_08,409.bmp	3,696803E+0	5,413186E-1	4,902598E-5	1,107786E-5
20220516 10:04:14,410	c_0_068_20220516_10_04_14,410.bmp	3,629349E+0	5,578673E-1	-1,223829E-3	2,557098E-3
20220516 10:04:20,417	c_0_069_20220516_10_04_20,417.bmp	3,444805E+0	5,807808E-1	1,321881E-3	-1,261932E-3
20220516 10:04:26,418	c_0_070_20220516_10_04_26,418.bmp	3,103716E+0	5,973294E-1	2,594737E-3	2,557098E-3
20220516 10:04:32,420	c_0_071_20220516_10_04_32,420.bmp	2,697719E+0	6,189700E-1	4,902598E-5	3,830109E-3
20220516 10:04:38,424	c_0_072_20220516_10_04_38,424.bmp	2,622629E+0	6,380646E-1	2,594737E-3	-1,261932E-3
20220516 10:04:44,426	c_0_073_20220516_10_04_44,426.bmp	2,597175E+0	6,622510E-1	4,902598E-5	1,107786E-5
20220516 10:04:50,442	c_0_074_20220516_10_04_50,442.bmp	2,486448E+0	6,864375E-1	-3,769540E-3	-3,807953E-3
20220516 10:04:56,448	c_0_075_20220516_10_04_56,448.bmp	2,324813E+0	6,991672E-1	2,594737E-3	2,557098E-3
20220516 10:05:02,453	c_0_076_20220516_10_05_02,453.bmp	2,270086E+0	7,233537E-1	4,902598E-5	-1,261932E-3
20220516 10:05:08,454	c_0_077_20220516_10_05_08,454.bmp	2,249723E+0	7,424483E-1	4,902598E-5	1,107786E-5
20220516 10:05:14,456	c_0_078_20220516_10_05_14,456.bmp	2,235723E+0	7,640888E-1	-3,769540E-3	-3,807953E-3
20220516 10:05:20,457	c_0_079_20220516_10_05_20,457.bmp	2,192450E+0	7,793645E-1	2,594737E-3	1,284088E-3
20220516 10:05:26,467	c_0_080_20220516_10_05_26,467.bmp	2,138996E+0	8,022780E-1	-3,769540E-3	-1,261932E-3
20220516 10:05:32,473	c_0_081_20220516_10_05_32,473.bmp	2,075360E+0	8,251915E-1	-3,769540E-3	-2,534943E-3
20220516 10:05:38,477	c_0_082_20220516_10_05_38,477.bmp	2,028270E+0	8,391942E-1	5,140448E-3	1,284088E-3
20220516 10:05:44,481	c_0_083_20220516_10_05_44,481.bmp	2,005361E+0	8,608348E-1	3,867592E-3	3,830109E-3
20220516 10:05:50,485	c_0_084_20220516_10_05_50,485.bmp	1,983725E+0	8,812023E-1	3,867592E-3	-1,261932E-3
20220516 10:05:56,494	c_0_085_20220516_10_05_56,494.bmp	1,973543E+0	9,015699E-1	-3,769540E-3	-3,807953E-3
20220516 10:06:02,500	c_0_086_20220516_10_06_02,500.bmp	1,954452E+0	9,193915E-1	5,140448E-3	3,830109E-3
20220516 10:06:08,505	c_0_087_20220516_10_06_08,505.bmp	1,949361E+0	9,423050E-1	2,594737E-3	1,107786E-5
20220516 10:06:14,508	c_0_088_20220516_10_06_14,508.bmp	1,951907E+0	9,588537E-1	2,594737E-3	1,107786E-5
20220516 10:06:20,509	c_0_089_20220516_10_06_20,509.bmp	1,969725E+0	9,779482E-1	2,594737E-3	1,107786E-5
20220516 10:06:26,514	c_0_090_20220516_10_06_26,514.bmp	2,001543E+0	1,004681E+0	-2,496685E-3	-3,807953E-3
20220516 10:06:32,519	c_0_091_20220516_10_06_32,519.bmp	2,019361E+0	1,018683E+0	2,594737E-3	2,557098E-3
20220516 10:06:38,526	c_0_092_20220516_10_06_38,526.bmp	2,054997E+0	1,042870E+0	4,902598E-5	1,107786E-5
20220516 10:06:44,539	c_0_093_20220516_10_06_44,539.bmp	2,086815E+0	1,064510E+0	1,321881E-3	-1,261932E-3
20220516 10:06:50,550	c_0_094_20220516_10_06_50,550.bmp	2,121178E+0	1,083605E+0	-5,042396E-3	1,107786E-5
20220516 10:06:56,555	c_0_095_20220516_10_06_56,555.bmp	2,152996E+0	1,105246E+0	-3,769540E-3	-3,807953E-3
20220516 10:07:02,560	c_0_096_20220516_10_07_02,560.bmp	2,182269E+0	1,123067E+0	-1,223829E-3	1,107786E-5
20220516 10:07:08,562	c_0_097_20220516_10_07_08,562.bmp	2,208996E+0	1,144708E+0	-1,223829E-3	-3,807953E-3
20220516 10:07:14,566	c_0_098_20220516_10_07_14,566.bmp	2,225541E+0	1,162529E+0	1,321881E-3	1,107786E-5
20220516 10:07:20,568	c_0_099_20220516_10_07_20,568.bmp	2,243359E+0	1,182897E+0	1,321881E-3	1,107786E-5
20220516 10:07:26,570	c_0_100_20220516_10_07_26,570.bmp	2,261177E+0	1,198173E+0	3,867592E-3	2,557098E-3
20220516 10:07:32,575	c_0_101_20220516_10_07_32,575.bmp	2,276450E+0	1,218540E+0	4,902598E-5	1,284088E-3
20220516 10:07:38,585	c_0_102_20220516_10_07_38,585.bmp	2,287904E+0	1,242727E+0	4,902598E-5	1,107786E-5
20220516 10:07:44,590	c_0_103_20220516_10_07_44,590.bmp	2,303177E+0	1,260548E+0	-3,769540E-3	1,107786E-5
20220516 10:07:50,594	c_0_104_20220516_10_07_50,594.bmp	2,300631E+0	1,283462E+0	-3,769540E-3	-3,807953E-3
20220516 10:07:56,597	c_0_105_20220516_10_07_56,597.bmp	2,020633E+0	1,298737E+0	2,594737E-3	1,284088E-3
20220516 10:08:02,598	c_0_106_20220516_10_08_02,598.bmp	1,848816E+0	1,324197E+0	2,594737E-3	1,284088E-3
20220516 10:08:08,605	c_0_107_20220516_10_08_08,605.bmp	1,810635E+0	1,339472E+0	2,594737E-3	1,284088E-3
20220516 10:08:14,610	c_0_108_20220516_10_08_14,610.bmp	1,801726E+0	1,359840E+0	3,867592E-3	2,557098E-3
20220516 10:08:20,611	c_0_109_20220516_10_08_20,611.bmp	1,802999E+0	1,382754E+0	4,902598E-5	-1,261932E-3
20220516 10:08:26,612	c_0_110_20220516_10_08_26,612.bmp	1,792817E+0	1,401848E+0	-3,769540E-3	-1,261932E-3
20220516 10:08:32,616	c_0_111_20220516_10_08_32,616.bmp	1,772453E+0	1,420943E+0	1,321881E-3	2,557098E-3
20220516 10:08:38,617	c_0_112_20220516_10_08_38,617.bmp	1,777544E+0	1,440037E+0	4,902598E-5	2,557098E-3
20220516 10:08:44,619	c_0_113_20220516_10_08_44,619.bmp	1,790271E+0	1,462951E+0	-3,769540E-3	-3,807953E-3
20220516 10:08:50,623	c_0_114_20220516_10_08_50,623.bmp	1,797908E+0	1,483318E+0	4,902598E-5	1,284088E-3
20220516 10:08:56,633	c_0_115_20220516_10_08_56,633.bmp	1,809362E+0	1,502413E+0	4,902598E-5	2,557098E-3
20220516 10:09:02,640	c_0_116_20220516_10_09_02,640.bmp	1,815726E+0	1,520235E+0	3,867592E-3	1,284088E-3
20220516 10:09:08,644	c_0_117_20220516_10_09_08,644.bmp	1,825908E+0	1,541875E+0	4,902598E-5	1,107786E-5
20220516 10:09:14,644	c_0_118_20220516_10_09_14,644.bmp	1,832271E+0	1,563516E+0	4,902598E-5	1,107786E-5
20220516 10:09:20,648	c_0_119_20220516_10_09_20,648.bmp	1,844998E+0	1,582610E+0	-1,223829E-3	1,107786E-5
20220516 10:09:26,651	c_0_120_20220516_10_09_26,651.bmp	1,853907E+0	1,599159E+0	4,902598E-5	1,107786E-5
20220516 10:09:32,657	c_0_121_20220516_10_09_32,657.bmp	1,864089E+0	1,625891E+0	-1,223829E-3	-3,807953E-3
20220516 10:09:38,663	c_0_122_20220516_10_09_38,663.bmp	1,871725E+0	1,642440E+0	4,902598E-5	1,107786E-5
20220516 10:09:44,667	c_0_123_20220516_10_09_44,667.bmp	1,885725E+0	1,662807E+0	-5,042396E-3	-3,807953E-3
20220516 10:09:50,672	c_0_124_20220516_10_09_50,672.bmp	1,893362E+0	1,683175E+0	-3,769540E-3	1,107786E-5
20220516 10:09:56,673	c_0_125_20220516_10_09_56,673.bmp	1,906089E+0	1,706089E+0	-3,769540E-3	-3,807953E-3
20220516 10:10:02,676	c_0_126_20220516_10_10_02,676.bmp	1,916271E+0	1,721364E+0	4,902598E-5	1,107786E-5
20220516 10:10:08,681	c_0_127_20220516_10_10_08,681.bmp	1,930270E+0	1,739186E+0	4,902598E-5	2,557098E-3
20220516 10:10:14,688	c_0_128_20220516_10_10_14,688.bmp	1,949361E+0	1,767191E+0	-3,769540E-3	-2,534943E-3
20220516 10:10:20,696	c_0_129_20220516_10_10_20,696.bmp	1,958270E+0	1,779921E+0	3,867592E-3	2,557098E-3
20220516 10:10:26,699	c_0_130_20220516_10_10_26,699.bmp	1,977361E+0	1,802834E+0	4,902598E-5	1,107786E-5
20220516 10:10:32,700	c_0_131_20220516_10_10_32,700.bmp	1,993906E+0	1,825748E+0	4,902598E-5	1,107786E-5
20220516 10:10:38,703	c_0_132_20220516_10_10_38,703.bmp	2,011724E+0	1,844843E+0	-3,769540E-3	-3,807953E-3
20220516 10:10:44,707	c_0_133_20220516_10_10_44,707.bmp	2,028270E+0	1,862664E+0	4,902598E-5	-1,261932E-3
20220516 10:10:50,715	c_0_134_20220516_10_10_50,715.bmp	2,042270E+0	1,880486E+0	2,594737E-3	1,284088E-3
20220516 10:10:56,719	c_0_135_20220516_10_10_56,719.bmp	2,061360E+0	1,898307E+0	-1,223829E-3	2,557098E-3
20220516 10:11:02,723	c_0_136_20220516_10_11_02,723.bmp	2,072815E+0	1,919948E+0	2,594737E-3	3,830109E-3
20220516 10:11:08,727	c_0_137_20220516_10_11_08,727.bmp	2,085542E+0	1,939043E+0	-1,223829E-3	2,557098E-3
20220516 10:11:14,729	c_0_138_20220516_10_11_14,729.bmp	2,098269E+0	1,965775E+0	4,902598E-5	-3,807953E-3
20220516 10:11:20,734	c_0_139_20220516_10_11_20,734.bmp	2,110996E+0	1,986143E+0	-3,769540E-3	-3,807953E-3
20220516 10:11:26,743	c_0_140_20220516_10_11_26,743.bmp	2,117360E+0	2,001418E+0	-1,223829E-3	2,557098E-3
20220516 10:11:32,744	c_0_141_20220516_10_11_32,744.bmp	2,119905E+0	2,019240E+0	3,867592E-3	2,557098E-3
20220516 10:11:38,746	c_0_142_20220516_10_11_38,746.bmp	2,114815E+0	2,040880E+0	2,594737E-3	2,557098E-3
20220516 10:11:44,747	c_0_143_20220516_10_11_44,747.bmp	2,119905E+0	2,061248E+0	4,902598E-5	-1,261932E-3
20220516 10:11:50,749	c_0_144_20220516_10_11_50,749.bmp	2,124996E+0	2,080343E+0	-1,223829E-3	2,557098E-3
20220516 10:11:56,750	c_0_145_20220516_10_11_56,750.bmp	2,122451E+0	2,101983E+0	4,902598E-5	1,107786E-5
20220516 10:12:02,754	c_0_146_20220516_10_12_02,754.bmp	2,118633E+0	2,124897E+0	4,902598E-5	-2,534943E-3
20220516 10:12:08,759	c_0_147_20220516_10_12_08,759.bmp	2,109724E+0	2,143991E+0	-2,496685E-3	-3,807953E-3
20220516 10:12:14,768	c_0_148_20220516_10_12_14,768.bmp	2,109724E+0	2,160540E+0	4,902598E-5	1,284088E-3
20220516 10:12:20,773	c_0_149_20220516_10_12_20,773.bmp	2,080451E+0	2,184726E+0	1,321881E-3	-3,807953E-3
20220516 10:12:26,775	c_0_150_20220516_10_12_26,775.bmp	2,021906E+0	2,201275E+0	-3,769540E-3	-1,261932E-3
20220516 10:12:32,777	c_0_151_20220516_10_12_32,777.bmp	1,953179E+0	2,221642E+0	-1,223829E-3	1,107786E-5
20220516 10:12:38,783	c_0_152_20220516_10_12_38,783.bmp	1,907362E+0	2,244556E+0	2,594737E-3	-1,261932E-3
20220516 10:12:44,786	c_0_153_20220516_10_12_44,786.bmp	1,834817E+0	2,262378E+0	4,902598E-5	-1,261932E-3
20220516 10:12:50,795	c_0_154_20220516_10_12_50,795.bmp	1,721545E+0	2,278926E+0	3,867592E-3	2,557098E-3
20220516 10:12:56,796	c_0_155_20220516_10_12_56,796.bmp	1,697363E+0	2,296748E+0	3,867592E-3	3,830109E-3
20220516 10:13:02,803	c_0_156_20220516_10_13_02,803.bmp	1,688454E+0	2,323480E+0	-3,769540E-3	-3,807953E-3
20220516 10:13:08,810	c_0_157_20220516_10_13_08,810.bmp	1,660454E+0	2,346394E+0	-3,769540E-3	-3,807953E-3
20220516 10:13:14,814	c_0_158_20220516_10_13_14,814.bmp	1,642636E+0	2,360396E+0	-3,769540E-3	-1,261932E-3
20220516 10:13:20,825	c_0_159_20220516_10_13_20,825.bmp	1,631182E+0	2,383310E+0	-2,496685E-3	-3,807953E-3
20220516 10:13:26,826	c_0_160_20220516_10_13_26,826.bmp	1,621000E+0	2,403678E+0	4,902598E-5	1,107786E-5
20220516 10:13:32,835	c_0_161_20220516_10_13_32,835.bmp	1,614636E+0	2,418953E+0	3,867592E-3	2,557098E-3
20220516 10:13:38,838	c_0_162_20220516_10_13_38,838.bmp	1,615909E+0	2,441867E+0	4,902598E-5	1,107786E-5
20220516 10:13:44,841	c_0_163_20220516_10_13_44,841.bmp	1,613364E+0	2,467326E+0	4,902598E-5	-3,807953E-3
20220516 10:13:50,842	c_0_164_20220516_10_13_50,842.bmp	1,610818E+0	2,482602E+0	4,902598E-5	-1,261932E-3
20220516 10:13:56,845	c_0_165_20220516_10_13_56,845.bmp	1,608273E+0	2,505515E+0	-3,769540E-3	-3,807953E-3
20220516 10:14:02,855	c_0_166_20220516_10_14_02,855.bmp	1,600636E+0	2,520791E+0	4,902598E-5	-1,261932E-3
20220516 10:14:08,855	c_0_167_20220516_10_14_08,855.bmp	1,572637E+0	2,538613E+0	2,594737E-3	3,830109E-3
20220516 10:14:14,858	c_0_168_20220516_10_14_14,858.bmp	1,575182E+0	2,565345E+0	-1,223829E-3	-3,807953E-3
20220516 10:14:20,863	c_0_169_20220516_10_14_20,863.bmp	1,572637E+0	2,584440E+0	-3,769540E-3	-1,261932E-3
20220516 10:14:26,865	c_0_170_20220516_10_14_26,865.bmp	1,566273E+0	2,597169E+0	4,902598E-5	1,284088E-3
20220516 10:14:32,868	c_0_171_20220516_10_14_32,868.bmp	1,565000E+0	2,620083E+0	2,594737E-3	1,284088E-3
20220516 10:14:38,871	c_0_172_20220516_10_14_38,871.bmp	1,566273E+0	2,640450E+0	2,594737E-3	2,557098E-3
20220516 10:14:44,883	c_0_173_20220516_10_14_44,883.bmp	1,570091E+0	2,658272E+0	3,867592E-3	2,557098E-3
20220516 10:14:50,887	c_0_174_20220516_10_14_50,887.bmp	1,571364E+0	2,683732E+0	4,902598E-5	1,107786E-5
20220516 10:14:56,891	c_0_175_20220516_10_14_56,891.bmp	1,575182E+0	2,701553E+0	4,902598E-5	1,284088E-3
20220516 10:15:02,893	c_0_176_20220516_10_15_02,893.bmp	1,559910E+0	2,721921E+0	4,902598E-5	-1,261932E-3
20220516 10:15:08,895	c_0_177_20220516_10_15_08,895.bmp	1,545910E+0	2,741015E+0	4,902598E-5	-1,261932E-3
20220516 10:15:14,906	c_0_178_20220516_10_15_14,906.bmp	1,549728E+0	2,762656E+0	-3,769540E-3	1,107786E-5
20220516 10:15:20,907	c_0_179_20220516_10_15_20,907.bmp	1,549728E+0	2,783023E+0	-1,223829E-3	1,107786E-5
20220516 10:15:26,911	c_0_180_20220516_10_15_26,911.bmp	1,554819E+0	2,805937E+0	-3,769540E-3	-3,807953E-3
20220516 10:15:32,912	c_0_181_20220516_10_15_32,912.bmp	1,557364E+0	2,826304E+0	-3,769540E-3	-3,807953E-3
20220516 10:15:38,915	c_0_182_20220516_10_15_38,915.bmp	1,562455E+0	2,839034E+0	3,867592E-3	2,557098E-3
20220516 10:15:44,918	c_0_183_20220516_10_15_44,918.bmp	1,573909E+0	2,864494E+0	-2,496685E-3	-3,807953E-3
20220516 10:15:50,921	c_0_184_20220516_10_15_50,921.bmp	1,576455E+0	2,884861E+0	-3,769540E-3	1,107786E-5
20220516 10:15:56,926	c_0_185_20220516_10_15_56,926.bmp	1,479728E+0	2,901410E+0	1,321881E-3	-1,261932E-3
20220516 10:16:02,927	c_0_186_20220516_10_16_02,927.bmp	1,427547E+0	2,924323E+0	-3,769540E-3	-3,807953E-3
20220516 10:16:08,928	c_0_187_20220516_10_16_08,928.bmp	1,355002E+0	2,942145E+0	-1,223829E-3	1,107786E-5
20220516 10:16:14,932	c_0_188_20220516_10_16_14,932.bmp	1,267184E+0	2,966331E+0	-5,042396E-3	-3,807953E-3
20220516 10:16:20,933	c_0_189_20220516_10_16_20,933.bmp	1,241730E+0	2,982880E+0	3,867592E-3	1,107786E-5
20220516 10:16:26,939	c_0_190_20220516_10_16_26,939.bmp	1,231548E+0	2,999429E+0	2,594737E-3	2,557098E-3
20220516 10:16:32,939	c_0_191_20220516_10_16_32,939.bmp	1,231548E+0	3,024888E+0	-5,042396E-3	-3,807953E-3
20220516 10:16:38,943	c_0_192_20220516_10_16_38,943.bmp	1,212458E+0	3,038891E+0	1,321881E-3	2,557098E-3
20220516 10:16:44,948	c_0_193_20220516_10_16_44,948.bmp	1,208639E+0	3,061804E+0	4,902598E-5	1,107786E-5
20220516 10:16:50,951	c_0_194_20220516_10_16_50,951.bmp	1,202276E+0	3,078353E+0	-1,223829E-3	3,830109E-3
20220516 10:16:56,958	c_0_195_20220516_10_16_56,958.bmp	1,204821E+0	3,097448E+0	4,902598E-5	2,557098E-3
20220516 10:17:02,963	c_0_196_20220516_10_17_02,963.bmp	1,203549E+0	3,121634E+0	-1,223829E-3	-1,261932E-3
20220516 10:17:08,967	c_0_197_20220516_10_17_08,967.bmp	1,203549E+0	3,142002E+0	4,902598E-5	1,107786E-5
20220516 10:17:14,972	c_0_198_20220516_10_17_14,972.bmp	1,198458E+0	3,162369E+0	4,902598E-5	1,107786E-5
20220516 10:17:20,974	c_0_199_20220516_10_17_20,974.bmp	1,197185E+0	3,185283E+0	-2,496685E-3	-3,807953E-3
20220516 10:17:26,975	c_0_200_20220516_10_17_26,975.bmp	1,171731E+0	3,201831E+0	4,902598E-5	-1,261932E-3
20220516 10:17:32,979	c_0_201_20220516_10_17_32,979.bmp	1,136094E+0	3,219653E+0	3,867592E-3	2,557098E-3
20220516 10:17:38,987	c_0_202_20220516_10_17_38,987.bmp	1,127185E+0	3,242566E+0	2,594737E-3	1,107786E-5
20220516 10:17:44,993	c_0_203_20220516_10_17_44,993.bmp	1,132276E+0	3,264207E+0	-2,496685E-3	-3,807953E-3
20220516 10:17:50,995	c_0_204_20220516_10_17_50,995.bmp	1,131004E+0	3,282029E+0	2,594737E-3	-1,261932E-3
20220516 10:17:56,998	c_0_205_20220516_10_17_56,998.bmp	1,138640E+0	3,303669E+0	4,902598E-5	-1,261932E-3
20220516 10:18:03,000	c_0_206_20220516_10_18_03,000.bmp	1,145003E+0	3,322764E+0	4,902598E-5	1,107786E-5
20220516 10:18:09,001	c_0_207_20220516_10_18_09,001.bmp	1,146276E+0	3,339312E+0	2,594737E-3	2,557098E-3
20220516 10:18:15,005	c_0_208_20220516_10_18_15,005.bmp	1,153913E+0	3,360953E+0	2,594737E-3	1,107786E-5
20220516 10:18:21,014	c_0_209_20220516_10_18_21,014.bmp	1,156458E+0	3,378775E+0	3,867592E-3	3,830109E-3
20220516 10:18:27,020	c_0_210_20220516_10_18_27,020.bmp	1,162822E+0	3,401688E+0	-1,223829E-3	1,107786E-5
20220516 10:18:33,024	c_0_211_20220516_10_18_33,024.bmp	1,167912E+0	3,423329E+0	2,594737E-3	-1,261932E-3
20220516 10:18:39,027	c_0_212_20220516_10_18_39,027.bmp	1,181912E+0	3,442423E+0	-2,496685E-3	-3,807953E-3
20220516 10:18:45,029	c_0_213_20220516_10_18_45,029.bmp	1,183185E+0	3,464064E+0	-1,223829E-3	-3,807953E-3
20220516 10:18:51,034	c_0_214_20220516_10_18_51,034.bmp	1,190821E+0	3,481885E+0	4,902598E-5	1,107786E-5
20220516 10:18:57,034	c_0_215_20220516_10_18_57,034.bmp	1,199730E+0	3,500980E+0	-3,769540E-3	-3,807953E-3
20220516 10:19:03,038	c_0_216_20220516_10_19_03,038.bmp	1,202276E+0	3,521347E+0	4,902598E-5	1,107786E-5
20220516 10:19:09,046	c_0_217_20220516_10_19_09,046.bmp	1,206094E+0	3,541715E+0	4,902598E-5	-1,261932E-3
20220516 10:19:15,048	c_0_218_20220516_10_19_15,048.bmp	1,212458E+0	3,558264E+0	1,321881E-3	2,557098E-3
20220516 10:19:21,049	c_0_219_20220516_10_19_21,049.bmp	1,213730E+0	3,583723E+0	3,867592E-3	1,107786E-5
20220516 10:19:27,050	c_0_220_20220516_10_19_27,050.bmp	1,221367E+0	3,598999E+0	2,594737E-3	1,284088E-3
20220516 10:19:33,053	c_0_221_20220516_10_19_33,053.bmp	1,236639E+0	3,620639E+0	-3,769540E-3	-1,261932E-3
20220516 10:19:39,056	c_0_222_20220516_10_19_39,056.bmp	1,232821E+0	3,639734E+0	2,594737E-3	1,284088E-3
20220516 10:19:45,065	c_0_223_20220516_10_19_45,065.bmp	1,241730E+0	3,661374E+0	-1,223829E-3	1,107786E-5
20220516 10:19:51,075	c_0_224_20220516_10_19_51,075.bmp	1,249366E+0	3,680469E+0	4,902598E-5	1,107786E-5
20220516 10:19:57,078	c_0_225_20220516_10_19_57,078.bmp	1,253185E+0	3,699564E+0	1,321881E-3	2,557098E-3
20220516 10:20:03,080	c_0_226_20220516_10_20_03,080.bmp	1,257003E+0	3,721204E+0	3,867592E-3	-1,261932E-3
20220516 10:20:09,083	c_0_227_20220516_10_20_09,083.bmp	1,263366E+0	3,737753E+0	4,902598E-5	1,107786E-5
20220516 10:20:15,086	c_0_228_20220516_10_20_15,086.bmp	1,268457E+0	3,763212E+0	1,321881E-3	1,107786E-5
20220516 10:20:21,090	c_0_229_20220516_10_20_21,090.bmp	1,268457E+0	3,781034E+0	4,902598E-5	1,107786E-5
20220516 10:20:27,093	c_0_230_20220516_10_20_27,093.bmp	1,263366E+0	3,798856E+0	4,902598E-5	1,284088E-3
20220516 10:20:33,100	c_0_231_20220516_10_20_33,100.bmp	1,260821E+0	3,817950E+0	4,902598E-5	2,557098E-3
20220516 10:20:39,104	c_0_232_20220516_10_20_39,104.bmp	1,254457E+0	3,842137E+0	4,902598E-5	1,107786E-5
20220516 10:20:45,107	c_0_233_20220516_10_20_45,107.bmp	1,239185E+0	3,858685E+0	1,321881E-3	2,557098E-3
20220516 10:20:51,108	c_0_234_20220516_10_20_51,108.bmp	1,183185E+0	3,885418E+0	-3,769540E-3	-3,807953E-3
20220516 10:20:57,111	c_0_235_20220516_10_20_57,111.bmp	1,155185E+0	3,905785E+0	-2,496685E-3	-3,807953E-3
20220516 10:21:03,112	c_0_236_20220516_10_21_03,112.bmp	1,138640E+0	3,923607E+0	4,902598E-5	1,107786E-5
20220516 10:21:09,114	c_0_237_20220516_10_21_09,114.bmp	1,138640E+0	3,941428E+0	-3,769540E-3	-1,261932E-3
20220516 10:21:15,122	c_0_238_20220516_10_21_15,122.bmp	1,138640E+0	3,964342E+0	1,321881E-3	-1,261932E-3
20220516 10:21:21,129	c_0_239_20220516_10_21_21,129.bmp	1,142458E+0	3,985982E+0	1,321881E-3	1,107786E-5
20220516 10:21:27,133	c_0_240_20220516_10_21_27,133.bmp	1,142458E+0	4,002531E+0	4,902598E-5	1,107786E-5
20220516 10:21:33,137	c_0_241_20220516_10_21_33,137.bmp	1,145003E+0	4,019080E+0	4,902598E-5	1,107786E-5
20220516 10:21:39,138	c_0_242_20220516_10_21_39,138.bmp	1,145003E+0	4,038174E+0	3,867592E-3	2,557098E-3
20220516 10:21:45,141	c_0_243_20220516_10_21_45,141.bmp	1,152640E+0	4,062361E+0	-2,496685E-3	1,107786E-5
20220516 10:21:51,146	c_0_244_20220516_10_21_51,146.bmp	1,155185E+0	4,084001E+0	-3,769540E-3	-3,807953E-3
20220516 10:21:57,154	c_0_245_20220516_10_21_57,154.bmp	1,153913E+0	4,100550E+0	2,594737E-3	3,830109E-3
20220516 10:22:03,157	c_0_246_20220516_10_22_03,157.bmp	1,155185E+0	4,120918E+0	4,902598E-5	-1,261932E-3
20220516 10:22:09,162	c_0_247_20220516_10_22_09,162.bmp	1,152640E+0	4,142558E+0	1,321881E-3	-1,261932E-3
20220516 10:22:15,166	c_0_248_20220516_10_22_15,166.bmp	1,155185E+0	4,166745E+0	4,902598E-5	-3,807953E-3
20220516 10:22:21,177	c_0_249_20220516_10_22_21,177.bmp	1,151367E+0	4,182020E+0	-1,223829E-3	-1,261932E-3
20220516 10:22:27,180	c_0_250_20220516_10_22_27,180.bmp	1,146276E+0	4,202388E+0	3,867592E-3	-1,261932E-3
20220516 10:22:33,184	c_0_251_20220516_10_22_33,184.bmp	1,150094E+0	4,226574E+0	-1,223829E-3	-3,807953E-3
20220516 10:22:39,185	c_0_252_20220516_10_22_39,185.bmp	1,143731E+0	4,239304E+0	3,867592E-3	-1,261932E-3
20220516 10:22:45,189	c_0_253_20220516_10_22_45,189.bmp	1,148822E+0	4,259672E+0	4,902598E-5	2,557098E-3
20220516 10:22:51,193	c_0_254_20220516_10_22_51,193.bmp	1,143731E+0	4,286404E+0	4,902598E-5	-2,534943E-3
20220516 10:22:57,197	c_0_255_20220516_10_22_57,197.bmp	1,142458E+0	4,304226E+0	4,902598E-5	-3,807953E-3
20220516 10:23:03,200	c_0_256_20220516_10_23_03,200.bmp	1,138640E+0	4,324593E+0	-3,769540E-3	-3,807953E-3
20220516 10:23:09,202	c_0_257_20220516_10_23_09,202.bmp	1,118276E+0	4,338596E+0	3,867592E-3	3,830109E-3
20220516 10:23:15,208	c_0_258_20220516_10_23_15,208.bmp	1,081368E+0	4,362782E+0	4,902598E-5	1,107786E-5
20220516 10:23:21,214	c_0_259_20220516_10_23_21,214.bmp	1,071186E+0	4,384423E+0	-3,769540E-3	-2,534943E-3
20220516 10:23:27,216	c_0_260_20220516_10_23_27,216.bmp	1,068640E+0	4,403518E+0	-2,496685E-3	1,107786E-5
20220516 10:23:33,221	c_0_261_20220516_10_23_33,221.bmp	1,062277E+0	4,422612E+0	2,594737E-3	-1,261932E-3
20220516 10:23:39,231	c_0_262_20220516_10_23_39,231.bmp	1,066095E+0	4,441707E+0	3,867592E-3	1,107786E-5
20220516 10:23:45,237	c_0_263_20220516_10_23_45,237.bmp	1,072459E+0	4,462074E+0	-1,223829E-3	-1,261932E-3
20220516 10:23:51,239	c_0_264_20220516_10_23_51,239.bmp	1,075004E+0	4,478623E+0	2,594737E-3	2,557098E-3
20220516 10:23:57,241	c_0_265_20220516_10_23_57,241.bmp	1,082640E+0	4,505355E+0	-2,496685E-3	-3,807953E-3
20220516 10:24:03,242	c_0_266_20220516_10_24_03,242.bmp	1,082640E+0	4,521904E+0	4,902598E-5	1,107786E-5
20220516 10:24:09,246	c_0_267_20220516_10_24_09,246.bmp	1,090277E+0	4,546090E+0	-3,769540E-3	-3,807953E-3
20220516 10:24:15,248	c_0_268_20220516_10_24_15,248.bmp	1,091549E+0	4,562639E+0	4,902598E-5	1,284088E-3
20220516 10:24:21,249	c_0_269_20220516_10_24_21,249.bmp	1,090277E+0	4,583007E+0	1,321881E-3	-1,261932E-3
20220516 10:24:27,259	c_0_270_20220516_10_24_27,259.bmp	1,100458E+0	4,605920E+0	1,321881E-3	-3,807953E-3
20220516 10:24:33,263	c_0_271_20220516_10_24_33,263.bmp	1,100458E+0	4,623742E+0	4,902598E-5	-1,261932E-3
20220516 10:24:39,268	c_0_272_20220516_10_24_39,268.bmp	1,105549E+0	4,645382E+0	-1,223829E-3	-3,807953E-3
20220516 10:24:45,271	c_0_273_20220516_10_24_45,271.bmp	1,111913E+0	4,665750E+0	-3,769540E-3	-3,807953E-3
20220516 10:24:51,274	c_0_274_20220516_10_24_51,274.bmp	1,105549E+0	4,678480E+0	2,594737E-3	2,557098E-3
20220516 10:24:57,275	c_0_275_20220516_10_24_57,275.bmp	1,114458E+0	4,705212E+0	-3,769540E-3	-5,080963E-3
20220516 10:25:03,284	c_0_276_20220516_10_25_03,284.bmp	1,110640E+0	4,721761E+0	4,902598E-5	1,107786E-5
20220516 10:25:09,292	c_0_277_20220516_10_25_09,292.bmp	1,109367E+0	4,742128E+0	-3,769540E-3	1,107786E-5
20220516 10:25:15,293	c_0_278_20220516_10_25_15,293.bmp	1,078822E+0	4,765042E+0	-2,496685E-3	-3,807953E-3
20220516 10:25:21,297	c_0_279_20220516_10_25_21,297.bmp	1,059731E+0	4,782863E+0	5,140448E-3	1,107786E-5
20220516 10:25:27,300	c_0_280_20220516_10_25_27,300.bmp	1,052095E+0	4,804504E+0	-1,223829E-3	-3,807953E-3
20220516 10:25:33,304	c_0_281_20220516_10_25_33,304.bmp	1,007550E+0	4,818507E+0	4,902598E-5	3,830109E-3
20220516 10:25:39,306	c_0_282_20220516_10_25_39,306.bmp	9,260960E-1	4,842693E+0	-3,769540E-3	1,107786E-5
20220516 10:25:45,313	c_0_283_20220516_10_25_45,313.bmp	9,184597E-1	4,864334E+0	4,902598E-5	1,284088E-3
20220516 10:25:51,322	c_0_284_20220516_10_25_51,322.bmp	9,159143E-1	4,882155E+0	4,902598E-5	1,107786E-5
20220516 10:25:57,325	c_0_285_20220516_10_25_57,325.bmp	9,210051E-1	4,903796E+0	-5,042396E-3	-3,807953E-3
20220516 10:26:03,327	c_0_286_20220516_10_26_03,327.bmp	9,197324E-1	4,922890E+0	4,902598E-5	1,107786E-5
20220516 10:26:09,331	c_0_287_20220516_10_26_09,331.bmp	9,222779E-1	4,940712E+0	-1,223829E-3	-1,261932E-3
20220516 10:26:15,332	c_0_288_20220516_10_26_15,332.bmp	9,235506E-1	4,962352E+0	-2,496685E-3	1,107786E-5
20220516 10:26:21,332	c_0_289_20220516_10_26_21,332.bmp	9,273687E-1	4,985266E+0	-3,769540E-3	-3,807953E-3
20220516 10:26:27,341	c_0_290_20220516_10_26_27,341.bmp	9,222779E-1	5,000542E+0	4,902598E-5	-3,807953E-3
