3.697711061877850943e-04
8.050680933738108778e-06
2.645914573866918473e-03
1.630785190548802652e-02
3.732246816191295280e-02
6.671411855685448200e-02
1.063957124421436029e-01
1.488658399808626687e-01
2.133970604988303377e-01
2.774276786175507437e-01
3.563531954437839100e-01
4.287728832788501032e-01
5.320603873192517597e-01
6.399000103542303863e-01
7.459037958598149221e-01
8.436385241562179838e-01
9.515096781463557862e-01
1.066289607423622554e+00
1.180523434641481462e+00
1.219548310374821032e+00
1.328478004201672613e+00
1.458157204355350567e+00
1.558840389408941762e+00
1.619165462606417361e+00
1.702807057937547164e+00
1.764682442324241540e+00
1.776922162955923534e+00
1.810370294767968513e+00
1.853241997777034467e+00
1.841487070745731813e+00
1.789528792029612569e+00
1.596832622019182413e+00
1.370191151257689643e+00
1.353827740397937518e+00
1.363895291215819983e+00
1.314799166079912984e+00
1.243162483059190304e+00
1.221813801128262655e+00
1.234850553566073872e+00
1.243094356752753482e+00
1.237083486803953081e+00
1.204659505361461047e+00
1.181349297545787547e+00
1.170792391967707902e+00
1.167793679766887971e+00
1.177630916811941653e+00
1.168492780934630382e+00
1.193918738659582646e+00
1.207606091890853550e+00
1.217832703365574920e+00
1.254935998240478856e+00
1.289991010851154751e+00
1.334643405537289995e+00
1.379948622152833204e+00
1.420140469793198967e+00
1.472916783745439329e+00
1.524087613289057508e+00
1.576339562741352118e+00
1.631977412541266492e+00
1.669762918905498772e+00
1.716267729202488601e+00
1.756011897213854533e+00
1.791153008760922427e+00
1.825540353286268180e+00
1.788350746158957838e+00
1.813579491597422599e+00
1.590413562386224777e+00
1.435139897320098390e+00
1.426295770193753309e+00
1.431707293411467630e+00
1.446734251976555807e+00
1.454501993332230070e+00
1.396383119688839436e+00
1.426888804873912564e+00
1.430591711073813110e+00
1.457202729198256552e+00
1.491510893630554113e+00
1.493597310657288180e+00
1.519206089222160383e+00
1.531549281375041094e+00
1.556367216828743683e+00
1.570035204758383873e+00
1.584053979150467972e+00
1.612058629932979548e+00
1.637544883177582067e+00
1.646399168789436374e+00
1.673667698599390130e+00
1.705779444782039134e+00
1.725632094172809383e+00
1.761047205021670559e+00
1.787405453559489210e+00
1.837372941743671273e+00
1.875536326026962630e+00
1.898721137300602324e+00
1.940651241499016688e+00
1.977782502805293330e+00
2.010144163708147413e+00
2.047451756890464214e+00
2.076862717185296692e+00
2.109237584034838964e+00
2.137445355373570610e+00
2.179332989927363240e+00
2.205710595283003173e+00
2.209930253289218438e+00
2.242897941835475528e+00
2.269553315449539088e+00
2.295502667206809733e+00
2.304277511280996560e+00
2.318957622963245591e+00
2.340965223027987374e+00
2.272889028937421507e+00
2.175037899529697061e+00
2.112033825629716421e+00
2.053119622698938773e+00
1.967736604378224063e+00
1.833648058822936688e+00
1.814486389134898570e+00
1.810833721735921387e+00
1.799288162187185458e+00
1.806791291858475201e+00
1.762031724895148255e+00
1.747046617612738384e+00
1.753611931073897345e+00
1.759790714992803151e+00
1.768848224811507608e+00
1.771645309410603053e+00
1.767018762025446721e+00
1.773173134460589440e+00
1.743527341285360466e+00
1.740119667890409394e+00
1.739306802871508406e+00
1.746858392448902064e+00
1.752434444809495950e+00
1.763497817211853169e+00
1.782950371570075632e+00
1.801899284403291279e+00
1.812587150019411730e+00
1.810595063157272921e+00
1.799681480397449462e+00
1.814325830423946684e+00
1.830851034800332178e+00
1.839221816381388264e+00
1.863578692855824892e+00
1.830149201820975069e+00
1.844229678739154776e+00
1.848072772116845952e+00
1.746068285867229841e+00
1.676783242907023297e+00
1.598118339493493689e+00
1.464883829476401056e+00
1.450950572007001060e+00
1.446185816019510018e+00
1.436352371507170655e+00
1.425654345661876432e+00
1.420315284835019787e+00
1.401841668033394717e+00
1.408758959467169669e+00
1.406999694972199899e+00
1.403496685469294736e+00
1.413057160088741826e+00
1.413919889212415404e+00
1.380863312620872918e+00
1.339729267767068910e+00
1.330490453865400324e+00
1.347442525295587501e+00
1.357464822078223499e+00
1.368949073332485167e+00
1.372690755162082388e+00
1.388883198475773906e+00
1.405632943393926748e+00
1.421454704152673276e+00
1.436247059489107469e+00
1.451235453044661838e+00
1.456091950817161695e+00
1.475377455111127167e+00
1.488286960614163101e+00
1.507730560871103576e+00
1.530040922134749515e+00
1.546462548335893583e+00
1.556408731270691570e+00
1.568534179435021603e+00
1.591288086450962203e+00
1.606299559962415247e+00
1.619190238307670393e+00
1.643470085827702265e+00
1.651976224130413007e+00
1.674046732422708850e+00
1.686047816337323590e+00
1.698703158452944173e+00
1.709151446373914141e+00
1.729967231391748461e+00
1.689810263735636475e+00
1.684285583160507915e+00
1.676100547585860800e+00
1.664279437491133606e+00
1.551752779872453081e+00
1.513036863702129864e+00
1.511430721318767878e+00
1.507460898196435695e+00
1.520909166799924161e+00
1.485579356213842184e+00
1.509912932976977817e+00
1.510847541605284006e+00
1.523795783521847191e+00
1.530252891918952640e+00
1.549815442651271358e+00
1.557805216561013451e+00
1.567698897383311030e+00
1.568071867821854148e+00
1.573770027273464045e+00
1.574266422177421410e+00
1.573925327588818535e+00
1.586027089335406481e+00
1.585113988642018912e+00
1.603280412746048267e+00
1.601743797259865376e+00
1.610211745747343270e+00
1.598393941221311731e+00
1.582630860427960640e+00
1.509551410842347785e+00
1.480315375536683797e+00
1.477309034543474064e+00
1.491586791835481041e+00
1.496675268085163824e+00
1.503611345487981366e+00
1.524359376931341270e+00
1.538402318845399019e+00
1.539164189028881191e+00
1.561328505298450908e+00
1.578519328486582607e+00
1.578199964955140810e+00
1.584695522560112257e+00
1.606964458469586576e+00
1.617728738888698725e+00
1.626125596317979038e+00
1.635101990039930620e+00
1.640850471540272082e+00
1.648743128780004952e+00
1.606029492620160815e+00
1.560349929072333941e+00
1.552199946846792411e+00
1.543403995042403443e+00
1.482494794812662775e+00
1.326586454721139896e+00
1.317648418034354174e+00
1.321105888587371657e+00
1.333534856682980330e+00
1.312978699018245043e+00
1.291488703293864448e+00
1.292842160269450646e+00
1.307067346512041928e+00
1.309271763457269921e+00
