20220531 10:12:20,314	c_0_000_20220531_10_12_20,314.bmp	1,790106E-1	9,649438E+0	-5,042396E-3	-3,807953E-3
20220531 10:12:26,319	c_0_001_20220531_10_12_26,319.bmp	2,102839E-3	9,646892E+0	-3,769540E-3	-3,807953E-3
20220531 10:12:32,321	c_0_002_20220531_10_12_32,321.bmp	1,433745E-1	1,303501E-2	4,902598E-5	3,830109E-3
20220531 10:12:38,327	c_0_003_20220531_10_12_38,327.bmp	3,177369E-1	3,849447E-2	1,321881E-3	1,107786E-5
20220531 10:12:44,332	c_0_004_20220531_10_12_44,332.bmp	5,188263E-1	5,631608E-2	4,902598E-5	-1,261932E-3
20220531 10:12:50,339	c_0_005_20220531_10_12_50,339.bmp	7,250066E-1	7,795662E-2	-2,496685E-3	-3,807953E-3
20220531 10:12:56,340	c_0_006_20220531_10_12_56,340.bmp	9,260960E-1	9,450526E-2	2,594737E-3	2,557098E-3
20220531 10:13:02,341	c_0_007_20220531_10_13_02,341.bmp	1,136094E+0	1,161458E-1	1,321881E-3	-3,807953E-3
20220531 10:13:08,342	c_0_008_20220531_10_13_08,342.bmp	1,341002E+0	1,314215E-1	4,902598E-5	2,557098E-3
20220531 10:13:14,348	c_0_009_20220531_10_13_14,348.bmp	1,548455E+0	1,556079E-1	-1,223829E-3	1,107786E-5
20220531 10:13:20,353	c_0_010_20220531_10_13_20,353.bmp	1,746999E+0	1,747025E-1	-2,496685E-3	-1,261932E-3
20220531 10:13:26,357	c_0_011_20220531_10_13_26,357.bmp	1,946816E+0	1,976160E-1	2,594737E-3	-1,261932E-3
20220531 10:13:32,358	c_0_012_20220531_10_13_32,358.bmp	2,145360E+0	2,192566E-1	-1,223829E-3	-3,807953E-3
20220531 10:13:38,362	c_0_013_20220531_10_13_38,362.bmp	2,342631E+0	2,319863E-1	5,140448E-3	2,557098E-3
20220531 10:13:44,366	c_0_014_20220531_10_13_44,366.bmp	2,546266E+0	2,599917E-1	-3,769540E-3	-3,807953E-3
20220531 10:13:50,370	c_0_015_20220531_10_13_50,370.bmp	2,737174E+0	2,778133E-1	1,321881E-3	1,107786E-5
20220531 10:13:56,376	c_0_016_20220531_10_13_56,376.bmp	2,930627E+0	2,943620E-1	2,594737E-3	2,557098E-3
20220531 10:14:02,382	c_0_017_20220531_10_14_02,382.bmp	3,115171E+0	3,134565E-1	3,867592E-3	2,557098E-3
20220531 10:14:08,386	c_0_018_20220531_10_14_08,386.bmp	3,311169E+0	3,338241E-1	4,902598E-5	2,557098E-3
20220531 10:14:14,391	c_0_019_20220531_10_14_14,391.bmp	3,499532E+0	3,580106E-1	4,902598E-5	1,107786E-5
20220531 10:14:20,393	c_0_020_20220531_10_14_20,393.bmp	3,676439E+0	3,796511E-1	1,321881E-3	-3,807953E-3
20220531 10:14:26,398	c_0_021_20220531_10_14_26,398.bmp	3,859711E+0	3,961998E-1	1,321881E-3	2,557098E-3
20220531 10:14:32,401	c_0_022_20220531_10_14_32,401.bmp	4,032800E+0	4,165673E-1	4,902598E-5	1,107786E-5
20220531 10:14:38,403	c_0_023_20220531_10_14_38,403.bmp	4,196981E+0	4,356619E-1	4,902598E-5	1,107786E-5
20220531 10:14:44,407	c_0_024_20220531_10_14_44,407.bmp	4,364980E+0	4,573024E-1	1,321881E-3	1,284088E-3
20220531 10:14:50,408	c_0_025_20220531_10_14_50,408.bmp	4,517706E+0	4,725781E-1	2,594737E-3	2,557098E-3
20220531 10:14:56,409	c_0_026_20220531_10_14_56,409.bmp	4,664068E+0	4,929457E-1	1,321881E-3	2,557098E-3
20220531 10:15:02,411	c_0_027_20220531_10_15_02,411.bmp	4,809158E+0	5,196781E-1	-1,223829E-3	-3,807953E-3
20220531 10:15:08,412	c_0_028_20220531_10_15_08,412.bmp	4,940248E+0	5,349538E-1	1,321881E-3	-1,261932E-3
20220531 10:15:14,413	c_0_029_20220531_10_15_14,413.bmp	5,062429E+0	5,565943E-1	4,902598E-5	1,107786E-5
20220531 10:15:20,416	c_0_030_20220531_10_15_20,416.bmp	5,178246E+0	5,782348E-1	4,902598E-5	-3,807953E-3
20220531 10:15:26,423	c_0_031_20220531_10_15_26,423.bmp	5,276246E+0	5,973294E-1	-2,496685E-3	-2,534943E-3
20220531 10:15:32,424	c_0_032_20220531_10_15_32,424.bmp	5,361518E+0	6,176970E-1	-1,223829E-3	-1,261932E-3
20220531 10:15:38,425	c_0_033_20220531_10_15_38,425.bmp	5,423881E+0	6,367916E-1	4,902598E-5	-1,261932E-3
20220531 10:15:44,431	c_0_034_20220531_10_15_44,431.bmp	5,498971E+0	6,546132E-1	4,902598E-5	-1,261932E-3
20220531 10:15:50,433	c_0_035_20220531_10_15_50,433.bmp	5,567698E+0	6,762537E-1	-1,223829E-3	1,107786E-5
20220531 10:15:56,438	c_0_036_20220531_10_15_56,438.bmp	5,610971E+0	6,978943E-1	-5,042396E-3	-3,807953E-3
20220531 10:16:02,443	c_0_037_20220531_10_16_02,443.bmp	5,574062E+0	7,208078E-1	-2,496685E-3	-3,807953E-3
20220531 10:16:08,448	c_0_038_20220531_10_16_08,448.bmp	5,546062E+0	7,399024E-1	-3,769540E-3	-3,807953E-3
20220531 10:16:14,451	c_0_039_20220531_10_16_14,451.bmp	5,498971E+0	7,564510E-1	-2,496685E-3	1,107786E-5
20220531 10:16:20,455	c_0_040_20220531_10_16_20,455.bmp	5,484971E+0	7,768186E-1	4,902598E-5	-2,534943E-3
20220531 10:16:26,457	c_0_041_20220531_10_16_26,457.bmp	5,454426E+0	7,946402E-1	3,867592E-3	3,830109E-3
20220531 10:16:32,460	c_0_042_20220531_10_16_32,460.bmp	5,455699E+0	8,188267E-1	-3,769540E-3	-3,807953E-3
20220531 10:16:38,465	c_0_043_20220531_10_16_38,465.bmp	5,454426E+0	8,391942E-1	-3,769540E-3	-3,807953E-3
20220531 10:16:44,467	c_0_044_20220531_10_16_44,467.bmp	5,383154E+0	8,557429E-1	4,902598E-5	1,107786E-5
20220531 10:16:50,470	c_0_045_20220531_10_16_50,470.bmp	5,297882E+0	8,722915E-1	2,594737E-3	3,830109E-3
20220531 10:16:56,473	c_0_046_20220531_10_16_56,473.bmp	5,226610E+0	8,964780E-1	1,321881E-3	1,284088E-3
20220531 10:17:02,477	c_0_047_20220531_10_17_02,477.bmp	5,128610E+0	9,142996E-1	3,867592E-3	1,107786E-5
20220531 10:17:08,478	c_0_048_20220531_10_17_08,478.bmp	5,028066E+0	9,372131E-1	-3,769540E-3	1,284088E-3
20220531 10:17:14,483	c_0_049_20220531_10_17_14,483.bmp	4,945339E+0	9,537618E-1	-1,223829E-3	2,557098E-3
20220531 10:17:20,487	c_0_050_20220531_10_17_20,487.bmp	4,863885E+0	9,779482E-1	-3,769540E-3	-3,807953E-3
20220531 10:17:26,488	c_0_051_20220531_10_17_26,488.bmp	4,737886E+0	9,957699E-1	-1,223829E-3	-1,261932E-3
20220531 10:17:32,490	c_0_052_20220531_10_17_32,490.bmp	4,574978E+0	1,013591E+0	4,902598E-5	2,557098E-3
20220531 10:17:38,493	c_0_053_20220531_10_17_38,493.bmp	4,342071E+0	1,039051E+0	-2,496685E-3	-3,807953E-3
20220531 10:17:44,494	c_0_054_20220531_10_17_44,494.bmp	4,102800E+0	1,056873E+0	-3,769540E-3	1,107786E-5
20220531 10:17:50,495	c_0_055_20220531_10_17_50,495.bmp	3,769348E+0	1,072148E+0	-1,223829E-3	2,557098E-3
20220531 10:17:56,500	c_0_056_20220531_10_17_56,500.bmp	3,661167E+0	1,097608E+0	2,594737E-3	-1,261932E-3
20220531 10:18:02,502	c_0_057_20220531_10_18_02,502.bmp	3,629349E+0	1,115429E+0	-3,769540E-3	1,107786E-5
20220531 10:18:08,507	c_0_058_20220531_10_18_08,507.bmp	3,621712E+0	1,133251E+0	6,413303E-3	2,557098E-3
20220531 10:18:14,509	c_0_059_20220531_10_18_14,509.bmp	3,616622E+0	1,156164E+0	-1,223829E-3	1,107786E-5
20220531 10:18:20,514	c_0_060_20220531_10_18_20,514.bmp	3,626803E+0	1,172713E+0	3,867592E-3	2,557098E-3
20220531 10:18:26,515	c_0_061_20220531_10_18_26,515.bmp	3,638258E+0	1,194354E+0	4,902598E-5	1,107786E-5
20220531 10:18:32,520	c_0_062_20220531_10_18_32,520.bmp	3,648440E+0	1,219813E+0	-3,769540E-3	-3,807953E-3
20220531 10:18:38,525	c_0_063_20220531_10_18_38,525.bmp	3,640803E+0	1,238908E+0	4,902598E-5	-1,261932E-3
20220531 10:18:44,528	c_0_064_20220531_10_18_44,528.bmp	3,625531E+0	1,254183E+0	3,867592E-3	1,284088E-3
20220531 10:18:50,531	c_0_065_20220531_10_18_50,531.bmp	3,611531E+0	1,274551E+0	2,594737E-3	1,107786E-5
20220531 10:18:56,533	c_0_066_20220531_10_18_56,533.bmp	3,600076E+0	1,294918E+0	2,594737E-3	2,557098E-3
20220531 10:19:02,536	c_0_067_20220531_10_19_02,536.bmp	3,592440E+0	1,319105E+0	-3,769540E-3	-3,807953E-3
20220531 10:19:08,537	c_0_068_20220531_10_19_08,537.bmp	3,579713E+0	1,335654E+0	-5,042396E-3	-3,807953E-3
20220531 10:19:14,540	c_0_069_20220531_10_19_14,540.bmp	3,549168E+0	1,361113E+0	-3,769540E-3	1,107786E-5
20220531 10:19:20,542	c_0_070_20220531_10_19_20,542.bmp	3,519895E+0	1,380208E+0	-3,769540E-3	-3,807953E-3
20220531 10:19:26,546	c_0_071_20220531_10_19_26,546.bmp	3,485532E+0	1,391664E+0	2,594737E-3	1,284088E-3
20220531 10:19:32,547	c_0_072_20220531_10_19_32,547.bmp	3,444805E+0	1,412032E+0	-1,223829E-3	2,557098E-3
20220531 10:19:38,554	c_0_073_20220531_10_19_38,554.bmp	3,406623E+0	1,433672E+0	4,902598E-5	2,557098E-3
20220531 10:19:44,559	c_0_074_20220531_10_19_44,559.bmp	3,379896E+0	1,457859E+0	2,594737E-3	1,107786E-5
20220531 10:19:50,561	c_0_075_20220531_10_19_50,561.bmp	3,356987E+0	1,473135E+0	4,902598E-5	-1,261932E-3
20220531 10:19:56,571	c_0_076_20220531_10_19_56,571.bmp	3,341715E+0	1,501140E+0	-3,769540E-3	-3,807953E-3
20220531 10:20:02,572	c_0_077_20220531_10_20_02,572.bmp	3,320078E+0	1,512597E+0	3,867592E-3	1,107786E-5
20220531 10:20:08,574	c_0_078_20220531_10_20_08,574.bmp	3,309897E+0	1,532964E+0	4,902598E-5	2,557098E-3
20220531 10:20:14,575	c_0_079_20220531_10_20_14,575.bmp	3,288260E+0	1,553332E+0	2,594737E-3	1,284088E-3
20220531 10:20:20,577	c_0_080_20220531_10_20_20,577.bmp	3,274261E+0	1,577518E+0	2,594737E-3	-1,261932E-3
20220531 10:20:26,578	c_0_081_20220531_10_20_26,578.bmp	3,267897E+0	1,596613E+0	-3,769540E-3	-1,261932E-3
20220531 10:20:32,579	c_0_082_20220531_10_20_32,579.bmp	3,246261E+0	1,619526E+0	-3,769540E-3	-3,807953E-3
20220531 10:20:38,584	c_0_083_20220531_10_20_38,584.bmp	3,225897E+0	1,637348E+0	-1,223829E-3	1,107786E-5
20220531 10:20:44,589	c_0_084_20220531_10_20_44,589.bmp	3,195352E+0	1,656443E+0	1,321881E-3	1,107786E-5
20220531 10:20:50,594	c_0_085_20220531_10_20_50,594.bmp	3,141898E+0	1,674264E+0	2,594737E-3	2,557098E-3
20220531 10:20:56,598	c_0_086_20220531_10_20_56,598.bmp	3,097353E+0	1,693359E+0	3,867592E-3	2,557098E-3
20220531 10:21:02,602	c_0_087_20220531_10_21_02,602.bmp	3,075717E+0	1,716272E+0	-2,496685E-3	1,284088E-3
20220531 10:21:08,605	c_0_088_20220531_10_21_08,605.bmp	3,056626E+0	1,736640E+0	-2,496685E-3	1,107786E-5
20220531 10:21:14,609	c_0_089_20220531_10_21_14,609.bmp	3,041353E+0	1,757007E+0	4,902598E-5	1,107786E-5
20220531 10:21:20,613	c_0_090_20220531_10_21_20,613.bmp	3,037535E+0	1,774829E+0	1,321881E-3	-1,261932E-3
20220531 10:21:26,621	c_0_091_20220531_10_21_26,621.bmp	3,034990E+0	1,801562E+0	-3,769540E-3	-3,807953E-3
20220531 10:21:32,627	c_0_092_20220531_10_21_32,627.bmp	3,032444E+0	1,814291E+0	-1,223829E-3	-1,261932E-3
20220531 10:21:38,632	c_0_093_20220531_10_21_38,632.bmp	3,029899E+0	1,837205E+0	1,321881E-3	1,107786E-5
20220531 10:21:44,634	c_0_094_20220531_10_21_44,634.bmp	3,040080E+0	1,856299E+0	1,321881E-3	1,107786E-5
20220531 10:21:50,637	c_0_095_20220531_10_21_50,637.bmp	3,041353E+0	1,872848E+0	-1,223829E-3	1,284088E-3
20220531 10:21:56,638	c_0_096_20220531_10_21_56,638.bmp	3,050262E+0	1,893216E+0	2,594737E-3	1,284088E-3
20220531 10:22:02,639	c_0_097_20220531_10_22_02,639.bmp	3,056626E+0	1,913583E+0	-3,769540E-3	2,557098E-3
20220531 10:22:08,643	c_0_098_20220531_10_22_08,643.bmp	3,046444E+0	1,936497E+0	5,140448E-3	-1,261932E-3
20220531 10:22:14,647	c_0_099_20220531_10_22_14,647.bmp	3,041353E+0	1,953045E+0	2,594737E-3	1,107786E-5
20220531 10:22:20,648	c_0_100_20220531_10_22_20,648.bmp	3,046444E+0	1,973413E+0	2,594737E-3	1,284088E-3
20220531 10:22:26,652	c_0_101_20220531_10_22_26,652.bmp	3,047717E+0	2,000145E+0	-6,315251E-3	-3,807953E-3
20220531 10:22:32,653	c_0_102_20220531_10_22_32,653.bmp	3,047717E+0	2,016694E+0	4,902598E-5	1,107786E-5
20220531 10:22:38,655	c_0_103_20220531_10_22_38,655.bmp	3,048989E+0	2,039607E+0	-2,496685E-3	-3,807953E-3
20220531 10:22:44,657	c_0_104_20220531_10_22_44,657.bmp	3,040080E+0	2,057429E+0	-2,496685E-3	2,557098E-3
20220531 10:22:50,659	c_0_105_20220531_10_22_50,659.bmp	3,022262E+0	2,073978E+0	6,413303E-3	2,557098E-3
20220531 10:22:56,667	c_0_106_20220531_10_22_56,667.bmp	3,015899E+0	2,093072E+0	1,321881E-3	1,284088E-3
20220531 10:23:02,669	c_0_107_20220531_10_23_02,669.bmp	3,004444E+0	2,117259E+0	3,867592E-3	1,107786E-5
20220531 10:23:08,670	c_0_108_20220531_10_23_08,670.bmp	2,986626E+0	2,140172E+0	-3,769540E-3	-3,807953E-3
20220531 10:23:14,675	c_0_109_20220531_10_23_14,675.bmp	2,956081E+0	2,154175E+0	3,867592E-3	3,830109E-3
20220531 10:23:20,678	c_0_110_20220531_10_23_20,678.bmp	2,935718E+0	2,177088E+0	-1,223829E-3	1,107786E-5
20220531 10:23:26,682	c_0_111_20220531_10_23_26,682.bmp	2,901354E+0	2,196183E+0	4,902598E-5	1,107786E-5
20220531 10:23:32,683	c_0_112_20220531_10_23_32,683.bmp	2,856809E+0	2,219097E+0	-1,223829E-3	-1,261932E-3
20220531 10:23:38,684	c_0_113_20220531_10_23_38,684.bmp	2,808446E+0	2,240737E+0	-3,769540E-3	-3,807953E-3
20220531 10:23:44,687	c_0_114_20220531_10_23_44,687.bmp	2,746083E+0	2,258559E+0	-3,769540E-3	-5,080963E-3
20220531 10:23:50,689	c_0_115_20220531_10_23_50,689.bmp	2,628993E+0	2,275107E+0	3,867592E-3	1,107786E-5
20220531 10:23:56,694	c_0_116_20220531_10_23_56,694.bmp	2,506812E+0	2,292929E+0	6,413303E-3	2,557098E-3
20220531 10:24:02,695	c_0_117_20220531_10_24_02,695.bmp	2,449539E+0	2,317115E+0	-3,769540E-3	-3,807953E-3
20220531 10:24:08,700	c_0_118_20220531_10_24_08,700.bmp	2,416449E+0	2,336210E+0	4,902598E-5	1,107786E-5
20220531 10:24:14,705	c_0_119_20220531_10_24_14,705.bmp	2,410085E+0	2,351486E+0	4,902598E-5	3,830109E-3
20220531 10:24:20,710	c_0_120_20220531_10_24_20,710.bmp	2,417721E+0	2,375672E+0	-3,769540E-3	-1,261932E-3
20220531 10:24:26,716	c_0_121_20220531_10_24_26,716.bmp	2,422812E+0	2,396040E+0	4,902598E-5	1,107786E-5
20220531 10:24:32,717	c_0_122_20220531_10_24_32,717.bmp	2,430449E+0	2,420226E+0	-3,769540E-3	-3,807953E-3
20220531 10:24:38,723	c_0_123_20220531_10_24_38,723.bmp	2,430449E+0	2,436775E+0	4,902598E-5	1,107786E-5
20220531 10:24:44,728	c_0_124_20220531_10_24_44,728.bmp	2,438085E+0	2,458415E+0	-1,223829E-3	-3,807953E-3
20220531 10:24:50,734	c_0_125_20220531_10_24_50,734.bmp	2,444448E+0	2,477510E+0	4,902598E-5	1,107786E-5
20220531 10:24:56,738	c_0_126_20220531_10_24_56,738.bmp	2,450812E+0	2,494059E+0	1,321881E-3	1,284088E-3
20220531 10:25:02,739	c_0_127_20220531_10_25_02,739.bmp	2,460994E+0	2,516972E+0	-2,496685E-3	1,284088E-3
20220531 10:25:08,743	c_0_128_20220531_10_25_08,743.bmp	2,478812E+0	2,537340E+0	4,902598E-5	-1,261932E-3
20220531 10:25:14,748	c_0_129_20220531_10_25_14,748.bmp	2,474994E+0	2,556434E+0	3,867592E-3	-1,261932E-3
20220531 10:25:20,753	c_0_130_20220531_10_25_20,753.bmp	2,488994E+0	2,576802E+0	-1,223829E-3	1,107786E-5
20220531 10:25:26,756	c_0_131_20220531_10_25_26,756.bmp	2,502993E+0	2,592077E+0	-2,496685E-3	3,830109E-3
20220531 10:25:32,758	c_0_132_20220531_10_25_32,758.bmp	2,506812E+0	2,616264E+0	2,594737E-3	-1,261932E-3
20220531 10:25:38,766	c_0_133_20220531_10_25_38,766.bmp	2,514448E+0	2,635359E+0	4,902598E-5	1,107786E-5
20220531 10:25:44,768	c_0_134_20220531_10_25_44,768.bmp	2,527175E+0	2,660818E+0	-3,769540E-3	-1,261932E-3
20220531 10:25:50,771	c_0_135_20220531_10_25_50,771.bmp	2,532266E+0	2,677367E+0	-6,315251E-3	-3,807953E-3
20220531 10:25:56,776	c_0_136_20220531_10_25_56,776.bmp	2,528448E+0	2,695188E+0	-1,223829E-3	1,107786E-5
20220531 10:26:02,781	c_0_137_20220531_10_26_02,781.bmp	2,527175E+0	2,711737E+0	2,594737E-3	1,284088E-3
20220531 10:26:08,783	c_0_138_20220531_10_26_08,783.bmp	2,519539E+0	2,730832E+0	3,867592E-3	2,557098E-3
20220531 10:26:14,787	c_0_139_20220531_10_26_14,787.bmp	2,530993E+0	2,755018E+0	-1,223829E-3	1,107786E-5
20220531 10:26:20,791	c_0_140_20220531_10_26_20,791.bmp	2,534811E+0	2,772840E+0	1,321881E-3	2,557098E-3
20220531 10:26:26,792	c_0_141_20220531_10_26_26,792.bmp	2,536084E+0	2,794480E+0	-1,223829E-3	1,107786E-5
20220531 10:26:32,793	c_0_142_20220531_10_26_32,793.bmp	2,533539E+0	2,817394E+0	4,902598E-5	1,107786E-5
20220531 10:26:38,794	c_0_143_20220531_10_26_38,794.bmp	2,532266E+0	2,836488E+0	-3,769540E-3	1,284088E-3
20220531 10:26:44,798	c_0_144_20220531_10_26_44,798.bmp	2,528448E+0	2,854310E+0	-1,223829E-3	1,107786E-5
20220531 10:26:50,799	c_0_145_20220531_10_26_50,799.bmp	2,506812E+0	2,874677E+0	4,902598E-5	1,107786E-5
20220531 10:26:56,801	c_0_146_20220531_10_26_56,801.bmp	2,480085E+0	2,897591E+0	4,902598E-5	1,107786E-5
20220531 10:27:02,804	c_0_147_20220531_10_27_02,804.bmp	2,449539E+0	2,915413E+0	2,594737E-3	1,107786E-5
20220531 10:27:08,806	c_0_148_20220531_10_27_08,806.bmp	2,399903E+0	2,937053E+0	4,902598E-5	2,557098E-3
20220531 10:27:14,812	c_0_149_20220531_10_27_14,812.bmp	2,341358E+0	2,958694E+0	1,321881E-3	-3,807953E-3
20220531 10:27:20,819	c_0_150_20220531_10_27_20,819.bmp	2,303177E+0	2,973969E+0	-1,223829E-3	-1,261932E-3
20220531 10:27:26,820	c_0_151_20220531_10_27_26,820.bmp	2,272632E+0	2,993064E+0	1,321881E-3	2,557098E-3
20220531 10:27:32,822	c_0_152_20220531_10_27_32,822.bmp	2,257359E+0	3,012158E+0	-1,223829E-3	1,284088E-3
20220531 10:27:38,827	c_0_153_20220531_10_27_38,827.bmp	2,235723E+0	3,036345E+0	1,321881E-3	1,107786E-5
20220531 10:27:44,830	c_0_154_20220531_10_27_44,830.bmp	2,225541E+0	3,055440E+0	1,321881E-3	1,107786E-5
20220531 10:27:50,835	c_0_155_20220531_10_27_50,835.bmp	2,216632E+0	3,078353E+0	-3,769540E-3	-3,807953E-3
20220531 10:27:56,837	c_0_156_20220531_10_27_56,837.bmp	2,196268E+0	3,096175E+0	-2,496685E-3	1,107786E-5
20220531 10:28:02,840	c_0_157_20220531_10_28_02,840.bmp	2,186087E+0	3,119088E+0	-1,223829E-3	-3,807953E-3
20220531 10:28:08,843	c_0_158_20220531_10_28_08,843.bmp	2,182269E+0	3,135637E+0	4,902598E-5	1,107786E-5
20220531 10:28:14,846	c_0_159_20220531_10_28_14,846.bmp	2,173360E+0	3,159823E+0	-3,769540E-3	-3,807953E-3
20220531 10:28:20,851	c_0_160_20220531_10_28_20,851.bmp	2,165723E+0	3,176372E+0	1,321881E-3	-1,261932E-3
20220531 10:28:26,852	c_0_161_20220531_10_28_26,852.bmp	2,154269E+0	3,191648E+0	2,594737E-3	1,284088E-3
20220531 10:28:32,855	c_0_162_20220531_10_28_32,855.bmp	2,155541E+0	3,212015E+0	4,902598E-5	2,557098E-3
20220531 10:28:38,857	c_0_163_20220531_10_28_38,857.bmp	2,140269E+0	3,238748E+0	4,902598E-5	-3,807953E-3
20220531 10:28:44,861	c_0_164_20220531_10_28_44,861.bmp	2,126269E+0	3,257842E+0	1,321881E-3	1,107786E-5
20220531 10:28:50,864	c_0_165_20220531_10_28_50,864.bmp	2,122451E+0	3,273118E+0	4,902598E-5	2,557098E-3
20220531 10:28:56,870	c_0_166_20220531_10_28_56,870.bmp	2,109724E+0	3,293485E+0	1,321881E-3	-1,261932E-3
20220531 10:29:02,875	c_0_167_20220531_10_29_02,875.bmp	2,109724E+0	3,313853E+0	-5,042396E-3	1,107786E-5
20220531 10:29:08,878	c_0_168_20220531_10_29_08,878.bmp	2,102087E+0	3,332948E+0	4,902598E-5	2,557098E-3
20220531 10:29:14,883	c_0_169_20220531_10_29_14,883.bmp	2,088087E+0	3,359680E+0	3,867592E-3	-3,807953E-3
20220531 10:29:20,887	c_0_170_20220531_10_29_20,887.bmp	2,075360E+0	3,377502E+0	-5,042396E-3	-3,807953E-3
20220531 10:29:26,891	c_0_171_20220531_10_29_26,891.bmp	2,053724E+0	3,396596E+0	1,321881E-3	-1,261932E-3
20220531 10:29:32,894	c_0_172_20220531_10_29_32,894.bmp	2,032088E+0	3,418237E+0	-3,769540E-3	1,107786E-5
20220531 10:29:38,897	c_0_173_20220531_10_29_38,897.bmp	2,005361E+0	3,436058E+0	4,902598E-5	1,107786E-5
20220531 10:29:44,900	c_0_174_20220531_10_29_44,900.bmp	1,982452E+0	3,455153E+0	4,902598E-5	1,107786E-5
20220531 10:29:50,905	c_0_175_20220531_10_29_50,905.bmp	1,969725E+0	3,470429E+0	2,594737E-3	1,107786E-5
20220531 10:29:56,912	c_0_176_20220531_10_29_56,912.bmp	1,950634E+0	3,495888E+0	4,902598E-5	1,107786E-5
20220531 10:30:02,913	c_0_177_20220531_10_30_02,913.bmp	1,937907E+0	3,513710E+0	-1,223829E-3	1,107786E-5
20220531 10:30:08,919	c_0_178_20220531_10_30_08,919.bmp	1,930270E+0	3,536623E+0	4,902598E-5	1,284088E-3
20220531 10:30:14,923	c_0_179_20220531_10_30_14,923.bmp	1,908634E+0	3,556991E+0	1,321881E-3	1,107786E-5
20220531 10:30:20,926	c_0_180_20220531_10_30_20,926.bmp	1,894634E+0	3,574812E+0	4,902598E-5	-3,807953E-3
20220531 10:30:26,930	c_0_181_20220531_10_30_26,930.bmp	1,870453E+0	3,595180E+0	3,867592E-3	1,107786E-5
20220531 10:30:32,934	c_0_182_20220531_10_30_32,934.bmp	1,860271E+0	3,616820E+0	-3,769540E-3	1,107786E-5
20220531 10:30:38,941	c_0_183_20220531_10_30_38,941.bmp	1,846271E+0	3,632096E+0	2,594737E-3	-1,261932E-3
20220531 10:30:44,943	c_0_184_20220531_10_30_44,943.bmp	1,834817E+0	3,657556E+0	-5,042396E-3	-3,807953E-3
20220531 10:30:50,944	c_0_185_20220531_10_30_50,944.bmp	1,813180E+0	3,675377E+0	2,594737E-3	-2,534943E-3
20220531 10:30:56,950	c_0_186_20220531_10_30_56,950.bmp	1,811908E+0	3,698291E+0	-3,769540E-3	-3,807953E-3
20220531 10:31:02,952	c_0_187_20220531_10_31_02,952.bmp	1,805544E+0	3,714839E+0	-3,769540E-3	1,107786E-5
20220531 10:31:08,955	c_0_188_20220531_10_31_08,955.bmp	1,792817E+0	3,735207E+0	2,594737E-3	3,830109E-3
20220531 10:31:14,956	c_0_189_20220531_10_31_14,956.bmp	1,795362E+0	3,753029E+0	2,594737E-3	1,107786E-5
20220531 10:31:20,960	c_0_190_20220531_10_31_20,960.bmp	1,790271E+0	3,772123E+0	2,594737E-3	2,557098E-3
20220531 10:31:26,961	c_0_191_20220531_10_31_26,961.bmp	1,787726E+0	3,797583E+0	4,902598E-5	-2,534943E-3
20220531 10:31:32,962	c_0_192_20220531_10_31_32,962.bmp	1,782635E+0	3,816677E+0	-3,769540E-3	-2,534943E-3
20220531 10:31:38,968	c_0_193_20220531_10_31_38,968.bmp	1,782635E+0	3,837045E+0	-3,769540E-3	1,107786E-5
20220531 10:31:44,972	c_0_194_20220531_10_31_44,972.bmp	1,780090E+0	3,858685E+0	-2,496685E-3	-3,807953E-3
20220531 10:31:50,977	c_0_195_20220531_10_31_50,977.bmp	1,763544E+0	3,873961E+0	3,867592E-3	-1,261932E-3
20220531 10:31:56,978	c_0_196_20220531_10_31_56,978.bmp	1,764817E+0	3,895601E+0	-3,769540E-3	-3,807953E-3
20220531 10:32:02,980	c_0_197_20220531_10_32_02,980.bmp	1,753363E+0	3,917242E+0	4,902598E-5	1,107786E-5
20220531 10:32:08,984	c_0_198_20220531_10_32_08,984.bmp	1,740635E+0	3,933791E+0	1,321881E-3	2,557098E-3
20220531 10:32:14,989	c_0_199_20220531_10_32_14,989.bmp	1,735545E+0	3,960523E+0	4,902598E-5	-3,807953E-3
20220531 10:32:20,990	c_0_200_20220531_10_32_20,990.bmp	1,726636E+0	3,978345E+0	4,902598E-5	-5,080963E-3
20220531 10:32:26,994	c_0_201_20220531_10_32_26,994.bmp	1,722817E+0	3,993620E+0	1,321881E-3	1,284088E-3
20220531 10:32:32,995	c_0_202_20220531_10_32_32,995.bmp	1,724090E+0	4,016534E+0	-3,769540E-3	1,107786E-5
20220531 10:32:38,998	c_0_203_20220531_10_32_38,998.bmp	1,717727E+0	4,033082E+0	2,594737E-3	2,557098E-3
20220531 10:32:45,001	c_0_204_20220531_10_32_45,001.bmp	1,715181E+0	4,053450E+0	4,902598E-5	2,557098E-3
20220531 10:32:51,001	c_0_205_20220531_10_32_51,001.bmp	1,716454E+0	4,076364E+0	-3,769540E-3	1,107786E-5
20220531 10:32:57,009	c_0_206_20220531_10_32_57,009.bmp	1,715181E+0	4,095458E+0	4,902598E-5	1,107786E-5
20220531 10:33:03,016	c_0_207_20220531_10_33_03,016.bmp	1,712636E+0	4,117099E+0	-3,769540E-3	1,107786E-5
20220531 10:33:09,021	c_0_208_20220531_10_33_09,021.bmp	1,706272E+0	4,136193E+0	5,140448E-3	1,284088E-3
20220531 10:33:15,026	c_0_209_20220531_10_33_15,026.bmp	1,707545E+0	4,155288E+0	4,902598E-5	1,107786E-5
20220531 10:33:21,027	c_0_210_20220531_10_33_21,027.bmp	1,704999E+0	4,171836E+0	3,867592E-3	3,830109E-3
20220531 10:33:27,030	c_0_211_20220531_10_33_27,030.bmp	1,701181E+0	4,199842E+0	4,902598E-5	-3,807953E-3
20220531 10:33:33,035	c_0_212_20220531_10_33_33,035.bmp	1,690999E+0	4,218936E+0	-2,496685E-3	-3,807953E-3
20220531 10:33:39,038	c_0_213_20220531_10_33_39,038.bmp	1,679545E+0	4,231666E+0	-1,223829E-3	3,830109E-3
20220531 10:33:45,040	c_0_214_20220531_10_33_45,040.bmp	1,660454E+0	4,259672E+0	-1,223829E-3	-3,807953E-3
20220531 10:33:51,045	c_0_215_20220531_10_33_51,045.bmp	1,594273E+0	4,274947E+0	4,902598E-5	-1,261932E-3
20220531 10:33:57,047	c_0_216_20220531_10_33_57,047.bmp	1,566273E+0	4,295315E+0	-2,496685E-3	1,107786E-5
20220531 10:34:03,050	c_0_217_20220531_10_34_03,050.bmp	1,542091E+0	4,314409E+0	4,902598E-5	-3,807953E-3
20220531 10:34:09,053	c_0_218_20220531_10_34_09,053.bmp	1,519183E+0	4,337323E+0	1,321881E-3	1,107786E-5
20220531 10:34:15,059	c_0_219_20220531_10_34_15,059.bmp	1,484819E+0	4,351326E+0	4,902598E-5	3,830109E-3
20220531 10:34:21,065	c_0_220_20220531_10_34_21,065.bmp	1,453001E+0	4,379331E+0	4,902598E-5	-1,261932E-3
20220531 10:34:27,070	c_0_221_20220531_10_34_27,070.bmp	1,440274E+0	4,398426E+0	-3,769540E-3	-3,807953E-3
20220531 10:34:33,076	c_0_222_20220531_10_34_33,076.bmp	1,436456E+0	4,416247E+0	4,902598E-5	-1,261932E-3
20220531 10:34:39,079	c_0_223_20220531_10_34_39,079.bmp	1,428820E+0	4,439161E+0	-3,769540E-3	-3,807953E-3
20220531 10:34:45,084	c_0_224_20220531_10_34_45,084.bmp	1,423729E+0	4,455709E+0	-1,223829E-3	-1,261932E-3
20220531 10:34:51,090	c_0_225_20220531_10_34_51,090.bmp	1,421183E+0	4,476077E+0	-5,042396E-3	1,107786E-5
20220531 10:34:57,095	c_0_226_20220531_10_34_57,095.bmp	1,409729E+0	4,493899E+0	6,413303E-3	2,557098E-3
20220531 10:35:03,099	c_0_227_20220531_10_35_03,099.bmp	1,405911E+0	4,512993E+0	2,594737E-3	3,830109E-3
20220531 10:35:09,100	c_0_228_20220531_10_35_09,100.bmp	1,412274E+0	4,534634E+0	-3,769540E-3	1,107786E-5
20220531 10:35:15,108	c_0_229_20220531_10_35_15,108.bmp	1,399547E+0	4,557547E+0	-1,223829E-3	-3,807953E-3
20220531 10:35:21,114	c_0_230_20220531_10_35_21,114.bmp	1,389365E+0	4,576642E+0	3,867592E-3	1,107786E-5
20220531 10:35:27,115	c_0_231_20220531_10_35_27,115.bmp	1,395729E+0	4,598282E+0	-3,769540E-3	-3,807953E-3
20220531 10:35:33,118	c_0_232_20220531_10_35_33,118.bmp	1,397002E+0	4,618650E+0	-2,496685E-3	-3,807953E-3
20220531 10:35:39,122	c_0_233_20220531_10_35_39,122.bmp	1,395729E+0	4,635199E+0	-2,496685E-3	-1,261932E-3
20220531 10:35:45,123	c_0_234_20220531_10_35_45,123.bmp	1,400820E+0	4,654293E+0	1,321881E-3	1,107786E-5
20220531 10:35:51,127	c_0_235_20220531_10_35_51,127.bmp	1,407183E+0	4,674661E+0	-3,769540E-3	1,107786E-5
20220531 10:35:57,130	c_0_236_20220531_10_35_57,130.bmp	1,405911E+0	4,692482E+0	4,902598E-5	2,557098E-3
20220531 10:36:03,133	c_0_237_20220531_10_36_03,133.bmp	1,404638E+0	4,712850E+0	1,321881E-3	2,557098E-3
20220531 10:36:09,137	c_0_238_20220531_10_36_09,137.bmp	1,413547E+0	4,735763E+0	-5,042396E-3	1,107786E-5
20220531 10:36:15,142	c_0_239_20220531_10_36_15,142.bmp	1,412274E+0	4,751039E+0	2,594737E-3	2,557098E-3
20220531 10:36:21,145	c_0_240_20220531_10_36_21,145.bmp	1,418638E+0	4,780317E+0	-6,315251E-3	-3,807953E-3
20220531 10:36:27,147	c_0_241_20220531_10_36_27,147.bmp	1,421183E+0	4,799412E+0	-3,769540E-3	-3,807953E-3
20220531 10:36:33,149	c_0_242_20220531_10_36_33,149.bmp	1,421183E+0	4,815961E+0	4,902598E-5	1,107786E-5
20220531 10:36:39,150	c_0_243_20220531_10_36_39,150.bmp	1,417365E+0	4,832509E+0	2,594737E-3	-1,261932E-3
20220531 10:36:45,155	c_0_244_20220531_10_36_45,155.bmp	1,423729E+0	4,859242E+0	1,321881E-3	-3,807953E-3
20220531 10:36:51,162	c_0_245_20220531_10_36_51,162.bmp	1,419911E+0	4,874517E+0	-3,769540E-3	1,107786E-5
20220531 10:36:57,164	c_0_246_20220531_10_36_57,164.bmp	1,423729E+0	4,894885E+0	-3,769540E-3	1,284088E-3
20220531 10:37:03,169	c_0_247_20220531_10_37_03,169.bmp	1,416092E+0	4,915252E+0	-1,223829E-3	-1,261932E-3
20220531 10:37:09,175	c_0_248_20220531_10_37_09,175.bmp	1,422456E+0	4,938166E+0	-2,496685E-3	-1,261932E-3
20220531 10:37:15,176	c_0_249_20220531_10_37_15,176.bmp	1,422456E+0	4,955988E+0	4,902598E-5	1,107786E-5
20220531 10:37:21,179	c_0_250_20220531_10_37_21,179.bmp	1,422456E+0	4,973809E+0	4,902598E-5	2,557098E-3
20220531 10:37:27,181	c_0_251_20220531_10_37_27,181.bmp	1,416092E+0	4,999269E+0	-2,496685E-3	-3,807953E-3
20220531 10:37:33,182	c_0_252_20220531_10_37_33,182.bmp	1,405911E+0	5,014544E+0	-2,496685E-3	1,107786E-5
20220531 10:37:39,185	c_0_253_20220531_10_37_39,185.bmp	1,395729E+0	5,033639E+0	4,902598E-5	1,107786E-5
20220531 10:37:45,187	c_0_254_20220531_10_37_45,187.bmp	1,395729E+0	5,054006E+0	2,594737E-3	3,830109E-3
20220531 10:37:51,191	c_0_255_20220531_10_37_51,191.bmp	1,394456E+0	5,074374E+0	4,902598E-5	-1,261932E-3
20220531 10:37:57,193	c_0_256_20220531_10_37_57,193.bmp	1,385547E+0	5,096015E+0	2,594737E-3	-1,261932E-3
20220531 10:38:03,195	c_0_257_20220531_10_38_03,195.bmp	1,385547E+0	5,112563E+0	2,594737E-3	2,557098E-3
20220531 10:38:09,200	c_0_258_20220531_10_38_09,200.bmp	1,388093E+0	5,138023E+0	-1,223829E-3	-3,807953E-3
20220531 10:38:15,204	c_0_259_20220531_10_38_15,204.bmp	1,386820E+0	5,155844E+0	-1,223829E-3	2,557098E-3
20220531 10:38:21,209	c_0_260_20220531_10_38_21,209.bmp	1,380456E+0	5,176212E+0	2,594737E-3	1,107786E-5
20220531 10:38:27,216	c_0_261_20220531_10_38_27,216.bmp	1,385547E+0	5,196579E+0	4,902598E-5	1,284088E-3
20220531 10:38:33,218	c_0_262_20220531_10_38_33,218.bmp	1,388093E+0	5,216947E+0	-3,769540E-3	-3,807953E-3
20220531 10:38:39,222	c_0_263_20220531_10_38_39,222.bmp	1,377911E+0	5,230950E+0	2,594737E-3	3,830109E-3
20220531 10:38:45,225	c_0_264_20220531_10_38_45,225.bmp	1,388093E+0	5,258955E+0	-3,769540E-3	-3,807953E-3
20220531 10:38:51,230	c_0_265_20220531_10_38_51,230.bmp	1,381729E+0	5,275504E+0	-1,223829E-3	1,107786E-5
20220531 10:38:57,233	c_0_266_20220531_10_38_57,233.bmp	1,381729E+0	5,293325E+0	4,902598E-5	1,107786E-5
20220531 10:39:03,238	c_0_267_20220531_10_39_03,238.bmp	1,375365E+0	5,318785E+0	4,902598E-5	-3,807953E-3
20220531 10:39:09,240	c_0_268_20220531_10_39_09,240.bmp	1,384274E+0	5,335333E+0	-3,769540E-3	1,107786E-5
20220531 10:39:15,242	c_0_269_20220531_10_39_15,242.bmp	1,375365E+0	5,354428E+0	3,867592E-3	1,284088E-3
20220531 10:39:21,243	c_0_270_20220531_10_39_21,243.bmp	1,375365E+0	5,376069E+0	1,321881E-3	-1,261932E-3
20220531 10:39:27,245	c_0_271_20220531_10_39_27,245.bmp	1,375365E+0	5,396436E+0	-3,769540E-3	-3,807953E-3
20220531 10:39:33,246	c_0_272_20220531_10_39_33,246.bmp	1,356275E+0	5,411712E+0	2,594737E-3	2,557098E-3
20220531 10:39:39,257	c_0_273_20220531_10_39_39,257.bmp	1,351184E+0	5,437171E+0	-1,223829E-3	-3,807953E-3
20220531 10:39:45,263	c_0_274_20220531_10_39_45,263.bmp	1,334638E+0	5,453720E+0	4,902598E-5	-3,807953E-3
20220531 10:39:51,265	c_0_275_20220531_10_39_51,265.bmp	1,316820E+0	5,475360E+0	-1,223829E-3	-1,261932E-3
20220531 10:39:57,269	c_0_276_20220531_10_39_57,269.bmp	1,295184E+0	5,493182E+0	1,321881E-3	1,107786E-5
20220531 10:40:03,273	c_0_277_20220531_10_40_03,273.bmp	1,282457E+0	5,516096E+0	4,902598E-5	-1,261932E-3
20220531 10:40:09,277	c_0_278_20220531_10_40_09,277.bmp	1,279912E+0	5,533917E+0	2,594737E-3	1,107786E-5
20220531 10:40:15,279	c_0_279_20220531_10_40_15,279.bmp	1,269730E+0	5,547920E+0	-3,769540E-3	-1,261932E-3
