20220531 10:12:20,332	c_1_000_20220531_10_12_20,332.bmp	1,764652E-1	9,643073E+0	1,321881E-3	2,557098E-3
20220531 10:12:26,346	c_1_001_20220531_10_12_26,346.bmp	8,301209E-4	9,646892E+0	4,902598E-5	-1,261932E-3
20220531 10:12:32,348	c_1_002_20220531_10_12_32,348.bmp	1,433745E-1	1,430799E-2	-2,496685E-3	3,830109E-3
20220531 10:12:38,355	c_1_003_20220531_10_12_38,355.bmp	3,177369E-1	3,722149E-2	4,902598E-5	-1,261932E-3
20220531 10:12:44,362	c_1_004_20220531_10_12_44,362.bmp	5,200990E-1	5,886203E-2	-2,496685E-3	1,284088E-3
20220531 10:12:50,372	c_1_005_20220531_10_12_50,372.bmp	7,275520E-1	7,668364E-2	4,902598E-5	-1,261932E-3
20220531 10:12:56,376	c_1_006_20220531_10_12_56,376.bmp	9,286415E-1	9,705120E-2	4,902598E-5	1,107786E-5
20220531 10:13:02,378	c_1_007_20220531_10_13_02,378.bmp	1,133549E+0	1,199647E-1	-2,496685E-3	-3,807953E-3
20220531 10:13:08,380	c_1_008_20220531_10_13_08,380.bmp	1,339729E+0	1,339674E-1	2,594737E-3	2,557098E-3
20220531 10:13:14,382	c_1_009_20220531_10_13_14,382.bmp	1,545910E+0	1,594269E-1	4,902598E-5	-5,080963E-3
20220531 10:13:20,389	c_1_010_20220531_10_13_20,389.bmp	1,750817E+0	1,772485E-1	-3,769540E-3	-1,261932E-3
20220531 10:13:26,400	c_1_011_20220531_10_13_26,400.bmp	1,946816E+0	1,937971E-1	4,902598E-5	1,284088E-3
20220531 10:13:32,402	c_1_012_20220531_10_13_32,402.bmp	2,150451E+0	2,192566E-1	4,902598E-5	-3,807953E-3
20220531 10:13:38,406	c_1_013_20220531_10_13_38,406.bmp	2,347722E+0	2,383512E-1	-1,223829E-3	1,107786E-5
20220531 10:13:44,421	c_1_014_20220531_10_13_44,421.bmp	2,543720E+0	2,599917E-1	4,902598E-5	-2,534943E-3
20220531 10:13:50,422	c_1_015_20220531_10_13_50,422.bmp	2,744810E+0	2,778133E-1	4,902598E-5	1,107786E-5
20220531 10:13:56,432	c_1_016_20220531_10_13_56,432.bmp	2,938263E+0	2,981809E-1	-3,769540E-3	-3,807953E-3
20220531 10:14:02,437	c_1_017_20220531_10_14_02,437.bmp	3,129171E+0	3,210944E-1	4,902598E-5	-3,807953E-3
20220531 10:14:08,450	c_1_018_20220531_10_14_08,450.bmp	3,312442E+0	3,363701E-1	-2,496685E-3	1,107786E-5
20220531 10:14:14,456	c_1_019_20220531_10_14_14,456.bmp	3,500804E+0	3,567376E-1	1,321881E-3	1,107786E-5
20220531 10:14:20,458	c_1_020_20220531_10_14_20,458.bmp	3,677712E+0	3,732863E-1	4,902598E-5	2,557098E-3
20220531 10:14:26,460	c_1_021_20220531_10_14_26,460.bmp	3,859711E+0	3,949268E-1	1,321881E-3	1,284088E-3
20220531 10:14:32,462	c_1_022_20220531_10_14_32,462.bmp	4,035346E+0	4,165673E-1	-1,223829E-3	1,107786E-5
20220531 10:14:38,476	c_1_023_20220531_10_14_38,476.bmp	4,203345E+0	4,356619E-1	-2,496685E-3	1,107786E-5
20220531 10:14:44,477	c_1_024_20220531_10_14_44,477.bmp	4,368798E+0	4,534835E-1	-1,223829E-3	1,107786E-5
20220531 10:14:50,490	c_1_025_20220531_10_14_50,490.bmp	4,522797E+0	4,763970E-1	4,902598E-5	1,107786E-5
20220531 10:14:56,494	c_1_026_20220531_10_14_56,494.bmp	4,669159E+0	4,942187E-1	3,867592E-3	2,557098E-3
20220531 10:15:02,504	c_1_027_20220531_10_15_02,504.bmp	4,807886E+0	5,133132E-1	2,594737E-3	1,107786E-5
20220531 10:15:08,508	c_1_028_20220531_10_15_08,508.bmp	4,944066E+0	5,400457E-1	4,902598E-5	-3,807953E-3
20220531 10:15:14,510	c_1_029_20220531_10_15_14,510.bmp	5,064975E+0	5,565943E-1	1,321881E-3	-1,261932E-3
20220531 10:15:20,516	c_1_030_20220531_10_15_20,516.bmp	5,183337E+0	5,782348E-1	-1,223829E-3	1,107786E-5
20220531 10:15:26,521	c_1_031_20220531_10_15_26,521.bmp	5,281337E+0	5,947835E-1	3,867592E-3	1,284088E-3
20220531 10:15:32,533	c_1_032_20220531_10_15_32,533.bmp	5,362791E+0	6,164240E-1	4,902598E-5	1,107786E-5
20220531 10:15:38,536	c_1_033_20220531_10_15_38,536.bmp	5,426426E+0	6,367916E-1	4,902598E-5	2,557098E-3
20220531 10:15:44,543	c_1_034_20220531_10_15_44,543.bmp	5,511699E+0	6,597051E-1	-5,042396E-3	-3,807953E-3
20220531 10:15:50,550	c_1_035_20220531_10_15_50,550.bmp	5,574062E+0	6,775267E-1	-5,042396E-3	1,107786E-5
20220531 10:15:56,553	c_1_036_20220531_10_15_56,553.bmp	5,613516E+0	6,928024E-1	-1,223829E-3	2,557098E-3
20220531 10:16:02,561	c_1_037_20220531_10_16_02,561.bmp	5,579153E+0	7,144429E-1	4,902598E-5	1,284088E-3
20220531 10:16:08,566	c_1_038_20220531_10_16_08,566.bmp	5,548607E+0	7,373564E-1	-5,042396E-3	-5,080963E-3
20220531 10:16:14,573	c_1_039_20220531_10_16_14,573.bmp	5,501517E+0	7,551780E-1	4,902598E-5	1,107786E-5
20220531 10:16:20,575	c_1_040_20220531_10_16_20,575.bmp	5,476062E+0	7,755456E-1	1,321881E-3	1,107786E-5
20220531 10:16:26,579	c_1_041_20220531_10_16_26,579.bmp	5,459517E+0	7,997321E-1	-1,223829E-3	-3,807953E-3
20220531 10:16:32,588	c_1_042_20220531_10_16_32,588.bmp	5,453154E+0	8,162807E-1	4,902598E-5	1,107786E-5
20220531 10:16:38,596	c_1_043_20220531_10_16_38,596.bmp	5,451881E+0	8,366483E-1	4,902598E-5	1,107786E-5
20220531 10:16:44,601	c_1_044_20220531_10_16_44,601.bmp	5,372972E+0	8,519240E-1	3,867592E-3	2,557098E-3
20220531 10:16:50,603	c_1_045_20220531_10_16_50,603.bmp	5,300427E+0	8,799294E-1	-1,223829E-3	-3,807953E-3
20220531 10:16:56,608	c_1_046_20220531_10_16_56,608.bmp	5,218973E+0	8,977510E-1	3,867592E-3	2,557098E-3
20220531 10:17:02,613	c_1_047_20220531_10_17_02,613.bmp	5,132429E+0	9,181185E-1	1,321881E-3	-1,261932E-3
20220531 10:17:08,614	c_1_048_20220531_10_17_08,614.bmp	5,021702E+0	9,321212E-1	1,321881E-3	2,557098E-3
20220531 10:17:14,621	c_1_049_20220531_10_17_14,621.bmp	4,945339E+0	9,537618E-1	4,902598E-5	2,557098E-3
20220531 10:17:20,622	c_1_050_20220531_10_17_20,622.bmp	4,865158E+0	9,817672E-1	-3,769540E-3	-3,807953E-3
20220531 10:17:26,623	c_1_051_20220531_10_17_26,623.bmp	4,725159E+0	9,970428E-1	1,321881E-3	-1,261932E-3
20220531 10:17:32,624	c_1_052_20220531_10_17_32,624.bmp	4,569887E+0	1,016137E+0	1,321881E-3	1,107786E-5
20220531 10:17:38,626	c_1_053_20220531_10_17_38,626.bmp	4,340798E+0	1,039051E+0	-3,769540E-3	-3,807953E-3
20220531 10:17:44,627	c_1_054_20220531_10_17_44,627.bmp	4,091345E+0	1,053054E+0	1,321881E-3	1,284088E-3
20220531 10:17:50,630	c_1_055_20220531_10_17_50,630.bmp	3,769348E+0	1,077240E+0	4,902598E-5	1,107786E-5
20220531 10:17:56,632	c_1_056_20220531_10_17_56,632.bmp	3,663712E+0	1,096335E+0	1,321881E-3	1,107786E-5
20220531 10:18:02,634	c_1_057_20220531_10_18_02,634.bmp	3,624258E+0	1,116702E+0	2,594737E-3	1,284088E-3
20220531 10:18:08,644	c_1_058_20220531_10_18_08,644.bmp	3,619167E+0	1,139616E+0	1,321881E-3	-3,807953E-3
20220531 10:18:14,647	c_1_059_20220531_10_18_14,647.bmp	3,625531E+0	1,159983E+0	-3,769540E-3	1,107786E-5
20220531 10:18:20,651	c_1_060_20220531_10_18_20,651.bmp	3,633167E+0	1,176532E+0	-2,496685E-3	1,107786E-5
20220531 10:18:26,652	c_1_061_20220531_10_18_26,652.bmp	3,640803E+0	1,199445E+0	-3,769540E-3	-3,807953E-3
20220531 10:18:32,655	c_1_062_20220531_10_18_32,655.bmp	3,644621E+0	1,214721E+0	3,867592E-3	1,107786E-5
20220531 10:18:38,658	c_1_063_20220531_10_18_38,658.bmp	3,647167E+0	1,237635E+0	-3,769540E-3	-3,807953E-3
20220531 10:18:44,668	c_1_064_20220531_10_18_44,668.bmp	3,634440E+0	1,259275E+0	4,902598E-5	-5,080963E-3
20220531 10:18:50,669	c_1_065_20220531_10_18_50,669.bmp	3,611531E+0	1,272005E+0	1,321881E-3	2,557098E-3
20220531 10:18:56,675	c_1_066_20220531_10_18_56,675.bmp	3,605167E+0	1,292372E+0	3,867592E-3	2,557098E-3
20220531 10:19:02,676	c_1_067_20220531_10_19_02,676.bmp	3,591167E+0	1,317832E+0	-5,042396E-3	1,107786E-5
20220531 10:19:08,679	c_1_068_20220531_10_19_08,679.bmp	3,575895E+0	1,339472E+0	2,594737E-3	1,107786E-5
20220531 10:19:14,686	c_1_069_20220531_10_19_14,686.bmp	3,552986E+0	1,357294E+0	2,594737E-3	-1,261932E-3
20220531 10:19:20,696	c_1_070_20220531_10_19_20,696.bmp	3,516077E+0	1,380208E+0	1,321881E-3	-5,080963E-3
20220531 10:19:26,698	c_1_071_20220531_10_19_26,698.bmp	3,488077E+0	1,399302E+0	-2,496685E-3	1,107786E-5
20220531 10:19:32,700	c_1_072_20220531_10_19_32,700.bmp	3,443532E+0	1,415851E+0	4,902598E-5	1,107786E-5
20220531 10:19:38,704	c_1_073_20220531_10_19_38,704.bmp	3,401532E+0	1,437491E+0	1,321881E-3	-1,261932E-3
20220531 10:19:44,706	c_1_074_20220531_10_19_44,706.bmp	3,378623E+0	1,457859E+0	1,321881E-3	1,107786E-5
20220531 10:19:50,710	c_1_075_20220531_10_19_50,710.bmp	3,359533E+0	1,475681E+0	-2,496685E-3	1,107786E-5
20220531 10:19:56,723	c_1_076_20220531_10_19_56,723.bmp	3,330260E+0	1,498594E+0	1,321881E-3	1,107786E-5
20220531 10:20:02,725	c_1_077_20220531_10_20_02,725.bmp	3,327715E+0	1,515143E+0	4,902598E-5	1,107786E-5
20220531 10:20:08,732	c_1_078_20220531_10_20_08,732.bmp	3,309897E+0	1,534237E+0	4,902598E-5	1,107786E-5
20220531 10:20:14,733	c_1_079_20220531_10_20_14,733.bmp	3,300988E+0	1,559697E+0	-3,769540E-3	-3,807953E-3
20220531 10:20:20,735	c_1_080_20220531_10_20_20,735.bmp	3,283170E+0	1,578791E+0	-5,042396E-3	-3,807953E-3
20220531 10:20:26,740	c_1_081_20220531_10_20_26,740.bmp	3,257715E+0	1,594067E+0	2,594737E-3	2,557098E-3
20220531 10:20:32,742	c_1_082_20220531_10_20_32,742.bmp	3,244988E+0	1,616980E+0	-5,042396E-3	1,107786E-5
20220531 10:20:38,750	c_1_083_20220531_10_20_38,750.bmp	3,232261E+0	1,639894E+0	-3,769540E-3	-3,807953E-3
20220531 10:20:44,752	c_1_084_20220531_10_20_44,752.bmp	3,192807E+0	1,661535E+0	-1,223829E-3	-2,534943E-3
20220531 10:20:50,757	c_1_085_20220531_10_20_50,757.bmp	3,141898E+0	1,678083E+0	3,867592E-3	1,107786E-5
20220531 10:20:56,761	c_1_086_20220531_10_20_56,761.bmp	3,098625E+0	1,699724E+0	-1,223829E-3	-3,807953E-3
20220531 10:21:02,764	c_1_087_20220531_10_21_02,764.bmp	3,069353E+0	1,720091E+0	-1,223829E-3	-3,807953E-3
20220531 10:21:08,765	c_1_088_20220531_10_21_08,765.bmp	3,055353E+0	1,734094E+0	1,321881E-3	1,284088E-3
20220531 10:21:14,770	c_1_089_20220531_10_21_14,770.bmp	3,045171E+0	1,758280E+0	-1,223829E-3	-3,807953E-3
20220531 10:21:20,780	c_1_090_20220531_10_21_20,780.bmp	3,040080E+0	1,776102E+0	-3,769540E-3	1,107786E-5
20220531 10:21:26,786	c_1_091_20220531_10_21_26,786.bmp	3,034990E+0	1,800289E+0	-3,769540E-3	-3,807953E-3
20220531 10:21:32,791	c_1_092_20220531_10_21_32,791.bmp	3,032444E+0	1,816837E+0	-2,496685E-3	-5,080963E-3
20220531 10:21:38,795	c_1_093_20220531_10_21_38,795.bmp	3,037535E+0	1,838478E+0	-2,496685E-3	1,107786E-5
20220531 10:21:44,798	c_1_094_20220531_10_21_44,798.bmp	3,043899E+0	1,861391E+0	-3,769540E-3	-3,807953E-3
20220531 10:21:50,804	c_1_095_20220531_10_21_50,804.bmp	3,047717E+0	1,876667E+0	4,902598E-5	-1,261932E-3
20220531 10:21:56,807	c_1_096_20220531_10_21_56,807.bmp	3,054080E+0	1,900853E+0	-5,042396E-3	-3,807953E-3
20220531 10:22:02,812	c_1_097_20220531_10_22_02,812.bmp	3,051535E+0	1,916129E+0	3,867592E-3	-1,261932E-3
20220531 10:22:08,817	c_1_098_20220531_10_22_08,817.bmp	3,051535E+0	1,940316E+0	-3,769540E-3	-1,261932E-3
20220531 10:22:14,822	c_1_099_20220531_10_22_14,822.bmp	3,048989E+0	1,961956E+0	4,902598E-5	-1,261932E-3
20220531 10:22:20,824	c_1_100_20220531_10_22_20,824.bmp	3,051535E+0	1,978505E+0	-3,769540E-3	-3,807953E-3
20220531 10:22:26,835	c_1_101_20220531_10_22_26,835.bmp	3,046444E+0	2,000145E+0	-1,223829E-3	-2,534943E-3
20220531 10:22:32,840	c_1_102_20220531_10_22_32,840.bmp	3,046444E+0	2,020513E+0	1,321881E-3	-2,534943E-3
20220531 10:22:38,843	c_1_103_20220531_10_22_38,843.bmp	3,043899E+0	2,040880E+0	-2,496685E-3	-3,807953E-3
20220531 10:22:44,847	c_1_104_20220531_10_22_44,847.bmp	3,036262E+0	2,053610E+0	2,594737E-3	2,557098E-3
20220531 10:22:50,849	c_1_105_20220531_10_22_50,849.bmp	3,022262E+0	2,077797E+0	4,902598E-5	-1,261932E-3
20220531 10:22:56,853	c_1_106_20220531_10_22_56,853.bmp	3,013353E+0	2,096891E+0	1,321881E-3	1,284088E-3
20220531 10:23:02,860	c_1_107_20220531_10_23_02,860.bmp	3,001899E+0	2,118532E+0	-1,223829E-3	-1,261932E-3
20220531 10:23:08,871	c_1_108_20220531_10_23_08,871.bmp	2,982808E+0	2,136353E+0	-1,223829E-3	1,107786E-5
20220531 10:23:14,872	c_1_109_20220531_10_23_14,872.bmp	2,961172E+0	2,157994E+0	4,902598E-5	1,107786E-5
20220531 10:23:20,876	c_1_110_20220531_10_23_20,876.bmp	2,935718E+0	2,175815E+0	4,902598E-5	1,107786E-5
20220531 10:23:26,880	c_1_111_20220531_10_23_26,880.bmp	2,911536E+0	2,197456E+0	-3,769540E-3	1,107786E-5
20220531 10:23:32,889	c_1_112_20220531_10_23_32,889.bmp	2,856809E+0	2,215278E+0	4,902598E-5	1,107786E-5
20220531 10:23:38,890	c_1_113_20220531_10_23_38,890.bmp	2,800809E+0	2,235645E+0	4,902598E-5	-3,807953E-3
20220531 10:23:44,895	c_1_114_20220531_10_23_44,895.bmp	2,742264E+0	2,256013E+0	1,321881E-3	1,107786E-5
20220531 10:23:50,896	c_1_115_20220531_10_23_50,896.bmp	2,625174E+0	2,280199E+0	-3,769540E-3	-3,807953E-3
20220531 10:23:56,900	c_1_116_20220531_10_23_56,900.bmp	2,510630E+0	2,294202E+0	2,594737E-3	2,557098E-3
20220531 10:24:02,903	c_1_117_20220531_10_24_02,903.bmp	2,446994E+0	2,314569E+0	-1,223829E-3	2,557098E-3
20220531 10:24:08,907	c_1_118_20220531_10_24_08,907.bmp	2,410085E+0	2,333664E+0	2,594737E-3	1,284088E-3
20220531 10:24:14,920	c_1_119_20220531_10_24_14,920.bmp	2,412630E+0	2,356578E+0	-1,223829E-3	1,284088E-3
20220531 10:24:20,928	c_1_120_20220531_10_24_20,928.bmp	2,412630E+0	2,376945E+0	3,867592E-3	-1,261932E-3
20220531 10:24:26,931	c_1_121_20220531_10_24_26,931.bmp	2,411358E+0	2,394767E+0	3,867592E-3	1,284088E-3
20220531 10:24:32,937	c_1_122_20220531_10_24_32,937.bmp	2,425358E+0	2,417680E+0	-1,223829E-3	-3,807953E-3
20220531 10:24:38,940	c_1_123_20220531_10_24_38,940.bmp	2,432994E+0	2,438048E+0	-3,769540E-3	-5,080963E-3
20220531 10:24:44,947	c_1_124_20220531_10_24_44,947.bmp	2,434267E+0	2,458415E+0	-3,769540E-3	-3,807953E-3
20220531 10:24:50,950	c_1_125_20220531_10_24_50,950.bmp	2,443176E+0	2,476237E+0	1,321881E-3	-1,261932E-3
20220531 10:24:56,952	c_1_126_20220531_10_24_56,952.bmp	2,452085E+0	2,500423E+0	4,902598E-5	-3,807953E-3
20220531 10:25:02,955	c_1_127_20220531_10_25_02,955.bmp	2,460994E+0	2,518245E+0	-1,223829E-3	-3,807953E-3
20220531 10:25:08,959	c_1_128_20220531_10_25_08,959.bmp	2,471176E+0	2,536067E+0	-1,223829E-3	-1,261932E-3
20220531 10:25:14,962	c_1_129_20220531_10_25_14,962.bmp	2,476266E+0	2,556434E+0	4,902598E-5	1,107786E-5
20220531 10:25:20,967	c_1_130_20220531_10_25_20,967.bmp	2,491539E+0	2,580621E+0	-3,769540E-3	-2,534943E-3
20220531 10:25:26,975	c_1_131_20220531_10_25_26,975.bmp	2,495357E+0	2,593350E+0	2,594737E-3	3,830109E-3
20220531 10:25:32,976	c_1_132_20220531_10_25_32,976.bmp	2,509357E+0	2,617537E+0	-3,769540E-3	1,107786E-5
20220531 10:25:38,983	c_1_133_20220531_10_25_38,983.bmp	2,516993E+0	2,640450E+0	1,321881E-3	-3,807953E-3
20220531 10:25:44,984	c_1_134_20220531_10_25_44,984.bmp	2,524630E+0	2,656999E+0	4,902598E-5	-1,261932E-3
20220531 10:25:50,986	c_1_135_20220531_10_25_50,986.bmp	2,529721E+0	2,676094E+0	4,902598E-5	-1,261932E-3
20220531 10:25:56,989	c_1_136_20220531_10_25_56,989.bmp	2,527175E+0	2,699007E+0	-5,042396E-3	-3,807953E-3
20220531 10:26:02,990	c_1_137_20220531_10_26_02,990.bmp	2,529721E+0	2,714283E+0	4,902598E-5	2,557098E-3
20220531 10:26:08,999	c_1_138_20220531_10_26_08,999.bmp	2,530993E+0	2,739742E+0	-3,769540E-3	-3,807953E-3
20220531 10:26:15,006	c_1_139_20220531_10_26_15,006.bmp	2,529721E+0	2,752472E+0	-1,223829E-3	1,284088E-3
20220531 10:26:21,009	c_1_140_20220531_10_26_21,009.bmp	2,536084E+0	2,775386E+0	-2,496685E-3	1,107786E-5
20220531 10:26:27,014	c_1_141_20220531_10_26_27,014.bmp	2,530993E+0	2,797026E+0	-1,223829E-3	1,107786E-5
20220531 10:26:33,019	c_1_142_20220531_10_26_33,019.bmp	2,534811E+0	2,819940E+0	-3,769540E-3	-2,534943E-3
20220531 10:26:39,021	c_1_143_20220531_10_26_39,021.bmp	2,527175E+0	2,835215E+0	2,594737E-3	2,557098E-3
20220531 10:26:45,030	c_1_144_20220531_10_26_45,030.bmp	2,522084E+0	2,856856E+0	-1,223829E-3	-1,261932E-3
20220531 10:26:51,034	c_1_145_20220531_10_26_51,034.bmp	2,509357E+0	2,878496E+0	-1,223829E-3	1,107786E-5
20220531 10:26:57,040	c_1_146_20220531_10_26_57,040.bmp	2,473721E+0	2,896318E+0	4,902598E-5	1,107786E-5
20220531 10:27:03,044	c_1_147_20220531_10_27_03,044.bmp	2,449539E+0	2,919231E+0	-5,042396E-3	1,107786E-5
20220531 10:27:09,048	c_1_148_20220531_10_27_09,048.bmp	2,396085E+0	2,933234E+0	3,867592E-3	1,107786E-5
20220531 10:27:15,056	c_1_149_20220531_10_27_15,056.bmp	2,341358E+0	2,956148E+0	4,902598E-5	1,107786E-5
20220531 10:27:21,063	c_1_150_20220531_10_27_21,063.bmp	2,296813E+0	2,975242E+0	-1,223829E-3	-1,261932E-3
20220531 10:27:27,067	c_1_151_20220531_10_27_27,067.bmp	2,273904E+0	2,999429E+0	4,902598E-5	-2,534943E-3
20220531 10:27:33,072	c_1_152_20220531_10_27_33,072.bmp	2,252268E+0	3,018523E+0	4,902598E-5	-3,807953E-3
20220531 10:27:39,074	c_1_153_20220531_10_27_39,074.bmp	2,238268E+0	3,036345E+0	4,902598E-5	-1,261932E-3
20220531 10:27:45,078	c_1_154_20220531_10_27_45,078.bmp	2,221723E+0	3,055440E+0	2,594737E-3	2,557098E-3
20220531 10:27:51,079	c_1_155_20220531_10_27_51,079.bmp	2,211541E+0	3,080899E+0	4,902598E-5	1,107786E-5
20220531 10:27:57,084	c_1_156_20220531_10_27_57,084.bmp	2,196268E+0	3,097448E+0	4,902598E-5	1,107786E-5
20220531 10:28:03,091	c_1_157_20220531_10_28_03,091.bmp	2,189905E+0	3,120361E+0	-3,769540E-3	-3,807953E-3
20220531 10:28:09,095	c_1_158_20220531_10_28_09,095.bmp	2,183541E+0	3,136910E+0	4,902598E-5	1,107786E-5
20220531 10:28:15,101	c_1_159_20220531_10_28_15,101.bmp	2,177178E+0	3,159823E+0	-3,769540E-3	-3,807953E-3
20220531 10:28:21,116	c_1_160_20220531_10_28_21,116.bmp	2,161905E+0	3,177645E+0	1,321881E-3	1,107786E-5
20220531 10:28:27,124	c_1_161_20220531_10_28_27,124.bmp	2,159360E+0	3,196739E+0	4,902598E-5	1,107786E-5
20220531 10:28:33,127	c_1_162_20220531_10_28_33,127.bmp	2,149178E+0	3,215834E+0	-2,496685E-3	1,107786E-5
20220531 10:28:39,131	c_1_163_20220531_10_28_39,131.bmp	2,142814E+0	3,237475E+0	2,594737E-3	1,107786E-5
20220531 10:28:45,136	c_1_164_20220531_10_28_45,136.bmp	2,135178E+0	3,252750E+0	2,594737E-3	2,557098E-3
20220531 10:28:51,137	c_1_165_20220531_10_28_51,137.bmp	2,124996E+0	3,280756E+0	-2,496685E-3	-3,807953E-3
20220531 10:28:57,142	c_1_166_20220531_10_28_57,142.bmp	2,108451E+0	3,297304E+0	4,902598E-5	2,557098E-3
20220531 10:29:03,150	c_1_167_20220531_10_29_03,150.bmp	2,109724E+0	3,321491E+0	-3,769540E-3	-3,807953E-3
20220531 10:29:09,153	c_1_168_20220531_10_29_09,153.bmp	2,095724E+0	3,338039E+0	-3,769540E-3	-3,807953E-3
20220531 10:29:15,155	c_1_169_20220531_10_29_15,155.bmp	2,086815E+0	3,354588E+0	2,594737E-3	3,830109E-3
20220531 10:29:21,156	c_1_170_20220531_10_29_21,156.bmp	2,081724E+0	3,378775E+0	-3,769540E-3	-3,807953E-3
20220531 10:29:27,158	c_1_171_20220531_10_29_27,158.bmp	2,056269E+0	3,401688E+0	1,321881E-3	-3,807953E-3
20220531 10:29:33,163	c_1_172_20220531_10_29_33,163.bmp	2,023179E+0	3,414418E+0	4,902598E-5	2,557098E-3
20220531 10:29:39,172	c_1_173_20220531_10_29_39,172.bmp	2,001543E+0	3,433512E+0	3,867592E-3	5,103119E-3
20220531 10:29:45,178	c_1_174_20220531_10_29_45,178.bmp	1,981179E+0	3,457699E+0	2,594737E-3	1,107786E-5
20220531 10:29:51,183	c_1_175_20220531_10_29_51,183.bmp	1,963361E+0	3,476793E+0	5,140448E-3	1,107786E-5
20220531 10:29:57,183	c_1_176_20220531_10_29_57,183.bmp	1,950634E+0	3,493342E+0	-1,223829E-3	2,557098E-3
20220531 10:30:03,184	c_1_177_20220531_10_30_03,184.bmp	1,934089E+0	3,512437E+0	2,594737E-3	1,284088E-3
20220531 10:30:09,185	c_1_178_20220531_10_30_09,185.bmp	1,927725E+0	3,537896E+0	-3,769540E-3	-2,534943E-3
20220531 10:30:15,189	c_1_179_20220531_10_30_15,189.bmp	1,909907E+0	3,553172E+0	-2,496685E-3	2,557098E-3
20220531 10:30:21,196	c_1_180_20220531_10_30_21,196.bmp	1,894634E+0	3,576085E+0	-1,223829E-3	1,107786E-5
20220531 10:30:27,201	c_1_181_20220531_10_30_27,201.bmp	1,872998E+0	3,591361E+0	1,321881E-3	1,284088E-3
20220531 10:30:33,204	c_1_182_20220531_10_30_33,204.bmp	1,864089E+0	3,613002E+0	2,594737E-3	2,557098E-3
20220531 10:30:39,206	c_1_183_20220531_10_30_39,206.bmp	1,842453E+0	3,633369E+0	3,867592E-3	2,557098E-3
20220531 10:30:45,209	c_1_184_20220531_10_30_45,209.bmp	1,828453E+0	3,651191E+0	1,321881E-3	2,557098E-3
20220531 10:30:51,212	c_1_185_20220531_10_30_51,212.bmp	1,816999E+0	3,671558E+0	1,321881E-3	2,557098E-3
20220531 10:30:57,213	c_1_186_20220531_10_30_57,213.bmp	1,806817E+0	3,691926E+0	3,867592E-3	1,284088E-3
20220531 10:31:03,214	c_1_187_20220531_10_31_03,214.bmp	1,801726E+0	3,718658E+0	1,321881E-3	-1,261932E-3
20220531 10:31:09,224	c_1_188_20220531_10_31_09,224.bmp	1,792817E+0	3,735207E+0	3,867592E-3	1,284088E-3
20220531 10:31:15,230	c_1_189_20220531_10_31_15,230.bmp	1,797908E+0	3,754301E+0	-1,223829E-3	-1,261932E-3
20220531 10:31:21,233	c_1_190_20220531_10_31_21,233.bmp	1,788999E+0	3,773396E+0	3,867592E-3	2,557098E-3
20220531 10:31:27,235	c_1_191_20220531_10_31_27,235.bmp	1,785181E+0	3,800128E+0	-3,769540E-3	-5,080963E-3
20220531 10:31:33,236	c_1_192_20220531_10_31_33,236.bmp	1,780090E+0	3,816677E+0	1,321881E-3	1,107786E-5
20220531 10:31:39,242	c_1_193_20220531_10_31_39,242.bmp	1,774999E+0	3,831953E+0	3,867592E-3	1,107786E-5
20220531 10:31:45,249	c_1_194_20220531_10_31_45,249.bmp	1,771181E+0	3,853593E+0	4,902598E-5	3,830109E-3
20220531 10:31:51,256	c_1_195_20220531_10_31_51,256.bmp	1,767363E+0	3,877780E+0	-3,769540E-3	1,107786E-5
20220531 10:31:57,261	c_1_196_20220531_10_31_57,261.bmp	1,759726E+0	3,891783E+0	4,902598E-5	2,557098E-3
20220531 10:32:03,262	c_1_197_20220531_10_32_03,262.bmp	1,754635E+0	3,918515E+0	-5,042396E-3	-2,534943E-3
20220531 10:32:09,264	c_1_198_20220531_10_32_09,264.bmp	1,736817E+0	3,933791E+0	6,413303E-3	1,284088E-3
20220531 10:32:15,270	c_1_199_20220531_10_32_15,270.bmp	1,735545E+0	3,956704E+0	4,902598E-5	-3,807953E-3
20220531 10:32:21,277	c_1_200_20220531_10_32_21,277.bmp	1,729181E+0	3,979618E+0	-1,223829E-3	-3,807953E-3
20220531 10:32:27,284	c_1_201_20220531_10_32_27,284.bmp	1,717727E+0	3,994893E+0	2,594737E-3	2,557098E-3
20220531 10:32:33,290	c_1_202_20220531_10_32_33,290.bmp	1,720272E+0	4,016534E+0	4,902598E-5	-1,261932E-3
20220531 10:32:39,291	c_1_203_20220531_10_32_39,291.bmp	1,715181E+0	4,036901E+0	4,902598E-5	1,284088E-3
20220531 10:32:45,293	c_1_204_20220531_10_32_45,293.bmp	1,720272E+0	4,058542E+0	-6,315251E-3	-3,807953E-3
20220531 10:32:51,297	c_1_205_20220531_10_32_51,297.bmp	1,713908E+0	4,076364E+0	-2,496685E-3	1,107786E-5
20220531 10:32:57,306	c_1_206_20220531_10_32_57,306.bmp	1,718999E+0	4,099277E+0	-2,496685E-3	-3,807953E-3
20220531 10:33:03,315	c_1_207_20220531_10_33_03,315.bmp	1,710090E+0	4,113280E+0	1,321881E-3	1,284088E-3
20220531 10:33:09,319	c_1_208_20220531_10_33_09,319.bmp	1,712636E+0	4,137466E+0	4,902598E-5	1,107786E-5
20220531 10:33:15,322	c_1_209_20220531_10_33_15,322.bmp	1,710090E+0	4,156561E+0	1,321881E-3	1,107786E-5
20220531 10:33:21,323	c_1_210_20220531_10_33_21,323.bmp	1,699908E+0	4,171836E+0	2,594737E-3	1,284088E-3
20220531 10:33:27,333	c_1_211_20220531_10_33_27,333.bmp	1,702454E+0	4,199842E+0	4,902598E-5	-3,807953E-3
20220531 10:33:33,338	c_1_212_20220531_10_33_33,338.bmp	1,689727E+0	4,217664E+0	4,902598E-5	-1,261932E-3
20220531 10:33:39,341	c_1_213_20220531_10_33_39,341.bmp	1,685909E+0	4,235485E+0	4,902598E-5	1,107786E-5
20220531 10:33:45,345	c_1_214_20220531_10_33_45,345.bmp	1,660454E+0	4,258399E+0	3,867592E-3	1,107786E-5
20220531 10:33:51,347	c_1_215_20220531_10_33_51,347.bmp	1,587909E+0	4,273674E+0	4,902598E-5	2,557098E-3
20220531 10:33:57,351	c_1_216_20220531_10_33_57,351.bmp	1,563728E+0	4,294042E+0	2,594737E-3	2,557098E-3
20220531 10:34:03,361	c_1_217_20220531_10_34_03,361.bmp	1,543364E+0	4,320774E+0	2,594737E-3	-3,807953E-3
20220531 10:34:09,370	c_1_218_20220531_10_34_09,370.bmp	1,520455E+0	4,334777E+0	-2,496685E-3	1,107786E-5
20220531 10:34:15,371	c_1_219_20220531_10_34_15,371.bmp	1,478456E+0	4,353872E+0	3,867592E-3	1,284088E-3
20220531 10:34:21,374	c_1_220_20220531_10_34_21,374.bmp	1,451729E+0	4,381877E+0	-1,223829E-3	-3,807953E-3
20220531 10:34:27,377	c_1_221_20220531_10_34_27,377.bmp	1,433910E+0	4,393334E+0	1,321881E-3	2,557098E-3
20220531 10:34:33,380	c_1_222_20220531_10_34_33,380.bmp	1,428820E+0	4,416247E+0	-3,769540E-3	1,107786E-5
20220531 10:34:39,384	c_1_223_20220531_10_34_39,384.bmp	1,428820E+0	4,434069E+0	1,321881E-3	2,557098E-3
20220531 10:34:45,389	c_1_224_20220531_10_34_45,389.bmp	1,419911E+0	4,456982E+0	2,594737E-3	1,107786E-5
20220531 10:34:51,390	c_1_225_20220531_10_34_51,390.bmp	1,414820E+0	4,474804E+0	2,594737E-3	2,557098E-3
20220531 10:34:57,394	c_1_226_20220531_10_34_57,394.bmp	1,407183E+0	4,496445E+0	3,867592E-3	2,557098E-3
20220531 10:35:03,399	c_1_227_20220531_10_35_03,399.bmp	1,404638E+0	4,518085E+0	4,902598E-5	1,107786E-5
20220531 10:35:09,401	c_1_228_20220531_10_35_09,401.bmp	1,403365E+0	4,537180E+0	-1,223829E-3	-1,261932E-3
20220531 10:35:15,406	c_1_229_20220531_10_35_15,406.bmp	1,399547E+0	4,555001E+0	-5,042396E-3	1,107786E-5
20220531 10:35:21,418	c_1_230_20220531_10_35_21,418.bmp	1,398274E+0	4,576642E+0	-5,042396E-3	1,107786E-5
20220531 10:35:27,426	c_1_231_20220531_10_35_27,426.bmp	1,394456E+0	4,597009E+0	4,902598E-5	2,557098E-3
20220531 10:35:33,432	c_1_232_20220531_10_35_33,432.bmp	1,391911E+0	4,617377E+0	2,594737E-3	-1,261932E-3
20220531 10:35:39,437	c_1_233_20220531_10_35_39,437.bmp	1,400820E+0	4,637744E+0	4,902598E-5	-1,261932E-3
20220531 10:35:45,444	c_1_234_20220531_10_35_45,444.bmp	1,404638E+0	4,659385E+0	-3,769540E-3	1,107786E-5
20220531 10:35:51,445	c_1_235_20220531_10_35_51,445.bmp	1,404638E+0	4,679753E+0	-3,769540E-3	-3,807953E-3
20220531 10:35:57,451	c_1_236_20220531_10_35_57,451.bmp	1,408456E+0	4,701393E+0	4,902598E-5	-2,534943E-3
20220531 10:36:03,455	c_1_237_20220531_10_36_03,455.bmp	1,409729E+0	4,712850E+0	1,321881E-3	1,284088E-3
20220531 10:36:09,458	c_1_238_20220531_10_36_09,458.bmp	1,416092E+0	4,739582E+0	-2,496685E-3	-3,807953E-3
20220531 10:36:15,461	c_1_239_20220531_10_36_15,461.bmp	1,412274E+0	4,756131E+0	1,321881E-3	-1,261932E-3
20220531 10:36:21,464	c_1_240_20220531_10_36_21,464.bmp	1,421183E+0	4,776498E+0	1,321881E-3	1,107786E-5
20220531 10:36:27,465	c_1_241_20220531_10_36_27,465.bmp	1,418638E+0	4,796866E+0	-5,042396E-3	-2,534943E-3
20220531 10:36:33,473	c_1_242_20220531_10_36_33,473.bmp	1,425001E+0	4,819780E+0	-3,769540E-3	-3,807953E-3
20220531 10:36:39,481	c_1_243_20220531_10_36_39,481.bmp	1,417365E+0	4,837601E+0	-3,769540E-3	1,107786E-5
20220531 10:36:45,484	c_1_244_20220531_10_36_45,484.bmp	1,421183E+0	4,856696E+0	1,321881E-3	-1,261932E-3
20220531 10:36:51,489	c_1_245_20220531_10_36_51,489.bmp	1,421183E+0	4,875790E+0	-1,223829E-3	1,107786E-5
20220531 10:36:57,490	c_1_246_20220531_10_36_57,490.bmp	1,418638E+0	4,896158E+0	-1,223829E-3	-3,807953E-3
20220531 10:37:03,491	c_1_247_20220531_10_37_03,491.bmp	1,421183E+0	4,915252E+0	-2,496685E-3	2,557098E-3
20220531 10:37:09,493	c_1_248_20220531_10_37_09,493.bmp	1,418638E+0	4,938166E+0	-1,223829E-3	-1,261932E-3
20220531 10:37:15,499	c_1_249_20220531_10_37_15,499.bmp	1,419911E+0	4,952169E+0	2,594737E-3	3,830109E-3
20220531 10:37:21,509	c_1_250_20220531_10_37_21,509.bmp	1,414820E+0	4,972536E+0	3,867592E-3	2,557098E-3
20220531 10:37:27,512	c_1_251_20220531_10_37_27,512.bmp	1,417365E+0	4,997996E+0	-3,769540E-3	-3,807953E-3
20220531 10:37:33,514	c_1_252_20220531_10_37_33,514.bmp	1,411002E+0	5,015817E+0	4,902598E-5	-1,261932E-3
20220531 10:37:39,518	c_1_253_20220531_10_37_39,518.bmp	1,400820E+0	5,036185E+0	-3,769540E-3	1,107786E-5
20220531 10:37:45,521	c_1_254_20220531_10_37_45,521.bmp	1,393183E+0	5,057825E+0	1,321881E-3	-1,261932E-3
20220531 10:37:51,529	c_1_255_20220531_10_37_51,529.bmp	1,393183E+0	5,073101E+0	4,902598E-5	2,557098E-3
20220531 10:37:57,532	c_1_256_20220531_10_37_57,532.bmp	1,390638E+0	5,093469E+0	5,140448E-3	2,557098E-3
20220531 10:38:03,534	c_1_257_20220531_10_38_03,534.bmp	1,395729E+0	5,117655E+0	-3,769540E-3	-1,261932E-3
20220531 10:38:09,538	c_1_258_20220531_10_38_09,538.bmp	1,384274E+0	5,135477E+0	1,321881E-3	-1,261932E-3
20220531 10:38:15,543	c_1_259_20220531_10_38_15,543.bmp	1,391911E+0	5,155844E+0	4,902598E-5	1,107786E-5
20220531 10:38:21,549	c_1_260_20220531_10_38_21,549.bmp	1,385547E+0	5,176212E+0	-1,223829E-3	-1,261932E-3
20220531 10:38:27,555	c_1_261_20220531_10_38_27,555.bmp	1,386820E+0	5,197852E+0	-3,769540E-3	1,107786E-5
20220531 10:38:33,560	c_1_262_20220531_10_38_33,560.bmp	1,384274E+0	5,216947E+0	1,321881E-3	-1,261932E-3
20220531 10:38:39,565	c_1_263_20220531_10_38_39,565.bmp	1,386820E+0	5,232223E+0	4,902598E-5	1,284088E-3
20220531 10:38:45,569	c_1_264_20220531_10_38_45,569.bmp	1,377911E+0	5,260228E+0	-5,042396E-3	1,107786E-5
20220531 10:38:51,574	c_1_265_20220531_10_38_51,574.bmp	1,381729E+0	5,275504E+0	4,902598E-5	1,107786E-5
20220531 10:38:57,576	c_1_266_20220531_10_38_57,576.bmp	1,377911E+0	5,299690E+0	4,902598E-5	-3,807953E-3
20220531 10:39:03,584	c_1_267_20220531_10_39_03,584.bmp	1,376638E+0	5,313693E+0	6,413303E-3	2,557098E-3
20220531 10:39:09,591	c_1_268_20220531_10_39_09,591.bmp	1,380456E+0	5,331515E+0	4,902598E-5	1,284088E-3
20220531 10:39:15,593	c_1_269_20220531_10_39_15,593.bmp	1,379184E+0	5,360793E+0	-3,769540E-3	1,107786E-5
20220531 10:39:21,598	c_1_270_20220531_10_39_21,598.bmp	1,376638E+0	5,377342E+0	4,902598E-5	-1,261932E-3
20220531 10:39:27,602	c_1_271_20220531_10_39_27,602.bmp	1,371547E+0	5,397709E+0	-2,496685E-3	1,107786E-5
20220531 10:39:33,615	c_1_272_20220531_10_39_33,615.bmp	1,363911E+0	5,415531E+0	-1,223829E-3	1,107786E-5
20220531 10:39:39,623	c_1_273_20220531_10_39_39,623.bmp	1,348638E+0	5,438444E+0	1,321881E-3	-3,807953E-3
20220531 10:39:45,628	c_1_274_20220531_10_39_45,628.bmp	1,327002E+0	5,453720E+0	1,321881E-3	1,107786E-5
20220531 10:39:51,629	c_1_275_20220531_10_39_51,629.bmp	1,313002E+0	5,477906E+0	4,902598E-5	1,107786E-5
20220531 10:39:57,632	c_1_276_20220531_10_39_57,632.bmp	1,299002E+0	5,498274E+0	-5,042396E-3	-3,807953E-3
20220531 10:40:03,639	c_1_277_20220531_10_40_03,639.bmp	1,287548E+0	5,514823E+0	4,902598E-5	-1,261932E-3
20220531 10:40:09,647	c_1_278_20220531_10_40_09,647.bmp	1,281184E+0	5,540282E+0	4,902598E-5	-3,807953E-3
20220531 10:40:15,649	c_1_279_20220531_10_40_15,649.bmp	1,264639E+0	5,545374E+0	3,867592E-3	2,557098E-3
