1.894637809646025239e+00
2.219972523783590723e-02
2.045207821127717745e-03
1.338505494821314035e-02
3.197485325028524838e-02
6.185134112507675863e-02
1.444015768597748384e-01
2.636843716585969277e-01
4.480477509904678080e+00
4.490718254087922467e+00
4.508626951296664132e+00
4.546289875353519250e+00
4.655240600145340579e+00
4.759588800976494838e+00
4.708428996115637588e+00
4.673695073977918391e+00
4.689266565027024214e+00
4.673326897316846029e+00
4.619794101064418790e+00
4.568036896541355141e+00
4.524567836051147651e+00
4.434944399053167174e+00
4.210663399425490283e+00
3.961782146016894934e+00
3.725880907591614388e+00
3.369980345232953756e+00
3.339387717971312508e+00
3.323833399899003282e+00
3.346934816030576076e+00
3.369733253529549444e+00
3.399054605955112329e+00
3.438365593232168838e+00
3.539947057836893229e+00
3.528180316347478751e+00
3.526034012706055432e+00
3.537147696876627112e+00
3.572981612470944146e+00
3.604990041152678515e+00
3.574971266668258707e+00
3.578672791579219137e+00
3.535173157830543644e+00
3.497212078463221907e+00
3.500963514500617713e+00
3.485253054369080505e+00
3.482506939295141546e+00
3.532566846010794848e+00
3.531300044286012074e+00
3.541930504326272544e+00
3.560351742050149149e+00
3.543785999936396980e+00
3.569506224707870601e+00
3.546216815265684552e+00
3.562750553567557432e+00
3.421138041361082571e+00
3.380129616340570742e+00
3.452062666752373055e+00
3.522902304342917290e+00
3.642430365910422463e+00
3.644278739218609786e+00
3.793896343832819262e+00
3.878724385618535830e+00
3.909012609733869326e+00
3.926505672761893884e+00
3.934890178185261433e+00
3.947268693670026973e+00
3.951974745352542673e+00
3.945518626651450145e+00
3.905605421785966147e+00
3.919957632687958604e+00
3.878318301390518030e+00
3.829481573532731886e+00
3.749459768331820708e+00
3.672567227734444550e+00
3.524342880082240281e+00
3.353938283250094798e+00
3.283936014292426986e+00
3.235075491747423371e+00
3.236063105085074554e+00
3.279705790594786396e+00
3.306922054715660142e+00
3.331065530889844251e+00
3.338089870049841146e+00
3.413440218991897979e+00
3.433093257399212561e+00
3.479027157392049485e+00
3.524325207333899979e+00
3.581296803201311718e+00
3.610188976257334925e+00
3.649435837569190877e+00
3.728765977243103436e+00
3.755177280304935472e+00
3.752820756805392399e+00
3.773962798486795389e+00
3.784711879595180850e+00
3.826818778663239051e+00
3.839823139628200099e+00
3.849825205955053953e+00
3.877497720288829441e+00
3.897404019957769084e+00
3.911556945675440655e+00
3.862148211695680455e+00
3.838570022240086921e+00
3.780950929771524915e+00
3.687096341733381966e+00
3.604017494376522635e+00
3.544341220527146508e+00
3.497170830206606684e+00
3.473505557960920420e+00
3.456800590658719141e+00
3.462697681266355243e+00
3.452721939481212310e+00
3.387247114534269077e+00
3.365067043657437473e+00
3.391459445009752827e+00
3.406394976297740573e+00
3.379237421901145400e+00
3.379802003858292103e+00
3.360006728092996831e+00
3.373987964842759091e+00
3.374360346907219199e+00
3.358551168718257429e+00
3.355788045234871397e+00
3.306597208856371317e+00
3.282881897358214118e+00
3.247002862938932921e+00
3.221422654893133508e+00
3.196103653870579375e+00
3.169819844749144799e+00
3.162130240636525258e+00
3.164085491931120764e+00
3.110594825853735479e+00
3.085576572731190570e+00
3.051965237366610406e+00
3.050737319030594641e+00
3.003680587477706165e+00
2.983696228486140356e+00
2.949218770682633384e+00
2.957343837679574872e+00
2.952000295396687068e+00
2.949304173588607192e+00
2.937154793207654269e+00
2.956492007942300493e+00
2.948248389212662079e+00
2.957986758875803979e+00
2.934196180109042817e+00
2.939565475781889869e+00
2.919906587167708345e+00
2.910467003289332499e+00
2.908556437962396490e+00
2.905576758801450055e+00
2.903967865422593331e+00
2.897576031135487895e+00
2.905361367389893701e+00
2.918871399158060154e+00
2.917689920486803423e+00
2.928755251955685868e+00
2.931404571451335705e+00
2.947134720910001171e+00
2.941731660399477644e+00
2.952304465018209090e+00
2.932827422446951715e+00
2.899402720061443173e+00
2.846706249473796912e+00
2.660505906852344449e+00
2.594582107537977134e+00
2.553569356150499736e+00
2.475550882865486635e+00
2.408513708040751489e+00
2.359713303110129168e+00
2.362993426496398985e+00
2.360795424663495012e+00
2.361152776388800945e+00
2.367704451039500668e+00
2.356146268003057376e+00
2.359748915477799969e+00
2.429550941874704328e+00
2.419850755735778236e+00
2.487461819464967139e+00
2.481023254832580793e+00
2.485810679066735585e+00
2.456058726999245323e+00
2.464166730115962878e+00
2.517840104755468822e+00
2.498120983741463963e+00
2.565119709483653754e+00
2.574837552227683624e+00
2.546286503487988906e+00
2.532191352396373496e+00
2.506995854921388212e+00
2.476233804741970523e+00
2.433030602076086346e+00
2.419171963275678738e+00
2.417005413615513021e+00
2.400431842281611772e+00
