6.000000000000000000e+00
8.000000000000000000e+00
1.000000000000000000e+01
1.100000000000000000e+01
1.200000000000000000e+01
1.300000000000000000e+01
1.400000000000000000e+01
1.500000000000000000e+01
1.600000000000000000e+01
1.700000000000000000e+01
1.800000000000000000e+01
1.900000000000000000e+01
2.000000000000000000e+01
2.100000000000000000e+01
2.200000000000000000e+01
2.300000000000000000e+01
2.400000000000000000e+01
2.500000000000000000e+01
2.600000000000000000e+01
2.700000000000000000e+01
2.800000000000000000e+01
2.900000000000000000e+01
3.000000000000000000e+01
3.100000000000000000e+01
3.200000000000000000e+01
3.300000000000000000e+01
3.400000000000000000e+01
3.500000000000000000e+01
3.600000000000000000e+01
3.700000000000000000e+01
6.200000000000000000e+01
8.500000000000000000e+01
8.600000000000000000e+01
8.800000000000000000e+01
8.900000000000000000e+01
9.100000000000000000e+01
9.300000000000000000e+01
9.400000000000000000e+01
9.700000000000000000e+01
9.800000000000000000e+01
9.900000000000000000e+01
1.010000000000000000e+02
1.240000000000000000e+02
1.290000000000000000e+02
1.330000000000000000e+02
1.580000000000000000e+02
1.590000000000000000e+02
1.610000000000000000e+02
1.640000000000000000e+02
1.880000000000000000e+02
1.910000000000000000e+02
1.970000000000000000e+02
2.200000000000000000e+02
2.280000000000000000e+02
2.290000000000000000e+02
2.300000000000000000e+02
2.310000000000000000e+02
2.320000000000000000e+02
2.330000000000000000e+02
2.340000000000000000e+02
2.370000000000000000e+02
2.380000000000000000e+02
2.390000000000000000e+02
2.450000000000000000e+02
2.460000000000000000e+02
2.470000000000000000e+02
2.480000000000000000e+02
2.490000000000000000e+02
2.500000000000000000e+02
2.530000000000000000e+02
2.540000000000000000e+02
2.550000000000000000e+02
2.560000000000000000e+02
2.570000000000000000e+02
2.580000000000000000e+02
2.590000000000000000e+02
2.600000000000000000e+02
2.610000000000000000e+02
2.620000000000000000e+02
2.630000000000000000e+02
2.640000000000000000e+02
2.650000000000000000e+02
2.660000000000000000e+02
2.670000000000000000e+02
2.680000000000000000e+02
2.690000000000000000e+02
