20220411 11:48:42,594	c_0_697_20220411_11_48_42,594.bmp	1,611926E-1	3,594852E-2	2,594737E-3	3,830109E-3
20220411 11:48:48,595	c_0_698_20220411_11_48_48,595.bmp	-4,425969E-4	3,849447E-2	-1,223829E-3	2,557098E-3
20220411 11:48:54,598	c_0_699_20220411_11_48_54,598.bmp	1,115566E-1	1,812690E-2	4,902598E-5	-1,261932E-3
20220411 11:49:00,601	c_0_700_20220411_11_49_00,601.bmp	2,451920E-1	4,104041E-2	-3,769540E-3	-3,807953E-3
20220411 11:49:06,605	c_0_701_20220411_11_49_06,605.bmp	3,890091E-1	6,013500E-2	4,902598E-5	-3,807953E-3
20220411 11:49:12,606	c_0_702_20220411_11_49_12,606.bmp	5,442807E-1	7,795662E-2	-3,769540E-3	-1,261932E-3
20220411 11:49:18,611	c_0_703_20220411_11_49_18,611.bmp	7,046431E-1	1,021431E-1	-3,769540E-3	-3,807953E-3
20220411 11:49:24,612	c_0_704_20220411_11_49_24,612.bmp	8,484602E-1	1,174188E-1	-1,223829E-3	-1,261932E-3
20220411 11:49:30,613	c_0_705_20220411_11_49_30,613.bmp	1,003732E+0	1,377863E-1	-2,496685E-3	1,107786E-5
20220411 11:49:36,618	c_0_706_20220411_11_49_36,618.bmp	1,150094E+0	1,530620E-1	7,686159E-3	3,830109E-3
20220411 11:49:42,623	c_0_707_20220411_11_49_42,623.bmp	1,299002E+0	1,772485E-1	4,902598E-5	1,107786E-5
20220411 11:49:48,629	c_0_708_20220411_11_49_48,629.bmp	1,444092E+0	2,014350E-1	-1,223829E-3	-3,807953E-3
20220411 11:49:54,634	c_0_709_20220411_11_49_54,634.bmp	1,595546E+0	2,192566E-1	-1,223829E-3	1,107786E-5
20220411 11:50:00,638	c_0_710_20220411_11_50_00,638.bmp	1,741908E+0	2,421701E-1	-5,042396E-3	-3,807953E-3
20220411 11:50:06,640	c_0_711_20220411_11_50_06,640.bmp	1,875544E+0	2,587187E-1	5,140448E-3	-1,261932E-3
20220411 11:50:12,645	c_0_712_20220411_11_50_12,645.bmp	2,004088E+0	2,778133E-1	1,321881E-3	1,107786E-5
20220411 11:50:18,649	c_0_713_20220411_11_50_18,649.bmp	2,135178E+0	2,994538E-1	4,902598E-5	1,107786E-5
20220411 11:50:24,654	c_0_714_20220411_11_50_24,654.bmp	2,259904E+0	3,210944E-1	-3,769540E-3	-3,807953E-3
20220411 11:50:30,659	c_0_715_20220411_11_50_30,659.bmp	2,370631E+0	3,376430E-1	4,902598E-5	1,107786E-5
20220411 11:50:36,660	c_0_716_20220411_11_50_36,660.bmp	2,482630E+0	3,580106E-1	-3,769540E-3	1,284088E-3
20220411 11:50:42,664	c_0_717_20220411_11_50_42,664.bmp	2,580629E+0	3,745592E-1	2,594737E-3	1,284088E-3
20220411 11:50:48,670	c_0_718_20220411_11_50_48,670.bmp	2,692628E+0	3,949268E-1	3,867592E-3	2,557098E-3
20220411 11:50:54,671	c_0_719_20220411_11_50_54,671.bmp	2,803355E+0	4,191133E-1	-1,223829E-3	-3,807953E-3
20220411 11:51:00,673	c_0_720_20220411_11_51_00,673.bmp	2,892445E+0	4,382079E-1	1,321881E-3	1,107786E-5
20220411 11:51:06,679	c_0_721_20220411_11_51_06,679.bmp	2,996808E+0	4,598484E-1	4,902598E-5	-3,807953E-3
20220411 11:51:12,681	c_0_722_20220411_11_51_12,681.bmp	3,090989E+0	4,738511E-1	2,594737E-3	2,557098E-3
20220411 11:51:18,682	c_0_723_20220411_11_51_18,682.bmp	3,191534E+0	5,005835E-1	-2,496685E-3	-3,807953E-3
20220411 11:51:24,683	c_0_724_20220411_11_51_24,683.bmp	3,283170E+0	5,171322E-1	4,902598E-5	1,107786E-5
20220411 11:51:30,688	c_0_725_20220411_11_51_30,688.bmp	3,369714E+0	5,362268E-1	-1,223829E-3	1,107786E-5
20220411 11:51:36,689	c_0_726_20220411_11_51_36,689.bmp	3,447350E+0	5,553213E-1	-1,223829E-3	2,557098E-3
20220411 11:51:42,690	c_0_727_20220411_11_51_42,690.bmp	3,518622E+0	5,807808E-1	-2,496685E-3	-3,807953E-3
20220411 11:51:48,691	c_0_728_20220411_11_51_48,691.bmp	3,573349E+0	6,011484E-1	-5,042396E-3	-3,807953E-3
20220411 11:51:54,694	c_0_729_20220411_11_51_54,694.bmp	3,575895E+0	6,215159E-1	-3,769540E-3	-3,807953E-3
20220411 11:52:00,697	c_0_730_20220411_11_52_00,697.bmp	3,465168E+0	6,406105E-1	-3,769540E-3	-3,807953E-3
20220411 11:52:06,699	c_0_731_20220411_11_52_06,699.bmp	3,306078E+0	6,571591E-1	-3,769540E-3	1,107786E-5
20220411 11:52:12,702	c_0_732_20220411_11_52_12,702.bmp	3,202988E+0	6,787997E-1	-1,223829E-3	1,107786E-5
20220411 11:52:18,704	c_0_733_20220411_11_52_18,704.bmp	3,117716E+0	6,966213E-1	-1,223829E-3	1,107786E-5
20220411 11:52:24,706	c_0_734_20220411_11_52_24,706.bmp	3,054080E+0	7,157159E-1	-2,496685E-3	2,557098E-3
20220411 11:52:30,710	c_0_735_20220411_11_52_30,710.bmp	3,015899E+0	7,373564E-1	-3,769540E-3	1,107786E-5
20220411 11:52:36,714	c_0_736_20220411_11_52_36,714.bmp	2,966263E+0	7,551780E-1	1,321881E-3	2,557098E-3
20220411 11:52:42,721	c_0_737_20220411_11_52_42,721.bmp	2,917899E+0	7,755456E-1	4,902598E-5	2,557098E-3
20220411 11:52:48,726	c_0_738_20220411_11_52_48,726.bmp	2,908990E+0	8,022780E-1	4,902598E-5	-2,534943E-3
20220411 11:52:54,727	c_0_739_20220411_11_52_54,727.bmp	2,891172E+0	8,188267E-1	4,902598E-5	1,107786E-5
20220411 11:53:00,728	c_0_740_20220411_11_53_00,728.bmp	2,861900E+0	8,341023E-1	3,867592E-3	2,557098E-3
20220411 11:53:06,730	c_0_741_20220411_11_53_06,730.bmp	2,833900E+0	8,570158E-1	4,902598E-5	1,107786E-5
20220411 11:53:12,735	c_0_742_20220411_11_53_12,735.bmp	2,807173E+0	8,799294E-1	-1,223829E-3	-3,807953E-3
20220411 11:53:18,736	c_0_743_20220411_11_53_18,736.bmp	2,789355E+0	9,015699E-1	-3,769540E-3	-5,080963E-3
20220411 11:53:24,737	c_0_744_20220411_11_53_24,737.bmp	2,747355E+0	9,155726E-1	2,594737E-3	1,107786E-5
20220411 11:53:30,742	c_0_745_20220411_11_53_30,742.bmp	2,733355E+0	9,372131E-1	-3,769540E-3	1,107786E-5
20220411 11:53:36,743	c_0_746_20220411_11_53_36,743.bmp	2,715537E+0	9,575807E-1	4,902598E-5	-1,261932E-3
20220411 11:53:42,747	c_0_747_20220411_11_53_42,747.bmp	2,695174E+0	9,779482E-1	4,902598E-5	-1,261932E-3
20220411 11:53:48,749	c_0_748_20220411_11_53_48,749.bmp	2,658265E+0	9,957699E-1	1,321881E-3	2,557098E-3
20220411 11:53:54,751	c_0_749_20220411_11_53_54,751.bmp	2,632811E+0	1,018683E+0	4,902598E-5	1,107786E-5
20220411 11:54:00,754	c_0_750_20220411_11_54_00,754.bmp	2,609902E+0	1,032686E+0	2,594737E-3	2,557098E-3
20220411 11:54:06,755	c_0_751_20220411_11_54_06,755.bmp	2,593356E+0	1,055600E+0	-1,223829E-3	2,557098E-3
20220411 11:54:12,757	c_0_752_20220411_11_54_12,757.bmp	2,567902E+0	1,081059E+0	-1,223829E-3	-3,807953E-3
20220411 11:54:18,762	c_0_753_20220411_11_54_18,762.bmp	2,544993E+0	1,100154E+0	-3,769540E-3	-3,807953E-3
20220411 11:54:24,764	c_0_754_20220411_11_54_24,764.bmp	2,520812E+0	1,117975E+0	2,594737E-3	1,107786E-5
20220411 11:54:30,769	c_0_755_20220411_11_54_30,769.bmp	2,510630E+0	1,140889E+0	-3,769540E-3	-3,807953E-3
20220411 11:54:36,776	c_0_756_20220411_11_54_36,776.bmp	2,511902E+0	1,157437E+0	-1,223829E-3	1,107786E-5
20220411 11:54:42,779	c_0_757_20220411_11_54_42,779.bmp	2,504266E+0	1,176532E+0	-1,223829E-3	-1,261932E-3
20220411 11:54:48,780	c_0_758_20220411_11_54_48,780.bmp	2,501721E+0	1,201991E+0	-3,769540E-3	-3,807953E-3
20220411 11:54:54,783	c_0_759_20220411_11_54_54,783.bmp	2,487721E+0	1,221086E+0	-2,496685E-3	-1,261932E-3
20220411 11:55:00,788	c_0_760_20220411_11_55_00,788.bmp	2,460994E+0	1,240181E+0	1,321881E-3	1,107786E-5
20220411 11:55:06,793	c_0_761_20220411_11_55_06,793.bmp	2,441903E+0	1,255456E+0	4,902598E-5	2,557098E-3
20220411 11:55:12,795	c_0_762_20220411_11_55_12,795.bmp	2,422812E+0	1,279643E+0	1,321881E-3	-3,807953E-3
20220411 11:55:18,797	c_0_763_20220411_11_55_18,797.bmp	2,421540E+0	1,300010E+0	1,321881E-3	-3,807953E-3
20220411 11:55:24,803	c_0_764_20220411_11_55_24,803.bmp	2,421540E+0	1,317832E+0	4,902598E-5	1,107786E-5
20220411 11:55:30,806	c_0_765_20220411_11_55_30,806.bmp	2,440630E+0	1,338199E+0	-3,769540E-3	-1,261932E-3
20220411 11:55:36,811	c_0_766_20220411_11_55_36,811.bmp	2,445721E+0	1,354748E+0	3,867592E-3	1,284088E-3
20220411 11:55:42,813	c_0_767_20220411_11_55_42,813.bmp	2,471176E+0	1,378935E+0	-2,496685E-3	1,107786E-5
20220411 11:55:48,819	c_0_768_20220411_11_55_48,819.bmp	2,483903E+0	1,396756E+0	3,867592E-3	1,107786E-5
20220411 11:55:54,824	c_0_769_20220411_11_55_54,824.bmp	2,511902E+0	1,420943E+0	-2,496685E-3	-3,807953E-3
20220411 11:56:00,827	c_0_770_20220411_11_56_00,827.bmp	2,524630E+0	1,438764E+0	4,902598E-5	1,107786E-5
20220411 11:56:06,830	c_0_771_20220411_11_56_06,830.bmp	2,547539E+0	1,459132E+0	4,902598E-5	1,107786E-5
20220411 11:56:12,834	c_0_772_20220411_11_56_12,834.bmp	2,567902E+0	1,479499E+0	-3,769540E-3	-3,807953E-3
20220411 11:56:18,837	c_0_773_20220411_11_56_18,837.bmp	2,579357E+0	1,501140E+0	-3,769540E-3	-3,807953E-3
20220411 11:56:24,841	c_0_774_20220411_11_56_24,841.bmp	2,584447E+0	1,513870E+0	1,321881E-3	1,284088E-3
20220411 11:56:30,843	c_0_775_20220411_11_56_30,843.bmp	2,588266E+0	1,538056E+0	4,902598E-5	1,107786E-5
20220411 11:56:36,844	c_0_776_20220411_11_56_36,844.bmp	2,550084E+0	1,557151E+0	2,594737E-3	2,557098E-3
20220411 11:56:42,849	c_0_777_20220411_11_56_42,849.bmp	2,478812E+0	1,574972E+0	-1,223829E-3	2,557098E-3
20220411 11:56:48,853	c_0_778_20220411_11_56_48,853.bmp	2,422812E+0	1,599159E+0	4,902598E-5	1,107786E-5
20220411 11:56:54,855	c_0_779_20220411_11_56_54,855.bmp	2,375722E+0	1,614435E+0	4,902598E-5	2,557098E-3
20220411 11:57:00,858	c_0_780_20220411_11_57_00,858.bmp	2,348995E+0	1,638621E+0	-1,223829E-3	-1,261932E-3
20220411 11:57:06,859	c_0_781_20220411_11_57_06,859.bmp	2,327358E+0	1,653897E+0	-1,223829E-3	3,830109E-3
20220411 11:57:12,863	c_0_782_20220411_11_57_12,863.bmp	2,310813E+0	1,678083E+0	-2,496685E-3	1,107786E-5
20220411 11:57:18,868	c_0_783_20220411_11_57_18,868.bmp	2,310813E+0	1,695905E+0	-1,223829E-3	3,830109E-3
20220411 11:57:24,872	c_0_784_20220411_11_57_24,872.bmp	2,301904E+0	1,717545E+0	4,902598E-5	1,107786E-5
20220411 11:57:30,877	c_0_785_20220411_11_57_30,877.bmp	2,292995E+0	1,736640E+0	-2,496685E-3	-1,261932E-3
20220411 11:57:36,879	c_0_786_20220411_11_57_36,879.bmp	2,291722E+0	1,757007E+0	-3,769540E-3	-2,534943E-3
20220411 11:57:42,883	c_0_787_20220411_11_57_42,883.bmp	2,276450E+0	1,777375E+0	4,902598E-5	1,107786E-5
20220411 11:57:48,885	c_0_788_20220411_11_57_48,885.bmp	2,266268E+0	1,795197E+0	2,594737E-3	1,107786E-5
20220411 11:57:54,890	c_0_789_20220411_11_57_54,890.bmp	2,258632E+0	1,815564E+0	7,686159E-3	2,557098E-3
20220411 11:58:00,894	c_0_790_20220411_11_58_00,894.bmp	2,243359E+0	1,838478E+0	-1,223829E-3	1,107786E-5
20220411 11:58:06,898	c_0_791_20220411_11_58_06,898.bmp	2,221723E+0	1,856299E+0	1,321881E-3	-1,261932E-3
20220411 11:58:12,902	c_0_792_20220411_11_58_12,902.bmp	2,210268E+0	1,877940E+0	1,321881E-3	1,107786E-5
20220411 11:58:18,905	c_0_793_20220411_11_58_18,905.bmp	2,189905E+0	1,897034E+0	4,902598E-5	-1,261932E-3
20220411 11:58:24,907	c_0_794_20220411_11_58_24,907.bmp	2,173360E+0	1,916129E+0	4,902598E-5	1,284088E-3
20220411 11:58:30,908	c_0_795_20220411_11_58_30,908.bmp	2,103360E+0	1,936497E+0	-1,223829E-3	1,107786E-5
20220411 11:58:36,909	c_0_796_20220411_11_58_36,909.bmp	2,012997E+0	1,961956E+0	-3,769540E-3	-5,080963E-3
20220411 11:58:42,916	c_0_797_20220411_11_58_42,916.bmp	1,939179E+0	1,981051E+0	-5,042396E-3	-3,807953E-3
20220411 11:58:48,917	c_0_798_20220411_11_58_48,917.bmp	1,904816E+0	1,996326E+0	1,321881E-3	3,830109E-3
20220411 11:58:54,923	c_0_799_20220411_11_58_54,923.bmp	1,886998E+0	2,016694E+0	-3,769540E-3	-1,261932E-3
20220411 11:59:00,927	c_0_800_20220411_11_59_00,927.bmp	1,861544E+0	2,034515E+0	4,902598E-5	2,557098E-3
20220411 11:59:06,931	c_0_801_20220411_11_59_06,931.bmp	1,822089E+0	2,054883E+0	6,413303E-3	2,557098E-3
20220411 11:59:12,932	c_0_802_20220411_11_59_12,932.bmp	1,773726E+0	2,076524E+0	1,321881E-3	2,557098E-3
20220411 11:59:18,933	c_0_803_20220411_11_59_18,933.bmp	1,745726E+0	2,094345E+0	2,594737E-3	3,830109E-3
20220411 11:59:24,935	c_0_804_20220411_11_59_24,935.bmp	1,741908E+0	2,121078E+0	4,902598E-5	-3,807953E-3
20220411 11:59:30,938	c_0_805_20220411_11_59_30,938.bmp	1,732999E+0	2,142718E+0	-3,769540E-3	1,107786E-5
20220411 11:59:36,941	c_0_806_20220411_11_59_36,941.bmp	1,696090E+0	2,155448E+0	4,902598E-5	1,107786E-5
20220411 11:59:42,946	c_0_807_20220411_11_59_42,946.bmp	1,640091E+0	2,174542E+0	4,902598E-5	2,557098E-3
20220411 11:59:48,951	c_0_808_20220411_11_59_48,951.bmp	1,580273E+0	2,198729E+0	1,321881E-3	1,107786E-5
20220411 11:59:54,952	c_0_809_20220411_11_59_54,952.bmp	1,568819E+0	2,219097E+0	1,321881E-3	1,107786E-5
20220411 12:00:00,957	c_0_810_20220411_12_00_00,957.bmp	1,551000E+0	2,238191E+0	2,594737E-3	-1,261932E-3
20220411 12:00:06,958	c_0_811_20220411_12_00_06,958.bmp	1,549728E+0	2,261105E+0	1,321881E-3	-1,261932E-3
20220411 12:00:12,966	c_0_812_20220411_12_00_12,966.bmp	1,533182E+0	2,273834E+0	4,902598E-5	2,557098E-3
20220411 12:00:18,972	c_0_813_20220411_12_00_18,972.bmp	1,516637E+0	2,301840E+0	4,902598E-5	-3,807953E-3
20220411 12:00:24,977	c_0_814_20220411_12_00_24,977.bmp	1,506455E+0	2,313296E+0	4,902598E-5	2,557098E-3
20220411 12:00:30,978	c_0_815_20220411_12_00_30,978.bmp	1,495001E+0	2,333664E+0	1,321881E-3	2,557098E-3
20220411 12:00:36,982	c_0_816_20220411_12_00_36,982.bmp	1,483546E+0	2,354032E+0	2,594737E-3	2,557098E-3
20220411 12:00:42,987	c_0_817_20220411_12_00_42,987.bmp	1,475910E+0	2,374399E+0	4,902598E-5	1,107786E-5
20220411 12:00:48,989	c_0_818_20220411_12_00_48,989.bmp	1,469547E+0	2,397313E+0	-2,496685E-3	1,107786E-5
20220411 12:00:54,991	c_0_819_20220411_12_00_54,991.bmp	1,454274E+0	2,413861E+0	3,867592E-3	3,830109E-3
20220411 12:01:00,996	c_0_820_20220411_12_01_00,996.bmp	1,458092E+0	2,438048E+0	-1,223829E-3	1,107786E-5
20220411 12:01:06,999	c_0_821_20220411_12_01_06,999.bmp	1,453001E+0	2,457142E+0	-2,496685E-3	-1,261932E-3
20220411 12:01:13,003	c_0_822_20220411_12_01_13,003.bmp	1,459365E+0	2,480056E+0	-5,042396E-3	-3,807953E-3
20220411 12:01:19,008	c_0_823_20220411_12_01_19,008.bmp	1,463183E+0	2,497878E+0	-5,042396E-3	1,284088E-3
20220411 12:01:25,008	c_0_824_20220411_12_01_25,008.bmp	1,451729E+0	2,519518E+0	-2,496685E-3	-3,807953E-3
20220411 12:01:31,009	c_0_825_20220411_12_01_31,009.bmp	1,441547E+0	2,534794E+0	1,321881E-3	1,284088E-3
20220411 12:01:37,016	c_0_826_20220411_12_01_37,016.bmp	1,435183E+0	2,558980E+0	-1,223829E-3	1,107786E-5
20220411 12:01:43,020	c_0_827_20220411_12_01_43,020.bmp	1,436456E+0	2,579348E+0	4,902598E-5	2,557098E-3
20220411 12:01:49,025	c_0_828_20220411_12_01_49,025.bmp	1,427547E+0	2,597169E+0	4,902598E-5	1,107786E-5
20220411 12:01:55,027	c_0_829_20220411_12_01_55,027.bmp	1,422456E+0	2,613718E+0	4,902598E-5	2,557098E-3
20220411 12:02:01,032	c_0_830_20220411_12_02_01,032.bmp	1,418638E+0	2,634086E+0	2,594737E-3	3,830109E-3
20220411 12:02:07,036	c_0_831_20220411_12_02_07,036.bmp	1,417365E+0	2,659545E+0	-1,223829E-3	-3,807953E-3
20220411 12:02:13,037	c_0_832_20220411_12_02_13,037.bmp	1,416092E+0	2,677367E+0	4,902598E-5	-1,261932E-3
20220411 12:02:19,042	c_0_833_20220411_12_02_19,042.bmp	1,416092E+0	2,697734E+0	-1,223829E-3	-1,261932E-3
20220411 12:02:25,043	c_0_834_20220411_12_02_25,043.bmp	1,408456E+0	2,713010E+0	5,140448E-3	3,830109E-3
20220411 12:02:31,045	c_0_835_20220411_12_02_31,045.bmp	1,404638E+0	2,734650E+0	2,594737E-3	1,284088E-3
20220411 12:02:37,050	c_0_836_20220411_12_02_37,050.bmp	1,393183E+0	2,757564E+0	2,594737E-3	1,107786E-5
20220411 12:02:43,056	c_0_837_20220411_12_02_43,056.bmp	1,384274E+0	2,777931E+0	4,902598E-5	-1,261932E-3
20220411 12:02:49,057	c_0_838_20220411_12_02_49,057.bmp	1,379184E+0	2,794480E+0	2,594737E-3	2,557098E-3
20220411 12:02:55,062	c_0_839_20220411_12_02_55,062.bmp	1,375365E+0	2,819940E+0	-3,769540E-3	-3,807953E-3
20220411 12:03:01,064	c_0_840_20220411_12_03_01,064.bmp	1,362638E+0	2,840307E+0	1,321881E-3	-5,080963E-3
20220411 12:03:07,065	c_0_841_20220411_12_03_07,065.bmp	1,352457E+0	2,856856E+0	4,902598E-5	-1,261932E-3
20220411 12:03:13,070	c_0_842_20220411_12_03_13,070.bmp	1,344820E+0	2,873404E+0	4,902598E-5	2,557098E-3
20220411 12:03:19,071	c_0_843_20220411_12_03_19,071.bmp	1,341002E+0	2,900137E+0	4,902598E-5	-3,807953E-3
20220411 12:03:25,074	c_0_844_20220411_12_03_25,074.bmp	1,337184E+0	2,914140E+0	4,902598E-5	2,557098E-3
20220411 12:03:31,076	c_0_845_20220411_12_03_31,076.bmp	1,343547E+0	2,940872E+0	-2,496685E-3	-3,807953E-3
20220411 12:03:37,081	c_0_846_20220411_12_03_37,081.bmp	1,335911E+0	2,957421E+0	-1,223829E-3	1,107786E-5
20220411 12:03:43,087	c_0_847_20220411_12_03_43,087.bmp	1,329548E+0	2,976515E+0	1,321881E-3	1,107786E-5
20220411 12:03:49,091	c_0_848_20220411_12_03_49,091.bmp	1,327002E+0	2,999429E+0	4,902598E-5	-3,807953E-3
20220411 12:03:55,095	c_0_849_20220411_12_03_55,095.bmp	1,329548E+0	3,017250E+0	4,902598E-5	1,107786E-5
20220411 12:04:01,096	c_0_850_20220411_12_04_01,096.bmp	1,329548E+0	3,040164E+0	-3,769540E-3	-3,807953E-3
20220411 12:04:07,096	c_0_851_20220411_12_04_07,096.bmp	1,327002E+0	3,057985E+0	-7,588107E-3	-1,261932E-3
20220411 12:04:13,101	c_0_852_20220411_12_04_13,101.bmp	1,319366E+0	3,073261E+0	1,321881E-3	1,107786E-5
20220411 12:04:19,106	c_0_853_20220411_12_04_19,106.bmp	1,305366E+0	3,092356E+0	3,867592E-3	2,557098E-3
20220411 12:04:25,111	c_0_854_20220411_12_04_25,111.bmp	1,299002E+0	3,116542E+0	4,902598E-5	1,107786E-5
20220411 12:04:31,114	c_0_855_20220411_12_04_31,114.bmp	1,287548E+0	3,138183E+0	4,902598E-5	1,107786E-5
20220411 12:04:37,119	c_0_856_20220411_12_04_37,119.bmp	1,277366E+0	3,153458E+0	3,867592E-3	2,557098E-3
20220411 12:04:43,123	c_0_857_20220411_12_04_43,123.bmp	1,282457E+0	3,181464E+0	-3,769540E-3	-3,807953E-3
20220411 12:04:49,126	c_0_858_20220411_12_04_49,126.bmp	1,283730E+0	3,196739E+0	-2,496685E-3	1,107786E-5
20220411 12:04:55,129	c_0_859_20220411_12_04_55,129.bmp	1,278639E+0	3,217107E+0	4,902598E-5	1,107786E-5
20220411 12:05:01,130	c_0_860_20220411_12_05_01,130.bmp	1,274821E+0	3,238748E+0	-1,223829E-3	-3,807953E-3
20220411 12:05:07,134	c_0_861_20220411_12_05_07,134.bmp	1,274821E+0	3,252750E+0	4,902598E-5	2,557098E-3
20220411 12:05:13,138	c_0_862_20220411_12_05_13,138.bmp	1,279912E+0	3,279483E+0	-3,769540E-3	-3,807953E-3
20220411 12:05:19,142	c_0_863_20220411_12_05_19,142.bmp	1,279912E+0	3,299850E+0	-5,042396E-3	-3,807953E-3
20220411 12:05:25,144	c_0_864_20220411_12_05_25,144.bmp	1,276093E+0	3,317672E+0	4,902598E-5	1,107786E-5
20220411 12:05:31,149	c_0_865_20220411_12_05_31,149.bmp	1,267184E+0	3,336766E+0	2,594737E-3	-1,261932E-3
20220411 12:05:37,154	c_0_866_20220411_12_05_37,154.bmp	1,277366E+0	3,358407E+0	-5,042396E-3	1,107786E-5
20220411 12:05:43,155	c_0_867_20220411_12_05_43,155.bmp	1,272275E+0	3,380048E+0	-3,769540E-3	-3,807953E-3
20220411 12:05:49,162	c_0_868_20220411_12_05_49,162.bmp	1,264639E+0	3,397869E+0	4,902598E-5	1,107786E-5
20220411 12:05:55,163	c_0_869_20220411_12_05_55,163.bmp	1,264639E+0	3,418237E+0	-3,769540E-3	-1,261932E-3
20220411 12:06:01,165	c_0_870_20220411_12_06_01,165.bmp	1,255730E+0	3,433512E+0	2,594737E-3	2,557098E-3
20220411 12:06:07,168	c_0_871_20220411_12_06_07,168.bmp	1,253185E+0	3,456426E+0	1,321881E-3	2,557098E-3
20220411 12:06:13,170	c_0_872_20220411_12_06_13,170.bmp	1,253185E+0	3,478066E+0	4,902598E-5	1,107786E-5
20220411 12:06:19,174	c_0_873_20220411_12_06_19,174.bmp	1,250639E+0	3,493342E+0	1,321881E-3	1,107786E-5
20220411 12:06:25,175	c_0_874_20220411_12_06_25,175.bmp	1,253185E+0	3,518802E+0	-2,496685E-3	-3,807953E-3
20220411 12:06:31,179	c_0_875_20220411_12_06_31,179.bmp	1,239185E+0	3,540442E+0	-3,769540E-3	-3,807953E-3
20220411 12:06:37,180	c_0_876_20220411_12_06_37,180.bmp	1,235366E+0	3,560810E+0	4,902598E-5	-3,807953E-3
20220411 12:06:43,184	c_0_877_20220411_12_06_43,184.bmp	1,232821E+0	3,577358E+0	4,902598E-5	1,107786E-5
20220411 12:06:49,188	c_0_878_20220411_12_06_49,188.bmp	1,231548E+0	3,597726E+0	1,321881E-3	1,107786E-5
