20220411 11:48:42,620	c_1_697_20220411_11_48_42,620.bmp	1,624653E-1	4,358636E-2	-1,223829E-3	-3,807953E-3
20220411 11:48:48,629	c_1_698_20220411_11_48_48,629.bmp	-5,533468E-3	3,976744E-2	1,321881E-3	1,107786E-5
20220411 11:48:54,630	c_1_699_20220411_11_48_54,630.bmp	1,166474E-1	1,939988E-2	4,902598E-5	-1,261932E-3
20220411 11:49:00,644	c_1_700_20220411_11_49_00,644.bmp	2,451920E-1	4,104041E-2	-3,769540E-3	-3,807953E-3
20220411 11:49:06,648	c_1_701_20220411_11_49_06,648.bmp	3,953727E-1	6,140797E-2	-3,769540E-3	-3,807953E-3
20220411 11:49:12,653	c_1_702_20220411_11_49_12,653.bmp	5,404625E-1	7,922959E-2	1,321881E-3	1,107786E-5
20220411 11:49:18,655	c_1_703_20220411_11_49_18,655.bmp	6,931886E-1	9,450526E-2	1,321881E-3	2,557098E-3
20220411 11:49:24,658	c_1_704_20220411_11_49_24,658.bmp	8,510057E-1	1,225107E-1	-3,769540E-3	-3,807953E-3
20220411 11:49:30,663	c_1_705_20220411_11_49_30,663.bmp	1,003732E+0	1,390593E-1	-1,223829E-3	1,107786E-5
20220411 11:49:36,666	c_1_706_20220411_11_49_36,666.bmp	1,153913E+0	1,619728E-1	-1,223829E-3	-3,807953E-3
20220411 11:49:42,668	c_1_707_20220411_11_49_42,668.bmp	1,300275E+0	1,785215E-1	-3,769540E-3	-1,261932E-3
20220411 11:49:48,677	c_1_708_20220411_11_49_48,677.bmp	1,445365E+0	1,976160E-1	4,902598E-5	1,107786E-5
20220411 11:49:54,682	c_1_709_20220411_11_49_54,682.bmp	1,595546E+0	2,205295E-1	-3,769540E-3	-3,807953E-3
20220411 11:50:00,685	c_1_710_20220411_11_50_00,685.bmp	1,738090E+0	2,345322E-1	2,594737E-3	1,284088E-3
20220411 11:50:06,694	c_1_711_20220411_11_50_06,694.bmp	1,875544E+0	2,536268E-1	2,594737E-3	2,557098E-3
20220411 11:50:12,697	c_1_712_20220411_11_50_12,697.bmp	2,001543E+0	2,816322E-1	-1,223829E-3	-3,807953E-3
20220411 11:50:18,703	c_1_713_20220411_11_50_18,703.bmp	2,140269E+0	3,007268E-1	-2,496685E-3	-3,807953E-3
20220411 11:50:24,708	c_1_714_20220411_11_50_24,708.bmp	2,262450E+0	3,210944E-1	-1,223829E-3	-3,807953E-3
20220411 11:50:30,709	c_1_715_20220411_11_50_30,709.bmp	2,373176E+0	3,401890E-1	-5,042396E-3	-3,807953E-3
20220411 11:50:36,710	c_1_716_20220411_11_50_36,710.bmp	2,477539E+0	3,541917E-1	4,902598E-5	2,557098E-3
20220411 11:50:42,714	c_1_717_20220411_11_50_42,714.bmp	2,583175E+0	3,745592E-1	2,594737E-3	1,284088E-3
20220411 11:50:48,726	c_1_718_20220411_11_50_48,726.bmp	2,695174E+0	3,987457E-1	3,867592E-3	-1,261932E-3
20220411 11:50:54,736	c_1_719_20220411_11_50_54,736.bmp	2,802082E+0	4,178403E-1	4,902598E-5	2,557098E-3
20220411 11:51:00,738	c_1_720_20220411_11_51_00,738.bmp	2,893718E+0	4,343889E-1	3,867592E-3	3,830109E-3
20220411 11:51:06,740	c_1_721_20220411_11_51_06,740.bmp	2,995535E+0	4,573024E-1	4,902598E-5	1,107786E-5
20220411 11:51:12,749	c_1_722_20220411_11_51_12,749.bmp	3,101171E+0	4,789430E-1	-3,769540E-3	-1,261932E-3
20220411 11:51:18,750	c_1_723_20220411_11_51_18,750.bmp	3,191534E+0	4,980376E-1	4,902598E-5	-1,261932E-3
20220411 11:51:24,757	c_1_724_20220411_11_51_24,757.bmp	3,281897E+0	5,196781E-1	4,902598E-5	-3,807953E-3
20220411 11:51:30,759	c_1_725_20220411_11_51_30,759.bmp	3,370987E+0	5,387727E-1	4,902598E-5	1,107786E-5
20220411 11:51:36,763	c_1_726_20220411_11_51_36,763.bmp	3,448623E+0	5,591403E-1	4,902598E-5	1,107786E-5
20220411 11:51:42,766	c_1_727_20220411_11_51_42,766.bmp	3,513531E+0	5,782348E-1	1,321881E-3	1,107786E-5
20220411 11:51:48,781	c_1_728_20220411_11_51_48,781.bmp	3,569531E+0	5,960565E-1	1,321881E-3	3,830109E-3
20220411 11:51:54,783	c_1_729_20220411_11_51_54,783.bmp	3,575895E+0	6,189700E-1	-2,496685E-3	1,107786E-5
20220411 11:52:00,787	c_1_730_20220411_11_52_00,787.bmp	3,454986E+0	6,342456E-1	1,321881E-3	1,284088E-3
20220411 11:52:06,789	c_1_731_20220411_11_52_06,789.bmp	3,298442E+0	6,571591E-1	-1,223829E-3	-1,261932E-3
20220411 11:52:12,791	c_1_732_20220411_11_52_12,791.bmp	3,196625E+0	6,749808E-1	1,321881E-3	2,557098E-3
20220411 11:52:18,796	c_1_733_20220411_11_52_18,796.bmp	3,115171E+0	6,978943E-1	1,321881E-3	-3,807953E-3
20220411 11:52:24,804	c_1_734_20220411_11_52_24,804.bmp	3,052808E+0	7,208078E-1	-3,769540E-3	-3,807953E-3
20220411 11:52:30,812	c_1_735_20220411_11_52_30,812.bmp	3,014626E+0	7,360834E-1	-2,496685E-3	-1,261932E-3
20220411 11:52:36,817	c_1_736_20220411_11_52_36,817.bmp	2,961172E+0	7,551780E-1	3,867592E-3	-2,534943E-3
20220411 11:52:42,818	c_1_737_20220411_11_52_42,818.bmp	2,914081E+0	7,742726E-1	1,321881E-3	2,557098E-3
20220411 11:52:48,823	c_1_738_20220411_11_52_48,823.bmp	2,907718E+0	7,959132E-1	4,902598E-5	2,557098E-3
20220411 11:52:54,831	c_1_739_20220411_11_52_54,831.bmp	2,891172E+0	8,162807E-1	4,902598E-5	2,557098E-3
20220411 11:53:00,838	c_1_740_20220411_11_53_00,838.bmp	2,865718E+0	8,404672E-1	4,902598E-5	-3,807953E-3
20220411 11:53:06,840	c_1_741_20220411_11_53_06,840.bmp	2,832627E+0	8,557429E-1	-1,223829E-3	1,107786E-5
20220411 11:53:12,846	c_1_742_20220411_11_53_12,846.bmp	2,805900E+0	8,735645E-1	4,902598E-5	2,557098E-3
20220411 11:53:18,848	c_1_743_20220411_11_53_18,848.bmp	2,785537E+0	8,977510E-1	4,902598E-5	1,107786E-5
20220411 11:53:24,850	c_1_744_20220411_11_53_24,850.bmp	2,753719E+0	9,181185E-1	-1,223829E-3	-1,261932E-3
20220411 11:53:30,855	c_1_745_20220411_11_53_30,855.bmp	2,730810E+0	9,397591E-1	4,902598E-5	-1,261932E-3
20220411 11:53:36,858	c_1_746_20220411_11_53_36,858.bmp	2,712992E+0	9,537618E-1	4,902598E-5	-1,261932E-3
20220411 11:53:42,862	c_1_747_20220411_11_53_42,862.bmp	2,693901E+0	9,741293E-1	3,867592E-3	3,830109E-3
20220411 11:53:48,865	c_1_748_20220411_11_53_48,865.bmp	2,659538E+0	1,000862E+0	4,902598E-5	-3,807953E-3
20220411 11:53:54,868	c_1_749_20220411_11_53_54,868.bmp	2,626447E+0	1,013591E+0	1,321881E-3	2,557098E-3
20220411 11:54:00,871	c_1_750_20220411_11_54_00,871.bmp	2,609902E+0	1,041597E+0	-3,769540E-3	-3,807953E-3
20220411 11:54:06,874	c_1_751_20220411_11_54_06,874.bmp	2,590811E+0	1,061964E+0	4,902598E-5	-3,807953E-3
20220411 11:54:12,879	c_1_752_20220411_11_54_12,879.bmp	2,569175E+0	1,074694E+0	4,902598E-5	3,830109E-3
20220411 11:54:18,885	c_1_753_20220411_11_54_18,885.bmp	2,542448E+0	1,100154E+0	4,902598E-5	-3,807953E-3
20220411 11:54:24,892	c_1_754_20220411_11_54_24,892.bmp	2,523357E+0	1,117975E+0	4,902598E-5	-1,261932E-3
20220411 11:54:30,897	c_1_755_20220411_11_54_30,897.bmp	2,514448E+0	1,138343E+0	-1,223829E-3	-1,261932E-3
20220411 11:54:36,900	c_1_756_20220411_11_54_36,900.bmp	2,511902E+0	1,154891E+0	2,594737E-3	2,557098E-3
20220411 11:54:42,903	c_1_757_20220411_11_54_42,903.bmp	2,508084E+0	1,181624E+0	-2,496685E-3	-5,080963E-3
20220411 11:54:48,907	c_1_758_20220411_11_54_48,907.bmp	2,496630E+0	1,198173E+0	-3,769540E-3	1,107786E-5
20220411 11:54:54,917	c_1_759_20220411_11_54_54,917.bmp	2,485175E+0	1,217267E+0	-3,769540E-3	1,107786E-5
20220411 11:55:00,920	c_1_760_20220411_11_55_00,920.bmp	2,460994E+0	1,236362E+0	1,321881E-3	2,557098E-3
20220411 11:55:06,922	c_1_761_20220411_11_55_06,922.bmp	2,443176E+0	1,252910E+0	4,902598E-5	3,830109E-3
20220411 11:55:12,927	c_1_762_20220411_11_55_12,927.bmp	2,420267E+0	1,277097E+0	-1,223829E-3	1,284088E-3
20220411 11:55:18,930	c_1_763_20220411_11_55_18,930.bmp	2,420267E+0	1,294918E+0	4,902598E-5	2,557098E-3
20220411 11:55:24,932	c_1_764_20220411_11_55_24,932.bmp	2,425358E+0	1,319105E+0	1,321881E-3	-1,261932E-3
20220411 11:55:30,940	c_1_765_20220411_11_55_30,940.bmp	2,440630E+0	1,339472E+0	4,902598E-5	1,107786E-5
20220411 11:55:36,942	c_1_766_20220411_11_55_36,942.bmp	2,449539E+0	1,358567E+0	1,321881E-3	1,284088E-3
20220411 11:55:42,943	c_1_767_20220411_11_55_42,943.bmp	2,467357E+0	1,378935E+0	-1,223829E-3	-1,261932E-3
20220411 11:55:48,945	c_1_768_20220411_11_55_48,945.bmp	2,485175E+0	1,399302E+0	-1,223829E-3	-1,261932E-3
20220411 11:55:54,948	c_1_769_20220411_11_55_54,948.bmp	2,506812E+0	1,418397E+0	-3,769540E-3	-1,261932E-3
20220411 11:56:00,959	c_1_770_20220411_11_56_00,959.bmp	2,527175E+0	1,441310E+0	-3,769540E-3	-3,807953E-3
20220411 11:56:06,962	c_1_771_20220411_11_56_06,962.bmp	2,544993E+0	1,459132E+0	1,321881E-3	1,107786E-5
20220411 11:56:12,969	c_1_772_20220411_11_56_12,969.bmp	2,562811E+0	1,475681E+0	-1,223829E-3	1,284088E-3
20220411 11:56:18,977	c_1_773_20220411_11_56_18,977.bmp	2,579357E+0	1,499867E+0	-3,769540E-3	1,107786E-5
20220411 11:56:24,981	c_1_774_20220411_11_56_24,981.bmp	2,581902E+0	1,516416E+0	1,321881E-3	1,107786E-5
20220411 11:56:30,983	c_1_775_20220411_11_56_30,983.bmp	2,586993E+0	1,540602E+0	-1,223829E-3	-3,807953E-3
20220411 11:56:36,984	c_1_776_20220411_11_56_36,984.bmp	2,552629E+0	1,558424E+0	2,594737E-3	1,284088E-3
20220411 11:56:42,989	c_1_777_20220411_11_56_42,989.bmp	2,478812E+0	1,578791E+0	-2,496685E-3	-1,261932E-3
20220411 11:56:48,996	c_1_778_20220411_11_56_48,996.bmp	2,421540E+0	1,597886E+0	-3,769540E-3	-1,261932E-3
20220411 11:56:54,997	c_1_779_20220411_11_56_54,997.bmp	2,374449E+0	1,618253E+0	4,902598E-5	1,107786E-5
20220411 11:57:00,998	c_1_780_20220411_11_57_00,998.bmp	2,348995E+0	1,639894E+0	4,902598E-5	-1,261932E-3
20220411 11:57:07,001	c_1_781_20220411_11_57_07,001.bmp	2,327358E+0	1,657716E+0	4,902598E-5	-1,261932E-3
20220411 11:57:13,006	c_1_782_20220411_11_57_13,006.bmp	2,313359E+0	1,676810E+0	4,902598E-5	-1,261932E-3
20220411 11:57:19,011	c_1_783_20220411_11_57_19,011.bmp	2,306995E+0	1,695905E+0	1,321881E-3	2,557098E-3
20220411 11:57:25,016	c_1_784_20220411_11_57_25,016.bmp	2,300631E+0	1,714999E+0	4,902598E-5	2,557098E-3
20220411 11:57:31,025	c_1_785_20220411_11_57_31,025.bmp	2,294268E+0	1,740459E+0	4,902598E-5	-1,261932E-3
20220411 11:57:37,029	c_1_786_20220411_11_57_37,029.bmp	2,287904E+0	1,758280E+0	1,321881E-3	-1,261932E-3
20220411 11:57:43,030	c_1_787_20220411_11_57_43,030.bmp	2,281541E+0	1,777375E+0	-1,223829E-3	1,107786E-5
20220411 11:57:49,035	c_1_788_20220411_11_57_49,035.bmp	2,268813E+0	1,796470E+0	4,902598E-5	1,107786E-5
20220411 11:57:55,040	c_1_789_20220411_11_57_55,040.bmp	2,263723E+0	1,818110E+0	-5,042396E-3	1,107786E-5
20220411 11:58:01,041	c_1_790_20220411_11_58_01,041.bmp	2,248450E+0	1,838478E+0	-3,769540E-3	-3,807953E-3
20220411 11:58:07,042	c_1_791_20220411_11_58_07,042.bmp	2,228086E+0	1,858845E+0	-3,769540E-3	1,107786E-5
20220411 11:58:13,048	c_1_792_20220411_11_58_13,048.bmp	2,206450E+0	1,872848E+0	4,902598E-5	2,557098E-3
20220411 11:58:19,051	c_1_793_20220411_11_58_19,051.bmp	2,188632E+0	1,897034E+0	1,321881E-3	1,107786E-5
20220411 11:58:25,054	c_1_794_20220411_11_58_25,054.bmp	2,168269E+0	1,914856E+0	2,594737E-3	1,284088E-3
20220411 11:58:31,059	c_1_795_20220411_11_58_31,059.bmp	2,108451E+0	1,939043E+0	4,902598E-5	1,107786E-5
20220411 11:58:37,063	c_1_796_20220411_11_58_37,063.bmp	2,005361E+0	1,954318E+0	1,321881E-3	2,557098E-3
20220411 11:58:43,065	c_1_797_20220411_11_58_43,065.bmp	1,934089E+0	1,979778E+0	4,902598E-5	1,107786E-5
20220411 11:58:49,070	c_1_798_20220411_11_58_49,070.bmp	1,904816E+0	2,000145E+0	4,902598E-5	-1,261932E-3
20220411 11:58:55,077	c_1_799_20220411_11_58_55,077.bmp	1,886998E+0	2,017967E+0	4,902598E-5	-1,261932E-3
20220411 11:59:01,084	c_1_800_20220411_11_59_01,084.bmp	1,864089E+0	2,035788E+0	1,321881E-3	2,557098E-3
20220411 11:59:07,089	c_1_801_20220411_11_59_07,089.bmp	1,824635E+0	2,059975E+0	2,594737E-3	1,107786E-5
20220411 11:59:13,093	c_1_802_20220411_11_59_13,093.bmp	1,774999E+0	2,072705E+0	3,867592E-3	2,557098E-3
20220411 11:59:19,094	c_1_803_20220411_11_59_19,094.bmp	1,748272E+0	2,098164E+0	4,902598E-5	-1,261932E-3
20220411 11:59:25,105	c_1_804_20220411_11_59_25,105.bmp	1,739363E+0	2,113440E+0	2,594737E-3	2,557098E-3
20220411 11:59:31,109	c_1_805_20220411_11_59_31,109.bmp	1,731726E+0	2,141445E+0	-5,042396E-3	-3,807953E-3
20220411 11:59:37,114	c_1_806_20220411_11_59_37,114.bmp	1,697363E+0	2,157994E+0	4,902598E-5	1,284088E-3
20220411 11:59:43,116	c_1_807_20220411_11_59_43,116.bmp	1,638818E+0	2,180907E+0	4,902598E-5	-3,807953E-3
20220411 11:59:49,120	c_1_808_20220411_11_59_49,120.bmp	1,585364E+0	2,200002E+0	4,902598E-5	-3,807953E-3
20220411 11:59:55,124	c_1_809_20220411_11_59_55,124.bmp	1,570091E+0	2,222915E+0	-3,769540E-3	-3,807953E-3
20220411 12:00:01,125	c_1_810_20220411_12_00_01,125.bmp	1,553546E+0	2,239464E+0	2,594737E-3	1,107786E-5
20220411 12:00:07,132	c_1_811_20220411_12_00_07,132.bmp	1,548455E+0	2,257286E+0	1,321881E-3	-1,261932E-3
20220411 12:00:13,139	c_1_812_20220411_12_00_13,139.bmp	1,534455E+0	2,275107E+0	1,321881E-3	2,557098E-3
20220411 12:00:19,143	c_1_813_20220411_12_00_19,143.bmp	1,515364E+0	2,301840E+0	-1,223829E-3	-3,807953E-3
20220411 12:00:25,147	c_1_814_20220411_12_00_25,147.bmp	1,511546E+0	2,322207E+0	-3,769540E-3	-3,807953E-3
20220411 12:00:31,148	c_1_815_20220411_12_00_31,148.bmp	1,500092E+0	2,340029E+0	-5,042396E-3	-3,807953E-3
20220411 12:00:37,158	c_1_816_20220411_12_00_37,158.bmp	1,486092E+0	2,361669E+0	-2,496685E-3	-3,807953E-3
20220411 12:00:43,167	c_1_817_20220411_12_00_43,167.bmp	1,475910E+0	2,378218E+0	4,902598E-5	1,107786E-5
20220411 12:00:49,169	c_1_818_20220411_12_00_49,169.bmp	1,464456E+0	2,399859E+0	-1,223829E-3	-3,807953E-3
20220411 12:00:55,173	c_1_819_20220411_12_00_55,173.bmp	1,459365E+0	2,418953E+0	-5,042396E-3	1,107786E-5
20220411 12:01:01,175	c_1_820_20220411_12_01_01,175.bmp	1,459365E+0	2,438048E+0	-3,769540E-3	-3,807953E-3
20220411 12:01:07,180	c_1_821_20220411_12_01_07,180.bmp	1,459365E+0	2,458415E+0	4,902598E-5	1,107786E-5
20220411 12:01:13,189	c_1_822_20220411_12_01_13,189.bmp	1,453001E+0	2,477510E+0	3,867592E-3	-1,261932E-3
20220411 12:01:19,190	c_1_823_20220411_12_01_19,190.bmp	1,450456E+0	2,496605E+0	1,321881E-3	1,107786E-5
20220411 12:01:25,194	c_1_824_20220411_12_01_25,194.bmp	1,450456E+0	2,518245E+0	1,321881E-3	1,107786E-5
20220411 12:01:31,198	c_1_825_20220411_12_01_31,198.bmp	1,445365E+0	2,533521E+0	4,902598E-5	3,830109E-3
20220411 12:01:37,199	c_1_826_20220411_12_01_37,199.bmp	1,436456E+0	2,558980E+0	-2,496685E-3	1,107786E-5
20220411 12:01:43,201	c_1_827_20220411_12_01_43,201.bmp	1,432638E+0	2,575529E+0	2,594737E-3	1,284088E-3
20220411 12:01:49,206	c_1_828_20220411_12_01_49,206.bmp	1,432638E+0	2,597169E+0	-3,769540E-3	1,107786E-5
20220411 12:01:55,217	c_1_829_20220411_12_01_55,217.bmp	1,421183E+0	2,616264E+0	2,594737E-3	2,557098E-3
20220411 12:02:01,227	c_1_830_20220411_12_02_01,227.bmp	1,421183E+0	2,636632E+0	-5,042396E-3	1,107786E-5
20220411 12:02:07,230	c_1_831_20220411_12_02_07,230.bmp	1,414820E+0	2,656999E+0	4,902598E-5	1,107786E-5
20220411 12:02:13,233	c_1_832_20220411_12_02_13,233.bmp	1,416092E+0	2,678640E+0	-1,223829E-3	1,284088E-3
20220411 12:02:19,237	c_1_833_20220411_12_02_19,237.bmp	1,416092E+0	2,692642E+0	-2,496685E-3	2,557098E-3
20220411 12:02:25,245	c_1_834_20220411_12_02_25,245.bmp	1,413547E+0	2,719375E+0	1,321881E-3	1,107786E-5
20220411 12:02:31,249	c_1_835_20220411_12_02_31,249.bmp	1,412274E+0	2,739742E+0	-3,769540E-3	1,107786E-5
20220411 12:02:37,253	c_1_836_20220411_12_02_37,253.bmp	1,390638E+0	2,761383E+0	4,902598E-5	-3,807953E-3
20220411 12:02:43,258	c_1_837_20220411_12_02_43,258.bmp	1,391911E+0	2,781750E+0	-5,042396E-3	1,107786E-5
20220411 12:02:49,259	c_1_838_20220411_12_02_49,259.bmp	1,374093E+0	2,795753E+0	2,594737E-3	1,284088E-3
20220411 12:02:55,261	c_1_839_20220411_12_02_55,261.bmp	1,367729E+0	2,818667E+0	3,867592E-3	-1,261932E-3
20220411 12:03:01,262	c_1_840_20220411_12_03_01,262.bmp	1,361366E+0	2,840307E+0	-2,496685E-3	-3,807953E-3
20220411 12:03:07,273	c_1_841_20220411_12_03_07,273.bmp	1,351184E+0	2,856856E+0	4,902598E-5	1,107786E-5
20220411 12:03:13,281	c_1_842_20220411_12_03_13,281.bmp	1,338457E+0	2,875950E+0	6,413303E-3	1,107786E-5
20220411 12:03:19,285	c_1_843_20220411_12_03_19,285.bmp	1,339729E+0	2,897591E+0	2,594737E-3	-1,261932E-3
20220411 12:03:25,290	c_1_844_20220411_12_03_25,290.bmp	1,334638E+0	2,915413E+0	2,594737E-3	2,557098E-3
20220411 12:03:31,293	c_1_845_20220411_12_03_31,293.bmp	1,335911E+0	2,938326E+0	-5,042396E-3	1,107786E-5
20220411 12:03:37,300	c_1_846_20220411_12_03_37,300.bmp	1,333366E+0	2,958694E+0	4,902598E-5	1,107786E-5
20220411 12:03:43,306	c_1_847_20220411_12_03_43,306.bmp	1,329548E+0	2,976515E+0	-2,496685E-3	-1,261932E-3
20220411 12:03:49,310	c_1_848_20220411_12_03_49,310.bmp	1,325729E+0	2,998156E+0	4,902598E-5	1,107786E-5
20220411 12:03:55,312	c_1_849_20220411_12_03_55,312.bmp	1,324457E+0	3,015977E+0	1,321881E-3	2,557098E-3
20220411 12:04:01,314	c_1_850_20220411_12_04_01,314.bmp	1,325729E+0	3,037618E+0	-1,223829E-3	1,107786E-5
20220411 12:04:07,315	c_1_851_20220411_12_04_07,315.bmp	1,328275E+0	3,060531E+0	-3,769540E-3	-3,807953E-3
20220411 12:04:13,316	c_1_852_20220411_12_04_13,316.bmp	1,315548E+0	3,073261E+0	-1,223829E-3	2,557098E-3
20220411 12:04:19,328	c_1_853_20220411_12_04_19,328.bmp	1,306639E+0	3,096175E+0	2,594737E-3	-1,261932E-3
20220411 12:04:25,332	c_1_854_20220411_12_04_25,332.bmp	1,297730E+0	3,117815E+0	4,902598E-5	-1,261932E-3
20220411 12:04:31,336	c_1_855_20220411_12_04_31,336.bmp	1,285002E+0	3,140729E+0	4,902598E-5	-3,807953E-3
20220411 12:04:37,341	c_1_856_20220411_12_04_37,341.bmp	1,276093E+0	3,158550E+0	3,867592E-3	1,107786E-5
20220411 12:04:43,345	c_1_857_20220411_12_04_43,345.bmp	1,278639E+0	3,176372E+0	-2,496685E-3	1,107786E-5
20220411 12:04:49,356	c_1_858_20220411_12_04_49,356.bmp	1,282457E+0	3,198012E+0	1,321881E-3	1,107786E-5
20220411 12:04:55,361	c_1_859_20220411_12_04_55,361.bmp	1,278639E+0	3,217107E+0	-5,042396E-3	1,107786E-5
20220411 12:05:01,366	c_1_860_20220411_12_05_01,366.bmp	1,279912E+0	3,237475E+0	-3,769540E-3	1,107786E-5
20220411 12:05:07,370	c_1_861_20220411_12_05_07,370.bmp	1,272275E+0	3,254023E+0	2,594737E-3	2,557098E-3
20220411 12:05:13,373	c_1_862_20220411_12_05_13,373.bmp	1,276093E+0	3,278210E+0	4,902598E-5	1,107786E-5
20220411 12:05:19,375	c_1_863_20220411_12_05_19,375.bmp	1,278639E+0	3,299850E+0	-1,223829E-3	1,107786E-5
20220411 12:05:25,385	c_1_864_20220411_12_05_25,385.bmp	1,276093E+0	3,318945E+0	4,902598E-5	-1,261932E-3
20220411 12:05:31,391	c_1_865_20220411_12_05_31,391.bmp	1,277366E+0	3,339312E+0	-1,223829E-3	1,107786E-5
20220411 12:05:37,395	c_1_866_20220411_12_05_37,395.bmp	1,262094E+0	3,354588E+0	3,867592E-3	2,557098E-3
20220411 12:05:43,398	c_1_867_20220411_12_05_43,398.bmp	1,262094E+0	3,378775E+0	2,594737E-3	1,107786E-5
20220411 12:05:49,399	c_1_868_20220411_12_05_49,399.bmp	1,268457E+0	3,397869E+0	-3,769540E-3	1,107786E-5
20220411 12:05:55,400	c_1_869_20220411_12_05_55,400.bmp	1,265912E+0	3,418237E+0	-3,769540E-3	1,107786E-5
20220411 12:06:01,413	c_1_870_20220411_12_06_01,413.bmp	1,259548E+0	3,439877E+0	-1,223829E-3	-2,534943E-3
20220411 12:06:07,421	c_1_871_20220411_12_06_07,421.bmp	1,250639E+0	3,453880E+0	2,594737E-3	2,557098E-3
20220411 12:06:13,425	c_1_872_20220411_12_06_13,425.bmp	1,250639E+0	3,476793E+0	-1,223829E-3	1,284088E-3
20220411 12:06:19,427	c_1_873_20220411_12_06_19,427.bmp	1,254457E+0	3,500980E+0	4,902598E-5	-3,807953E-3
20220411 12:06:25,431	c_1_874_20220411_12_06_25,431.bmp	1,246821E+0	3,518802E+0	-1,223829E-3	1,107786E-5
20220411 12:06:31,439	c_1_875_20220411_12_06_31,439.bmp	1,237912E+0	3,537896E+0	-2,496685E-3	1,107786E-5
20220411 12:06:37,447	c_1_876_20220411_12_06_37,447.bmp	1,237912E+0	3,558264E+0	4,902598E-5	1,107786E-5
20220411 12:06:43,448	c_1_877_20220411_12_06_43,448.bmp	1,231548E+0	3,573539E+0	3,867592E-3	2,557098E-3
20220411 12:06:49,453	c_1_878_20220411_12_06_49,453.bmp	1,234094E+0	3,601545E+0	-3,769540E-3	-5,080963E-3
