5.906243074755564842e-03
-1.733205195847386246e-05
2.057131613441250725e-03
1.021694263453319304e-02
2.370562253506188627e-02
4.299720488491806658e-02
7.279565597924263221e-02
1.005682484069172905e-01
1.396096960772152673e-01
1.773612114459757749e-01
2.315357529341181275e-01
2.925199357879393336e-01
3.511211744712476324e-01
4.225826649677440483e-01
4.860948503362954032e-01
5.566833990674783239e-01
6.380819278817957407e-01
7.241612003182259505e-01
7.972781968787140405e-01
8.836357383413643296e-01
9.609735407517464578e-01
1.055205673303737601e+00
1.163681178096944713e+00
1.255364322216606876e+00
1.362322496815971729e+00
1.445203751406150872e+00
1.576397485538143739e+00
1.672128348311243462e+00
1.776244204865034204e+00
1.881875230550672518e+00
2.005090406913618395e+00
2.103757703389349754e+00
2.176584792555338765e+00
2.169941075919788354e+00
2.119852887249463524e+00
2.121382854535415863e+00
2.115190119387839296e+00
2.124871551993556373e+00
2.161751929071106471e+00
2.173539711005710640e+00
2.191717917092179668e+00
2.294183899162942630e+00
2.322817126888080175e+00
2.270104539706911506e+00
2.288925495872041083e+00
2.374830731439474540e+00
2.378607488473892584e+00
2.370641454800971992e+00
2.384360922643442571e+00
2.329484269714134914e+00
2.337274559483172531e+00
2.323738756608838329e+00
2.319555871344235243e+00
2.311946559553434977e+00
2.314248823859150317e+00
2.309629342091963355e+00
2.300307403253155858e+00
2.293831916974976792e+00
2.299324070789257046e+00
2.316157752508732237e+00
2.336580234228872399e+00
2.366848025318004201e+00
2.373211114666461619e+00
2.363336446097424215e+00
2.346215410537090484e+00
2.345381975910495687e+00
2.367819640971800421e+00
2.379833072983962516e+00
2.418495655253866783e+00
2.446613129079883819e+00
2.502142471508078447e+00
2.536893166557508295e+00
2.599060346363071705e+00
2.637678355364929672e+00
2.691849639905914859e+00
2.743674820904215661e+00
2.788557441551529514e+00
2.802384913223894269e+00
2.839746608218979507e+00
2.821096350574683331e+00
2.751305810095666438e+00
2.705042117287871584e+00
2.642677905473703959e+00
2.634811180156430677e+00
2.617820233748447301e+00
2.623632174013437623e+00
2.634528529164126276e+00
2.644321350493253231e+00
2.639841810077389717e+00
2.649256922336484799e+00
2.655456494598559924e+00
2.653509287648464721e+00
2.654792734490164285e+00
2.647279922758846826e+00
2.618365085325729424e+00
2.603761129016306075e+00
2.584397536080915270e+00
2.581516958929228611e+00
2.478133927493075372e+00
2.327368002040732353e+00
2.279184913541738133e+00
2.172622519144711717e+00
2.176626382494642353e+00
2.163884047347396589e+00
2.153278346995805226e+00
2.090730549149077078e+00
2.053197225498782252e+00
2.059444391197712942e+00
2.058890630380010744e+00
2.010038017233186203e+00
1.932570500853452611e+00
1.861670400947208703e+00
1.850198892497546321e+00
1.839339781759042447e+00
1.843628288887149358e+00
1.823254573750768381e+00
1.818550530829687650e+00
1.802816143450502118e+00
1.796017002927319917e+00
1.785561048350220892e+00
1.783061511615976036e+00
1.780434741933485832e+00
1.763909866970016838e+00
1.782850563494580154e+00
1.783727144176658230e+00
1.799687552301273419e+00
1.812215802128830600e+00
1.806784134764410688e+00
1.798225203881163248e+00
1.803988410097815631e+00
1.813177507984799375e+00
1.804295661239622817e+00
1.800973932238896236e+00
1.800175765184000021e+00
1.810961083298769037e+00
1.818133333397691009e+00
1.825298318611559667e+00
1.819116833886121443e+00
1.820406671619969385e+00
1.809263121308185784e+00
1.799675879237072174e+00
1.795740203614261565e+00
1.799103628964096702e+00
1.789009582308845214e+00
1.781285956855914732e+00
1.776808532889592840e+00
1.782007985609441292e+00
1.779305429675941186e+00
1.801040525566895756e+00
1.797761452974751428e+00
1.796082394404233007e+00
1.801772749944040797e+00
1.806613475378050726e+00
1.814111899844578213e+00
1.818144628815865138e+00
1.755323611927339877e+00
1.746049114518031908e+00
1.751126327762009272e+00
1.746300081467487608e+00
1.740923082802664501e+00
1.779490666294200052e+00
1.779466406438205972e+00
1.777831646665111620e+00
1.778592710885171346e+00
1.783356918695301552e+00
1.802242683400538725e+00
1.808999141646658648e+00
1.807446976487162571e+00
1.800767084264749407e+00
1.825529273880607484e+00
1.824058976501398366e+00
1.816802171707932567e+00
1.818908061099478779e+00
1.808370736486791364e+00
1.812407957547147452e+00
1.825209051216102996e+00
1.823685479997221304e+00
1.837795412277936746e+00
1.772194912226291441e+00
1.749981259951308044e+00
1.753164129501489032e+00
1.757335394562648645e+00
