20220411 12:40:47,787	c_1_1047_20220411_12_40_47,787.bmp	-4,425969E-4	2,703771E-2	1,321881E-3	-1,261932E-3
20220411 12:40:53,794	c_1_1048_20220411_12_40_53,794.bmp	1,737545E-2	3,052874E-4	4,902598E-5	1,107786E-5
20220411 12:40:59,800	c_1_1049_20220411_12_40_59,800.bmp	1,675562E-1	2,067285E-2	4,902598E-5	3,830109E-3
20220411 12:41:05,815	c_1_1050_20220411_12_41_05,815.bmp	3,381004E-1	3,849447E-2	2,594737E-3	2,557098E-3
20220411 12:41:11,820	c_1_1051_20220411_12_41_11,820.bmp	5,264626E-1	6,268094E-2	-1,223829E-3	-1,261932E-3
20220411 12:41:17,824	c_1_1052_20220411_12_41_17,824.bmp	7,110067E-1	8,559445E-2	-3,769540E-3	-5,080963E-3
20220411 12:41:23,829	c_1_1053_20220411_12_41_23,829.bmp	8,853690E-1	1,021431E-1	4,902598E-5	1,107786E-5
20220411 12:41:29,844	c_1_1054_20220411_12_41_29,844.bmp	1,068640E+0	1,263296E-1	-6,315251E-3	1,107786E-5
20220411 12:41:35,853	c_1_1055_20220411_12_41_35,853.bmp	1,249366E+0	1,403323E-1	4,902598E-5	1,107786E-5
20220411 12:41:41,859	c_1_1056_20220411_12_41_41,859.bmp	1,423729E+0	1,632458E-1	-1,223829E-3	-1,261932E-3
20220411 12:41:47,869	c_1_1057_20220411_12_41_47,869.bmp	1,608273E+0	1,836133E-1	-3,769540E-3	-3,807953E-3
20220411 12:41:53,875	c_1_1058_20220411_12_41_53,875.bmp	1,776272E+0	1,976160E-1	-1,223829E-3	3,830109E-3
20220411 12:41:59,878	c_1_1059_20220411_12_41_59,878.bmp	1,944270E+0	2,243485E-1	3,867592E-3	-1,261932E-3
20220411 12:42:05,882	c_1_1060_20220411_12_42_05,882.bmp	2,089360E+0	2,447160E-1	4,902598E-5	-3,807953E-3
20220411 12:42:11,884	c_1_1061_20220411_12_42_11,884.bmp	2,184814E+0	2,587187E-1	2,594737E-3	2,557098E-3
20220411 12:42:17,889	c_1_1062_20220411_12_42_17,889.bmp	2,240814E+0	2,803593E-1	4,902598E-5	-1,261932E-3
20220411 12:42:23,896	c_1_1063_20220411_12_42_23,896.bmp	2,247177E+0	3,007268E-1	1,321881E-3	3,830109E-3
20220411 12:42:29,903	c_1_1064_20220411_12_42_29,903.bmp	2,226814E+0	3,223674E-1	1,321881E-3	1,107786E-5
20220411 12:42:35,906	c_1_1065_20220411_12_42_35,906.bmp	2,147905E+0	3,389160E-1	2,594737E-3	2,557098E-3
20220411 12:42:41,906	c_1_1066_20220411_12_42_41,906.bmp	2,144087E+0	3,618295E-1	4,902598E-5	-1,261932E-3
20220411 12:42:47,908	c_1_1067_20220411_12_42_47,908.bmp	1,936634E+0	3,821971E-1	-1,223829E-3	1,284088E-3
20220411 12:42:53,912	c_1_1068_20220411_12_42_53,912.bmp	1,822089E+0	4,025646E-1	2,594737E-3	1,107786E-5
20220411 12:42:59,914	c_1_1069_20220411_12_42_59,914.bmp	1,571364E+0	4,191133E-1	1,321881E-3	-1,261932E-3
20220411 12:43:05,924	c_1_1070_20220411_12_43_05,924.bmp	1,505183E+0	4,445727E-1	1,321881E-3	1,107786E-5
20220411 12:43:11,927	c_1_1071_20220411_12_43_11,927.bmp	1,515364E+0	4,611214E-1	-3,769540E-3	1,107786E-5
20220411 12:43:17,931	c_1_1072_20220411_12_43_17,931.bmp	1,509001E+0	4,827619E-1	-3,769540E-3	1,107786E-5
20220411 12:43:23,935	c_1_1073_20220411_12_43_23,935.bmp	1,418638E+0	4,993105E-1	3,867592E-3	2,557098E-3
20220411 12:43:29,940	c_1_1074_20220411_12_43_29,940.bmp	1,398274E+0	5,184051E-1	2,594737E-3	2,557098E-3
20220411 12:43:35,949	c_1_1075_20220411_12_43_35,949.bmp	1,343547E+0	5,387727E-1	1,321881E-3	1,284088E-3
20220411 12:43:41,950	c_1_1076_20220411_12_43_41,950.bmp	1,251912E+0	5,604132E-1	2,594737E-3	2,557098E-3
20220411 12:43:47,953	c_1_1077_20220411_12_43_47,953.bmp	1,221367E+0	5,858727E-1	-3,769540E-3	-2,534943E-3
20220411 12:43:53,960	c_1_1078_20220411_12_43_53,960.bmp	1,173003E+0	5,998754E-1	2,594737E-3	2,557098E-3
20220411 12:43:59,964	c_1_1079_20220411_12_43_59,964.bmp	1,165367E+0	6,240619E-1	-3,769540E-3	-3,807953E-3
20220411 12:44:05,966	c_1_1080_20220411_12_44_05,966.bmp	1,136094E+0	6,393375E-1	4,902598E-5	2,557098E-3
20220411 12:44:11,967	c_1_1081_20220411_12_44_11,967.bmp	1,145003E+0	6,660700E-1	-3,769540E-3	-3,807953E-3
20220411 12:44:17,975	c_1_1082_20220411_12_44_17,975.bmp	1,157731E+0	6,775267E-1	2,594737E-3	2,557098E-3
20220411 12:44:23,978	c_1_1083_20220411_12_44_23,978.bmp	1,176821E+0	7,055321E-1	4,902598E-5	-3,807953E-3
20220411 12:44:29,979	c_1_1084_20220411_12_44_29,979.bmp	1,201003E+0	7,220808E-1	3,867592E-3	-1,261932E-3
20220411 12:44:35,982	c_1_1085_20220411_12_44_35,982.bmp	1,216276E+0	7,424483E-1	-1,223829E-3	1,107786E-5
20220411 12:44:41,985	c_1_1086_20220411_12_44_41,985.bmp	1,211185E+0	7,589970E-1	2,594737E-3	2,557098E-3
20220411 12:44:47,989	c_1_1087_20220411_12_44_47,989.bmp	1,176821E+0	7,831834E-1	4,902598E-5	-1,261932E-3
20220411 12:44:53,991	c_1_1088_20220411_12_44_53,991.bmp	1,119549E+0	7,997321E-1	4,902598E-5	3,830109E-3
20220411 12:44:59,993	c_1_1089_20220411_12_44_59,993.bmp	1,099186E+0	8,200996E-1	4,902598E-5	1,107786E-5
20220411 12:45:05,995	c_1_1090_20220411_12_45_05,995.bmp	1,086458E+0	8,455591E-1	-3,769540E-3	1,284088E-3
20220411 12:45:12,004	c_1_1091_20220411_12_45_12,004.bmp	1,096640E+0	8,659267E-1	-2,496685E-3	-3,807953E-3
20220411 12:45:18,006	c_1_1092_20220411_12_45_18,006.bmp	1,104277E+0	8,824753E-1	1,321881E-3	-1,261932E-3
20220411 12:45:24,013	c_1_1093_20220411_12_45_24,013.bmp	1,110640E+0	9,015699E-1	2,594737E-3	1,107786E-5
20220411 12:45:30,013	c_1_1094_20220411_12_45_30,013.bmp	1,122095E+0	9,193915E-1	4,902598E-5	2,557098E-3
20220411 12:45:36,017	c_1_1095_20220411_12_45_36,017.bmp	1,139913E+0	9,410320E-1	-1,223829E-3	-1,261932E-3
20220411 12:45:42,022	c_1_1096_20220411_12_45_42,022.bmp	1,161549E+0	9,626726E-1	4,902598E-5	-1,261932E-3
20220411 12:45:48,031	c_1_1097_20220411_12_45_48,031.bmp	1,184458E+0	9,843131E-1	-2,496685E-3	1,107786E-5
20220411 12:45:54,032	c_1_1098_20220411_12_45_54,032.bmp	1,204821E+0	1,005954E+0	-3,769540E-3	-3,807953E-3
20220411 12:46:00,037	c_1_1099_20220411_12_46_00,037.bmp	1,218821E+0	1,018683E+0	3,867592E-3	1,284088E-3
20220411 12:46:06,040	c_1_1100_20220411_12_46_06,040.bmp	1,239185E+0	1,044143E+0	1,321881E-3	-1,261932E-3
20220411 12:46:12,041	c_1_1101_20220411_12_46_12,041.bmp	1,253185E+0	1,061964E+0	4,902598E-5	-1,261932E-3
20220411 12:46:18,043	c_1_1102_20220411_12_46_18,043.bmp	1,268457E+0	1,084878E+0	-3,769540E-3	-3,807953E-3
20220411 12:46:24,045	c_1_1103_20220411_12_46_24,045.bmp	1,259548E+0	1,098881E+0	2,594737E-3	2,557098E-3
20220411 12:46:30,048	c_1_1104_20220411_12_46_30,048.bmp	1,240457E+0	1,117975E+0	4,902598E-5	2,557098E-3
20220411 12:46:36,062	c_1_1105_20220411_12_46_36,062.bmp	1,208639E+0	1,140889E+0	-1,223829E-3	-1,261932E-3
20220411 12:46:42,066	c_1_1106_20220411_12_46_42,066.bmp	1,189549E+0	1,165075E+0	4,902598E-5	-5,080963E-3
20220411 12:46:48,072	c_1_1107_20220411_12_46_48,072.bmp	1,124640E+0	1,182897E+0	-2,496685E-3	-1,261932E-3
20220411 12:46:54,079	c_1_1108_20220411_12_46_54,079.bmp	1,067368E+0	1,199445E+0	3,867592E-3	2,557098E-3
20220411 12:47:00,089	c_1_1109_20220411_12_47_00,089.bmp	1,001186E+0	1,222359E+0	2,594737E-3	1,107786E-5
20220411 12:47:06,092	c_1_1110_20220411_12_47_06,092.bmp	8,853690E-1	1,241454E+0	4,902598E-5	1,284088E-3
20220411 12:47:12,095	c_1_1111_20220411_12_47_12,095.bmp	8,446421E-1	1,259275E+0	2,594737E-3	3,830109E-3
20220411 12:47:18,098	c_1_1112_20220411_12_47_18,098.bmp	8,230059E-1	1,286008E+0	-1,223829E-3	-3,807953E-3
20220411 12:47:24,103	c_1_1113_20220411_12_47_24,103.bmp	8,077333E-1	1,302556E+0	-2,496685E-3	-1,261932E-3
20220411 12:47:30,106	c_1_1114_20220411_12_47_30,106.bmp	7,810062E-1	1,325470E+0	-1,223829E-3	-5,080963E-3
20220411 12:47:36,113	c_1_1115_20220411_12_47_36,113.bmp	7,720972E-1	1,345837E+0	-1,223829E-3	-3,807953E-3
20220411 12:47:42,115	c_1_1116_20220411_12_47_42,115.bmp	7,644608E-1	1,363659E+0	-1,223829E-3	-1,261932E-3
20220411 12:47:48,122	c_1_1117_20220411_12_47_48,122.bmp	7,644608E-1	1,385299E+0	-3,769540E-3	-3,807953E-3
20220411 12:47:54,123	c_1_1118_20220411_12_47_54,123.bmp	7,631881E-1	1,403121E+0	-5,042396E-3	1,107786E-5
20220411 12:48:00,126	c_1_1119_20220411_12_48_00,126.bmp	7,644608E-1	1,420943E+0	1,321881E-3	1,107786E-5
20220411 12:48:06,128	c_1_1120_20220411_12_48_06,128.bmp	7,606427E-1	1,446402E+0	-2,496685E-3	-2,534943E-3
20220411 12:48:12,129	c_1_1121_20220411_12_48_12,129.bmp	7,619154E-1	1,460405E+0	2,594737E-3	2,557098E-3
20220411 12:48:18,129	c_1_1122_20220411_12_48_18,129.bmp	7,631881E-1	1,483318E+0	1,321881E-3	-1,261932E-3
20220411 12:48:24,133	c_1_1123_20220411_12_48_24,133.bmp	7,504610E-1	1,503686E+0	2,594737E-3	1,107786E-5
20220411 12:48:30,143	c_1_1124_20220411_12_48_30,143.bmp	7,491882E-1	1,524053E+0	-1,223829E-3	-3,807953E-3
20220411 12:48:36,147	c_1_1125_20220411_12_48_36,147.bmp	7,466428E-1	1,543148E+0	4,902598E-5	1,107786E-5
20220411 12:48:42,149	c_1_1126_20220411_12_48_42,149.bmp	7,555518E-1	1,567335E+0	-3,769540E-3	1,107786E-5
20220411 12:48:48,156	c_1_1127_20220411_12_48_48,156.bmp	7,568245E-1	1,582610E+0	4,902598E-5	1,107786E-5
20220411 12:48:54,167	c_1_1128_20220411_12_48_54,167.bmp	7,606427E-1	1,600432E+0	1,321881E-3	2,557098E-3
20220411 12:49:00,172	c_1_1129_20220411_12_49_00,172.bmp	7,593700E-1	1,622072E+0	3,867592E-3	1,284088E-3
20220411 12:49:06,176	c_1_1130_20220411_12_49_06,176.bmp	7,555518E-1	1,644986E+0	-2,496685E-3	1,107786E-5
20220411 12:49:12,178	c_1_1131_20220411_12_49_12,178.bmp	7,504610E-1	1,661535E+0	3,867592E-3	1,107786E-5
20220411 12:49:18,181	c_1_1132_20220411_12_49_18,181.bmp	7,606427E-1	1,684448E+0	1,321881E-3	1,107786E-5
20220411 12:49:24,183	c_1_1133_20220411_12_49_24,183.bmp	7,644608E-1	1,699724E+0	2,594737E-3	3,830109E-3
20220411 12:49:30,185	c_1_1134_20220411_12_49_30,185.bmp	7,682790E-1	1,722637E+0	2,594737E-3	-1,261932E-3
20220411 12:49:36,188	c_1_1135_20220411_12_49_36,188.bmp	7,810062E-1	1,739186E+0	-1,223829E-3	3,830109E-3
20220411 12:49:42,200	c_1_1136_20220411_12_49_42,200.bmp	7,848243E-1	1,764645E+0	-1,223829E-3	-1,261932E-3
20220411 12:49:48,204	c_1_1137_20220411_12_49_48,204.bmp	7,975515E-1	1,781194E+0	-1,223829E-3	1,107786E-5
20220411 12:49:54,211	c_1_1138_20220411_12_49_54,211.bmp	8,051878E-1	1,802834E+0	1,321881E-3	1,284088E-3
20220411 12:50:00,215	c_1_1139_20220411_12_50_00,215.bmp	8,140968E-1	1,825748E+0	4,902598E-5	-3,807953E-3
20220411 12:50:06,224	c_1_1140_20220411_12_50_06,224.bmp	8,204604E-1	1,843570E+0	3,867592E-3	1,107786E-5
20220411 12:50:12,233	c_1_1141_20220411_12_50_12,233.bmp	8,280967E-1	1,862664E+0	-2,496685E-3	1,107786E-5
20220411 12:50:18,237	c_1_1142_20220411_12_50_18,237.bmp	8,357330E-1	1,879213E+0	-2,496685E-3	2,557098E-3
20220411 12:50:24,242	c_1_1143_20220411_12_50_24,242.bmp	8,319149E-1	1,900853E+0	4,902598E-5	1,107786E-5
20220411 12:50:30,245	c_1_1144_20220411_12_50_30,245.bmp	5,926439E-1	1,919948E+0	2,594737E-3	2,557098E-3
20220411 12:50:36,253	c_1_1145_20220411_12_50_36,253.bmp	5,799168E-1	1,944134E+0	-5,042396E-3	-3,807953E-3
20220411 12:50:42,260	c_1_1146_20220411_12_50_42,260.bmp	5,811895E-1	1,964502E+0	-1,223829E-3	-1,261932E-3
20220411 12:50:48,263	c_1_1147_20220411_12_50_48,263.bmp	5,888258E-1	1,982324E+0	4,902598E-5	1,107786E-5
20220411 12:50:54,265	c_1_1148_20220411_12_50_54,265.bmp	5,939167E-1	2,002691E+0	3,867592E-3	1,284088E-3
20220411 12:51:00,266	c_1_1149_20220411_12_51_00,266.bmp	5,951894E-1	2,019240E+0	2,594737E-3	2,557098E-3
20220411 12:51:06,271	c_1_1150_20220411_12_51_06,271.bmp	6,079165E-1	2,045972E+0	-3,769540E-3	-3,807953E-3
20220411 12:51:12,273	c_1_1151_20220411_12_51_12,273.bmp	6,155529E-1	2,063794E+0	-2,496685E-3	-3,807953E-3
20220411 12:51:18,280	c_1_1152_20220411_12_51_18,280.bmp	6,206437E-1	2,086707E+0	-3,769540E-3	-3,807953E-3
20220411 12:51:24,286	c_1_1153_20220411_12_51_24,286.bmp	6,257346E-1	2,104529E+0	-3,769540E-3	-3,807953E-3
20220411 12:51:30,288	c_1_1154_20220411_12_51_30,288.bmp	6,320982E-1	2,121078E+0	4,902598E-5	1,107786E-5
20220411 12:51:36,289	c_1_1155_20220411_12_51_36,289.bmp	6,333709E-1	2,140172E+0	2,594737E-3	2,557098E-3
20220411 12:51:42,292	c_1_1156_20220411_12_51_42,292.bmp	6,422799E-1	2,163086E+0	-1,223829E-3	-1,261932E-3
20220411 12:51:48,296	c_1_1157_20220411_12_51_48,296.bmp	6,511890E-1	2,185999E+0	-3,769540E-3	-2,534943E-3
20220411 12:51:54,298	c_1_1158_20220411_12_51_54,298.bmp	6,550071E-1	2,203821E+0	1,321881E-3	1,107786E-5
20220411 12:52:00,300	c_1_1159_20220411_12_52_00,300.bmp	6,613707E-1	2,222915E+0	-1,223829E-3	-1,261932E-3
20220411 12:52:06,307	c_1_1160_20220411_12_52_06,307.bmp	6,677343E-1	2,243283E+0	4,902598E-5	1,107786E-5
20220411 12:52:12,310	c_1_1161_20220411_12_52_12,310.bmp	6,690070E-1	2,261105E+0	4,902598E-5	1,107786E-5
20220411 12:52:18,315	c_1_1162_20220411_12_52_18,315.bmp	6,753706E-1	2,281472E+0	-3,769540E-3	1,107786E-5
20220411 12:52:24,319	c_1_1163_20220411_12_52_24,319.bmp	6,830069E-1	2,301840E+0	-3,769540E-3	-3,807953E-3
20220411 12:52:30,322	c_1_1164_20220411_12_52_30,322.bmp	6,817342E-1	2,322207E+0	4,902598E-5	1,107786E-5
20220411 12:52:36,326	c_1_1165_20220411_12_52_36,326.bmp	6,830069E-1	2,338756E+0	3,867592E-3	2,557098E-3
20220411 12:52:42,337	c_1_1166_20220411_12_52_42,337.bmp	6,804615E-1	2,357851E+0	-1,223829E-3	3,830109E-3
20220411 12:52:48,342	c_1_1167_20220411_12_52_48,342.bmp	6,830069E-1	2,380764E+0	4,902598E-5	1,107786E-5
20220411 12:52:54,349	c_1_1168_20220411_12_52_54,349.bmp	6,855523E-1	2,401132E+0	-2,496685E-3	1,107786E-5
20220411 12:53:00,354	c_1_1169_20220411_12_53_00,354.bmp	6,651889E-1	2,418953E+0	2,594737E-3	3,830109E-3
20220411 12:53:06,363	c_1_1170_20220411_12_53_06,363.bmp	6,320982E-1	2,439321E+0	3,867592E-3	3,830109E-3
20220411 12:53:12,368	c_1_1171_20220411_12_53_12,368.bmp	6,295528E-1	2,463507E+0	5,140448E-3	-1,261932E-3
20220411 12:53:18,372	c_1_1172_20220411_12_53_18,372.bmp	6,282800E-1	2,483875E+0	-2,496685E-3	-3,807953E-3
20220411 12:53:24,376	c_1_1173_20220411_12_53_24,376.bmp	6,244619E-1	2,499150E+0	3,867592E-3	2,557098E-3
20220411 12:53:30,380	c_1_1174_20220411_12_53_30,380.bmp	6,359163E-1	2,520791E+0	-3,769540E-3	-1,261932E-3
20220411 12:53:36,382	c_1_1175_20220411_12_53_36,382.bmp	6,219164E-1	2,541159E+0	-3,769540E-3	1,107786E-5
20220411 12:53:42,384	c_1_1176_20220411_12_53_42,384.bmp	5,850076E-1	2,561526E+0	1,321881E-3	-1,261932E-3
20220411 12:53:48,385	c_1_1177_20220411_12_53_48,385.bmp	4,959174E-1	2,581894E+0	4,902598E-5	1,107786E-5
20220411 12:53:54,389	c_1_1178_20220411_12_53_54,389.bmp	4,742812E-1	2,604807E+0	-2,496685E-3	-3,807953E-3
20220411 12:54:00,390	c_1_1179_20220411_12_54_00,390.bmp	4,717357E-1	2,622629E+0	-2,496685E-3	1,284088E-3
20220411 12:54:06,391	c_1_1180_20220411_12_54_06,391.bmp	4,717357E-1	2,642996E+0	1,321881E-3	1,107786E-5
20220411 12:54:12,397	c_1_1181_20220411_12_54_12,397.bmp	4,806448E-1	2,662091E+0	-1,223829E-3	1,107786E-5
20220411 12:54:18,399	c_1_1182_20220411_12_54_18,399.bmp	4,806448E-1	2,679913E+0	4,902598E-5	1,284088E-3
20220411 12:54:24,400	c_1_1183_20220411_12_54_24,400.bmp	4,870083E-1	2,700280E+0	-3,769540E-3	1,107786E-5
20220411 12:54:30,407	c_1_1184_20220411_12_54_30,407.bmp	4,920992E-1	2,724467E+0	-3,769540E-3	-3,807953E-3
20220411 12:54:36,416	c_1_1185_20220411_12_54_36,416.bmp	4,870083E-1	2,741015E+0	2,594737E-3	2,557098E-3
20220411 12:54:42,417	c_1_1186_20220411_12_54_42,417.bmp	4,959174E-1	2,765202E+0	-2,496685E-3	-3,807953E-3
20220411 12:54:48,420	c_1_1187_20220411_12_54_48,420.bmp	4,984628E-1	2,780477E+0	-1,223829E-3	1,107786E-5
20220411 12:54:54,423	c_1_1188_20220411_12_54_54,423.bmp	4,959174E-1	2,803391E+0	-2,496685E-3	1,107786E-5
20220411 12:55:00,426	c_1_1189_20220411_12_55_00,426.bmp	5,010082E-1	2,821213E+0	-5,042396E-3	1,107786E-5
20220411 12:55:06,431	c_1_1190_20220411_12_55_06,431.bmp	4,971901E-1	2,845399E+0	-3,769540E-3	-3,807953E-3
20220411 12:55:12,438	c_1_1191_20220411_12_55_12,438.bmp	4,908265E-1	2,863221E+0	3,867592E-3	1,107786E-5
20220411 12:55:18,443	c_1_1192_20220411_12_55_18,443.bmp	4,908265E-1	2,878496E+0	5,140448E-3	1,284088E-3
20220411 12:55:24,451	c_1_1193_20220411_12_55_24,451.bmp	4,920992E-1	2,902683E+0	1,321881E-3	1,107786E-5
20220411 12:55:30,454	c_1_1194_20220411_12_55_30,454.bmp	4,946447E-1	2,923050E+0	-3,769540E-3	-3,807953E-3
20220411 12:55:36,456	c_1_1195_20220411_12_55_36,456.bmp	4,908265E-1	2,939599E+0	3,867592E-3	1,284088E-3
20220411 12:55:42,457	c_1_1196_20220411_12_55_42,457.bmp	5,010082E-1	2,962513E+0	-1,223829E-3	-1,261932E-3
20220411 12:55:48,458	c_1_1197_20220411_12_55_48,458.bmp	5,035537E-1	2,981607E+0	-3,769540E-3	-3,807953E-3
20220411 12:55:54,459	c_1_1198_20220411_12_55_54,459.bmp	5,022810E-1	2,998156E+0	2,594737E-3	1,284088E-3
20220411 12:56:00,463	c_1_1199_20220411_12_56_00,463.bmp	5,060991E-1	3,022342E+0	4,902598E-5	1,107786E-5
20220411 12:56:06,469	c_1_1200_20220411_12_56_06,469.bmp	5,060991E-1	3,038891E+0	2,594737E-3	1,284088E-3
20220411 12:56:12,476	c_1_1201_20220411_12_56_12,476.bmp	5,137354E-1	3,065623E+0	-1,223829E-3	-3,807953E-3
20220411 12:56:18,478	c_1_1202_20220411_12_56_18,478.bmp	5,200990E-1	3,083445E+0	-3,769540E-3	-1,261932E-3
20220411 12:56:24,481	c_1_1203_20220411_12_56_24,481.bmp	5,226445E-1	3,101267E+0	-3,769540E-3	1,107786E-5
20220411 12:56:30,482	c_1_1204_20220411_12_56_30,482.bmp	5,251899E-1	3,121634E+0	-1,223829E-3	-1,261932E-3
20220411 12:56:36,487	c_1_1205_20220411_12_56_36,487.bmp	5,277353E-1	3,145821E+0	4,902598E-5	-3,807953E-3
20220411 12:56:42,489	c_1_1206_20220411_12_56_42,489.bmp	5,328262E-1	3,162369E+0	-3,769540E-3	1,107786E-5
20220411 12:56:48,495	c_1_1207_20220411_12_56_48,495.bmp	5,417352E-1	3,182737E+0	-3,769540E-3	-3,807953E-3
20220411 12:56:54,498	c_1_1208_20220411_12_56_54,498.bmp	5,379171E-1	3,203104E+0	4,902598E-5	-3,807953E-3
20220411 12:57:00,500	c_1_1209_20220411_12_57_00,500.bmp	5,404625E-1	3,223472E+0	6,413303E-3	1,107786E-5
20220411 12:57:06,501	c_1_1210_20220411_12_57_06,501.bmp	5,430079E-1	3,245112E+0	1,321881E-3	-3,807953E-3
20220411 12:57:12,504	c_1_1211_20220411_12_57_12,504.bmp	5,442807E-1	3,262934E+0	4,902598E-5	1,107786E-5
20220411 12:57:18,509	c_1_1212_20220411_12_57_18,509.bmp	5,442807E-1	3,283302E+0	-1,223829E-3	-1,261932E-3
20220411 12:57:24,514	c_1_1213_20220411_12_57_24,514.bmp	5,366443E-1	3,299850E+0	4,902598E-5	1,284088E-3
20220411 12:57:30,515	c_1_1214_20220411_12_57_30,515.bmp	4,997355E-1	3,321491E+0	4,902598E-5	1,107786E-5
20220411 12:57:36,523	c_1_1215_20220411_12_57_36,523.bmp	4,590086E-1	3,345677E+0	4,902598E-5	-3,807953E-3
20220411 12:57:42,533	c_1_1216_20220411_12_57_42,533.bmp	4,220997E-1	3,363499E+0	4,902598E-5	1,107786E-5
20220411 12:57:48,536	c_1_1217_20220411_12_57_48,536.bmp	3,762819E-1	3,382593E+0	-1,223829E-3	1,107786E-5
20220411 12:57:54,537	c_1_1218_20220411_12_57_54,537.bmp	3,317368E-1	3,404234E+0	4,902598E-5	1,107786E-5
20220411 12:58:00,539	c_1_1219_20220411_12_58_00,539.bmp	3,317368E-1	3,419510E+0	2,594737E-3	2,557098E-3
20220411 12:58:06,544	c_1_1220_20220411_12_58_06,544.bmp	3,330095E-1	3,441150E+0	1,321881E-3	3,830109E-3
20220411 12:58:12,549	c_1_1221_20220411_12_58_12,549.bmp	3,368276E-1	3,462791E+0	-1,223829E-3	1,107786E-5
20220411 12:58:18,556	c_1_1222_20220411_12_58_18,556.bmp	3,444639E-1	3,484431E+0	-3,769540E-3	-3,807953E-3
20220411 12:58:24,559	c_1_1223_20220411_12_58_24,559.bmp	3,419185E-1	3,506072E+0	-2,496685E-3	-3,807953E-3
20220411 12:58:30,562	c_1_1224_20220411_12_58_30,562.bmp	3,470094E-1	3,522620E+0	1,321881E-3	1,107786E-5
20220411 12:58:36,564	c_1_1225_20220411_12_58_36,564.bmp	3,470094E-1	3,544261E+0	3,867592E-3	1,107786E-5
20220411 12:58:42,569	c_1_1226_20220411_12_58_42,569.bmp	3,533730E-1	3,560810E+0	-3,769540E-3	1,107786E-5
20220411 12:58:48,570	c_1_1227_20220411_12_58_48,570.bmp	3,533730E-1	3,579904E+0	4,902598E-5	1,107786E-5
20220411 12:58:54,579	c_1_1228_20220411_12_58_54,579.bmp	3,622820E-1	3,602818E+0	4,902598E-5	-1,261932E-3
