-1.019819222982366283e-04
-8.787289281142997901e-06
5.436403790543605646e-03
1.736620162694943459e-02
4.135588735171615016e-02
7.102292831499332215e-02
1.147520536565846683e-01
1.632987729308049141e-01
2.154513303921334055e-01
2.835394133612123557e-01
3.561379808597695540e-01
4.477330359046459707e-01
5.331990894222391475e-01
6.174344317804334459e-01
7.202417610519423752e-01
7.820455272686880344e-01
8.289387334534487062e-01
8.875767112155392713e-01
9.190669121087090554e-01
9.692759969022970434e-01
9.160057333299123083e-01
9.092420644846039846e-01
7.529192771791568539e-01
6.930442535521306180e-01
7.082109989473986955e-01
7.211465467425004494e-01
6.808911123393233122e-01
6.923782543853476135e-01
7.116674588329291451e-01
6.389836320531293579e-01
6.187199552553520610e-01
5.953937953672987504e-01
5.967732969696019074e-01
6.023666290851176219e-01
6.071312192717992495e-01
5.982392166811506540e-01
6.160329249148340791e-01
6.423779772924987919e-01
6.686170044117979439e-01
6.702855133035972024e-01
6.551703317364822032e-01
6.332564161130704861e-01
6.263512256047111260e-01
6.239118789569261248e-01
6.344101132638243490e-01
6.603673369881395416e-01
6.807846915929548492e-01
6.990604238578954632e-01
7.260304886652082512e-01
7.519783101388554103e-01
7.829574018028758742e-01
8.107050640009249021e-01
8.332201661159354122e-01
8.741028272763029516e-01
9.021140144244875758e-01
9.101870486408406569e-01
9.377245789583869007e-01
9.319710817609881959e-01
9.016810751281421066e-01
8.946957379291035073e-01
8.229892265652790639e-01
7.763039888409907219e-01
7.124046498529006399e-01
6.089336530940744341e-01
5.778097658284455651e-01
5.609716755745642880e-01
5.621837467973435087e-01
5.482502275290525029e-01
5.487965084441276398e-01
5.508879281430860697e-01
5.548014576306001810e-01
5.639725308044982732e-01
5.723524200555584196e-01
5.813464244038342166e-01
5.835359500857909554e-01
5.889589490383507764e-01
5.846499646335513445e-01
5.805498190798633606e-01
5.856717566733101732e-01
5.950679536418304050e-01
6.025414745182753329e-01
6.200304411248543923e-01
6.053428785821272085e-01
5.904234874500889907e-01
5.967216994718699263e-01
6.100887214817170001e-01
6.202006716306578404e-01
6.379573223729521070e-01
6.444452390800777808e-01
6.635714449509045876e-01
6.742279846409205968e-01
6.865149918335889945e-01
7.013607316275907166e-01
7.209686585828599670e-01
7.337373128803457156e-01
7.317518822364986741e-01
7.249182743657337502e-01
5.048627762993963541e-01
4.841866114098188900e-01
4.903638305063895975e-01
5.025248376336165501e-01
5.081308216906803565e-01
5.151901962940345081e-01
5.273566941386623741e-01
5.375646837826421054e-01
5.525697909677517172e-01
5.620848854418739604e-01
5.644208439500943975e-01
5.824831517795173719e-01
5.853374198958417596e-01
5.988349707305961056e-01
6.121887329272328593e-01
6.266154233694600784e-01
6.311108046883587841e-01
6.429957998715234435e-01
6.470447861724900607e-01
6.655697824704494003e-01
6.637611775542964221e-01
6.735226331416843681e-01
6.703783084598634590e-01
6.798062841275306356e-01
6.778384033295782318e-01
6.585929060795483458e-01
6.094974512965640745e-01
6.019261670653046625e-01
6.031889283924394274e-01
6.039916736402166642e-01
6.003240930978668288e-01
6.045694051862479101e-01
5.670589137051335049e-01
4.747928635917804119e-01
4.453869939857461047e-01
4.525498305381000508e-01
4.525217923379078466e-01
4.659801398968534403e-01
4.730602528967889908e-01
4.818789302716230960e-01
4.826364219833754743e-01
4.899371051412481082e-01
4.959169594503532452e-01
4.987928372657257081e-01
5.087471341646400136e-01
5.078774406365418326e-01
5.024992112962691770e-01
5.042255470446126431e-01
5.107781654860044096e-01
5.028063845347620076e-01
4.968470331038132293e-01
4.973920236486945590e-01
5.100801878858287619e-01
5.155938559375555785e-01
5.183535829155441199e-01
5.199467751304407415e-01
5.297312266552366422e-01
5.376062330467262784e-01
5.440999942276387724e-01
5.501796127290350391e-01
5.665143382814009643e-01
5.680968239760403327e-01
5.726967979952415355e-01
5.841699480273907508e-01
5.890715591122448469e-01
6.010998174017690987e-01
6.004186167126820406e-01
6.113040650880352533e-01
6.172644547235303092e-01
6.095869006618607200e-01
5.546512635644930134e-01
5.156937547017759194e-01
4.564125813266518561e-01
4.052991034073288312e-01
3.507074786507061726e-01
3.601939065831610831e-01
3.615045737757127675e-01
3.627303530581240110e-01
3.640235996568452759e-01
3.684655571393852247e-01
3.808890813216870841e-01
3.782972253877767699e-01
3.935977185912390985e-01
3.928289892169768982e-01
4.006129616996232379e-01
