-4.382445128696518046e-05
1.329890105672643726e-04
8.848619469013759096e-04
3.993039858952674923e-03
8.887813461918279284e-03
1.668917152882713403e-02
2.526251555423114983e-02
3.997797663435138926e-02
5.165331068737363807e-02
6.890395237576679710e-02
9.131534085909101539e-02
1.130555761728381237e-01
1.309428240351282746e-01
1.574414605309646942e-01
1.865146934134372103e-01
2.124600944001461544e-01
2.408770924516285550e-01
2.733555360938432766e-01
3.024860847654828877e-01
3.358204900499900947e-01
3.671462255443800893e-01
4.119407057066364897e-01
4.442769174595961323e-01
4.835103379616367270e-01
5.239770707390091209e-01
5.556288905830609748e-01
5.954087696614408509e-01
5.833580221849675729e-01
5.899741576233263896e-01
5.946603765897966465e-01
6.076875018214107360e-01
6.229232206492840707e-01
5.911329068900492700e-01
6.150637227680468833e-01
6.340696105948944172e-01
6.689138045287935652e-01
7.058588460882811999e-01
7.213948745034398646e-01
7.384297188442677795e-01
7.463115464091844009e-01
7.725372068034755957e-01
7.798281075619757363e-01
8.132424410456745578e-01
8.487873682963217314e-01
8.803997098777638364e-01
9.118078619378382488e-01
9.479410782183468331e-01
9.765339943311402982e-01
1.009583650730855320e+00
1.041158017461613516e+00
1.062268800116066725e+00
1.085484468886976250e+00
1.111862306165991354e+00
1.103387368115370082e+00
1.094328841636028393e+00
1.109368109918377643e+00
1.126837689497426798e+00
1.149084648934732167e+00
1.169521218798105000e+00
1.184231579490699460e+00
1.207934289542274886e+00
1.228394851204513083e+00
1.246688246562470015e+00
1.264292891585536704e+00
1.257965330270199411e+00
1.234520721610078198e+00
1.112078191693182339e+00
1.131351991884581576e+00
1.148419654884694108e+00
1.168852915769449829e+00
1.193742412532323049e+00
1.153854148713239658e+00
1.106925751069106623e+00
1.085302277910014990e+00
1.059518409206481548e+00
1.083203290219443948e+00
1.103529290992040002e+00
1.130709328614201592e+00
1.152604066896269375e+00
1.183204344857142098e+00
1.215001276000673647e+00
1.243853143531090444e+00
1.259060234428114544e+00
1.294486343388013827e+00
1.326903704118946870e+00
1.351345594751073298e+00
1.382152836613695257e+00
1.416654026347719419e+00
1.448636611726817236e+00
1.483023725012504235e+00
1.503541577811129626e+00
1.531770207664714833e+00
1.577119307554607719e+00
1.587873135830389915e+00
1.604065452346736809e+00
1.610739846657650354e+00
1.610671430472461418e+00
1.489019222543993992e+00
1.433044500066751326e+00
1.432858483310039732e+00
1.448935165024200389e+00
1.477192206749995185e+00
1.509292382128113452e+00
1.538129079473408156e+00
1.568209296114950524e+00
1.597234847415637482e+00
1.627883954047903536e+00
1.655039409265173900e+00
1.697197466210846661e+00
1.727418243856629454e+00
1.765890880587080325e+00
1.791142692943755943e+00
1.834274421261419930e+00
1.857090351914584936e+00
1.894181381740432490e+00
1.930647422043296979e+00
1.961788989216588286e+00
1.992529228452442736e+00
2.028475909007469991e+00
2.036428302337088159e+00
2.011728095674859329e+00
1.977869987118369144e+00
1.941739346139655042e+00
1.861537624721751216e+00
1.813180307404771652e+00
1.714875527606447569e+00
1.636860858645552197e+00
1.200695332698327844e+00
9.491424844039909603e-01
9.189942372521751057e-01
9.116761700703457372e-01
9.262826234525937119e-01
9.250932796589881324e-01
9.403221677309704374e-01
9.485962037396092894e-01
9.594608227053106342e-01
9.733438070139265319e-01
9.811940406808529191e-01
9.893922072785289457e-01
9.928676187334046777e-01
9.987466664669116811e-01
1.019833211808425233e+00
1.027598141395231313e+00
1.036200665474804605e+00
1.051457967616062250e+00
1.060595210664711185e+00
1.089267808028342666e+00
1.092218433197715166e+00
1.102191252828430557e+00
1.118571720353720877e+00
1.131183264162104907e+00
1.161339700536941688e+00
1.165361795716110649e+00
1.192665151037333171e+00
1.201541596139205526e+00
1.220577534088812088e+00
1.236375629495950479e+00
1.254836264577967597e+00
1.271271330085305573e+00
1.298660433027065686e+00
1.318071247386474854e+00
1.328913787278269920e+00
1.349328114117030353e+00
1.366247654402668044e+00
1.392446376877502390e+00
1.407403623156336270e+00
1.428935500748808041e+00
1.437225735387356540e+00
1.459470626828111017e+00
1.481845156804295405e+00
1.509269459226298737e+00
1.524321301580068067e+00
1.541908171436687125e+00
1.558391522542177166e+00
1.584202203118101782e+00
1.617896492484159676e+00
1.601808250833540725e+00
1.616733016375142107e+00
1.645014911564050886e+00
1.664287427483792881e+00
1.681235516110414441e+00
1.705061555191512701e+00
1.722268331953342058e+00
1.741391001844001751e+00
1.759836225859252368e+00
1.781787226402554936e+00
1.810452358568223730e+00
1.831552257801751571e+00
1.844783103560045712e+00
1.834570892921883578e+00
1.848820594038429910e+00
1.835764873934601527e+00
1.831090415788978243e+00
1.826434781256065065e+00
1.846267445739092183e+00
1.863358394838477539e+00
1.871209228986615125e+00
1.890004634122804061e+00
1.901885379817379373e+00
1.903873818939249896e+00
1.918835539537628421e+00
1.931993822560168050e+00
1.945802225960764353e+00
1.946629475612090987e+00
1.936932304972305285e+00
1.936744815632833738e+00
1.888159440438474945e+00
1.201157565471202338e+00
1.183861838604179484e+00
1.195654226823457122e+00
1.201863491857595667e+00
1.211042266259596101e+00
1.222205894603169751e+00
1.233420441715876947e+00
1.240222103357436989e+00
1.260416585395853328e+00
1.267583651740027184e+00
1.269154276751890409e+00
1.280809185950895657e+00
1.278760015838352082e+00
1.279678188132675309e+00
1.279041148279372875e+00
1.266450121089950143e+00
1.266210404946326085e+00
1.278187426986213016e+00
1.285228969143713096e+00
1.293012211878867612e+00
1.316317858149435249e+00
1.325460145789682409e+00
1.330293407646744752e+00
1.329677841740178446e+00
1.346106877229130694e+00
1.356512926517694062e+00
1.371634168417511734e+00
1.380402541757431711e+00
1.395741855168110224e+00
1.408638112122007513e+00
1.426514455286753691e+00
1.423390497400744303e+00
1.447373587458184563e+00
1.458735247988374173e+00
1.465570774678161436e+00
1.475816413627647927e+00
1.478306531698559745e+00
1.495345130471552153e+00
1.507864327953844397e+00
1.501116254116147575e+00
1.509322887739275254e+00
1.461363790506079674e+00
1.423353640782702101e+00
1.362680872807311205e+00
1.338083959213794749e+00
1.350122191728019505e+00
1.360044582328283846e+00
1.375525185050324284e+00
1.376832991849669119e+00
1.400724025099745029e+00
1.418432497089265221e+00
1.434291311937722968e+00
1.449679777435058714e+00
1.476284241416842447e+00
1.487757714739897708e+00
1.512183894989006516e+00
1.530125344718034963e+00
1.553515451274690928e+00
1.571807606847402061e+00
1.596809248591782637e+00
1.611964209215958066e+00
1.635838798019601859e+00
1.663297483464707183e+00
1.690530491202417940e+00
1.708213091076847601e+00
1.740358665845971764e+00
1.757208525721415615e+00
1.776856773625564490e+00
1.802916248193116688e+00
1.820865057935122433e+00
1.836979644098409858e+00
1.836297593942520345e+00
1.834051461116829485e+00
1.828919189625476838e+00
1.818700937003516760e+00
1.583905464673824870e+00
1.455432633349992289e+00
1.444836047392744183e+00
1.442535225546446531e+00
1.440875152582020258e+00
1.437282633995285552e+00
1.451374370449924234e+00
1.473477612887458044e+00
1.480194324199730849e+00
1.484432981387018957e+00
1.500579463192089014e+00
1.513247947758515233e+00
1.523962373246597890e+00
1.555703349335107788e+00
1.524946809174658968e+00
1.537144927890484292e+00
1.563383655207823075e+00
1.565275297960763368e+00
1.587781647800706741e+00
1.607295559515117711e+00
1.616954470477446781e+00
1.636596067346457017e+00
1.657718155977639940e+00
1.661899518294676525e+00
1.681056978558875592e+00
1.678394671245154735e+00
1.700786579786177644e+00
1.708563498274191739e+00
1.724095325015698066e+00
1.745633581572380022e+00
1.754927047226400472e+00
1.763155168287641406e+00
1.770368203654131722e+00
1.759112465800579450e+00
1.768081488823396219e+00
1.737061625879794846e+00
1.703717440603344846e+00
1.694149246073966220e+00
1.662641471655399217e+00
1.647335206872732272e+00
1.656435045953148721e+00
1.665483459180202130e+00
1.694305801893979835e+00
1.705030478653268622e+00
1.717462813340683292e+00
1.739921322697965733e+00
1.746374011883642607e+00
1.776941865635186968e+00
1.797076424600304145e+00
1.815730840579050875e+00
1.848298651071478060e+00
1.855679356543928238e+00
1.879825966468507525e+00
1.896523558877673210e+00
1.914587274255209470e+00
1.938617103194085312e+00
1.961591476190271299e+00
1.967530919408035039e+00
1.979955500313170358e+00
1.987461590628342156e+00
1.996846553132678226e+00
1.649935394008166689e+00
1.593641166400038500e+00
1.564633602604471596e+00
1.551158405845909805e+00
1.564678703291492390e+00
1.555049605916233313e+00
1.569456663965018262e+00
1.577682140576711411e+00
1.597970502055113373e+00
1.624779985935477011e+00
1.644980275625195221e+00
1.665552099996367552e+00
1.679942862055174180e+00
1.691529103629538788e+00
1.720652247592495687e+00
1.720419221459351666e+00
1.729557049803373880e+00
1.753445036287481607e+00
1.769725332785404559e+00
1.788882656911992886e+00
1.798153897309723970e+00
1.828172058734351735e+00
1.849858821205698112e+00
1.865788850504759289e+00
1.882754874207447138e+00
1.909616156870964199e+00
1.922469581454621990e+00
1.942928837254795704e+00
1.965833357035239759e+00
1.981166545035895732e+00
1.999205953604041408e+00
2.031100347205453183e+00
2.047919779652800809e+00
2.063513151638012744e+00
2.080568352605357330e+00
2.112619513138284777e+00
2.136167250276594487e+00
2.153847072175692379e+00
2.161679369854694777e+00
2.191516610881920180e+00
2.214573484198844699e+00
2.239303084551919731e+00
2.236637589501941026e+00
2.282670867120549119e+00
2.297457583207724419e+00
2.293960282542132578e+00
2.328556595931203788e+00
2.333528719641453364e+00
2.360767456621575278e+00
2.381308443907978578e+00
2.397860140588126132e+00
2.404081496113972261e+00
2.419055917209276707e+00
2.429682046823256503e+00
2.430287460224549445e+00
2.361264342680352790e+00
2.142892834186120865e+00
1.560411202515342044e+00
1.536451027081174203e+00
1.530427026671236090e+00
