20220916 20:13:13,926	c_0_2167_20220916_20_13_13,926.bmp	-1,378015E-3	3,967952E-2	8,791700E-3	1,094073E-2	-1,441926E-2	-2,912223E-3	1,398148E+0	1,385905E+0
20220916 20:13:19,926	c_0_2168_20220916_20_13_19,926.bmp	3,711599E-3	4,477216E-2	3,700242E-3	8,388745E-3	1,356600E-2	-2,912223E-3	1,382857E+0	1,380789E+0
20220916 20:13:25,930	c_0_2169_20220916_20_13_25,930.bmp	6,605937E-2	1,676266E-2	6,245971E-3	1,094073E-2	-9,331032E-3	-8,011703E-3	1,390502E+0	1,388463E+0
20220916 20:13:31,931	c_0_2170_20220916_20_13_31,931.bmp	1,347692E-1	3,713320E-2	7,518835E-3	1,094073E-2	-9,331032E-3	-1,056144E-2	1,387954E+0	1,385905E+0
20220916 20:13:37,932	c_0_2171_20220916_20_13_37,932.bmp	1,983893E-1	5,623059E-2	6,245971E-3	1,094073E-2	-1,698689E-3	4,736996E-3	1,387954E+0	1,388463E+0
20220916 20:13:43,933	c_0_2172_20220916_20_13_43,933.bmp	2,734611E-1	7,660113E-2	7,518835E-3	1,094073E-2	-4,242803E-3	-1,821066E-2	1,387954E+0	1,396136E+0
20220916 20:13:49,935	c_0_2173_20220916_20_13_49,935.bmp	3,408985E-1	9,315219E-2	8,791700E-3	1,604471E-2	-2,459572E-2	-1,311118E-2	1,395599E+0	1,396136E+0
20220916 20:13:55,937	c_0_2174_20220916_20_13_55,937.bmp	4,197875E-1	1,198885E-1	3,700242E-3	7,112750E-3	8,454256E-4	-5,461963E-3	1,385405E+0	1,388463E+0
20220916 20:14:01,942	c_0_2175_20220916_20_14_01,942.bmp	4,910421E-1	1,326201E-1	1,006456E-2	9,664739E-3	-1,950749E-2	-8,011703E-3	1,395599E+0	1,388463E+0
20220916 20:14:07,942	c_0_2176_20220916_20_14_07,942.bmp	5,686588E-1	1,529907E-1	7,518835E-3	1,476871E-2	-6,786918E-3	-8,011703E-3	1,395599E+0	1,388463E+0
20220916 20:14:13,944	c_0_2177_20220916_20_14_13,944.bmp	6,424582E-1	1,797270E-1	2,427377E-3	7,112750E-3	8,477769E-3	-2,912223E-3	1,382857E+0	1,388463E+0
20220916 20:14:19,947	c_0_2178_20220916_20_14_19,947.bmp	7,200748E-1	1,988244E-1	3,700242E-3	7,112750E-3	-6,786918E-3	7,286736E-3	1,382857E+0	1,385905E+0
20220916 20:14:25,947	c_0_2179_20220916_20_14_25,947.bmp	7,849673E-1	2,115560E-1	1,006456E-2	1,221673E-2	-1,696338E-2	-2,912223E-3	1,395599E+0	1,393578E+0
20220916 20:14:31,947	c_0_2180_20220916_20_14_31,947.bmp	8,562219E-1	2,331997E-1	1,006456E-2	1,094073E-2	-1,441926E-2	-1,056144E-2	1,398148E+0	1,388463E+0
20220916 20:14:37,951	c_0_2181_20220916_20_14_37,951.bmp	9,249317E-1	2,561165E-1	1,006456E-2	1,094073E-2	-1,950749E-2	-1,821066E-2	1,387954E+0	1,388463E+0
20220916 20:14:43,952	c_0_2182_20220916_20_14_43,952.bmp	9,910967E-1	2,726676E-1	1,006456E-2	1,349272E-2	-6,786918E-3	2,187256E-3	1,398148E+0	1,391021E+0
20220916 20:14:49,952	c_0_2183_20220916_20_14_49,952.bmp	1,047082E+0	2,930381E-1	1,006456E-2	9,664739E-3	-1,187515E-2	-8,011703E-3	1,395599E+0	1,388463E+0
20220916 20:14:55,957	c_0_2184_20220916_20_14_55,957.bmp	1,108158E+0	3,146818E-1	7,518835E-3	1,094073E-2	-1,187515E-2	-2,076040E-2	1,387954E+0	1,393578E+0
20220916 20:15:01,960	c_0_2185_20220916_20_15_01,960.bmp	1,157782E+0	3,337792E-1	1,006456E-2	1,094073E-2	-1,950749E-2	-1,311118E-2	1,398148E+0	1,388463E+0
20220916 20:15:07,961	c_0_2186_20220916_20_15_07,961.bmp	1,217585E+0	3,528766E-1	6,245971E-3	1,476871E-2	-1,696338E-2	-3,624835E-4	1,398148E+0	1,393578E+0
20220916 20:15:13,962	c_0_2187_20220916_20_15_13,962.bmp	1,264663E+0	3,719740E-1	1,006456E-2	1,221673E-2	-1,441926E-2	-1,056144E-2	1,395599E+0	1,396136E+0
20220916 20:15:19,963	c_0_2188_20220916_20_15_19,963.bmp	1,325739E+0	3,987103E-1	4,973106E-3	1,094073E-2	3,389540E-3	-8,011703E-3	1,382857E+0	1,388463E+0
20220916 20:15:25,965	c_0_2189_20220916_20_15_25,965.bmp	1,372818E+0	4,152614E-1	1,006456E-2	1,094073E-2	-1,950749E-2	-1,566092E-2	1,398148E+0	1,388463E+0
20220916 20:15:31,970	c_0_2190_20220916_20_15_31,970.bmp	1,426259E+0	4,356319E-1	7,518835E-3	1,349272E-2	-9,331032E-3	-5,461963E-3	1,390502E+0	1,393578E+0
20220916 20:15:37,975	c_0_2191_20220916_20_15_37,975.bmp	1,474610E+0	4,572756E-1	7,518835E-3	1,094073E-2	-1,187515E-2	1,238622E-2	1,387954E+0	1,388463E+0
20220916 20:15:43,978	c_0_2192_20220916_20_15_43,978.bmp	1,515327E+0	4,725536E-1	8,791700E-3	1,476871E-2	-1,696338E-2	-5,461963E-3	1,398148E+0	1,396136E+0
20220916 20:15:49,982	c_0_2193_20220916_20_15_49,982.bmp	1,550954E+0	4,954704E-1	7,518835E-3	9,664739E-3	-9,331032E-3	-1,311118E-2	1,387954E+0	1,388463E+0
20220916 20:15:55,985	c_0_2194_20220916_20_15_55,985.bmp	1,458069E+0	5,171141E-1	7,518835E-3	7,112750E-3	3,389540E-3	9,836476E-3	1,385405E+0	1,383347E+0
20220916 20:16:01,987	c_0_2195_20220916_20_16_01,987.bmp	1,427531E+0	5,349383E-1	7,518835E-3	1,094073E-2	-6,786918E-3	-8,011703E-3	1,390502E+0	1,388463E+0
20220916 20:16:07,992	c_0_2196_20220916_20_16_07,992.bmp	1,388087E+0	5,553089E-1	7,518835E-3	1,094073E-2	-6,786918E-3	9,836476E-3	1,390502E+0	1,380789E+0
20220916 20:16:13,993	c_0_2197_20220916_20_16_13,993.bmp	1,370273E+0	5,756794E-1	2,427377E-3	1,094073E-2	-1,698689E-3	-2,912223E-3	1,385405E+0	1,388463E+0
20220916 20:16:19,996	c_0_2198_20220916_20_16_19,996.bmp	1,353732E+0	5,973231E-1	6,245971E-3	9,664739E-3	-1,187515E-2	-2,912223E-3	1,387954E+0	1,388463E+0
20220916 20:16:25,998	c_0_2199_20220916_20_16_25,998.bmp	1,328284E+0	6,126010E-1	6,245971E-3	1,349272E-2	-6,786918E-3	-1,311118E-2	1,387954E+0	1,396136E+0
20220916 20:16:31,998	c_0_2200_20220916_20_16_31,998.bmp	1,329556E+0	6,367911E-1	6,245971E-3	1,094073E-2	-6,786918E-3	2,187256E-3	1,387954E+0	1,388463E+0
20220916 20:16:38,003	c_0_2201_20220916_20_16_38,003.bmp	1,335918E+0	6,533421E-1	8,791700E-3	1,349272E-2	-1,696338E-2	-5,461963E-3	1,398148E+0	1,396136E+0
20220916 20:16:44,006	c_0_2202_20220916_20_16_44,006.bmp	1,351187E+0	6,749858E-1	4,973106E-3	8,388745E-3	-2,459572E-2	-3,624835E-4	1,387954E+0	1,380789E+0
20220916 20:16:50,007	c_0_2203_20220916_20_16_50,007.bmp	1,366456E+0	7,004490E-1	3,700242E-3	8,388745E-3	8,454256E-4	-8,011703E-3	1,382857E+0	1,383347E+0
20220916 20:16:56,009	c_0_2204_20220916_20_16_56,009.bmp	1,385542E+0	7,157269E-1	3,700242E-3	1,094073E-2	-6,786918E-3	2,187256E-3	1,387954E+0	1,388463E+0
20220916 20:17:02,012	c_0_2205_20220916_20_17_02,012.bmp	1,388087E+0	7,322780E-1	7,518835E-3	1,476871E-2	-9,331032E-3	-1,311118E-2	1,398148E+0	1,396136E+0
20220916 20:17:08,015	c_0_2206_20220916_20_17_08,015.bmp	1,389359E+0	7,564680E-1	6,245971E-3	7,112750E-3	-4,242803E-3	2,187256E-3	1,390502E+0	1,385905E+0
20220916 20:17:14,019	c_0_2207_20220916_20_17_14,019.bmp	1,404628E+0	7,755654E-1	6,245971E-3	1,094073E-2	-4,242803E-3	-8,011703E-3	1,387954E+0	1,393578E+0
20220916 20:17:20,026	c_0_2208_20220916_20_17_20,026.bmp	1,430076E+0	7,984822E-1	3,700242E-3	8,388745E-3	-6,786918E-3	-3,624835E-4	1,385405E+0	1,383347E+0
20220916 20:17:26,029	c_0_2209_20220916_20_17_26,029.bmp	1,454252E+0	8,188528E-1	7,518835E-3	8,388745E-3	-6,786918E-3	7,286736E-3	1,390502E+0	1,383347E+0
20220916 20:17:32,034	c_0_2210_20220916_20_17_32,034.bmp	1,480972E+0	8,392233E-1	3,700242E-3	1,094073E-2	-4,242803E-3	-5,461963E-3	1,382857E+0	1,385905E+0
20220916 20:17:38,035	c_0_2211_20220916_20_17_38,035.bmp	1,506420E+0	8,557744E-1	2,427377E-3	1,094073E-2	-9,331032E-3	-2,912223E-3	1,387954E+0	1,396136E+0
20220916 20:17:44,038	c_0_2212_20220916_20_17_44,038.bmp	1,528051E+0	8,748718E-1	7,518835E-3	7,112750E-3	-4,242803E-3	2,003543E-2	1,390502E+0	1,380789E+0
20220916 20:17:50,043	c_0_2213_20220916_20_17_50,043.bmp	1,552227E+0	8,965155E-1	4,973106E-3	1,094073E-2	-9,331032E-3	-3,624835E-4	1,387954E+0	1,383347E+0
20220916 20:17:56,043	c_0_2214_20220916_20_17_56,043.bmp	1,573858E+0	9,143397E-1	8,791700E-3	1,094073E-2	-9,331032E-3	-2,912223E-3	1,390502E+0	1,388463E+0
20220916 20:18:02,044	c_0_2215_20220916_20_18_02,044.bmp	1,598033E+0	9,321639E-1	6,245971E-3	1,221673E-2	-4,242803E-3	-2,912223E-3	1,390502E+0	1,396136E+0
20220916 20:18:08,045	c_0_2216_20220916_20_18_08,045.bmp	1,614574E+0	9,550808E-1	7,518835E-3	8,388745E-3	-6,786918E-3	-5,461963E-3	1,390502E+0	1,383347E+0
20220916 20:18:14,045	c_0_2217_20220916_20_18_14,045.bmp	1,631116E+0	9,767245E-1	6,245971E-3	1,094073E-2	-1,187515E-2	2,187256E-3	1,387954E+0	1,388463E+0
20220916 20:18:20,047	c_0_2218_20220916_20_18_20,047.bmp	1,645112E+0	9,932756E-1	8,791700E-3	1,349272E-2	-1,696338E-2	-1,311118E-2	1,395599E+0	1,393578E+0
20220916 20:18:26,051	c_0_2219_20220916_20_18_26,051.bmp	1,655291E+0	1,014919E+0	7,518835E-3	1,094073E-2	-4,242803E-3	-3,624835E-4	1,387954E+0	1,388463E+0
20220916 20:18:32,052	c_0_2220_20220916_20_18_32,052.bmp	1,664198E+0	1,032743E+0	8,791700E-3	1,349272E-2	-1,950749E-2	-1,056144E-2	1,398148E+0	1,388463E+0
20220916 20:18:38,052	c_0_2221_20220916_20_18_38,052.bmp	1,666743E+0	1,059480E+0	3,700242E-3	1,094073E-2	3,389540E-3	-3,624835E-4	1,385405E+0	1,388463E+0
20220916 20:18:44,054	c_0_2222_20220916_20_18_44,054.bmp	1,661653E+0	1,078577E+0	6,245971E-3	8,388745E-3	-4,242803E-3	2,187256E-3	1,387954E+0	1,383347E+0
20220916 20:18:50,055	c_0_2223_20220916_20_18_50,055.bmp	1,660381E+0	1,096401E+0	7,518835E-3	8,388745E-3	-6,786918E-3	2,187256E-3	1,387954E+0	1,383347E+0
20220916 20:18:56,058	c_0_2224_20220916_20_18_56,058.bmp	1,664198E+0	1,116772E+0	3,700242E-3	8,388745E-3	8,454256E-4	1,238622E-2	1,385405E+0	1,388463E+0
20220916 20:19:02,059	c_0_2225_20220916_20_19_02,059.bmp	1,661653E+0	1,139689E+0	3,700242E-3	7,112750E-3	8,477769E-3	2,187256E-3	1,382857E+0	1,383347E+0
20220916 20:19:08,060	c_0_2226_20220916_20_19_08,060.bmp	1,660381E+0	1,156240E+0	1,006456E-2	1,094073E-2	-1,441926E-2	-8,011703E-3	1,390502E+0	1,388463E+0
20220916 20:19:14,062	c_0_2227_20220916_20_19_14,062.bmp	1,668015E+0	1,175337E+0	7,518835E-3	1,094073E-2	-9,331032E-3	-8,011703E-3	1,387954E+0	1,388463E+0
20220916 20:19:20,064	c_0_2228_20220916_20_19_20,064.bmp	1,669288E+0	1,195708E+0	7,518835E-3	1,094073E-2	-9,331032E-3	-2,912223E-3	1,387954E+0	1,388463E+0
20220916 20:19:26,068	c_0_2229_20220916_20_19_26,068.bmp	1,664198E+0	1,218625E+0	3,700242E-3	5,836756E-3	-1,698689E-3	-3,624835E-4	1,382857E+0	1,388463E+0
20220916 20:19:32,068	c_0_2230_20220916_20_19_32,068.bmp	1,669288E+0	1,237722E+0	2,427377E-3	8,388745E-3	-1,698689E-3	-8,011703E-3	1,382857E+0	1,391021E+0
20220916 20:19:38,069	c_0_2231_20220916_20_19_38,069.bmp	1,632388E+0	1,259366E+0	3,700242E-3	5,836756E-3	8,454256E-4	2,187256E-3	1,382857E+0	1,388463E+0
20220916 20:19:44,072	c_0_2232_20220916_20_19_44,072.bmp	1,582764E+0	1,274644E+0	8,791700E-3	1,094073E-2	-1,187515E-2	-8,011703E-3	1,387954E+0	1,388463E+0
20220916 20:19:50,073	c_0_2233_20220916_20_19_50,073.bmp	1,403355E+0	1,295014E+0	7,518835E-3	1,094073E-2	-6,786918E-3	-2,912223E-3	1,387954E+0	1,388463E+0
20220916 20:19:56,076	c_0_2234_20220916_20_19_56,076.bmp	1,407173E+0	1,315385E+0	6,245971E-3	1,094073E-2	3,389540E-3	-5,461963E-3	1,387954E+0	1,388463E+0
20220916 20:20:02,080	c_0_2235_20220916_20_20_02,080.bmp	1,412262E+0	1,331936E+0	1,006456E-2	1,349272E-2	-6,786918E-3	-2,076040E-2	1,395599E+0	1,393578E+0
20220916 20:20:08,081	c_0_2236_20220916_20_20_08,081.bmp	1,417352E+0	1,352306E+0	1,133743E-2	1,094073E-2	-1,187515E-2	2,187256E-3	1,395599E+0	1,388463E+0
20220916 20:20:14,084	c_0_2237_20220916_20_20_14,084.bmp	1,423714E+0	1,376496E+0	7,518835E-3	9,664739E-3	-6,786918E-3	-5,461963E-3	1,387954E+0	1,388463E+0
20220916 20:20:20,084	c_0_2238_20220916_20_20_20,084.bmp	1,360094E+0	1,394321E+0	8,791700E-3	1,094073E-2	-1,696338E-2	-3,624835E-4	1,395599E+0	1,385905E+0
20220916 20:20:26,085	c_0_2239_20220916_20_20_26,085.bmp	1,290112E+0	1,419784E+0	3,700242E-3	7,112750E-3	5,933654E-3	-3,624835E-4	1,385405E+0	1,380789E+0
20220916 20:20:32,085	c_0_2240_20220916_20_20_32,085.bmp	1,248122E+0	1,438881E+0	1,154512E-3	8,388745E-3	-6,786918E-3	7,286736E-3	1,385405E+0	1,383347E+0
20220916 20:20:38,088	c_0_2241_20220916_20_20_38,088.bmp	1,244305E+0	1,456705E+0	6,245971E-3	1,094073E-2	-1,187515E-2	-5,461963E-3	1,390502E+0	1,388463E+0
20220916 20:20:44,089	c_0_2242_20220916_20_20_44,089.bmp	1,257029E+0	1,475803E+0	2,427377E-3	1,094073E-2	8,454256E-4	-2,912223E-3	1,382857E+0	1,388463E+0
20220916 20:20:50,091	c_0_2243_20220916_20_20_50,091.bmp	1,265936E+0	1,496173E+0	6,245971E-3	1,094073E-2	-9,331032E-3	9,836476E-3	1,390502E+0	1,388463E+0
20220916 20:20:56,094	c_0_2244_20220916_20_20_56,094.bmp	1,282477E+0	1,516544E+0	3,700242E-3	1,094073E-2	-6,786918E-3	2,187256E-3	1,387954E+0	1,388463E+0
20220916 20:21:02,099	c_0_2245_20220916_20_21_02,099.bmp	1,291384E+0	1,536914E+0	1,006456E-2	9,664739E-3	-2,459572E-2	-5,461963E-3	1,387954E+0	1,388463E+0
20220916 20:21:08,099	c_0_2246_20220916_20_21_08,099.bmp	1,310470E+0	1,554739E+0	7,518835E-3	1,476871E-2	-1,187515E-2	-1,566092E-2	1,387954E+0	1,396136E+0
20220916 20:21:14,099	c_0_2247_20220916_20_21_14,099.bmp	1,328284E+0	1,575109E+0	3,700242E-3	1,094073E-2	-6,786918E-3	-5,461963E-3	1,385405E+0	1,388463E+0
20220916 20:21:20,104	c_0_2248_20220916_20_21_20,104.bmp	1,341008E+0	1,595480E+0	4,973106E-3	1,094073E-2	1,102188E-2	-2,912223E-3	1,390502E+0	1,388463E+0
20220916 20:21:26,108	c_0_2249_20220916_20_21_26,108.bmp	1,358821E+0	1,614577E+0	7,518835E-3	1,349272E-2	-6,786918E-3	-1,311118E-2	1,390502E+0	1,396136E+0
20220916 20:21:32,108	c_0_2250_20220916_20_21_32,108.bmp	1,377907E+0	1,638767E+0	2,427377E-3	1,094073E-2	-9,331032E-3	-5,461963E-3	1,382857E+0	1,388463E+0
20220916 20:21:38,111	c_0_2251_20220916_20_21_38,111.bmp	1,395721E+0	1,656591E+0	3,700242E-3	9,664739E-3	-4,242803E-3	-3,624835E-4	1,390502E+0	1,388463E+0
20220916 20:21:44,112	c_0_2252_20220916_20_21_44,112.bmp	1,407173E+0	1,676962E+0	2,427377E-3	7,112750E-3	3,389540E-3	-5,461963E-3	1,382857E+0	1,383347E+0
20220916 20:21:50,114	c_0_2253_20220916_20_21_50,114.bmp	1,426259E+0	1,692240E+0	7,518835E-3	1,476871E-2	-1,696338E-2	-8,011703E-3	1,398148E+0	1,393578E+0
20220916 20:21:56,115	c_0_2254_20220916_20_21_56,115.bmp	1,442800E+0	1,716430E+0	7,518835E-3	1,094073E-2	-2,459572E-2	-8,011703E-3	1,387954E+0	1,388463E+0
20220916 20:22:02,116	c_0_2255_20220916_20_22_02,116.bmp	1,458069E+0	1,736800E+0	6,245971E-3	1,476871E-2	-6,786918E-3	-1,056144E-2	1,387954E+0	1,396136E+0
20220916 20:22:08,118	c_0_2256_20220916_20_22_08,118.bmp	1,475882E+0	1,758444E+0	3,700242E-3	8,388745E-3	-1,441926E-2	2,187256E-3	1,382857E+0	1,383347E+0
20220916 20:22:14,119	c_0_2257_20220916_20_22_14,119.bmp	1,486062E+0	1,772449E+0	1,006456E-2	1,349272E-2	-1,696338E-2	-1,311118E-2	1,398148E+0	1,396136E+0
20220916 20:22:20,119	c_0_2258_20220916_20_22_20,119.bmp	1,502603E+0	1,795366E+0	7,518835E-3	7,112750E-3	-2,205160E-2	-5,461963E-3	1,387954E+0	1,383347E+0
20220916 20:22:26,122	c_0_2259_20220916_20_22_26,122.bmp	1,517872E+0	1,818283E+0	3,700242E-3	9,664739E-3	-9,331032E-3	-8,011703E-3	1,385405E+0	1,388463E+0
20220916 20:22:32,126	c_0_2260_20220916_20_22_32,126.bmp	1,530596E+0	1,834834E+0	7,518835E-3	1,094073E-2	-1,187515E-2	-8,011703E-3	1,387954E+0	1,396136E+0
20220916 20:22:38,126	c_0_2261_20220916_20_22_38,126.bmp	1,535685E+0	1,855204E+0	6,245971E-3	1,094073E-2	-1,441926E-2	-2,912223E-3	1,387954E+0	1,388463E+0
20220916 20:22:44,127	c_0_2262_20220916_20_22_44,127.bmp	1,538230E+0	1,879394E+0	7,518835E-3	8,388745E-3	5,933654E-3	7,286736E-3	1,382857E+0	1,388463E+0
20220916 20:22:50,130	c_0_2263_20220916_20_22_50,130.bmp	1,533141E+0	1,893399E+0	6,245971E-3	1,476871E-2	-1,698689E-3	-1,056144E-2	1,387954E+0	1,393578E+0
20220916 20:22:56,131	c_0_2264_20220916_20_22_56,131.bmp	1,475882E+0	1,912496E+0	7,518835E-3	1,349272E-2	-1,696338E-2	-1,311118E-2	1,387954E+0	1,393578E+0
20220916 20:23:02,135	c_0_2265_20220916_20_23_02,135.bmp	1,437710E+0	1,934140E+0	6,245971E-3	1,094073E-2	-1,698689E-3	-8,011703E-3	1,390502E+0	1,396136E+0
20220916 20:23:08,139	c_0_2266_20220916_20_23_08,139.bmp	1,432621E+0	1,951964E+0	1,006456E-2	1,349272E-2	-6,786918E-3	-2,912223E-3	1,398148E+0	1,393578E+0
20220916 20:23:14,139	c_0_2267_20220916_20_23_14,139.bmp	1,436438E+0	1,976154E+0	8,791700E-3	1,094073E-2	2,374246E-2	-2,912223E-3	1,390502E+0	1,383347E+0
20220916 20:23:20,142	c_0_2268_20220916_20_23_20,142.bmp	1,450434E+0	1,995252E+0	6,245971E-3	1,094073E-2	-6,786918E-3	-5,461963E-3	1,387954E+0	1,388463E+0
20220916 20:23:26,145	c_0_2269_20220916_20_23_26,145.bmp	1,466976E+0	2,015622E+0	6,245971E-3	1,094073E-2	-1,950749E-2	-8,011703E-3	1,387954E+0	1,388463E+0
20220916 20:23:32,145	c_0_2270_20220916_20_23_32,145.bmp	1,480972E+0	2,034720E+0	3,700242E-3	1,094073E-2	-6,786918E-3	-1,056144E-2	1,390502E+0	1,385905E+0
20220916 20:23:38,150	c_0_2271_20220916_20_23_38,150.bmp	1,494968E+0	2,055090E+0	7,518835E-3	5,836756E-3	8,454256E-4	-2,912223E-3	1,390502E+0	1,380789E+0
20220916 20:23:44,151	c_0_2272_20220916_20_23_44,151.bmp	1,507693E+0	2,075461E+0	7,518835E-3	1,094073E-2	-1,441926E-2	2,187256E-3	1,387954E+0	1,385905E+0
20220916 20:23:50,154	c_0_2273_20220916_20_23_50,154.bmp	1,521689E+0	2,095831E+0	7,518835E-3	1,349272E-2	3,389540E-3	-1,311118E-2	1,390502E+0	1,396136E+0
20220916 20:23:56,155	c_0_2274_20220916_20_23_56,155.bmp	1,534413E+0	2,111109E+0	1,006456E-2	1,349272E-2	-1,441926E-2	-8,011703E-3	1,395599E+0	1,388463E+0
20220916 20:24:02,159	c_0_2275_20220916_20_24_02,159.bmp	1,556044E+0	2,132753E+0	6,245971E-3	1,476871E-2	-9,331032E-3	-5,461963E-3	1,398148E+0	1,396136E+0
20220916 20:24:08,159	c_0_2276_20220916_20_24_08,159.bmp	1,568768E+0	2,153123E+0	6,245971E-3	1,349272E-2	-6,786918E-3	-8,011703E-3	1,390502E+0	1,396136E+0
20220916 20:24:14,161	c_0_2277_20220916_20_24_14,161.bmp	1,584037E+0	2,179860E+0	2,427377E-3	7,112750E-3	3,389540E-3	-3,624835E-4	1,382857E+0	1,383347E+0
20220916 20:24:20,164	c_0_2278_20220916_20_24_20,164.bmp	1,596761E+0	2,191318E+0	1,006456E-2	1,349272E-2	-9,331032E-3	-8,011703E-3	1,395599E+0	1,396136E+0
20220916 20:24:26,164	c_0_2279_20220916_20_24_26,164.bmp	1,614574E+0	2,219328E+0	6,245971E-3	8,388745E-3	-6,786918E-3	4,736996E-3	1,382857E+0	1,383347E+0
20220916 20:24:32,168	c_0_2280_20220916_20_24_32,168.bmp	1,623481E+0	2,234606E+0	1,006456E-2	1,094073E-2	-1,441926E-2	2,187256E-3	1,387954E+0	1,385905E+0
20220916 20:24:38,172	c_0_2281_20220916_20_24_38,172.bmp	1,640022E+0	2,256249E+0	1,006456E-2	9,664739E-3	-9,331032E-3	-8,011703E-3	1,387954E+0	1,385905E+0
20220916 20:24:44,176	c_0_2282_20220916_20_24_44,176.bmp	1,657836E+0	2,272800E+0	4,973106E-3	7,112750E-3	-9,331032E-3	7,286736E-3	1,390502E+0	1,383347E+0
20220916 20:24:50,177	c_0_2283_20220916_20_24_50,177.bmp	1,668015E+0	2,293171E+0	1,006456E-2	1,094073E-2	-1,441926E-2	-1,056144E-2	1,390502E+0	1,388463E+0
20220916 20:24:56,178	c_0_2284_20220916_20_24_56,178.bmp	1,682012E+0	2,309722E+0	7,518835E-3	1,476871E-2	-3,222806E-2	-1,056144E-2	1,395599E+0	1,393578E+0
20220916 20:25:02,178	c_0_2285_20220916_20_25_02,178.bmp	1,690919E+0	2,339005E+0	7,518835E-3	7,112750E-3	-1,698689E-3	2,187256E-3	1,382857E+0	1,380789E+0
20220916 20:25:08,180	c_0_2286_20220916_20_25_08,180.bmp	1,685829E+0	2,353009E+0	1,006456E-2	1,349272E-2	-1,698689E-3	-5,461963E-3	1,398148E+0	1,388463E+0
20220916 20:25:14,180	c_0_2287_20220916_20_25_14,180.bmp	1,650202E+0	2,374653E+0	6,245971E-3	9,664739E-3	-9,331032E-3	2,187256E-3	1,387954E+0	1,388463E+0
20220916 20:25:20,184	c_0_2288_20220916_20_25_20,184.bmp	1,609485E+0	2,393750E+0	7,518835E-3	1,094073E-2	-9,331032E-3	-1,056144E-2	1,390502E+0	1,388463E+0
20220916 20:25:26,188	c_0_2289_20220916_20_25_26,188.bmp	1,564951E+0	2,419214E+0	3,700242E-3	5,836756E-3	8,454256E-4	-1,821066E-2	1,385405E+0	1,380789E+0
20220916 20:25:32,191	c_0_2290_20220916_20_25_32,191.bmp	1,515327E+0	2,431945E+0	8,791700E-3	1,094073E-2	-1,696338E-2	-5,461963E-3	1,395599E+0	1,385905E+0
20220916 20:25:38,195	c_0_2291_20220916_20_25_38,195.bmp	1,465703E+0	2,453589E+0	7,518835E-3	1,476871E-2	-1,187515E-2	-2,840962E-2	1,387954E+0	1,396136E+0
20220916 20:25:44,196	c_0_2292_20220916_20_25_44,196.bmp	1,398266E+0	2,471413E+0	1,133743E-2	1,221673E-2	-1,187515E-2	-8,011703E-3	1,395599E+0	1,396136E+0
20220916 20:25:50,197	c_0_2293_20220916_20_25_50,197.bmp	1,338463E+0	2,491784E+0	8,791700E-3	1,094073E-2	-1,187515E-2	-2,912223E-3	1,395599E+0	1,388463E+0
20220916 20:25:56,199	c_0_2294_20220916_20_25_56,199.bmp	1,017817E+0	2,515974E+0	6,245971E-3	1,094073E-2	-4,242803E-3	-8,011703E-3	1,387954E+0	1,388463E+0
20220916 20:26:02,205	c_0_2295_20220916_20_26_02,205.bmp	8,345911E-1	2,533798E+0	8,791700E-3	1,094073E-2	-9,331032E-3	2,187256E-3	1,390502E+0	1,396136E+0
20220916 20:26:08,206	c_0_2296_20220916_20_26_08,206.bmp	8,205946E-1	2,551622E+0	8,791700E-3	1,349272E-2	-2,459572E-2	-1,056144E-2	1,398148E+0	1,396136E+0
20220916 20:26:14,208	c_0_2297_20220916_20_26_14,208.bmp	8,205946E-1	2,570719E+0	6,245971E-3	1,476871E-2	-4,242803E-3	-1,056144E-2	1,387954E+0	1,393578E+0
20220916 20:26:20,212	c_0_2298_20220916_20_26_20,212.bmp	8,282291E-1	2,596183E+0	3,700242E-3	1,094073E-2	8,454256E-4	-5,461963E-3	1,385405E+0	1,385905E+0
20220916 20:26:26,215	c_0_2299_20220916_20_26_26,215.bmp	8,269567E-1	2,611461E+0	1,006456E-2	1,476871E-2	-1,950749E-2	-1,056144E-2	1,398148E+0	1,388463E+0
20220916 20:26:32,217	c_0_2300_20220916_20_26_32,217.bmp	8,345911E-1	2,634377E+0	7,518835E-3	1,094073E-2	-1,187515E-2	-1,056144E-2	1,387954E+0	1,396136E+0
20220916 20:26:38,218	c_0_2301_20220916_20_26_38,218.bmp	8,384083E-1	2,656021E+0	7,518835E-3	1,094073E-2	-1,187515E-2	-1,311118E-2	1,390502E+0	1,388463E+0
20220916 20:26:44,220	c_0_2302_20220916_20_26_44,220.bmp	8,447703E-1	2,672572E+0	7,518835E-3	1,349272E-2	-9,331032E-3	-8,011703E-3	1,398148E+0	1,396136E+0
20220916 20:26:50,227	c_0_2303_20220916_20_26_50,227.bmp	8,524047E-1	2,695489E+0	2,427377E-3	1,094073E-2	3,389540E-3	7,286736E-3	1,385405E+0	1,388463E+0
20220916 20:26:56,227	c_0_2304_20220916_20_26_56,227.bmp	8,498599E-1	2,714586E+0	8,791700E-3	1,094073E-2	-1,441926E-2	-5,461963E-3	1,390502E+0	1,388463E+0
20220916 20:27:02,227	c_0_2305_20220916_20_27_02,227.bmp	8,536771E-1	2,733684E+0	7,518835E-3	1,094073E-2	-6,786918E-3	-8,011703E-3	1,387954E+0	1,388463E+0
20220916 20:27:08,230	c_0_2306_20220916_20_27_08,230.bmp	8,600392E-1	2,755328E+0	6,245971E-3	1,094073E-2	-4,242803E-3	7,286736E-3	1,387954E+0	1,383347E+0
20220916 20:27:14,230	c_0_2307_20220916_20_27_14,230.bmp	8,613116E-1	2,771879E+0	1,006456E-2	1,094073E-2	-1,696338E-2	-1,311118E-2	1,395599E+0	1,388463E+0
20220916 20:27:20,230	c_0_2308_20220916_20_27_20,230.bmp	8,714908E-1	2,797342E+0	4,973106E-3	7,112750E-3	-1,698689E-3	-5,461963E-3	1,382857E+0	1,388463E+0
20220916 20:27:26,235	c_0_2309_20220916_20_27_26,235.bmp	8,714908E-1	2,816439E+0	7,518835E-3	7,112750E-3	-1,441926E-2	-3,624835E-4	1,385405E+0	1,383347E+0
20220916 20:27:32,238	c_0_2310_20220916_20_27_32,238.bmp	8,753080E-1	2,834263E+0	8,791700E-3	1,094073E-2	-6,786918E-3	-8,011703E-3	1,387954E+0	1,380789E+0
20220916 20:27:38,241	c_0_2311_20220916_20_27_38,241.bmp	8,842148E-1	2,855907E+0	7,518835E-3	1,476871E-2	5,933654E-3	-2,912223E-3	1,387954E+0	1,396136E+0
20220916 20:27:44,246	c_0_2312_20220916_20_27_44,246.bmp	8,867596E-1	2,872458E+0	1,006456E-2	1,349272E-2	-2,459572E-2	-2,912223E-3	1,395599E+0	1,396136E+0
20220916 20:27:50,246	c_0_2313_20220916_20_27_50,246.bmp	9,020285E-1	2,897921E+0	3,700242E-3	1,094073E-2	3,389540E-3	-5,461963E-3	1,382857E+0	1,388463E+0
20220916 20:27:56,250	c_0_2314_20220916_20_27_56,250.bmp	9,058457E-1	2,918292E+0	7,518835E-3	8,388745E-3	-1,696338E-2	7,286736E-3	1,385405E+0	1,383347E+0
20220916 20:28:02,254	c_0_2315_20220916_20_28_02,254.bmp	9,096629E-1	2,934843E+0	6,245971E-3	1,476871E-2	-6,786918E-3	-2,912223E-3	1,390502E+0	1,396136E+0
20220916 20:28:08,256	c_0_2316_20220916_20_28_08,256.bmp	9,172973E-1	2,951394E+0	1,006456E-2	1,349272E-2	-1,187515E-2	-1,311118E-2	1,398148E+0	1,396136E+0
20220916 20:28:14,256	c_0_2317_20220916_20_28_14,256.bmp	9,223869E-1	2,970491E+0	1,006456E-2	1,094073E-2	-1,441926E-2	-8,011703E-3	1,395599E+0	1,388463E+0
20220916 20:28:20,260	c_0_2318_20220916_20_28_20,260.bmp	9,389282E-1	2,995955E+0	4,973106E-3	1,094073E-2	8,454256E-4	-8,011703E-3	1,385405E+0	1,388463E+0
20220916 20:28:26,263	c_0_2319_20220916_20_28_26,263.bmp	9,376558E-1	3,015052E+0	7,518835E-3	1,094073E-2	-6,786918E-3	2,187256E-3	1,390502E+0	1,383347E+0
20220916 20:28:32,264	c_0_2320_20220916_20_28_32,264.bmp	9,516522E-1	3,037969E+0	3,700242E-3	1,094073E-2	8,454256E-4	-8,011703E-3	1,385405E+0	1,388463E+0
20220916 20:28:38,265	c_0_2321_20220916_20_28_38,265.bmp	9,554694E-1	3,050700E+0	7,518835E-3	1,349272E-2	-1,441926E-2	-1,056144E-2	1,398148E+0	1,388463E+0
20220916 20:28:44,265	c_0_2322_20220916_20_28_44,265.bmp	9,618314E-1	3,076164E+0	1,154512E-3	7,112750E-3	8,454256E-4	-3,624835E-4	1,382857E+0	1,383347E+0
20220916 20:28:50,268	c_0_2323_20220916_20_28_50,268.bmp	9,694659E-1	3,091441E+0	7,518835E-3	1,604471E-2	-1,187515E-2	-1,056144E-2	1,395599E+0	1,393578E+0
20220916 20:28:56,270	c_0_2324_20220916_20_28_56,270.bmp	9,771003E-1	3,113085E+0	1,006456E-2	1,094073E-2	-6,786918E-3	2,187256E-3	1,390502E+0	1,388463E+0
20220916 20:29:02,270	c_0_2325_20220916_20_29_02,270.bmp	9,834623E-1	3,133456E+0	6,245971E-3	1,094073E-2	-1,441926E-2	-1,311118E-2	1,390502E+0	1,396136E+0
20220916 20:29:08,270	c_0_2326_20220916_20_29_08,270.bmp	9,961863E-1	3,157646E+0	2,427377E-3	1,094073E-2	-1,187515E-2	-1,056144E-2	1,385405E+0	1,388463E+0
20220916 20:29:14,274	c_0_2327_20220916_20_29_14,274.bmp	1,003821E+0	3,178016E+0	1,154512E-3	5,836756E-3	-1,698689E-3	2,187256E-3	1,382857E+0	1,388463E+0
20220916 20:29:20,279	c_0_2328_20220916_20_29_20,279.bmp	1,007638E+0	3,192021E+0	1,006456E-2	1,349272E-2	-1,950749E-2	-1,821066E-2	1,398148E+0	1,393578E+0
20220916 20:29:26,280	c_0_2329_20220916_20_29_26,280.bmp	1,017817E+0	3,211118E+0	1,133743E-2	1,476871E-2	-1,187515E-2	-1,056144E-2	1,398148E+0	1,388463E+0
20220916 20:29:32,281	c_0_2330_20220916_20_29_32,281.bmp	1,022907E+0	3,230216E+0	8,791700E-3	1,221673E-2	-1,696338E-2	2,187256E-3	1,395599E+0	1,385905E+0
20220916 20:29:38,281	c_0_2331_20220916_20_29_38,281.bmp	1,034358E+0	3,258225E+0	3,700242E-3	8,388745E-3	8,454256E-4	7,286736E-3	1,385405E+0	1,383347E+0
20220916 20:29:44,281	c_0_2332_20220916_20_29_44,281.bmp	1,038176E+0	3,276050E+0	8,791700E-3	1,094073E-2	-6,786918E-3	-1,056144E-2	1,395599E+0	1,388463E+0
20220916 20:29:50,286	c_0_2333_20220916_20_29_50,286.bmp	1,048355E+0	3,296420E+0	3,700242E-3	8,388745E-3	3,389540E-3	1,238622E-2	1,385405E+0	1,380789E+0
20220916 20:29:56,287	c_0_2334_20220916_20_29_56,287.bmp	1,048355E+0	3,310425E+0	8,791700E-3	1,094073E-2	-1,187515E-2	1,493596E-2	1,395599E+0	1,385905E+0
20220916 20:30:02,292	c_0_2335_20220916_20_30_02,292.bmp	1,057262E+0	3,333342E+0	8,791700E-3	1,094073E-2	-4,242803E-3	2,187256E-3	1,390502E+0	1,388463E+0
20220916 20:30:08,296	c_0_2336_20220916_20_30_08,296.bmp	1,064896E+0	3,354985E+0	1,006456E-2	1,094073E-2	-1,950749E-2	-8,011703E-3	1,387954E+0	1,388463E+0
20220916 20:30:14,297	c_0_2337_20220916_20_30_14,297.bmp	1,078893E+0	3,375356E+0	2,427377E-3	1,094073E-2	-4,242803E-3	-2,912223E-3	1,385405E+0	1,388463E+0
20220916 20:30:20,302	c_0_2338_20220916_20_30_20,302.bmp	1,082710E+0	3,397000E+0	3,700242E-3	8,388745E-3	-6,786918E-3	7,286736E-3	1,385405E+0	1,388463E+0
20220916 20:30:26,305	c_0_2339_20220916_20_30_26,305.bmp	1,087799E+0	3,414824E+0	7,518835E-3	1,094073E-2	-1,187515E-2	-2,912223E-3	1,390502E+0	1,385905E+0
20220916 20:30:32,306	c_0_2340_20220916_20_30_32,306.bmp	1,094161E+0	3,433921E+0	8,791700E-3	1,094073E-2	-1,441926E-2	-1,056144E-2	1,387954E+0	1,388463E+0
20220916 20:30:38,311	c_0_2341_20220916_20_30_38,311.bmp	1,103068E+0	3,449199E+0	8,791700E-3	1,221673E-2	-1,698689E-3	-5,461963E-3	1,398148E+0	1,388463E+0
20220916 20:30:44,313	c_0_2342_20220916_20_30_44,313.bmp	1,120882E+0	3,474662E+0	7,518835E-3	1,094073E-2	-9,331032E-3	-5,461963E-3	1,387954E+0	1,388463E+0
20220916 20:30:50,313	c_0_2343_20220916_20_30_50,313.bmp	1,124699E+0	3,497579E+0	3,700242E-3	7,112750E-3	-1,441926E-2	-2,912223E-3	1,382857E+0	1,380789E+0
20220916 20:30:56,318	c_0_2344_20220916_20_30_56,318.bmp	1,131061E+0	3,510311E+0	8,791700E-3	9,664739E-3	-1,696338E-2	-1,311118E-2	1,395599E+0	1,388463E+0
20220916 20:31:02,322	c_0_2345_20220916_20_31_02,322.bmp	1,142513E+0	3,533228E+0	6,245971E-3	1,094073E-2	-1,698689E-3	-3,624835E-4	1,387954E+0	1,385905E+0
20220916 20:31:08,323	c_0_2346_20220916_20_31_08,323.bmp	1,150147E+0	3,553598E+0	7,518835E-3	8,388745E-3	-6,786918E-3	2,187256E-3	1,387954E+0	1,383347E+0
20220916 20:31:14,329	c_0_2347_20220916_20_31_14,329.bmp	1,155237E+0	3,573969E+0	6,245971E-3	1,476871E-2	8,454256E-4	-8,011703E-3	1,387954E+0	1,396136E+0
20220916 20:31:20,329	c_0_2348_20220916_20_31_20,329.bmp	1,164144E+0	3,596886E+0	1,154512E-3	7,112750E-3	-2,205160E-2	-2,912223E-3	1,385405E+0	1,388463E+0
20220916 20:31:26,330	c_0_2349_20220916_20_31_26,330.bmp	1,170506E+0	3,613437E+0	7,518835E-3	8,388745E-3	-4,242803E-3	4,736996E-3	1,390502E+0	1,383347E+0
20220916 20:31:32,334	c_0_2350_20220916_20_31_32,334.bmp	1,176868E+0	3,633807E+0	1,006456E-2	9,664739E-3	-2,459572E-2	-3,624835E-4	1,398148E+0	1,388463E+0
20220916 20:31:38,338	c_0_2351_20220916_20_31_38,338.bmp	1,184502E+0	3,654178E+0	1,006456E-2	1,094073E-2	-1,441926E-2	-2,912223E-3	1,387954E+0	1,388463E+0
20220916 20:31:44,338	c_0_2352_20220916_20_31_44,338.bmp	1,192136E+0	3,673275E+0	7,518835E-3	1,094073E-2	-1,187515E-2	-1,056144E-2	1,390502E+0	1,383347E+0
20220916 20:31:50,340	c_0_2353_20220916_20_31_50,340.bmp	1,206133E+0	3,697465E+0	3,700242E-3	1,094073E-2	-9,331032E-3	-8,011703E-3	1,385405E+0	1,388463E+0
20220916 20:31:56,341	c_0_2354_20220916_20_31_56,341.bmp	1,212495E+0	3,715289E+0	7,518835E-3	7,112750E-3	-9,331032E-3	-5,461963E-3	1,387954E+0	1,383347E+0
20220916 20:32:02,345	c_0_2355_20220916_20_32_02,345.bmp	1,213767E+0	3,738206E+0	3,700242E-3	1,094073E-2	-1,698689E-3	-3,624835E-4	1,382857E+0	1,388463E+0
20220916 20:32:08,350	c_0_2356_20220916_20_32_08,350.bmp	1,212495E+0	3,749665E+0	6,245971E-3	1,349272E-2	-1,696338E-2	-8,011703E-3	1,387954E+0	1,393578E+0
20220916 20:32:14,350	c_0_2357_20220916_20_32_14,350.bmp	1,213767E+0	3,777674E+0	4,973106E-3	7,112750E-3	1,102188E-2	2,187256E-3	1,385405E+0	1,388463E+0
20220916 20:32:20,350	c_0_2358_20220916_20_32_20,350.bmp	1,204860E+0	3,792952E+0	1,006456E-2	1,094073E-2	-1,696338E-2	-8,011703E-3	1,387954E+0	1,388463E+0
20220916 20:32:26,352	c_0_2359_20220916_20_32_26,352.bmp	1,212495E+0	3,815869E+0	3,700242E-3	1,094073E-2	-4,242803E-3	-1,821066E-2	1,387954E+0	1,388463E+0
20220916 20:32:32,352	c_0_2360_20220916_20_32_32,352.bmp	1,211223E+0	3,829874E+0	1,006456E-2	1,349272E-2	-1,696338E-2	-3,624835E-4	1,398148E+0	1,396136E+0
20220916 20:32:38,355	c_0_2361_20220916_20_32_38,355.bmp	1,217585E+0	3,854064E+0	7,518835E-3	1,094073E-2	-9,331032E-3	-2,912223E-3	1,390502E+0	1,388463E+0
20220916 20:32:44,356	c_0_2362_20220916_20_32_44,356.bmp	1,221402E+0	3,871888E+0	7,518835E-3	8,388745E-3	-4,242803E-3	1,238622E-2	1,387954E+0	1,383347E+0
20220916 20:32:50,360	c_0_2363_20220916_20_32_50,360.bmp	1,220129E+0	3,892258E+0	8,791700E-3	1,476871E-2	-1,696338E-2	2,187256E-3	1,398148E+0	1,393578E+0
20220916 20:32:56,364	c_0_2364_20220916_20_32_56,364.bmp	1,231581E+0	3,917722E+0	4,973106E-3	7,112750E-3	-1,698689E-3	1,238622E-2	1,385405E+0	1,383347E+0
20220916 20:33:02,365	c_0_2365_20220916_20_33_02,365.bmp	1,226491E+0	3,935546E+0	8,791700E-3	1,094073E-2	-4,242803E-3	-2,912223E-3	1,390502E+0	1,388463E+0
20220916 20:33:08,369	c_0_2366_20220916_20_33_08,369.bmp	1,229036E+0	3,954643E+0	8,791700E-3	9,664739E-3	8,477769E-3	-1,056144E-2	1,387954E+0	1,385905E+0
20220916 20:33:14,371	c_0_2367_20220916_20_33_14,371.bmp	1,232853E+0	3,976287E+0	6,245971E-3	8,388745E-3	-9,331032E-3	2,187256E-3	1,382857E+0	1,383347E+0
20220916 20:33:20,374	c_0_2368_20220916_20_33_20,374.bmp	1,236671E+0	3,994111E+0	2,427377E-3	1,094073E-2	3,389540E-3	-8,011703E-3	1,390502E+0	1,388463E+0
20220916 20:33:26,378	c_0_2369_20220916_20_33_26,378.bmp	1,240488E+0	4,013209E+0	3,700242E-3	9,664739E-3	8,454256E-4	2,187256E-3	1,385405E+0	1,391021E+0
20220916 20:33:32,380	c_0_2370_20220916_20_33_32,380.bmp	1,236671E+0	4,036125E+0	3,700242E-3	7,112750E-3	1,102188E-2	2,187256E-3	1,382857E+0	1,380789E+0
20220916 20:33:38,383	c_0_2371_20220916_20_33_38,383.bmp	1,223947E+0	4,057769E+0	7,518835E-3	7,112750E-3	-1,441926E-2	9,836476E-3	1,382857E+0	1,383347E+0
20220916 20:33:44,384	c_0_2372_20220916_20_33_44,384.bmp	1,218857E+0	4,074320E+0	7,518835E-3	1,094073E-2	-9,331032E-3	-5,461963E-3	1,390502E+0	1,385905E+0
20220916 20:33:50,388	c_0_2373_20220916_20_33_50,388.bmp	1,183230E+0	4,094691E+0	7,518835E-3	7,112750E-3	-9,331032E-3	2,187256E-3	1,387954E+0	1,380789E+0
20220916 20:33:56,390	c_0_2374_20220916_20_33_56,390.bmp	7,735157E-1	4,115061E+0	6,245971E-3	1,094073E-2	-6,786918E-3	-1,056144E-2	1,390502E+0	1,385905E+0
20220916 20:34:02,391	c_0_2375_20220916_20_34_02,391.bmp	7,620641E-1	4,134159E+0	7,518835E-3	1,349272E-2	-9,331032E-3	-8,011703E-3	1,390502E+0	1,396136E+0
20220916 20:34:08,393	c_0_2376_20220916_20_34_08,393.bmp	7,658813E-1	4,154529E+0	2,427377E-3	1,094073E-2	-6,786918E-3	-5,461963E-3	1,387954E+0	1,391021E+0
20220916 20:34:14,396	c_0_2377_20220916_20_34_14,396.bmp	7,696985E-1	4,178719E+0	3,700242E-3	1,094073E-2	8,454256E-4	-8,011703E-3	1,385405E+0	1,388463E+0
20220916 20:34:20,396	c_0_2378_20220916_20_34_20,396.bmp	7,709709E-1	4,197817E+0	6,245971E-3	7,112750E-3	-6,786918E-3	-2,912223E-3	1,382857E+0	1,385905E+0
20220916 20:34:26,398	c_0_2379_20220916_20_34_26,398.bmp	7,747881E-1	4,215641E+0	4,973106E-3	1,094073E-2	8,454256E-4	-3,624835E-4	1,387954E+0	1,388463E+0
20220916 20:34:32,399	c_0_2380_20220916_20_34_32,399.bmp	7,786053E-1	4,233465E+0	4,973106E-3	1,476871E-2	8,477769E-3	-1,311118E-2	1,390502E+0	1,396136E+0
20220916 20:34:38,402	c_0_2381_20220916_20_34_38,402.bmp	7,786053E-1	4,253836E+0	1,006456E-2	1,094073E-2	-1,187515E-2	-8,011703E-3	1,395599E+0	1,388463E+0
20220916 20:34:44,407	c_0_2382_20220916_20_34_44,407.bmp	7,875122E-1	4,274206E+0	6,245971E-3	1,094073E-2	-1,698689E-3	-8,011703E-3	1,390502E+0	1,388463E+0
20220916 20:34:50,410	c_0_2383_20220916_20_34_50,410.bmp	7,887846E-1	4,294577E+0	6,245971E-3	1,094073E-2	-6,786918E-3	-2,912223E-3	1,390502E+0	1,388463E+0
20220916 20:34:56,414	c_0_2384_20220916_20_34_56,414.bmp	7,875122E-1	4,309855E+0	1,006456E-2	1,476871E-2	-1,441926E-2	-2,912223E-3	1,395599E+0	1,393578E+0
20220916 20:35:02,416	c_0_2385_20220916_20_35_02,416.bmp	7,926018E-1	4,336591E+0	6,245971E-3	8,388745E-3	-1,441926E-2	9,836476E-3	1,390502E+0	1,383347E+0
20220916 20:35:08,418	c_0_2386_20220916_20_35_08,418.bmp	7,900570E-1	4,355688E+0	1,006456E-2	1,094073E-2	-1,187515E-2	-3,624835E-4	1,387954E+0	1,388463E+0
20220916 20:35:14,422	c_0_2387_20220916_20_35_14,422.bmp	7,938742E-1	4,370966E+0	7,518835E-3	1,476871E-2	3,389540E-3	-2,076040E-2	1,390502E+0	1,393578E+0
20220916 20:35:20,424	c_0_2388_20220916_20_35_20,424.bmp	7,926018E-1	4,393883E+0	4,973106E-3	1,476871E-2	-9,331032E-3	-1,056144E-2	1,387954E+0	1,396136E+0
20220916 20:35:26,430	c_0_2389_20220916_20_35_26,430.bmp	7,900570E-1	4,415527E+0	6,245971E-3	8,388745E-3	-1,187515E-2	2,187256E-3	1,390502E+0	1,385905E+0
20220916 20:35:32,432	c_0_2390_20220916_20_35_32,432.bmp	7,887846E-1	4,430805E+0	1,006456E-2	1,349272E-2	-2,459572E-2	-5,461963E-3	1,398148E+0	1,396136E+0
20220916 20:35:38,435	c_0_2391_20220916_20_35_38,435.bmp	7,926018E-1	4,451175E+0	8,791700E-3	1,476871E-2	-1,187515E-2	-8,011703E-3	1,395599E+0	1,388463E+0
20220916 20:35:44,439	c_0_2392_20220916_20_35_44,439.bmp	7,938742E-1	4,471546E+0	1,006456E-2	1,476871E-2	-1,441926E-2	-1,056144E-2	1,395599E+0	1,396136E+0
20220916 20:35:50,439	c_0_2393_20220916_20_35_50,439.bmp	7,951466E-1	4,494463E+0	1,006456E-2	1,094073E-2	-9,331032E-3	-5,461963E-3	1,387954E+0	1,385905E+0
20220916 20:35:56,442	c_0_2394_20220916_20_35_56,442.bmp	8,065982E-1	4,513560E+0	2,427377E-3	1,094073E-2	-9,331032E-3	1,238622E-2	1,390502E+0	1,388463E+0
20220916 20:36:02,443	c_0_2395_20220916_20_36_02,443.bmp	8,078706E-1	4,537750E+0	3,700242E-3	8,388745E-3	-6,786918E-3	4,736996E-3	1,385405E+0	1,383347E+0
20220916 20:36:08,443	c_0_2396_20220916_20_36_08,443.bmp	8,116878E-1	4,554301E+0	3,700242E-3	1,094073E-2	8,454256E-4	-3,624835E-4	1,390502E+0	1,388463E+0
20220916 20:36:14,444	c_0_2397_20220916_20_36_14,444.bmp	8,091430E-1	4,569579E+0	1,006456E-2	1,349272E-2	8,454256E-4	-3,624835E-4	1,395599E+0	1,388463E+0
20220916 20:36:20,448	c_0_2398_20220916_20_36_20,448.bmp	8,155050E-1	4,589950E+0	8,791700E-3	1,349272E-2	-1,696338E-2	-1,311118E-2	1,395599E+0	1,385905E+0
20220916 20:36:26,448	c_0_2399_20220916_20_36_26,448.bmp	8,180498E-1	4,614140E+0	4,973106E-3	1,094073E-2	-9,331032E-3	2,187256E-3	1,387954E+0	1,388463E+0
20220916 20:36:32,449	c_0_2400_20220916_20_36_32,449.bmp	8,244119E-1	4,635783E+0	4,973106E-3	8,388745E-3	1,356600E-2	2,187256E-3	1,382857E+0	1,383347E+0
20220916 20:36:38,450	c_0_2401_20220916_20_36_38,450.bmp	8,269567E-1	4,651061E+0	7,518835E-3	1,349272E-2	-4,242803E-3	-1,566092E-2	1,395599E+0	1,393578E+0
20220916 20:36:44,452	c_0_2402_20220916_20_36_44,452.bmp	8,320463E-1	4,673978E+0	6,245971E-3	1,094073E-2	-1,950749E-2	-3,624835E-4	1,387954E+0	1,388463E+0
20220916 20:36:50,452	c_0_2403_20220916_20_36_50,452.bmp	8,358635E-1	4,695622E+0	3,700242E-3	5,836756E-3	8,454256E-4	2,187256E-3	1,385405E+0	1,383347E+0
20220916 20:36:56,454	c_0_2404_20220916_20_36_56,454.bmp	8,434979E-1	4,712173E+0	3,700242E-3	1,094073E-2	-1,696338E-2	-5,461963E-3	1,387954E+0	1,388463E+0
20220916 20:37:02,459	c_0_2405_20220916_20_37_02,459.bmp	8,409531E-1	4,728724E+0	1,006456E-2	1,094073E-2	-4,242803E-3	-2,912223E-3	1,398148E+0	1,391021E+0
20220916 20:37:08,463	c_0_2406_20220916_20_37_08,463.bmp	8,498599E-1	4,758006E+0	3,700242E-3	1,094073E-2	-4,242803E-3	-1,056144E-2	1,382857E+0	1,391021E+0
20220916 20:37:14,464	c_0_2407_20220916_20_37_14,464.bmp	8,536771E-1	4,777104E+0	7,518835E-3	5,836756E-3	-9,331032E-3	2,187256E-3	1,385405E+0	1,383347E+0
20220916 20:37:20,466	c_0_2408_20220916_20_37_20,466.bmp	8,549495E-1	4,798748E+0	7,518835E-3	7,112750E-3	-6,786918E-3	2,187256E-3	1,382857E+0	1,383347E+0
20220916 20:37:26,470	c_0_2409_20220916_20_37_26,470.bmp	8,587667E-1	4,814025E+0	4,973106E-3	8,388745E-3	8,454256E-4	-2,912223E-3	1,390502E+0	1,383347E+0
20220916 20:37:32,472	c_0_2410_20220916_20_37_32,472.bmp	8,574943E-1	4,829303E+0	1,006456E-2	1,349272E-2	-1,187515E-2	-1,311118E-2	1,398148E+0	1,396136E+0
20220916 20:37:38,473	c_0_2411_20220916_20_37_38,473.bmp	8,638564E-1	4,852220E+0	1,006456E-2	1,349272E-2	-1,441926E-2	-1,056144E-2	1,395599E+0	1,396136E+0
20220916 20:37:44,473	c_0_2412_20220916_20_37_44,473.bmp	8,676736E-1	4,871318E+0	4,973106E-3	1,349272E-2	-1,187515E-2	-1,311118E-2	1,395599E+0	1,388463E+0
20220916 20:37:50,475	c_0_2413_20220916_20_37_50,475.bmp	8,638564E-1	4,890415E+0	1,006456E-2	9,664739E-3	-1,950749E-2	-8,011703E-3	1,398148E+0	1,385905E+0
20220916 20:37:56,480	c_0_2414_20220916_20_37_56,480.bmp	8,638564E-1	4,917151E+0	3,700242E-3	8,388745E-3	-9,331032E-3	4,736996E-3	1,382857E+0	1,385905E+0
20220916 20:38:02,481	c_0_2415_20220916_20_38_02,481.bmp	8,574943E-1	4,936249E+0	1,154512E-3	7,112750E-3	2,119834E-2	7,286736E-3	1,385405E+0	1,383347E+0
20220916 20:38:08,484	c_0_2416_20220916_20_38_08,484.bmp	8,384083E-1	4,955346E+0	1,006456E-2	1,094073E-2	-6,786918E-3	-1,311118E-2	1,390502E+0	1,383347E+0
20220916 20:38:14,485	c_0_2417_20220916_20_38_14,485.bmp	8,142326E-1	4,969351E+0	1,006456E-2	1,349272E-2	-6,786918E-3	-1,566092E-2	1,395599E+0	1,396136E+0
20220916 20:38:20,485	c_0_2418_20220916_20_38_20,485.bmp	8,027810E-1	4,989721E+0	1,006456E-2	9,664739E-3	-9,331032E-3	2,187256E-3	1,395599E+0	1,388463E+0
20220916 20:38:26,488	c_0_2419_20220916_20_38_26,488.bmp	8,065982E-1	5,013911E+0	6,245971E-3	7,112750E-3	-6,786918E-3	7,286736E-3	1,387954E+0	1,383347E+0
20220916 20:38:32,491	c_0_2420_20220916_20_38_32,491.bmp	8,091430E-1	5,031736E+0	7,518835E-3	1,349272E-2	-6,786918E-3	2,187256E-3	1,390502E+0	1,396136E+0
20220916 20:38:38,495	c_0_2421_20220916_20_38_38,495.bmp	8,142326E-1	5,057199E+0	4,973106E-3	8,388745E-3	-1,698689E-3	2,187256E-3	1,382857E+0	1,383347E+0
20220916 20:38:44,495	c_0_2422_20220916_20_38_44,495.bmp	8,129602E-1	5,069930E+0	8,791700E-3	1,349272E-2	-2,713983E-2	-2,840962E-2	1,395599E+0	1,396136E+0
20220916 20:38:50,497	c_0_2423_20220916_20_38_50,497.bmp	8,231394E-1	5,094120E+0	3,700242E-3	1,094073E-2	-9,331032E-3	-1,566092E-2	1,387954E+0	1,396136E+0
20220916 20:38:56,501	c_0_2424_20220916_20_38_56,501.bmp	8,295015E-1	5,115764E+0	3,700242E-3	1,094073E-2	-1,698689E-3	-5,461963E-3	1,385405E+0	1,388463E+0
20220916 20:39:02,501	c_0_2425_20220916_20_39_02,501.bmp	8,358635E-1	5,133588E+0	6,245971E-3	7,112750E-3	-6,786918E-3	2,187256E-3	1,387954E+0	1,383347E+0
20220916 20:39:08,502	c_0_2426_20220916_20_39_08,502.bmp	8,422255E-1	5,152686E+0	7,518835E-3	1,094073E-2	-4,242803E-3	2,513491E-2	1,390502E+0	1,388463E+0
20220916 20:39:14,506	c_0_2427_20220916_20_39_14,506.bmp	8,549495E-1	5,175603E+0	3,700242E-3	8,388745E-3	-6,786918E-3	-5,461963E-3	1,385405E+0	1,383347E+0
20220916 20:39:20,506	c_0_2428_20220916_20_39_20,506.bmp	8,613116E-1	5,193427E+0	6,245971E-3	1,094073E-2	-6,786918E-3	-1,056144E-2	1,387954E+0	1,385905E+0
20220916 20:39:26,511	c_0_2429_20220916_20_39_26,511.bmp	8,714908E-1	5,213797E+0	7,518835E-3	1,094073E-2	-6,786918E-3	-5,461963E-3	1,390502E+0	1,391021E+0
20220916 20:39:32,514	c_0_2430_20220916_20_39_32,514.bmp	8,778528E-1	5,234168E+0	8,791700E-3	1,476871E-2	-6,786918E-3	-2,912223E-3	1,387954E+0	1,396136E+0
20220916 20:39:38,514	c_0_2431_20220916_20_39_38,514.bmp	8,880320E-1	5,253265E+0	7,518835E-3	1,094073E-2	-1,698689E-3	-1,056144E-2	1,387954E+0	1,385905E+0
20220916 20:39:44,515	c_0_2432_20220916_20_39_44,515.bmp	8,956664E-1	5,269816E+0	1,006456E-2	1,349272E-2	-4,242803E-3	-2,912223E-3	1,398148E+0	1,396136E+0
20220916 20:39:50,516	c_0_2433_20220916_20_39_50,516.bmp	9,058457E-1	5,290187E+0	1,006456E-2	1,349272E-2	-1,696338E-2	-2,912223E-3	1,395599E+0	1,393578E+0
20220916 20:39:56,517	c_0_2434_20220916_20_39_56,517.bmp	9,109353E-1	5,310557E+0	8,791700E-3	9,664739E-3	-1,696338E-2	-8,011703E-3	1,395599E+0	1,388463E+0
20220916 20:40:02,520	c_0_2435_20220916_20_40_02,520.bmp	9,211145E-1	5,329655E+0	1,006456E-2	1,094073E-2	-2,205160E-2	-8,011703E-3	1,395599E+0	1,388463E+0
20220916 20:40:08,524	c_0_2436_20220916_20_40_08,524.bmp	9,325661E-1	5,352572E+0	6,245971E-3	9,664739E-3	-1,698689E-3	-8,011703E-3	1,390502E+0	1,385905E+0
20220916 20:40:14,531	c_0_2437_20220916_20_40_14,531.bmp	9,440178E-1	5,374215E+0	3,700242E-3	1,094073E-2	-6,786918E-3	-8,011703E-3	1,380308E+0	1,388463E+0
20220916 20:40:20,531	c_0_2438_20220916_20_40_20,531.bmp	9,491074E-1	5,394586E+0	7,518835E-3	1,094073E-2	-2,205160E-2	-8,011703E-3	1,390502E+0	1,385905E+0
20220916 20:40:26,534	c_0_2439_20220916_20_40_26,534.bmp	9,631038E-1	5,416230E+0	3,700242E-3	1,094073E-2	-6,786918E-3	2,187256E-3	1,385405E+0	1,388463E+0
20220916 20:40:32,536	c_0_2440_20220916_20_40_32,536.bmp	9,694659E-1	5,432781E+0	3,700242E-3	1,094073E-2	-1,696338E-2	-8,011703E-3	1,387954E+0	1,396136E+0
20220916 20:40:38,540	c_0_2441_20220916_20_40_38,540.bmp	9,771003E-1	5,450605E+0	8,791700E-3	1,476871E-2	-1,696338E-2	-2,912223E-3	1,395599E+0	1,393578E+0
20220916 20:40:44,542	c_0_2442_20220916_20_40_44,542.bmp	9,872795E-1	5,473522E+0	7,518835E-3	1,476871E-2	-4,242803E-3	-2,076040E-2	1,387954E+0	1,396136E+0
20220916 20:40:50,547	c_0_2443_20220916_20_40_50,547.bmp	9,936415E-1	5,492619E+0	7,518835E-3	1,094073E-2	-9,331032E-3	-2,912223E-3	1,390502E+0	1,388463E+0
20220916 20:40:56,547	c_0_2444_20220916_20_40_56,547.bmp	9,987311E-1	5,512990E+0	7,518835E-3	8,388745E-3	-4,242803E-3	2,187256E-3	1,387954E+0	1,380789E+0
20220916 20:41:02,549	c_0_2445_20220916_20_41_02,549.bmp	9,949139E-1	5,532087E+0	6,245971E-3	1,094073E-2	-4,242803E-3	-5,461963E-3	1,390502E+0	1,388463E+0
20220916 20:41:08,550	c_0_2446_20220916_20_41_08,550.bmp	9,898243E-1	5,553731E+0	7,518835E-3	7,112750E-3	8,454256E-4	-3,624835E-4	1,387954E+0	1,380789E+0
20220916 20:41:14,551	c_0_2447_20220916_20_41_14,551.bmp	9,847347E-1	5,570282E+0	1,006456E-2	1,349272E-2	-9,331032E-3	-8,011703E-3	1,395599E+0	1,396136E+0
20220916 20:41:20,551	c_0_2448_20220916_20_41_20,551.bmp	9,758279E-1	5,593199E+0	1,006456E-2	9,664739E-3	-1,696338E-2	-8,011703E-3	1,398148E+0	1,385905E+0
20220916 20:41:26,556	c_0_2449_20220916_20_41_26,556.bmp	8,485875E-1	5,608477E+0	8,791700E-3	1,349272E-2	-1,187515E-2	-8,011703E-3	1,398148E+0	1,391021E+0
20220916 20:41:32,560	c_0_2450_20220916_20_41_32,560.bmp	7,836949E-1	5,628847E+0	7,518835E-3	1,349272E-2	-6,786918E-3	-1,311118E-2	1,387954E+0	1,393578E+0
20220916 20:41:38,560	c_0_2451_20220916_20_41_38,560.bmp	7,747881E-1	5,655584E+0	7,518835E-3	8,388745E-3	-9,331032E-3	-2,912223E-3	1,390502E+0	1,383347E+0
20220916 20:41:44,562	c_0_2452_20220916_20_41_44,562.bmp	7,671537E-1	5,674681E+0	1,006456E-2	1,094073E-2	-9,331032E-3	-5,461963E-3	1,387954E+0	1,383347E+0
20220916 20:41:50,562	c_0_2453_20220916_20_41_50,562.bmp	7,684261E-1	5,693778E+0	4,973106E-3	1,094073E-2	-6,786918E-3	-5,461963E-3	1,387954E+0	1,383347E+0
20220916 20:41:56,562	c_0_2454_20220916_20_41_56,562.bmp	7,735157E-1	5,711603E+0	6,245971E-3	1,094073E-2	-9,331032E-3	-3,624835E-4	1,387954E+0	1,388463E+0
20220916 20:42:02,566	c_0_2455_20220916_20_42_02,566.bmp	7,773329E-1	5,735793E+0	7,518835E-3	8,388745E-3	-6,786918E-3	1,493596E-2	1,390502E+0	1,385905E+0
20220916 20:42:08,570	c_0_2456_20220916_20_42_08,570.bmp	7,824225E-1	5,753617E+0	3,700242E-3	1,094073E-2	3,389540E-3	-8,011703E-3	1,390502E+0	1,385905E+0
20220916 20:42:14,570	c_0_2457_20220916_20_42_14,570.bmp	7,836949E-1	5,773987E+0	4,973106E-3	5,836756E-3	-6,786918E-3	-3,624835E-4	1,390502E+0	1,383347E+0
20220916 20:42:20,575	c_0_2458_20220916_20_42_20,575.bmp	7,887846E-1	5,791812E+0	7,518835E-3	5,836756E-3	8,477769E-3	2,187256E-3	1,390502E+0	1,380789E+0
20220916 20:42:26,575	c_0_2459_20220916_20_42_26,575.bmp	7,938742E-1	5,817275E+0	7,518835E-3	8,388745E-3	-4,242803E-3	2,187256E-3	1,382857E+0	1,388463E+0
20220916 20:42:32,576	c_0_2460_20220916_20_42_32,576.bmp	7,989638E-1	5,832553E+0	7,518835E-3	1,094073E-2	-6,786918E-3	-1,821066E-2	1,390502E+0	1,385905E+0
20220916 20:42:38,583	c_0_2461_20220916_20_42_38,583.bmp	8,015086E-1	5,851650E+0	1,006456E-2	1,094073E-2	-9,331032E-3	-5,461963E-3	1,390502E+0	1,385905E+0
20220916 20:42:44,583	c_0_2462_20220916_20_42_44,583.bmp	8,155050E-1	5,874567E+0	3,700242E-3	7,112750E-3	3,389540E-3	-2,912223E-3	1,385405E+0	1,380789E+0
20220916 20:42:50,586	c_0_2463_20220916_20_42_50,586.bmp	8,205946E-1	5,896211E+0	3,700242E-3	7,112750E-3	8,454256E-4	9,836476E-3	1,387954E+0	1,388463E+0
20220916 20:42:56,591	c_0_2464_20220916_20_42_56,591.bmp	8,256843E-1	5,910215E+0	8,791700E-3	1,476871E-2	-1,696338E-2	-3,605884E-2	1,398148E+0	1,393578E+0
20220916 20:43:02,595	c_0_2465_20220916_20_43_02,595.bmp	8,358635E-1	5,934405E+0	4,973106E-3	5,836756E-3	8,454256E-4	-1,056144E-2	1,382857E+0	1,383347E+0
20220916 20:43:08,595	c_0_2466_20220916_20_43_08,595.bmp	8,371359E-1	5,953503E+0	7,518835E-3	9,664739E-3	-6,786918E-3	-3,624835E-4	1,387954E+0	1,388463E+0
20220916 20:43:14,600	c_0_2467_20220916_20_43_14,600.bmp	8,473151E-1	5,970054E+0	1,006456E-2	1,221673E-2	-2,968395E-2	-1,566092E-2	1,398148E+0	1,393578E+0
20220916 20:43:20,600	c_0_2468_20220916_20_43_20,600.bmp	8,549495E-1	5,992971E+0	3,700242E-3	1,221673E-2	-4,242803E-3	-8,011703E-3	1,390502E+0	1,393578E+0
20220916 20:43:26,601	c_0_2469_20220916_20_43_26,601.bmp	8,574943E-1	6,014614E+0	7,518835E-3	8,388745E-3	1,102188E-2	-1,821066E-2	1,382857E+0	1,388463E+0
20220916 20:43:32,605	c_0_2470_20220916_20_43_32,605.bmp	8,664012E-1	6,028619E+0	6,245971E-3	1,349272E-2	-1,187515E-2	-1,311118E-2	1,387954E+0	1,396136E+0
20220916 20:43:38,606	c_0_2471_20220916_20_43_38,606.bmp	8,740356E-1	6,056629E+0	3,700242E-3	8,388745E-3	3,389540E-3	-2,331014E-2	1,385405E+0	1,383347E+0
20220916 20:43:44,611	c_0_2472_20220916_20_43_44,611.bmp	8,740356E-1	6,071906E+0	6,245971E-3	1,094073E-2	-6,786918E-3	-8,011703E-3	1,390502E+0	1,380789E+0
20220916 20:43:50,612	c_0_2473_20220916_20_43_50,612.bmp	8,816700E-1	6,092277E+0	6,245971E-3	1,094073E-2	8,454256E-4	2,187256E-3	1,387954E+0	1,388463E+0
20220916 20:43:56,616	c_0_2474_20220916_20_43_56,616.bmp	8,778528E-1	6,112648E+0	7,518835E-3	1,094073E-2	-6,786918E-3	-5,461963E-3	1,393051E+0	1,391021E+0
20220916 20:44:02,621	c_0_2475_20220916_20_44_02,621.bmp	8,867596E-1	6,135564E+0	3,700242E-3	8,388745E-3	8,454256E-4	-3,624835E-4	1,382857E+0	1,391021E+0
20220916 20:44:08,621	c_0_2476_20220916_20_44_08,621.bmp	8,893044E-1	6,149569E+0	1,006456E-2	1,094073E-2	-1,696338E-2	-5,461963E-3	1,398148E+0	1,388463E+0
20220916 20:44:14,625	c_0_2477_20220916_20_44_14,625.bmp	8,943940E-1	6,173759E+0	1,006456E-2	1,094073E-2	1,102188E-2	-1,056144E-2	1,387954E+0	1,388463E+0
20220916 20:44:20,627	c_0_2478_20220916_20_44_20,627.bmp	9,033009E-1	6,192857E+0	7,518835E-3	1,094073E-2	-1,698689E-3	-2,912223E-3	1,390502E+0	1,388463E+0
20220916 20:44:26,633	c_0_2479_20220916_20_44_26,633.bmp	9,058457E-1	6,211954E+0	7,518835E-3	8,388745E-3	-6,786918E-3	4,736996E-3	1,387954E+0	1,383347E+0
20220916 20:44:32,633	c_0_2480_20220916_20_44_32,633.bmp	9,071181E-1	6,232325E+0	7,518835E-3	1,221673E-2	-6,786918E-3	-1,311118E-2	1,390502E+0	1,393578E+0
20220916 20:44:38,638	c_0_2481_20220916_20_44_38,638.bmp	9,083905E-1	6,252695E+0	6,245971E-3	8,388745E-3	-9,331032E-3	2,187256E-3	1,387954E+0	1,383347E+0
20220916 20:44:44,640	c_0_2482_20220916_20_44_44,640.bmp	9,007561E-1	6,269246E+0	8,791700E-3	1,349272E-2	-4,242803E-3	-8,011703E-3	1,398148E+0	1,388463E+0
20220916 20:44:50,642	c_0_2483_20220916_20_44_50,642.bmp	9,020285E-1	6,295982E+0	3,700242E-3	1,094073E-2	-4,242803E-3	-2,912223E-3	1,385405E+0	1,388463E+0
20220916 20:44:56,646	c_0_2484_20220916_20_44_56,646.bmp	8,842148E-1	6,313807E+0	4,973106E-3	8,388745E-3	-1,950749E-2	-2,912223E-3	1,387954E+0	1,383347E+0
20220916 20:45:02,646	c_0_2485_20220916_20_45_02,646.bmp	8,651288E-1	6,332904E+0	6,245971E-3	1,094073E-2	8,454256E-4	-2,912223E-3	1,390502E+0	1,383347E+0
20220916 20:45:08,646	c_0_2486_20220916_20_45_08,646.bmp	8,574943E-1	6,357094E+0	4,973106E-3	7,112750E-3	-1,698689E-3	-5,461963E-3	1,385405E+0	1,388463E+0
20220916 20:45:14,647	c_0_2487_20220916_20_45_14,647.bmp	8,396807E-1	6,374918E+0	3,700242E-3	8,388745E-3	3,389540E-3	-3,624835E-4	1,385405E+0	1,385905E+0
20220916 20:45:20,648	c_0_2488_20220916_20_45_20,648.bmp	8,307739E-1	6,387650E+0	1,006456E-2	1,349272E-2	-1,950749E-2	-1,311118E-2	1,398148E+0	1,393578E+0
20220916 20:45:26,651	c_0_2489_20220916_20_45_26,651.bmp	8,320463E-1	6,413113E+0	7,518835E-3	1,349272E-2	-6,786918E-3	-1,311118E-2	1,390502E+0	1,396136E+0
20220916 20:45:32,656	c_0_2490_20220916_20_45_32,656.bmp	8,345911E-1	6,432210E+0	7,518835E-3	1,349272E-2	-6,786918E-3	-1,056144E-2	1,387954E+0	1,396136E+0
20220916 20:45:38,660	c_0_2491_20220916_20_45_38,660.bmp	8,409531E-1	6,456400E+0	3,700242E-3	1,094073E-2	8,454256E-4	-3,350910E-2	1,382857E+0	1,385905E+0
20220916 20:45:44,660	c_0_2492_20220916_20_45_44,660.bmp	8,447703E-1	6,471678E+0	3,700242E-3	1,094073E-2	-6,786918E-3	-2,912223E-3	1,390502E+0	1,388463E+0
20220916 20:45:50,661	c_0_2493_20220916_20_45_50,661.bmp	8,485875E-1	6,493322E+0	7,518835E-3	1,094073E-2	-6,786918E-3	-5,461963E-3	1,387954E+0	1,388463E+0
20220916 20:45:56,661	c_0_2494_20220916_20_45_56,661.bmp	8,574943E-1	6,513693E+0	3,700242E-3	9,664739E-3	8,454256E-4	-8,011703E-3	1,390502E+0	1,388463E+0
20220916 20:46:02,662	c_0_2495_20220916_20_46_02,662.bmp	8,574943E-1	6,530244E+0	8,791700E-3	1,094073E-2	-1,187515E-2	-3,624835E-4	1,398148E+0	1,388463E+0
20220916 20:46:08,667	c_0_2496_20220916_20_46_08,667.bmp	8,689460E-1	6,553161E+0	6,245971E-3	1,094073E-2	8,454256E-4	-2,912223E-3	1,387954E+0	1,388463E+0
20220916 20:46:14,671	c_0_2497_20220916_20_46_14,671.bmp	8,765804E-1	6,577351E+0	7,518835E-3	8,388745E-3	-1,698689E-3	2,187256E-3	1,387954E+0	1,383347E+0
20220916 20:46:20,671	c_0_2498_20220916_20_46_20,671.bmp	8,829424E-1	6,593902E+0	6,245971E-3	7,112750E-3	3,389540E-3	2,187256E-3	1,385405E+0	1,388463E+0
20220916 20:46:26,672	c_0_2499_20220916_20_46_26,672.bmp	8,956664E-1	6,616819E+0	3,700242E-3	7,112750E-3	8,454256E-4	-5,461963E-3	1,385405E+0	1,388463E+0
20220916 20:46:32,674	c_0_2500_20220916_20_46_32,674.bmp	8,982113E-1	6,628277E+0	7,518835E-3	1,476871E-2	8,454256E-4	-8,011703E-3	1,398148E+0	1,396136E+0
20220916 20:46:38,679	c_0_2501_20220916_20_46_38,679.bmp	9,071181E-1	6,652467E+0	6,245971E-3	7,112750E-3	-9,331032E-3	2,187256E-3	1,387954E+0	1,380789E+0
20220916 20:46:44,682	c_0_2502_20220916_20_46_44,682.bmp	9,122077E-1	6,674111E+0	1,006456E-2	1,094073E-2	-2,205160E-2	-8,011703E-3	1,395599E+0	1,385905E+0
20220916 20:46:50,682	c_0_2503_20220916_20_46_50,682.bmp	9,211145E-1	6,691935E+0	6,245971E-3	1,094073E-2	-1,698689E-3	-1,311118E-2	1,387954E+0	1,396136E+0
20220916 20:46:56,686	c_0_2504_20220916_20_46_56,686.bmp	9,300213E-1	6,711032E+0	7,518835E-3	1,476871E-2	-6,786918E-3	-8,011703E-3	1,390502E+0	1,396136E+0
20220916 20:47:02,687	c_0_2505_20220916_20_47_02,687.bmp	9,389282E-1	6,733949E+0	2,427377E-3	1,094073E-2	3,389540E-3	-1,566092E-2	1,390502E+0	1,391021E+0
20220916 20:47:08,687	c_0_2506_20220916_20_47_08,687.bmp	9,414730E-1	6,755593E+0	6,245971E-3	8,388745E-3	-4,242803E-3	2,187256E-3	1,385405E+0	1,383347E+0
20220916 20:47:14,692	c_0_2507_20220916_20_47_14,692.bmp	9,465626E-1	6,773417E+0	4,973106E-3	1,094073E-2	-1,187515E-2	1,748570E-2	1,390502E+0	1,393578E+0
20220916 20:47:20,696	c_0_2508_20220916_20_47_20,696.bmp	9,478350E-1	6,789968E+0	6,245971E-3	1,476871E-2	-1,187515E-2	-1,311118E-2	1,398148E+0	1,396136E+0
20220916 20:47:26,697	c_0_2509_20220916_20_47_26,697.bmp	9,491074E-1	6,812885E+0	7,518835E-3	1,094073E-2	-6,786918E-3	2,187256E-3	1,390502E+0	1,388463E+0
20220916 20:47:32,702	c_0_2510_20220916_20_47_32,702.bmp	8,053258E-1	6,829436E+0	8,791700E-3	1,476871E-2	-6,786918E-3	-1,311118E-2	1,398148E+0	1,396136E+0
20220916 20:47:38,702	c_0_2511_20220916_20_47_38,702.bmp	7,976914E-1	6,849807E+0	4,973106E-3	1,349272E-2	-6,786918E-3	-1,056144E-2	1,398148E+0	1,396136E+0
20220916 20:47:44,702	c_0_2512_20220916_20_47_44,702.bmp	7,964190E-1	6,875270E+0	7,518835E-3	7,112750E-3	8,454256E-4	-2,912223E-3	1,385405E+0	1,388463E+0
20220916 20:47:50,706	c_0_2513_20220916_20_47_50,706.bmp	7,900570E-1	6,889275E+0	1,006456E-2	1,476871E-2	-2,205160E-2	-5,461963E-3	1,395599E+0	1,393578E+0
20220916 20:47:56,707	c_0_2514_20220916_20_47_56,707.bmp	7,951466E-1	6,912191E+0	3,700242E-3	1,094073E-2	-4,242803E-3	-8,011703E-3	1,387954E+0	1,388463E+0
20220916 20:48:02,707	c_0_2515_20220916_20_48_02,707.bmp	7,887846E-1	6,928742E+0	1,006456E-2	1,349272E-2	-2,713983E-2	-2,912223E-3	1,398148E+0	1,388463E+0
20220916 20:48:08,712	c_0_2516_20220916_20_48_08,712.bmp	7,964190E-1	6,951659E+0	7,518835E-3	1,221673E-2	-6,786918E-3	-2,840962E-2	1,390502E+0	1,385905E+0
20220916 20:48:14,716	c_0_2517_20220916_20_48_14,716.bmp	8,002362E-1	6,969484E+0	8,791700E-3	1,349272E-2	-1,696338E-2	-1,056144E-2	1,395599E+0	1,393578E+0
20220916 20:48:20,719	c_0_2518_20220916_20_48_20,719.bmp	8,078706E-1	6,992400E+0	1,006456E-2	1,094073E-2	-1,187515E-2	2,187256E-3	1,387954E+0	1,388463E+0
20220916 20:48:26,720	c_0_2519_20220916_20_48_26,720.bmp	8,193222E-1	7,014044E+0	3,700242E-3	1,094073E-2	-1,698689E-3	2,187256E-3	1,385405E+0	1,388463E+0
20220916 20:48:32,720	c_0_2520_20220916_20_48_32,720.bmp	8,269567E-1	7,035688E+0	3,700242E-3	5,836756E-3	-6,786918E-3	2,187256E-3	1,382857E+0	1,383347E+0
20220916 20:48:38,720	c_0_2521_20220916_20_48_38,720.bmp	8,345911E-1	7,054785E+0	3,700242E-3	1,094073E-2	8,454256E-4	2,187256E-3	1,385405E+0	1,385905E+0
20220916 20:48:44,722	c_0_2522_20220916_20_48_44,722.bmp	8,396807E-1	7,072609E+0	3,700242E-3	1,094073E-2	8,454256E-4	-5,461963E-3	1,382857E+0	1,391021E+0
20220916 20:48:50,723	c_0_2523_20220916_20_48_50,723.bmp	8,434979E-1	7,089160E+0	6,245971E-3	1,349272E-2	-1,441926E-2	9,836476E-3	1,395599E+0	1,396136E+0
20220916 20:48:56,723	c_0_2524_20220916_20_48_56,723.bmp	8,549495E-1	7,114624E+0	4,973106E-3	1,094073E-2	3,389540E-3	-3,624835E-4	1,382857E+0	1,388463E+0
20220916 20:49:02,724	c_0_2525_20220916_20_49_02,724.bmp	8,549495E-1	7,132448E+0	7,518835E-3	1,094073E-2	-6,786918E-3	2,187256E-3	1,387954E+0	1,383347E+0
20220916 20:49:08,726	c_0_2526_20220916_20_49_08,726.bmp	8,574943E-1	7,152818E+0	8,791700E-3	1,221673E-2	-6,786918E-3	-2,912223E-3	1,387954E+0	1,388463E+0
20220916 20:49:14,733	c_0_2527_20220916_20_49_14,733.bmp	8,702184E-1	7,171916E+0	6,245971E-3	1,094073E-2	-1,698689E-3	-5,461963E-3	1,390502E+0	1,388463E+0
20220916 20:49:20,736	c_0_2528_20220916_20_49_20,736.bmp	8,765804E-1	7,189740E+0	7,518835E-3	1,476871E-2	-1,187515E-2	-1,311118E-2	1,395599E+0	1,385905E+0
20220916 20:49:26,736	c_0_2529_20220916_20_49_26,736.bmp	8,829424E-1	7,215203E+0	3,700242E-3	7,112750E-3	5,933654E-3	4,736996E-3	1,385405E+0	1,383347E+0
20220916 20:49:32,736	c_0_2530_20220916_20_49_32,736.bmp	8,854872E-1	7,231754E+0	1,006456E-2	1,094073E-2	-9,331032E-3	-5,461963E-3	1,387954E+0	1,385905E+0
20220916 20:49:38,741	c_0_2531_20220916_20_49_38,741.bmp	8,982113E-1	7,252125E+0	6,245971E-3	1,094073E-2	-6,786918E-3	-5,461963E-3	1,390502E+0	1,388463E+0
20220916 20:49:44,743	c_0_2532_20220916_20_49_44,743.bmp	9,058457E-1	7,272495E+0	3,700242E-3	1,094073E-2	3,389540E-3	-2,912223E-3	1,390502E+0	1,388463E+0
20220916 20:49:50,746	c_0_2533_20220916_20_49_50,746.bmp	9,109353E-1	7,294139E+0	6,245971E-3	1,094073E-2	-1,441926E-2	4,736996E-3	1,387954E+0	1,388463E+0
20220916 20:49:56,748	c_0_2534_20220916_20_49_56,748.bmp	9,172973E-1	7,309417E+0	7,518835E-3	1,349272E-2	8,477769E-3	-2,912223E-3	1,390502E+0	1,396136E+0
20220916 20:50:02,752	c_0_2535_20220916_20_50_02,752.bmp	9,274765E-1	7,332334E+0	3,700242E-3	1,094073E-2	1,102188E-2	-8,011703E-3	1,385405E+0	1,388463E+0
20220916 20:50:08,757	c_0_2536_20220916_20_50_08,757.bmp	9,312937E-1	7,351431E+0	6,245971E-3	1,221673E-2	-4,242803E-3	-8,011703E-3	1,390502E+0	1,388463E+0
20220916 20:50:14,760	c_0_2537_20220916_20_50_14,760.bmp	9,389282E-1	7,369255E+0	1,006456E-2	1,349272E-2	-1,441926E-2	-1,056144E-2	1,395599E+0	1,396136E+0
20220916 20:50:20,760	c_0_2538_20220916_20_50_20,760.bmp	9,465626E-1	7,395992E+0	3,700242E-3	5,836756E-3	5,933654E-3	2,187256E-3	1,385405E+0	1,380789E+0
20220916 20:50:26,764	c_0_2539_20220916_20_50_26,764.bmp	9,516522E-1	7,413816E+0	6,245971E-3	1,094073E-2	-6,786918E-3	-8,011703E-3	1,387954E+0	1,385905E+0
20220916 20:50:32,764	c_0_2540_20220916_20_50_32,764.bmp	9,580142E-1	7,431640E+0	7,518835E-3	1,094073E-2	-1,698689E-3	-8,011703E-3	1,390502E+0	1,388463E+0
20220916 20:50:38,768	c_0_2541_20220916_20_50_38,768.bmp	9,694659E-1	7,457103E+0	3,700242E-3	5,836756E-3	-1,696338E-2	-2,912223E-3	1,382857E+0	1,380789E+0
20220916 20:50:44,773	c_0_2542_20220916_20_50_44,773.bmp	9,758279E-1	7,469835E+0	7,518835E-3	1,094073E-2	-4,242803E-3	-8,011703E-3	1,395599E+0	1,388463E+0
20220916 20:50:50,774	c_0_2543_20220916_20_50_50,774.bmp	9,809175E-1	7,487659E+0	6,245971E-3	1,349272E-2	-9,331032E-3	-1,311118E-2	1,398148E+0	1,396136E+0
20220916 20:50:56,777	c_0_2544_20220916_20_50_56,777.bmp	9,860071E-1	7,510576E+0	1,006456E-2	1,221673E-2	-1,187515E-2	4,736996E-3	1,395599E+0	1,388463E+0
20220916 20:51:02,779	c_0_2545_20220916_20_51_02,779.bmp	9,974587E-1	7,534766E+0	3,700242E-3	8,388745E-3	3,389540E-3	2,187256E-3	1,382857E+0	1,383347E+0
20220916 20:51:08,779	c_0_2546_20220916_20_51_08,779.bmp	1,006366E+0	7,551317E+0	3,700242E-3	1,094073E-2	-4,242803E-3	-1,311118E-2	1,390502E+0	1,388463E+0
20220916 20:51:14,779	c_0_2547_20220916_20_51_14,779.bmp	1,011455E+0	7,575507E+0	3,700242E-3	7,112750E-3	8,454256E-4	-2,840962E-2	1,382857E+0	1,388463E+0
20220916 20:51:20,785	c_0_2548_20220916_20_51_20,785.bmp	1,012728E+0	7,589512E+0	1,006456E-2	1,094073E-2	-1,696338E-2	-8,011703E-3	1,395599E+0	1,388463E+0
20220916 20:51:26,786	c_0_2549_20220916_20_51_26,786.bmp	1,022907E+0	7,613702E+0	4,973106E-3	1,094073E-2	-9,331032E-3	-1,056144E-2	1,387954E+0	1,385905E+0
20220916 20:51:32,788	c_0_2550_20220916_20_51_32,788.bmp	1,030541E+0	7,632799E+0	6,245971E-3	1,094073E-2	-6,786918E-3	1,238622E-2	1,387954E+0	1,388463E+0
20220916 20:51:38,791	c_0_2551_20220916_20_51_38,791.bmp	1,039448E+0	7,651897E+0	8,791700E-3	1,094073E-2	8,477769E-3	-1,311118E-2	1,387954E+0	1,388463E+0
20220916 20:51:44,792	c_0_2552_20220916_20_51_44,792.bmp	1,038176E+0	7,672267E+0	1,006456E-2	1,094073E-2	-9,331032E-3	2,187256E-3	1,387954E+0	1,385905E+0
20220916 20:51:50,792	c_0_2553_20220916_20_51_50,792.bmp	1,053444E+0	7,696457E+0	3,700242E-3	1,094073E-2	-1,698689E-3	-2,912223E-3	1,382857E+0	1,388463E+0
20220916 20:51:56,797	c_0_2554_20220916_20_51_56,797.bmp	1,057262E+0	7,714282E+0	3,700242E-3	8,388745E-3	8,477769E-3	2,187256E-3	1,382857E+0	1,383347E+0
20220916 20:52:02,801	c_0_2555_20220916_20_52_02,801.bmp	1,055989E+0	7,732106E+0	6,245971E-3	1,094073E-2	-9,331032E-3	-5,461963E-3	1,387954E+0	1,385905E+0
20220916 20:52:08,805	c_0_2556_20220916_20_52_08,805.bmp	1,068713E+0	7,751203E+0	2,427377E-3	1,094073E-2	3,389540E-3	-2,912223E-3	1,390502E+0	1,388463E+0
20220916 20:52:14,807	c_0_2557_20220916_20_52_14,807.bmp	1,068713E+0	7,767754E+0	8,791700E-3	1,094073E-2	-1,698689E-3	-2,912223E-3	1,395599E+0	1,388463E+0
20220916 20:52:20,809	c_0_2558_20220916_20_52_20,809.bmp	1,076348E+0	7,794491E+0	7,518835E-3	7,112750E-3	-1,698689E-3	-2,912223E-3	1,385405E+0	1,391021E+0
20220916 20:52:26,809	c_0_2559_20220916_20_52_26,809.bmp	1,083982E+0	7,811042E+0	2,427377E-3	1,094073E-2	1,865423E-2	-8,011703E-3	1,382857E+0	1,388463E+0
20220916 20:52:32,813	c_0_2560_20220916_20_52_32,813.bmp	1,089072E+0	7,832685E+0	7,518835E-3	1,094073E-2	-2,968395E-2	-8,011703E-3	1,387954E+0	1,388463E+0
20220916 20:52:38,816	c_0_2561_20220916_20_52_38,816.bmp	1,090344E+0	7,847963E+0	6,245971E-3	1,476871E-2	-1,187515E-2	-8,011703E-3	1,395599E+0	1,385905E+0
20220916 20:52:44,818	c_0_2562_20220916_20_52_44,818.bmp	1,094161E+0	7,873426E+0	7,518835E-3	1,094073E-2	-6,786918E-3	-3,624835E-4	1,387954E+0	1,388463E+0
20220916 20:52:50,819	c_0_2563_20220916_20_52_50,819.bmp	1,096706E+0	7,893797E+0	6,245971E-3	1,094073E-2	-2,968395E-2	-1,311118E-2	1,390502E+0	1,388463E+0
20220916 20:52:56,819	c_0_2564_20220916_20_52_56,819.bmp	1,095434E+0	7,909075E+0	7,518835E-3	1,221673E-2	-9,331032E-3	-1,311118E-2	1,395599E+0	1,393578E+0
20220916 20:53:02,823	c_0_2565_20220916_20_53_02,823.bmp	1,089072E+0	7,935811E+0	3,700242E-3	5,836756E-3	-6,786918E-3	2,187256E-3	1,382857E+0	1,383347E+0
20220916 20:53:08,824	c_0_2566_20220916_20_53_08,824.bmp	1,011455E+0	7,952362E+0	6,245971E-3	1,094073E-2	3,389540E-3	-8,011703E-3	1,387954E+0	1,396136E+0
20220916 20:53:14,824	c_0_2567_20220916_20_53_14,824.bmp	7,531573E-1	7,974006E+0	6,245971E-3	9,664739E-3	-6,786918E-3	-8,011703E-3	1,387954E+0	1,385905E+0
20220916 20:53:20,827	c_0_2568_20220916_20_53_20,827.bmp	7,582469E-1	7,991830E+0	6,245971E-3	1,349272E-2	-4,242803E-3	-5,461963E-3	1,387954E+0	1,393578E+0
20220916 20:53:26,829	c_0_2569_20220916_20_53_26,829.bmp	7,544297E-1	8,004562E+0	8,791700E-3	1,094073E-2	-1,950749E-2	-1,056144E-2	1,387954E+0	1,385905E+0
