20220916 20:13:13,943	c_1_2167_20220916_20_13_13,943.bmp	-2,650418E-3	3,967952E-2	1,006456E-2	1,094073E-2	3,389540E-3	2,187256E-3	1,387954E+0	1,383347E+0
20220916 20:13:19,946	c_1_2168_20220916_20_13_19,946.bmp	3,711599E-3	4,222584E-2	2,427377E-3	7,112750E-3	-9,331032E-3	-1,056144E-2	1,382857E+0	1,388463E+0
20220916 20:13:25,948	c_1_2169_20220916_20_13_25,948.bmp	6,478697E-2	1,548950E-2	7,518835E-3	1,349272E-2	-4,242803E-3	-2,912223E-3	1,390502E+0	1,393578E+0
20220916 20:13:31,948	c_1_2170_20220916_20_13_31,948.bmp	1,334968E-1	3,331373E-2	7,518835E-3	1,349272E-2	8,477769E-3	-8,011703E-3	1,398148E+0	1,396136E+0
20220916 20:13:37,954	c_1_2171_20220916_20_13_37,954.bmp	1,996617E-1	5,241111E-2	7,518835E-3	1,476871E-2	-1,696338E-2	-1,056144E-2	1,387954E+0	1,393578E+0
20220916 20:13:43,957	c_1_2172_20220916_20_13_43,957.bmp	2,696439E-1	7,787429E-2	6,245971E-3	1,094073E-2	-1,441926E-2	2,187256E-3	1,390502E+0	1,383347E+0
20220916 20:13:49,961	c_1_2173_20220916_20_13_49,961.bmp	3,447157E-1	1,007911E-1	6,245971E-3	8,388745E-3	-1,187515E-2	2,187256E-3	1,385405E+0	1,383347E+0
20220916 20:13:55,962	c_1_2174_20220916_20_13_55,962.bmp	4,146979E-1	1,135227E-1	7,518835E-3	1,349272E-2	-1,696338E-2	-8,011703E-3	1,395599E+0	1,396136E+0
20220916 20:14:01,963	c_1_2175_20220916_20_14_01,963.bmp	4,923145E-1	1,351664E-1	7,518835E-3	1,094073E-2	-9,331032E-3	7,286736E-3	1,387954E+0	1,388463E+0
20220916 20:14:07,964	c_1_2176_20220916_20_14_07,964.bmp	5,661139E-1	1,529907E-1	7,518835E-3	1,349272E-2	-1,187515E-2	-2,331014E-2	1,398148E+0	1,396136E+0
20220916 20:14:13,964	c_1_2177_20220916_20_14_13,964.bmp	6,411857E-1	1,759075E-1	7,518835E-3	1,094073E-2	-4,242803E-3	-5,461963E-3	1,390502E+0	1,388463E+0
20220916 20:14:19,970	c_1_2178_20220916_20_14_19,970.bmp	7,124403E-1	1,924586E-1	8,791700E-3	1,094073E-2	-1,187515E-2	-2,912223E-3	1,395599E+0	1,385905E+0
20220916 20:14:25,972	c_1_2179_20220916_20_14_25,972.bmp	7,862397E-1	2,128291E-1	1,006456E-2	1,349272E-2	-2,459572E-2	-1,056144E-2	1,395599E+0	1,393578E+0
20220916 20:14:31,975	c_1_2180_20220916_20_14_31,975.bmp	8,587667E-1	2,382923E-1	2,427377E-3	8,388745E-3	-1,698689E-3	7,286736E-3	1,385405E+0	1,383347E+0
20220916 20:14:37,982	c_1_2181_20220916_20_14_37,982.bmp	9,262041E-1	2,548434E-1	6,245971E-3	1,094073E-2	-6,786918E-3	-1,821066E-2	1,387954E+0	1,393578E+0
20220916 20:14:43,985	c_1_2182_20220916_20_14_43,985.bmp	9,872795E-1	2,726676E-1	1,006456E-2	1,094073E-2	-9,331032E-3	-2,912223E-3	1,395599E+0	1,388463E+0
20220916 20:14:49,988	c_1_2183_20220916_20_14_49,988.bmp	1,053444E+0	2,955845E-1	6,245971E-3	1,094073E-2	-6,786918E-3	-3,624835E-4	1,387954E+0	1,388463E+0
20220916 20:14:55,989	c_1_2184_20220916_20_14_55,989.bmp	1,108158E+0	3,197745E-1	6,245971E-3	8,388745E-3	-6,786918E-3	2,187256E-3	1,387954E+0	1,380789E+0
20220916 20:15:01,992	c_1_2185_20220916_20_15_01,992.bmp	1,161599E+0	3,388719E-1	3,700242E-3	7,112750E-3	-1,698689E-3	1,493596E-2	1,382857E+0	1,383347E+0
20220916 20:15:07,996	c_1_2186_20220916_20_15_07,996.bmp	1,217585E+0	3,516035E-1	6,245971E-3	1,349272E-2	5,933654E-3	-1,056144E-2	1,395599E+0	1,393578E+0
20220916 20:15:13,997	c_1_2187_20220916_20_15_13,997.bmp	1,268481E+0	3,719740E-1	7,518835E-3	1,349272E-2	-6,786918E-3	-1,056144E-2	1,390502E+0	1,396136E+0
20220916 20:15:20,001	c_1_2188_20220916_20_15_20,001.bmp	1,323194E+0	3,936177E-1	7,518835E-3	1,476871E-2	-6,786918E-3	-1,566092E-2	1,395599E+0	1,396136E+0
20220916 20:15:26,004	c_1_2189_20220916_20_15_26,004.bmp	1,376635E+0	4,178077E-1	4,973106E-3	7,112750E-3	8,454256E-4	9,836476E-3	1,390502E+0	1,383347E+0
20220916 20:15:32,008	c_1_2190_20220916_20_15_32,008.bmp	1,428804E+0	4,394514E-1	6,245971E-3	7,112750E-3	-1,698689E-3	2,187256E-3	1,385405E+0	1,383347E+0
20220916 20:15:38,013	c_1_2191_20220916_20_15_38,013.bmp	1,475882E+0	4,547293E-1	6,245971E-3	9,664739E-3	-1,187515E-2	-8,011703E-3	1,387954E+0	1,388463E+0
20220916 20:15:44,017	c_1_2192_20220916_20_15_44,017.bmp	1,519144E+0	4,725536E-1	4,973106E-3	1,476871E-2	-6,786918E-3	-8,011703E-3	1,398148E+0	1,396136E+0
20220916 20:15:50,021	c_1_2193_20220916_20_15_50,021.bmp	1,553499E+0	4,980167E-1	6,245971E-3	7,112750E-3	-1,950749E-2	-3,624835E-4	1,385405E+0	1,383347E+0
20220916 20:15:56,028	c_1_2194_20220916_20_15_56,028.bmp	1,455524E+0	5,158410E-1	1,006456E-2	1,094073E-2	-4,242803E-3	-1,056144E-2	1,390502E+0	1,380789E+0
20220916 20:16:02,028	c_1_2195_20220916_20_16_02,028.bmp	1,423714E+0	5,323920E-1	1,006456E-2	1,094073E-2	-4,242803E-3	2,187256E-3	1,395599E+0	1,391021E+0
20220916 20:16:08,029	c_1_2196_20220916_20_16_08,029.bmp	1,388087E+0	5,553089E-1	6,245971E-3	1,094073E-2	-6,786918E-3	2,187256E-3	1,390502E+0	1,383347E+0
20220916 20:16:14,031	c_1_2197_20220916_20_16_14,031.bmp	1,366456E+0	5,769526E-1	7,518835E-3	1,094073E-2	-1,441926E-2	-3,624835E-4	1,390502E+0	1,388463E+0
20220916 20:16:20,033	c_1_2198_20220916_20_16_20,033.bmp	1,353732E+0	5,947768E-1	7,518835E-3	1,094073E-2	-1,441926E-2	-5,461963E-3	1,390502E+0	1,388463E+0
20220916 20:16:26,037	c_1_2199_20220916_20_16_26,037.bmp	1,332101E+0	6,164205E-1	2,427377E-3	1,094073E-2	8,454256E-4	-3,624835E-4	1,382857E+0	1,388463E+0
20220916 20:16:32,037	c_1_2200_20220916_20_16_32,037.bmp	1,324466E+0	6,329716E-1	1,006456E-2	1,349272E-2	-1,950749E-2	-5,461963E-3	1,395599E+0	1,388463E+0
20220916 20:16:38,039	c_1_2201_20220916_20_16_38,039.bmp	1,334646E+0	6,533421E-1	8,791700E-3	1,094073E-2	-2,459572E-2	-1,056144E-2	1,395599E+0	1,388463E+0
20220916 20:16:44,040	c_1_2202_20220916_20_16_44,040.bmp	1,348642E+0	6,724395E-1	1,006456E-2	1,094073E-2	-1,441926E-2	7,286736E-3	1,398148E+0	1,388463E+0
20220916 20:16:50,040	c_1_2203_20220916_20_16_50,040.bmp	1,367728E+0	6,979027E-1	7,518835E-3	7,112750E-3	-6,786918E-3	9,836476E-3	1,382857E+0	1,383347E+0
20220916 20:16:56,045	c_1_2204_20220916_20_16_56,045.bmp	1,381725E+0	7,157269E-1	7,518835E-3	1,094073E-2	-9,331032E-3	-8,011703E-3	1,387954E+0	1,388463E+0
20220916 20:17:02,045	c_1_2205_20220916_20_17_02,045.bmp	1,384269E+0	7,348243E-1	1,006456E-2	1,094073E-2	-1,187515E-2	2,187256E-3	1,398148E+0	1,385905E+0
20220916 20:17:08,049	c_1_2206_20220916_20_17_08,049.bmp	1,386814E+0	7,513754E-1	8,791700E-3	1,094073E-2	-1,696338E-2	2,187256E-3	1,395599E+0	1,385905E+0
20220916 20:17:14,051	c_1_2207_20220916_20_17_14,051.bmp	1,405900E+0	7,781117E-1	3,700242E-3	7,112750E-3	-1,698689E-3	2,187256E-3	1,382857E+0	1,383347E+0
20220916 20:17:20,053	c_1_2208_20220916_20_17_20,053.bmp	1,424986E+0	7,959359E-1	6,245971E-3	1,094073E-2	-6,786918E-3	-5,461963E-3	1,390502E+0	1,388463E+0
20220916 20:17:26,054	c_1_2209_20220916_20_17_26,054.bmp	1,455524E+0	8,201259E-1	3,700242E-3	1,094073E-2	8,454256E-4	-5,461963E-3	1,385405E+0	1,388463E+0
20220916 20:17:32,055	c_1_2210_20220916_20_17_32,055.bmp	1,478427E+0	8,354038E-1	7,518835E-3	1,476871E-2	-9,331032E-3	-1,311118E-2	1,387954E+0	1,396136E+0
20220916 20:17:38,056	c_1_2211_20220916_20_17_38,056.bmp	1,508965E+0	8,583207E-1	2,427377E-3	8,388745E-3	8,454256E-4	-2,912223E-3	1,382857E+0	1,383347E+0
20220916 20:17:44,056	c_1_2212_20220916_20_17_44,056.bmp	1,529323E+0	8,748718E-1	7,518835E-3	7,112750E-3	-4,242803E-3	-2,912223E-3	1,390502E+0	1,383347E+0
20220916 20:17:50,061	c_1_2213_20220916_20_17_50,061.bmp	1,552227E+0	8,977886E-1	7,518835E-3	7,112750E-3	-6,786918E-3	2,187256E-3	1,387954E+0	1,383347E+0
20220916 20:17:56,063	c_1_2214_20220916_20_17_56,063.bmp	1,577675E+0	9,156129E-1	6,245971E-3	1,349272E-2	-6,786918E-3	-5,461963E-3	1,390502E+0	1,396136E+0
20220916 20:18:02,084	c_1_2215_20220916_20_18_02,084.bmp	1,599306E+0	9,385297E-1	6,245971E-3	8,388745E-3	-6,786918E-3	-3,624835E-4	1,382857E+0	1,383347E+0
20220916 20:18:08,089	c_1_2216_20220916_20_18_08,089.bmp	1,618392E+0	9,563539E-1	3,700242E-3	1,094073E-2	-1,698689E-3	-8,011703E-3	1,390502E+0	1,391021E+0
20220916 20:18:14,089	c_1_2217_20220916_20_18_14,089.bmp	1,629843E+0	9,716319E-1	6,245971E-3	1,349272E-2	-4,242803E-3	-8,011703E-3	1,395599E+0	1,396136E+0
20220916 20:18:20,095	c_1_2218_20220916_20_18_20,095.bmp	1,643840E+0	9,983682E-1	7,518835E-3	8,388745E-3	8,454256E-4	1,493596E-2	1,382857E+0	1,380789E+0
20220916 20:18:26,097	c_1_2219_20220916_20_18_26,097.bmp	1,659109E+0	1,014919E+0	7,518835E-3	1,094073E-2	-6,786918E-3	-5,461963E-3	1,387954E+0	1,388463E+0
20220916 20:18:32,099	c_1_2220_20220916_20_18_32,099.bmp	1,665471E+0	1,035290E+0	6,245971E-3	1,094073E-2	-4,242803E-3	-1,566092E-2	1,390502E+0	1,388463E+0
20220916 20:18:38,101	c_1_2221_20220916_20_18_38,101.bmp	1,668015E+0	1,055660E+0	3,700242E-3	1,094073E-2	-1,187515E-2	-8,011703E-3	1,387954E+0	1,396136E+0
20220916 20:18:44,103	c_1_2222_20220916_20_18_44,103.bmp	1,659109E+0	1,076031E+0	7,518835E-3	9,664739E-3	-4,242803E-3	-1,056144E-2	1,390502E+0	1,383347E+0
20220916 20:18:50,104	c_1_2223_20220916_20_18_50,104.bmp	1,656564E+0	1,095128E+0	8,791700E-3	9,664739E-3	-3,731629E-2	-2,912223E-3	1,393051E+0	1,380789E+0
20220916 20:18:56,104	c_1_2224_20220916_20_18_56,104.bmp	1,661653E+0	1,116772E+0	6,245971E-3	7,112750E-3	8,454256E-4	-3,624835E-4	1,387954E+0	1,380789E+0
20220916 20:19:02,105	c_1_2225_20220916_20_19_02,105.bmp	1,662926E+0	1,134596E+0	7,518835E-3	1,476871E-2	-6,786918E-3	-2,912223E-3	1,387954E+0	1,393578E+0
20220916 20:19:08,106	c_1_2226_20220916_20_19_08,106.bmp	1,664198E+0	1,154967E+0	4,973106E-3	9,664739E-3	-9,331032E-3	-1,566092E-2	1,387954E+0	1,385905E+0
20220916 20:19:14,109	c_1_2227_20220916_20_19_14,109.bmp	1,666743E+0	1,177884E+0	8,791700E-3	1,094073E-2	-1,950749E-2	-1,566092E-2	1,390502E+0	1,396136E+0
20220916 20:19:20,113	c_1_2228_20220916_20_19_20,113.bmp	1,664198E+0	1,193162E+0	8,791700E-3	1,094073E-2	-6,786918E-3	-8,011703E-3	1,395599E+0	1,388463E+0
20220916 20:19:26,113	c_1_2229_20220916_20_19_26,113.bmp	1,668015E+0	1,218625E+0	3,700242E-3	7,112750E-3	-6,786918E-3	-1,566092E-2	1,385405E+0	1,388463E+0
20220916 20:19:32,115	c_1_2230_20220916_20_19_32,115.bmp	1,666743E+0	1,233903E+0	3,700242E-3	9,664739E-3	-6,786918E-3	-8,011703E-3	1,390502E+0	1,388463E+0
20220916 20:19:38,116	c_1_2231_20220916_20_19_38,116.bmp	1,624754E+0	1,251727E+0	8,791700E-3	1,221673E-2	-1,441926E-2	-8,011703E-3	1,398148E+0	1,396136E+0
20220916 20:19:44,122	c_1_2232_20220916_20_19_44,122.bmp	1,584037E+0	1,272097E+0	8,791700E-3	1,094073E-2	-1,698689E-3	-3,624835E-4	1,398148E+0	1,388463E+0
20220916 20:19:50,123	c_1_2233_20220916_20_19_50,123.bmp	1,405900E+0	1,296287E+0	7,518835E-3	1,094073E-2	-1,187515E-2	-3,624835E-4	1,387954E+0	1,385905E+0
20220916 20:19:56,125	c_1_2234_20220916_20_19_56,125.bmp	1,405900E+0	1,312838E+0	7,518835E-3	1,476871E-2	-1,187515E-2	-8,011703E-3	1,398148E+0	1,393578E+0
20220916 20:20:02,125	c_1_2235_20220916_20_20_02,125.bmp	1,417352E+0	1,335755E+0	3,700242E-3	1,094073E-2	-1,698689E-3	-2,912223E-3	1,385405E+0	1,388463E+0
20220916 20:20:08,129	c_1_2236_20220916_20_20_08,129.bmp	1,418624E+0	1,356126E+0	8,791700E-3	1,094073E-2	-1,187515E-2	2,187256E-3	1,387954E+0	1,388463E+0
20220916 20:20:14,130	c_1_2237_20220916_20_20_14,130.bmp	1,423714E+0	1,377770E+0	7,518835E-3	8,388745E-3	8,477769E-3	2,187256E-3	1,385405E+0	1,380789E+0
20220916 20:20:20,134	c_1_2238_20220916_20_20_20,134.bmp	1,366456E+0	1,395594E+0	2,427377E-3	1,094073E-2	-1,698689E-3	-2,912223E-3	1,382857E+0	1,388463E+0
20220916 20:20:26,141	c_1_2239_20220916_20_20_26,141.bmp	1,285022E+0	1,419784E+0	6,245971E-3	5,836756E-3	8,454256E-4	2,187256E-3	1,387954E+0	1,383347E+0
20220916 20:20:32,143	c_1_2240_20220916_20_20_32,143.bmp	1,245577E+0	1,435062E+0	6,245971E-3	1,349272E-2	-1,441926E-2	-1,056144E-2	1,387954E+0	1,396136E+0
20220916 20:20:38,143	c_1_2241_20220916_20_20_38,143.bmp	1,244305E+0	1,455432E+0	6,245971E-3	1,094073E-2	-6,786918E-3	-1,311118E-2	1,390502E+0	1,388463E+0
20220916 20:20:44,149	c_1_2242_20220916_20_20_44,149.bmp	1,257029E+0	1,479622E+0	3,700242E-3	9,664739E-3	-2,459572E-2	-1,056144E-2	1,382857E+0	1,388463E+0
20220916 20:20:50,150	c_1_2243_20220916_20_20_50,150.bmp	1,264663E+0	1,494900E+0	6,245971E-3	9,664739E-3	-1,187515E-2	-2,076040E-2	1,390502E+0	1,393578E+0
20220916 20:20:56,150	c_1_2244_20220916_20_20_56,150.bmp	1,278660E+0	1,519090E+0	3,700242E-3	8,388745E-3	8,454256E-4	-5,461963E-3	1,382857E+0	1,383347E+0
20220916 20:21:02,153	c_1_2245_20220916_20_21_02,153.bmp	1,293929E+0	1,533095E+0	7,518835E-3	1,221673E-2	-1,187515E-2	-1,311118E-2	1,398148E+0	1,396136E+0
20220916 20:21:08,154	c_1_2246_20220916_20_21_08,154.bmp	1,310470E+0	1,558558E+0	7,518835E-3	7,112750E-3	-9,331032E-3	7,286736E-3	1,385405E+0	1,383347E+0
20220916 20:21:14,156	c_1_2247_20220916_20_21_14,156.bmp	1,324466E+0	1,576382E+0	7,518835E-3	1,221673E-2	-6,786918E-3	2,187256E-3	1,387954E+0	1,383347E+0
20220916 20:21:20,160	c_1_2248_20220916_20_21_20,160.bmp	1,337190E+0	1,591660E+0	8,791700E-3	1,349272E-2	-1,696338E-2	-1,566092E-2	1,398148E+0	1,396136E+0
20220916 20:21:26,163	c_1_2249_20220916_20_21_26,163.bmp	1,355004E+0	1,615850E+0	7,518835E-3	1,094073E-2	-9,331032E-3	-8,011703E-3	1,387954E+0	1,388463E+0
20220916 20:21:32,166	c_1_2250_20220916_20_21_32,166.bmp	1,376635E+0	1,637494E+0	3,700242E-3	1,094073E-2	3,389540E-3	-1,311118E-2	1,385405E+0	1,385905E+0
20220916 20:21:38,168	c_1_2251_20220916_20_21_38,168.bmp	1,389359E+0	1,655318E+0	8,791700E-3	1,094073E-2	8,454256E-4	-1,311118E-2	1,390502E+0	1,388463E+0
20220916 20:21:44,170	c_1_2252_20220916_20_21_44,170.bmp	1,405900E+0	1,671869E+0	1,006456E-2	1,349272E-2	-1,696338E-2	-5,461963E-3	1,395599E+0	1,396136E+0
20220916 20:21:50,171	c_1_2253_20220916_20_21_50,171.bmp	1,426259E+0	1,693513E+0	7,518835E-3	1,221673E-2	8,454256E-4	-1,311118E-2	1,398148E+0	1,391021E+0
20220916 20:21:56,175	c_1_2254_20220916_20_21_56,175.bmp	1,442800E+0	1,720249E+0	7,518835E-3	8,388745E-3	-6,786918E-3	2,187256E-3	1,387954E+0	1,380789E+0
20220916 20:22:02,177	c_1_2255_20220916_20_22_02,177.bmp	1,461886E+0	1,738074E+0	3,700242E-3	5,836756E-3	3,389540E-3	2,187256E-3	1,382857E+0	1,380789E+0
20220916 20:22:08,184	c_1_2256_20220916_20_22_08,184.bmp	1,474610E+0	1,753351E+0	7,518835E-3	1,221673E-2	-1,950749E-2	-1,056144E-2	1,395599E+0	1,385905E+0
20220916 20:22:14,185	c_1_2257_20220916_20_22_14,185.bmp	1,487334E+0	1,776268E+0	8,791700E-3	1,094073E-2	-1,187515E-2	-1,056144E-2	1,390502E+0	1,391021E+0
20220916 20:22:20,187	c_1_2258_20220916_20_22_20,187.bmp	1,506420E+0	1,799185E+0	3,700242E-3	1,094073E-2	-6,786918E-3	-1,311118E-2	1,385405E+0	1,388463E+0
20220916 20:22:26,190	c_1_2259_20220916_20_22_26,190.bmp	1,517872E+0	1,814463E+0	7,518835E-3	1,094073E-2	-1,441926E-2	-1,821066E-2	1,390502E+0	1,388463E+0
20220916 20:22:32,192	c_1_2260_20220916_20_22_32,192.bmp	1,524234E+0	1,834834E+0	8,791700E-3	9,664739E-3	8,454256E-4	-5,461963E-3	1,395599E+0	1,388463E+0
20220916 20:22:38,194	c_1_2261_20220916_20_22_38,194.bmp	1,538230E+0	1,859024E+0	3,700242E-3	8,388745E-3	8,454256E-4	-2,912223E-3	1,382857E+0	1,388463E+0
20220916 20:22:44,196	c_1_2262_20220916_20_22_44,196.bmp	1,536958E+0	1,875575E+0	7,518835E-3	1,349272E-2	-9,331032E-3	-1,566092E-2	1,387954E+0	1,396136E+0
20220916 20:22:50,198	c_1_2263_20220916_20_22_50,198.bmp	1,530596E+0	1,892126E+0	7,518835E-3	1,476871E-2	-6,786918E-3	-1,821066E-2	1,390502E+0	1,393578E+0
20220916 20:22:56,198	c_1_2264_20220916_20_22_56,198.bmp	1,474610E+0	1,916316E+0	6,245971E-3	1,349272E-2	-1,698689E-3	-1,056144E-2	1,387954E+0	1,393578E+0
20220916 20:23:02,202	c_1_2265_20220916_20_23_02,202.bmp	1,433893E+0	1,931594E+0	8,791700E-3	1,221673E-2	-1,950749E-2	-1,311118E-2	1,398148E+0	1,396136E+0
20220916 20:23:08,206	c_1_2266_20220916_20_23_08,206.bmp	1,432621E+0	1,957057E+0	7,518835E-3	7,112750E-3	-1,441926E-2	-1,056144E-2	1,382857E+0	1,383347E+0
20220916 20:23:14,209	c_1_2267_20220916_20_23_14,209.bmp	1,442800E+0	1,978701E+0	3,700242E-3	8,388745E-3	8,454256E-4	2,187256E-3	1,385405E+0	1,383347E+0
20220916 20:23:20,212	c_1_2268_20220916_20_23_20,212.bmp	1,454252E+0	1,995252E+0	2,427377E-3	1,094073E-2	3,389540E-3	1,748570E-2	1,387954E+0	1,388463E+0
20220916 20:23:26,212	c_1_2269_20220916_20_23_26,212.bmp	1,464431E+0	2,015622E+0	8,791700E-3	1,349272E-2	-9,331032E-3	-5,461963E-3	1,387954E+0	1,396136E+0
20220916 20:23:32,213	c_1_2270_20220916_20_23_32,213.bmp	1,477155E+0	2,032173E+0	7,518835E-3	1,476871E-2	-6,786918E-3	2,187256E-3	1,395599E+0	1,385905E+0
20220916 20:23:38,215	c_1_2271_20220916_20_23_38,215.bmp	1,494968E+0	2,053817E+0	8,791700E-3	1,349272E-2	-1,441926E-2	-8,011703E-3	1,395599E+0	1,396136E+0
20220916 20:23:44,219	c_1_2272_20220916_20_23_44,219.bmp	1,507693E+0	2,079280E+0	7,518835E-3	7,112750E-3	-1,698689E-3	4,736996E-3	1,382857E+0	1,383347E+0
20220916 20:23:50,228	c_1_2273_20220916_20_23_50,228.bmp	1,521689E+0	2,092012E+0	1,006456E-2	1,094073E-2	-1,187515E-2	-8,011703E-3	1,395599E+0	1,385905E+0
20220916 20:23:56,232	c_1_2274_20220916_20_23_56,232.bmp	1,539503E+0	2,116202E+0	6,245971E-3	8,388745E-3	-6,786918E-3	4,736996E-3	1,387954E+0	1,383347E+0
20220916 20:24:02,234	c_1_2275_20220916_20_24_02,234.bmp	1,553499E+0	2,131480E+0	7,518835E-3	1,349272E-2	-1,441926E-2	-1,566092E-2	1,398148E+0	1,393578E+0
20220916 20:24:08,234	c_1_2276_20220916_20_24_08,234.bmp	1,566223E+0	2,150577E+0	1,006456E-2	1,349272E-2	-6,786918E-3	4,736996E-3	1,395599E+0	1,396136E+0
20220916 20:24:14,235	c_1_2277_20220916_20_24_14,235.bmp	1,584037E+0	2,176040E+0	7,518835E-3	8,388745E-3	-4,242803E-3	9,836476E-3	1,387954E+0	1,383347E+0
20220916 20:24:20,235	c_1_2278_20220916_20_24_20,235.bmp	1,603123E+0	2,198957E+0	2,427377E-3	1,094073E-2	-1,698689E-3	-8,011703E-3	1,385405E+0	1,388463E+0
20220916 20:24:26,235	c_1_2279_20220916_20_24_26,235.bmp	1,615847E+0	2,216781E+0	7,518835E-3	1,094073E-2	-1,187515E-2	-8,011703E-3	1,387954E+0	1,388463E+0
20220916 20:24:32,237	c_1_2280_20220916_20_24_32,237.bmp	1,628571E+0	2,232059E+0	1,133743E-2	1,349272E-2	-1,187515E-2	-5,461963E-3	1,395599E+0	1,396136E+0
20220916 20:24:38,239	c_1_2281_20220916_20_24_38,239.bmp	1,643840E+0	2,251157E+0	1,006456E-2	1,349272E-2	-6,786918E-3	-2,912223E-3	1,398148E+0	1,388463E+0
20220916 20:24:44,242	c_1_2282_20220916_20_24_44,242.bmp	1,655291E+0	2,272800E+0	1,006456E-2	1,094073E-2	-5,766921E-2	-1,311118E-2	1,398148E+0	1,388463E+0
20220916 20:24:50,247	c_1_2283_20220916_20_24_50,247.bmp	1,671833E+0	2,298263E+0	6,245971E-3	8,388745E-3	-1,441926E-2	-3,624835E-4	1,382857E+0	1,383347E+0
20220916 20:24:56,251	c_1_2284_20220916_20_24_56,251.bmp	1,679467E+0	2,316088E+0	8,791700E-3	1,094073E-2	-1,187515E-2	-5,461963E-3	1,398148E+0	1,385905E+0
20220916 20:25:02,255	c_1_2285_20220916_20_25_02,255.bmp	1,693463E+0	2,340278E+0	3,700242E-3	8,388745E-3	-6,786918E-3	-3,624835E-4	1,385405E+0	1,380789E+0
20220916 20:25:08,257	c_1_2286_20220916_20_25_08,257.bmp	1,690919E+0	2,359375E+0	3,700242E-3	8,388745E-3	5,933654E-3	-2,912223E-3	1,382857E+0	1,383347E+0
20220916 20:25:14,261	c_1_2287_20220916_20_25_14,261.bmp	1,652747E+0	2,373380E+0	6,245971E-3	1,349272E-2	-6,786918E-3	-1,056144E-2	1,390502E+0	1,396136E+0
20220916 20:25:20,262	c_1_2288_20220916_20_25_20,262.bmp	1,609485E+0	2,398843E+0	7,518835E-3	8,388745E-3	-4,242803E-3	-8,011703E-3	1,385405E+0	1,383347E+0
20220916 20:25:26,267	c_1_2289_20220916_20_25_26,267.bmp	1,558589E+0	2,415394E+0	4,973106E-3	9,664739E-3	-4,242803E-3	4,736996E-3	1,390502E+0	1,388463E+0
20220916 20:25:32,269	c_1_2290_20220916_20_25_32,269.bmp	1,515327E+0	2,435765E+0	6,245971E-3	1,094073E-2	-1,441926E-2	-1,056144E-2	1,390502E+0	1,396136E+0
20220916 20:25:38,272	c_1_2291_20220916_20_25_38,272.bmp	1,464431E+0	2,456135E+0	1,006456E-2	9,664739E-3	-2,205160E-2	-8,011703E-3	1,398148E+0	1,388463E+0
20220916 20:25:44,276	c_1_2292_20220916_20_25_44,276.bmp	1,402083E+0	2,475233E+0	6,245971E-3	1,094073E-2	-6,786918E-3	-2,912223E-3	1,390502E+0	1,388463E+0
20220916 20:25:50,277	c_1_2293_20220916_20_25_50,277.bmp	1,339735E+0	2,499423E+0	6,245971E-3	8,388745E-3	-4,242803E-3	2,187256E-3	1,382857E+0	1,383347E+0
20220916 20:25:56,284	c_1_2294_20220916_20_25_56,284.bmp	1,017817E+0	2,510881E+0	1,006456E-2	1,349272E-2	-1,187515E-2	-8,011703E-3	1,398148E+0	1,385905E+0
20220916 20:26:02,286	c_1_2295_20220916_20_26_02,286.bmp	8,358635E-1	2,537617E+0	4,973106E-3	8,388745E-3	8,454256E-4	-2,912223E-3	1,382857E+0	1,380789E+0
20220916 20:26:08,290	c_1_2296_20220916_20_26_08,290.bmp	8,256843E-1	2,557988E+0	2,427377E-3	7,112750E-3	-6,786918E-3	2,187256E-3	1,385405E+0	1,383347E+0
20220916 20:26:14,296	c_1_2297_20220916_20_26_14,296.bmp	8,231394E-1	2,573266E+0	6,245971E-3	1,094073E-2	8,454256E-4	-5,461963E-3	1,387954E+0	1,388463E+0
20220916 20:26:20,300	c_1_2298_20220916_20_26_20,300.bmp	8,231394E-1	2,592363E+0	8,791700E-3	1,476871E-2	-6,786918E-3	-3,624835E-4	1,395599E+0	1,396136E+0
20220916 20:26:26,301	c_1_2299_20220916_20_26_26,301.bmp	8,333187E-1	2,617826E+0	4,973106E-3	8,388745E-3	-1,698689E-3	2,187256E-3	1,382857E+0	1,383347E+0
20220916 20:26:32,303	c_1_2300_20220916_20_26_32,303.bmp	8,371359E-1	2,636924E+0	6,245971E-3	1,094073E-2	-1,187515E-2	-8,011703E-3	1,387954E+0	1,388463E+0
20220916 20:26:38,305	c_1_2301_20220916_20_26_38,305.bmp	8,409531E-1	2,654748E+0	3,700242E-3	1,094073E-2	-1,698689E-3	-5,461963E-3	1,390502E+0	1,385905E+0
20220916 20:26:44,305	c_1_2302_20220916_20_26_44,305.bmp	8,473151E-1	2,675118E+0	3,700242E-3	9,664739E-3	-4,242803E-3	-2,912223E-3	1,385405E+0	1,388463E+0
20220916 20:26:50,308	c_1_2303_20220916_20_26_50,308.bmp	8,460427E-1	2,695489E+0	6,245971E-3	9,664739E-3	-1,187515E-2	-8,011703E-3	1,390502E+0	1,388463E+0
20220916 20:26:56,310	c_1_2304_20220916_20_26_56,310.bmp	8,536771E-1	2,718406E+0	6,245971E-3	8,388745E-3	-6,786918E-3	-2,912223E-3	1,387954E+0	1,383347E+0
20220916 20:27:02,313	c_1_2305_20220916_20_27_02,313.bmp	8,524047E-1	2,734957E+0	8,791700E-3	1,094073E-2	-6,786918E-3	9,836476E-3	1,390502E+0	1,385905E+0
20220916 20:27:08,314	c_1_2306_20220916_20_27_08,314.bmp	8,600392E-1	2,756601E+0	3,700242E-3	9,664739E-3	8,454256E-4	2,187256E-3	1,382857E+0	1,385905E+0
20220916 20:27:14,316	c_1_2307_20220916_20_27_14,316.bmp	8,638564E-1	2,776971E+0	7,518835E-3	1,094073E-2	-9,331032E-3	-8,011703E-3	1,387954E+0	1,385905E+0
20220916 20:27:20,317	c_1_2308_20220916_20_27_20,317.bmp	8,664012E-1	2,793522E+0	6,245971E-3	1,349272E-2	-6,786918E-3	-8,011703E-3	1,387954E+0	1,396136E+0
20220916 20:27:26,324	c_1_2309_20220916_20_27_26,324.bmp	8,740356E-1	2,813893E+0	6,245971E-3	8,388745E-3	-6,786918E-3	-3,624835E-4	1,387954E+0	1,383347E+0
20220916 20:27:32,324	c_1_2310_20220916_20_27_32,324.bmp	8,765804E-1	2,830444E+0	8,791700E-3	1,349272E-2	-1,696338E-2	-8,011703E-3	1,398148E+0	1,385905E+0
20220916 20:27:38,325	c_1_2311_20220916_20_27_38,325.bmp	8,854872E-1	2,858453E+0	4,973106E-3	8,388745E-3	-1,187515E-2	2,187256E-3	1,382857E+0	1,383347E+0
20220916 20:27:44,328	c_1_2312_20220916_20_27_44,328.bmp	8,918492E-1	2,875004E+0	7,518835E-3	1,349272E-2	-9,331032E-3	-8,011703E-3	1,390502E+0	1,393578E+0
20220916 20:27:50,328	c_1_2313_20220916_20_27_50,328.bmp	9,007561E-1	2,896648E+0	7,518835E-3	1,094073E-2	-6,786918E-3	7,286736E-3	1,387954E+0	1,391021E+0
20220916 20:27:56,328	c_1_2314_20220916_20_27_56,328.bmp	9,045733E-1	2,918292E+0	6,245971E-3	8,388745E-3	8,454256E-4	2,187256E-3	1,382857E+0	1,383347E+0
20220916 20:28:02,331	c_1_2315_20220916_20_28_02,331.bmp	9,122077E-1	2,931023E+0	6,245971E-3	1,476871E-2	-1,187515E-2	-1,821066E-2	1,390502E+0	1,393578E+0
20220916 20:28:08,333	c_1_2316_20220916_20_28_08,333.bmp	9,172973E-1	2,956487E+0	1,006456E-2	1,094073E-2	1,611011E-2	-2,912223E-3	1,390502E+0	1,385905E+0
20220916 20:28:14,334	c_1_2317_20220916_20_28_14,334.bmp	9,249317E-1	2,971765E+0	7,518835E-3	1,349272E-2	-9,331032E-3	-1,056144E-2	1,395599E+0	1,396136E+0
20220916 20:28:20,336	c_1_2318_20220916_20_28_20,336.bmp	9,363834E-1	2,995955E+0	3,700242E-3	1,094073E-2	-9,331032E-3	-8,011703E-3	1,390502E+0	1,396136E+0
20220916 20:28:26,340	c_1_2319_20220916_20_28_26,340.bmp	9,414730E-1	3,015052E+0	6,245971E-3	5,836756E-3	-1,950749E-2	2,187256E-3	1,390502E+0	1,383347E+0
20220916 20:28:32,340	c_1_2320_20220916_20_28_32,340.bmp	9,440178E-1	3,031603E+0	1,006456E-2	1,476871E-2	-9,331032E-3	-1,056144E-2	1,395599E+0	1,393578E+0
20220916 20:28:38,344	c_1_2321_20220916_20_28_38,344.bmp	9,567418E-1	3,053247E+0	7,518835E-3	7,112750E-3	-4,242803E-3	-5,461963E-3	1,387954E+0	1,383347E+0
20220916 20:28:44,348	c_1_2322_20220916_20_28_44,348.bmp	9,618314E-1	3,069798E+0	6,245971E-3	1,349272E-2	-1,187515E-2	-8,011703E-3	1,387954E+0	1,396136E+0
20220916 20:28:50,352	c_1_2323_20220916_20_28_50,352.bmp	9,720107E-1	3,093988E+0	7,518835E-3	1,094073E-2	3,389540E-3	2,187256E-3	1,387954E+0	1,383347E+0
20220916 20:28:56,353	c_1_2324_20220916_20_28_56,353.bmp	9,758279E-1	3,111812E+0	8,791700E-3	1,094073E-2	-1,696338E-2	-2,912223E-3	1,398148E+0	1,388463E+0
20220916 20:29:02,354	c_1_2325_20220916_20_29_02,354.bmp	9,847347E-1	3,134729E+0	7,518835E-3	1,094073E-2	-1,696338E-2	-5,461963E-3	1,390502E+0	1,383347E+0
20220916 20:29:08,355	c_1_2326_20220916_20_29_08,355.bmp	9,910967E-1	3,155099E+0	1,006456E-2	1,094073E-2	-2,459572E-2	-3,624835E-4	1,387954E+0	1,388463E+0
20220916 20:29:14,360	c_1_2327_20220916_20_29_14,360.bmp	1,001276E+0	3,174197E+0	6,245971E-3	1,094073E-2	-1,187515E-2	2,187256E-3	1,387954E+0	1,385905E+0
20220916 20:29:20,361	c_1_2328_20220916_20_29_20,361.bmp	1,010183E+0	3,198387E+0	7,518835E-3	8,388745E-3	-1,441926E-2	-3,624835E-4	1,387954E+0	1,383347E+0
20220916 20:29:26,361	c_1_2329_20220916_20_29_26,361.bmp	1,020362E+0	3,214938E+0	7,518835E-3	1,094073E-2	-6,786918E-3	-2,912223E-3	1,390502E+0	1,396136E+0
20220916 20:29:32,364	c_1_2330_20220916_20_29_32,364.bmp	1,026724E+0	3,235308E+0	6,245971E-3	1,094073E-2	-6,786918E-3	2,187256E-3	1,390502E+0	1,388463E+0
20220916 20:29:38,364	c_1_2331_20220916_20_29_38,364.bmp	1,033086E+0	3,253133E+0	6,245971E-3	1,094073E-2	-1,187515E-2	-3,624835E-4	1,390502E+0	1,388463E+0
20220916 20:29:44,367	c_1_2332_20220916_20_29_44,367.bmp	1,039448E+0	3,278596E+0	3,700242E-3	1,094073E-2	-1,698689E-3	-5,461963E-3	1,385405E+0	1,388463E+0
20220916 20:29:50,368	c_1_2333_20220916_20_29_50,368.bmp	1,045810E+0	3,293874E+0	6,245971E-3	1,476871E-2	-6,786918E-3	2,187256E-3	1,390502E+0	1,396136E+0
20220916 20:29:56,370	c_1_2334_20220916_20_29_56,370.bmp	1,053444E+0	3,316791E+0	4,973106E-3	8,388745E-3	1,102188E-2	1,238622E-2	1,382857E+0	1,385905E+0
20220916 20:30:02,371	c_1_2335_20220916_20_30_02,371.bmp	1,058534E+0	3,335888E+0	7,518835E-3	7,112750E-3	-6,786918E-3	-2,912223E-3	1,387954E+0	1,383347E+0
20220916 20:30:08,372	c_1_2336_20220916_20_30_08,372.bmp	1,069986E+0	3,353712E+0	6,245971E-3	1,094073E-2	-4,242803E-3	-5,461963E-3	1,390502E+0	1,388463E+0
20220916 20:30:14,374	c_1_2337_20220916_20_30_14,374.bmp	1,073803E+0	3,374083E+0	7,518835E-3	1,349272E-2	-6,786918E-3	-1,311118E-2	1,387954E+0	1,393578E+0
20220916 20:30:20,378	c_1_2338_20220916_20_30_20,378.bmp	1,080165E+0	3,391907E+0	8,791700E-3	1,221673E-2	-2,459572E-2	-1,311118E-2	1,395599E+0	1,396136E+0
20220916 20:30:26,381	c_1_2339_20220916_20_30_26,381.bmp	1,087799E+0	3,416097E+0	1,006456E-2	1,094073E-2	-2,459572E-2	2,187256E-3	1,395599E+0	1,388463E+0
20220916 20:30:32,390	c_1_2340_20220916_20_30_32,390.bmp	1,097979E+0	3,433921E+0	7,518835E-3	1,094073E-2	-6,786918E-3	-3,624835E-4	1,390502E+0	1,388463E+0
20220916 20:30:38,394	c_1_2341_20220916_20_30_38,394.bmp	1,103068E+0	3,451745E+0	1,006456E-2	1,349272E-2	-1,441926E-2	-1,056144E-2	1,398148E+0	1,393578E+0
20220916 20:30:44,401	c_1_2342_20220916_20_30_44,401.bmp	1,115792E+0	3,472116E+0	1,006456E-2	1,476871E-2	-1,441926E-2	-8,011703E-3	1,398148E+0	1,388463E+0
20220916 20:30:50,405	c_1_2343_20220916_20_30_50,405.bmp	1,127244E+0	3,498852E+0	7,518835E-3	8,388745E-3	-4,242803E-3	4,736996E-3	1,385405E+0	1,383347E+0
20220916 20:30:56,407	c_1_2344_20220916_20_30_56,407.bmp	1,132333E+0	3,511584E+0	1,006456E-2	1,476871E-2	-1,698689E-3	9,836476E-3	1,395599E+0	1,396136E+0
20220916 20:31:02,411	c_1_2345_20220916_20_31_02,411.bmp	1,139968E+0	3,530681E+0	1,006456E-2	1,094073E-2	8,454256E-4	-8,011703E-3	1,398148E+0	1,388463E+0
20220916 20:31:08,415	c_1_2346_20220916_20_31_08,415.bmp	1,150147E+0	3,553598E+0	7,518835E-3	1,094073E-2	-1,187515E-2	4,736996E-3	1,387954E+0	1,383347E+0
20220916 20:31:14,420	c_1_2347_20220916_20_31_14,420.bmp	1,156509E+0	3,576515E+0	3,700242E-3	8,388745E-3	3,389540E-3	2,187256E-3	1,385405E+0	1,388463E+0
20220916 20:31:20,426	c_1_2348_20220916_20_31_20,426.bmp	1,164144E+0	3,590520E+0	8,791700E-3	1,349272E-2	-1,441926E-2	-1,311118E-2	1,395599E+0	1,393578E+0
20220916 20:31:26,427	c_1_2349_20220916_20_31_26,427.bmp	1,174323E+0	3,614710E+0	3,700242E-3	1,094073E-2	-4,242803E-3	-8,011703E-3	1,390502E+0	1,388463E+0
20220916 20:31:32,434	c_1_2350_20220916_20_31_32,434.bmp	1,180685E+0	3,633807E+0	6,245971E-3	8,388745E-3	-9,331032E-3	-3,624835E-4	1,387954E+0	1,383347E+0
20220916 20:31:38,438	c_1_2351_20220916_20_31_38,438.bmp	1,189592E+0	3,655451E+0	6,245971E-3	1,349272E-2	5,933654E-3	-1,311118E-2	1,387954E+0	1,396136E+0
20220916 20:31:44,441	c_1_2352_20220916_20_31_44,441.bmp	1,195954E+0	3,677095E+0	7,518835E-3	5,836756E-3	-6,786918E-3	9,836476E-3	1,382857E+0	1,385905E+0
20220916 20:31:50,443	c_1_2353_20220916_20_31_50,443.bmp	1,199771E+0	3,693646E+0	1,006456E-2	1,094073E-2	-3,222806E-2	-5,461963E-3	1,387954E+0	1,388463E+0
20220916 20:31:56,444	c_1_2354_20220916_20_31_56,444.bmp	1,211223E+0	3,715289E+0	6,245971E-3	1,094073E-2	-6,786918E-3	-5,461963E-3	1,387954E+0	1,388463E+0
20220916 20:32:02,445	c_1_2355_20220916_20_32_02,445.bmp	1,211223E+0	3,738206E+0	3,700242E-3	7,112750E-3	-6,786918E-3	7,286736E-3	1,382857E+0	1,383347E+0
20220916 20:32:08,450	c_1_2356_20220916_20_32_08,450.bmp	1,215040E+0	3,754757E+0	3,700242E-3	1,094073E-2	8,454256E-4	-2,912223E-3	1,390502E+0	1,396136E+0
20220916 20:32:14,451	c_1_2357_20220916_20_32_14,451.bmp	1,216312E+0	3,776401E+0	3,700242E-3	1,094073E-2	-1,187515E-2	-1,056144E-2	1,385405E+0	1,388463E+0
20220916 20:32:20,455	c_1_2358_20220916_20_32_20,455.bmp	1,209950E+0	3,790406E+0	7,518835E-3	1,349272E-2	-1,441926E-2	-8,011703E-3	1,398148E+0	1,388463E+0
20220916 20:32:26,458	c_1_2359_20220916_20_32_26,458.bmp	1,213767E+0	3,813323E+0	3,700242E-3	1,094073E-2	-4,242803E-3	-8,011703E-3	1,382857E+0	1,388463E+0
20220916 20:32:32,459	c_1_2360_20220916_20_32_32,459.bmp	1,215040E+0	3,836239E+0	3,700242E-3	1,094073E-2	-4,242803E-3	-1,056144E-2	1,385405E+0	1,388463E+0
20220916 20:32:38,463	c_1_2361_20220916_20_32_38,463.bmp	1,216312E+0	3,851517E+0	7,518835E-3	1,349272E-2	-6,786918E-3	-1,311118E-2	1,398148E+0	1,393578E+0
20220916 20:32:44,466	c_1_2362_20220916_20_32_44,466.bmp	1,221402E+0	3,876981E+0	6,245971E-3	7,112750E-3	-6,786918E-3	-3,624835E-4	1,385405E+0	1,383347E+0
20220916 20:32:50,468	c_1_2363_20220916_20_32_50,468.bmp	1,225219E+0	3,893532E+0	6,245971E-3	8,388745E-3	-1,696338E-2	-2,912223E-3	1,390502E+0	1,385905E+0
20220916 20:32:56,470	c_1_2364_20220916_20_32_56,470.bmp	1,223947E+0	3,915175E+0	1,006456E-2	1,094073E-2	-1,441926E-2	-3,624835E-4	1,387954E+0	1,388463E+0
20220916 20:33:02,474	c_1_2365_20220916_20_33_02,474.bmp	1,231581E+0	3,938092E+0	2,427377E-3	7,112750E-3	3,389540E-3	7,286736E-3	1,382857E+0	1,383347E+0
20220916 20:33:08,475	c_1_2366_20220916_20_33_08,475.bmp	1,230309E+0	3,954643E+0	1,006456E-2	1,094073E-2	-1,698689E-3	-3,624835E-4	1,387954E+0	1,383347E+0
20220916 20:33:14,476	c_1_2367_20220916_20_33_14,476.bmp	1,237943E+0	3,977560E+0	3,700242E-3	7,112750E-3	8,454256E-4	-1,056144E-2	1,385405E+0	1,388463E+0
20220916 20:33:20,480	c_1_2368_20220916_20_33_20,480.bmp	1,236671E+0	3,994111E+0	7,518835E-3	9,664739E-3	-9,331032E-3	-8,011703E-3	1,387954E+0	1,388463E+0
20220916 20:33:26,487	c_1_2369_20220916_20_33_26,487.bmp	1,231581E+0	4,014482E+0	7,518835E-3	9,664739E-3	8,454256E-4	-8,011703E-3	1,387954E+0	1,385905E+0
20220916 20:33:32,488	c_1_2370_20220916_20_33_32,488.bmp	1,231581E+0	4,034852E+0	7,518835E-3	1,094073E-2	2,119834E-2	-2,912223E-3	1,390502E+0	1,385905E+0
20220916 20:33:38,493	c_1_2371_20220916_20_33_38,493.bmp	1,226491E+0	4,052676E+0	6,245971E-3	1,349272E-2	-1,187515E-2	-2,912223E-3	1,387954E+0	1,393578E+0
20220916 20:33:44,497	c_1_2372_20220916_20_33_44,497.bmp	1,216312E+0	4,078140E+0	3,700242E-3	5,836756E-3	-4,242803E-3	2,187256E-3	1,385405E+0	1,380789E+0
20220916 20:33:50,499	c_1_2373_20220916_20_33_50,499.bmp	1,178140E+0	4,094691E+0	7,518835E-3	1,094073E-2	-6,786918E-3	-3,624835E-4	1,390502E+0	1,388463E+0
20220916 20:33:56,500	c_1_2374_20220916_20_33_56,500.bmp	7,722433E-1	4,115061E+0	7,518835E-3	1,221673E-2	-3,731629E-2	-1,311118E-2	1,390502E+0	1,396136E+0
20220916 20:34:02,506	c_1_2375_20220916_20_34_02,506.bmp	7,607917E-1	4,131612E+0	6,245971E-3	1,476871E-2	-2,459572E-2	-8,011703E-3	1,398148E+0	1,396136E+0
20220916 20:34:08,507	c_1_2376_20220916_20_34_08,507.bmp	7,582469E-1	4,151983E+0	1,006456E-2	1,094073E-2	-1,696338E-2	-1,821066E-2	1,395599E+0	1,385905E+0
20220916 20:34:14,508	c_1_2377_20220916_20_34_14,508.bmp	7,696985E-1	4,174900E+0	6,245971E-3	1,094073E-2	-9,331032E-3	-5,461963E-3	1,387954E+0	1,385905E+0
20220916 20:34:20,510	c_1_2378_20220916_20_34_20,510.bmp	7,722433E-1	4,192724E+0	7,518835E-3	1,476871E-2	-9,331032E-3	-3,624835E-4	1,390502E+0	1,393578E+0
20220916 20:34:26,511	c_1_2379_20220916_20_34_26,511.bmp	7,709709E-1	4,213094E+0	1,006456E-2	1,349272E-2	-1,187515E-2	-1,056144E-2	1,398148E+0	1,393578E+0
20220916 20:34:32,513	c_1_2380_20220916_20_34_32,513.bmp	7,798777E-1	4,234738E+0	7,518835E-3	1,349272E-2	-9,331032E-3	-8,011703E-3	1,387954E+0	1,396136E+0
20220916 20:34:38,513	c_1_2381_20220916_20_34_38,513.bmp	7,862397E-1	4,256382E+0	4,973106E-3	1,094073E-2	-2,459572E-2	-5,461963E-3	1,390502E+0	1,388463E+0
20220916 20:34:44,516	c_1_2382_20220916_20_34_44,516.bmp	7,849673E-1	4,275479E+0	6,245971E-3	1,094073E-2	-6,786918E-3	2,187256E-3	1,390502E+0	1,388463E+0
20220916 20:34:50,517	c_1_2383_20220916_20_34_50,517.bmp	7,887846E-1	4,294577E+0	3,700242E-3	1,094073E-2	-1,187515E-2	-8,011703E-3	1,390502E+0	1,388463E+0
20220916 20:34:56,518	c_1_2384_20220916_20_34_56,518.bmp	7,951466E-1	4,317494E+0	2,427377E-3	1,094073E-2	8,454256E-4	7,286736E-3	1,382857E+0	1,388463E+0
20220916 20:35:02,522	c_1_2385_20220916_20_35_02,522.bmp	7,938742E-1	4,335318E+0	7,518835E-3	1,094073E-2	-4,242803E-3	-8,011703E-3	1,387954E+0	1,396136E+0
20220916 20:35:08,526	c_1_2386_20220916_20_35_08,526.bmp	7,913294E-1	4,354415E+0	6,245971E-3	1,094073E-2	-6,786918E-3	1,238622E-2	1,390502E+0	1,388463E+0
20220916 20:35:14,530	c_1_2387_20220916_20_35_14,530.bmp	7,926018E-1	4,374786E+0	7,518835E-3	1,094073E-2	-1,696338E-2	-1,311118E-2	1,387954E+0	1,396136E+0
20220916 20:35:20,533	c_1_2388_20220916_20_35_20,533.bmp	7,887846E-1	4,396429E+0	1,006456E-2	1,094073E-2	-4,242803E-3	9,836476E-3	1,390502E+0	1,383347E+0
20220916 20:35:26,533	c_1_2389_20220916_20_35_26,533.bmp	7,862397E-1	4,411707E+0	1,006456E-2	1,094073E-2	-1,187515E-2	-5,461963E-3	1,398148E+0	1,388463E+0
20220916 20:35:32,536	c_1_2390_20220916_20_35_32,536.bmp	7,951466E-1	4,434624E+0	2,427377E-3	1,094073E-2	-1,698689E-3	-8,011703E-3	1,390502E+0	1,388463E+0
20220916 20:35:38,542	c_1_2391_20220916_20_35_38,542.bmp	7,951466E-1	4,454995E+0	8,791700E-3	1,221673E-2	-1,698689E-3	-8,011703E-3	1,390502E+0	1,385905E+0
20220916 20:35:44,543	c_1_2392_20220916_20_35_44,543.bmp	7,938742E-1	4,471546E+0	8,791700E-3	1,349272E-2	-1,696338E-2	2,187256E-3	1,398148E+0	1,393578E+0
20220916 20:35:50,544	c_1_2393_20220916_20_35_50,544.bmp	7,976914E-1	4,491916E+0	4,973106E-3	1,476871E-2	-1,698689E-3	-8,011703E-3	1,398148E+0	1,396136E+0
20220916 20:35:56,548	c_1_2394_20220916_20_35_56,548.bmp	7,989638E-1	4,511014E+0	8,791700E-3	1,094073E-2	-1,696338E-2	-5,461963E-3	1,395599E+0	1,385905E+0
20220916 20:36:02,549	c_1_2395_20220916_20_36_02,549.bmp	8,091430E-1	4,535204E+0	3,700242E-3	1,094073E-2	5,933654E-3	2,187256E-3	1,385405E+0	1,388463E+0
20220916 20:36:08,549	c_1_2396_20220916_20_36_08,549.bmp	8,078706E-1	4,550482E+0	6,245971E-3	1,221673E-2	-6,786918E-3	-1,566092E-2	1,395599E+0	1,396136E+0
20220916 20:36:14,550	c_1_2397_20220916_20_36_14,550.bmp	8,129602E-1	4,574672E+0	6,245971E-3	1,094073E-2	-1,696338E-2	2,187256E-3	1,387954E+0	1,388463E+0
20220916 20:36:20,551	c_1_2398_20220916_20_36_20,551.bmp	8,116878E-1	4,593769E+0	8,791700E-3	1,094073E-2	-6,786918E-3	-5,461963E-3	1,387954E+0	1,385905E+0
20220916 20:36:26,555	c_1_2399_20220916_20_36_26,555.bmp	8,231394E-1	4,612866E+0	6,245971E-3	1,094073E-2	-9,331032E-3	-5,461963E-3	1,387954E+0	1,393578E+0
20220916 20:36:32,555	c_1_2400_20220916_20_36_32,555.bmp	8,282291E-1	4,637056E+0	3,700242E-3	7,112750E-3	-4,242803E-3	-3,624835E-4	1,385405E+0	1,380789E+0
20220916 20:36:38,559	c_1_2401_20220916_20_36_38,559.bmp	8,256843E-1	4,651061E+0	8,791700E-3	1,476871E-2	-1,187515E-2	-8,011703E-3	1,395599E+0	1,396136E+0
20220916 20:36:44,563	c_1_2402_20220916_20_36_44,563.bmp	8,333187E-1	4,675251E+0	7,518835E-3	1,476871E-2	-6,786918E-3	-5,461963E-3	1,393051E+0	1,396136E+0
20220916 20:36:50,563	c_1_2403_20220916_20_36_50,563.bmp	8,345911E-1	4,694349E+0	8,791700E-3	1,094073E-2	-1,441926E-2	-1,311118E-2	1,387954E+0	1,388463E+0
20220916 20:36:56,563	c_1_2404_20220916_20_36_56,563.bmp	8,409531E-1	4,717265E+0	7,518835E-3	7,112750E-3	-9,331032E-3	-2,912223E-3	1,385405E+0	1,383347E+0
20220916 20:37:02,567	c_1_2405_20220916_20_37_02,567.bmp	8,409531E-1	4,731270E+0	1,006456E-2	1,094073E-2	-6,786918E-3	-2,912223E-3	1,398148E+0	1,385905E+0
20220916 20:37:08,568	c_1_2406_20220916_20_37_08,568.bmp	8,447703E-1	4,750368E+0	1,006456E-2	1,349272E-2	-1,696338E-2	-8,011703E-3	1,398148E+0	1,396136E+0
20220916 20:37:14,570	c_1_2407_20220916_20_37_14,570.bmp	8,549495E-1	4,775831E+0	3,700242E-3	1,094073E-2	-6,786918E-3	-5,461963E-3	1,387954E+0	1,388463E+0
20220916 20:37:20,571	c_1_2408_20220916_20_37_20,571.bmp	8,549495E-1	4,794928E+0	7,518835E-3	1,094073E-2	-9,331032E-3	-2,912223E-3	1,390502E+0	1,388463E+0
20220916 20:37:26,573	c_1_2409_20220916_20_37_26,573.bmp	8,549495E-1	4,810206E+0	1,006456E-2	1,349272E-2	-1,696338E-2	2,187256E-3	1,395599E+0	1,388463E+0
20220916 20:37:32,573	c_1_2410_20220916_20_37_32,573.bmp	8,625840E-1	4,834396E+0	7,518835E-3	7,112750E-3	-9,331032E-3	-1,056144E-2	1,387954E+0	1,383347E+0
20220916 20:37:38,574	c_1_2411_20220916_20_37_38,574.bmp	8,625840E-1	4,852220E+0	1,006456E-2	1,476871E-2	-1,950749E-2	-1,311118E-2	1,398148E+0	1,396136E+0
20220916 20:37:44,576	c_1_2412_20220916_20_37_44,576.bmp	8,714908E-1	4,873864E+0	6,245971E-3	1,094073E-2	-6,786918E-3	-8,011703E-3	1,387954E+0	1,393578E+0
20220916 20:37:50,578	c_1_2413_20220916_20_37_50,578.bmp	8,651288E-1	4,890415E+0	1,006456E-2	1,221673E-2	-1,696338E-2	-1,056144E-2	1,398148E+0	1,396136E+0
20220916 20:37:56,583	c_1_2414_20220916_20_37_56,583.bmp	8,587667E-1	4,909512E+0	8,791700E-3	1,349272E-2	1,356600E-2	-1,821066E-2	1,398148E+0	1,396136E+0
20220916 20:38:02,589	c_1_2415_20220916_20_38_02,589.bmp	8,549495E-1	4,933702E+0	4,973106E-3	1,094073E-2	-6,786918E-3	-8,011703E-3	1,390502E+0	1,385905E+0
20220916 20:38:08,590	c_1_2416_20220916_20_38_08,590.bmp	8,460427E-1	4,956619E+0	3,700242E-3	8,388745E-3	8,454256E-4	7,286736E-3	1,385405E+0	1,383347E+0
20220916 20:38:14,594	c_1_2417_20220916_20_38_14,594.bmp	8,142326E-1	4,971897E+0	1,006456E-2	1,221673E-2	-1,441926E-2	-1,311118E-2	1,395599E+0	1,396136E+0
20220916 20:38:20,599	c_1_2418_20220916_20_38_20,599.bmp	8,015086E-1	4,990995E+0	1,006456E-2	1,349272E-2	-1,187515E-2	2,187256E-3	1,395599E+0	1,396136E+0
20220916 20:38:26,603	c_1_2419_20220916_20_38_26,603.bmp	8,078706E-1	5,012638E+0	1,006456E-2	1,349272E-2	-1,696338E-2	-8,011703E-3	1,395599E+0	1,388463E+0
20220916 20:38:32,605	c_1_2420_20220916_20_38_32,605.bmp	8,078706E-1	5,033009E+0	7,518835E-3	1,349272E-2	-1,698689E-3	-1,056144E-2	1,390502E+0	1,396136E+0
20220916 20:38:38,606	c_1_2421_20220916_20_38_38,606.bmp	8,091430E-1	5,054653E+0	8,791700E-3	1,094073E-2	-1,187515E-2	-8,011703E-3	1,395599E+0	1,385905E+0
20220916 20:38:44,610	c_1_2422_20220916_20_38_44,610.bmp	8,129602E-1	5,068657E+0	8,791700E-3	1,094073E-2	-1,187515E-2	-2,912223E-3	1,398148E+0	1,388463E+0
20220916 20:38:50,611	c_1_2423_20220916_20_38_50,611.bmp	8,205946E-1	5,091574E+0	1,006456E-2	1,349272E-2	-1,187515E-2	-1,311118E-2	1,398148E+0	1,396136E+0
20220916 20:38:56,614	c_1_2424_20220916_20_38_56,614.bmp	8,256843E-1	5,114491E+0	7,518835E-3	1,349272E-2	-1,187515E-2	-2,076040E-2	1,390502E+0	1,396136E+0
20220916 20:39:02,615	c_1_2425_20220916_20_39_02,615.bmp	8,358635E-1	5,132315E+0	7,518835E-3	1,349272E-2	-1,950749E-2	-1,821066E-2	1,390502E+0	1,396136E+0
20220916 20:39:08,618	c_1_2426_20220916_20_39_08,618.bmp	8,460427E-1	5,153959E+0	3,700242E-3	1,094073E-2	-9,331032E-3	-8,011703E-3	1,387954E+0	1,396136E+0
20220916 20:39:14,618	c_1_2427_20220916_20_39_14,618.bmp	8,473151E-1	5,170510E+0	1,006456E-2	1,349272E-2	-4,242803E-3	-8,011703E-3	1,398148E+0	1,393578E+0
20220916 20:39:20,620	c_1_2428_20220916_20_39_20,620.bmp	8,549495E-1	5,192154E+0	8,791700E-3	1,094073E-2	-1,696338E-2	-8,011703E-3	1,387954E+0	1,388463E+0
20220916 20:39:26,623	c_1_2429_20220916_20_39_26,623.bmp	8,740356E-1	5,213797E+0	3,700242E-3	1,094073E-2	8,454256E-4	2,187256E-3	1,385405E+0	1,388463E+0
20220916 20:39:32,623	c_1_2430_20220916_20_39_32,623.bmp	8,753080E-1	5,232895E+0	8,791700E-3	1,094073E-2	-9,331032E-3	-8,011703E-3	1,387954E+0	1,380789E+0
20220916 20:39:38,626	c_1_2431_20220916_20_39_38,626.bmp	8,880320E-1	5,257085E+0	3,700242E-3	5,836756E-3	8,454256E-4	-5,461963E-3	1,382857E+0	1,388463E+0
20220916 20:39:44,628	c_1_2432_20220916_20_39_44,628.bmp	8,994837E-1	5,274909E+0	7,518835E-3	5,836756E-3	-4,242803E-3	7,286736E-3	1,382857E+0	1,383347E+0
20220916 20:39:50,632	c_1_2433_20220916_20_39_50,632.bmp	9,109353E-1	5,297826E+0	3,700242E-3	1,094073E-2	-2,205160E-2	-5,461963E-3	1,385405E+0	1,385905E+0
20220916 20:39:56,633	c_1_2434_20220916_20_39_56,633.bmp	9,122077E-1	5,313104E+0	7,518835E-3	1,094073E-2	-9,331032E-3	-2,912223E-3	1,390502E+0	1,388463E+0
20220916 20:40:02,640	c_1_2435_20220916_20_40_02,640.bmp	9,274765E-1	5,333474E+0	3,700242E-3	1,094073E-2	3,389540E-3	-2,912223E-3	1,382857E+0	1,388463E+0
20220916 20:40:08,644	c_1_2436_20220916_20_40_08,644.bmp	9,325661E-1	5,353845E+0	7,518835E-3	7,112750E-3	-1,187515E-2	4,736996E-3	1,387954E+0	1,383347E+0
20220916 20:40:14,645	c_1_2437_20220916_20_40_14,645.bmp	9,414730E-1	5,371669E+0	6,245971E-3	7,112750E-3	-1,187515E-2	2,187256E-3	1,387954E+0	1,383347E+0
20220916 20:40:20,649	c_1_2438_20220916_20_40_20,649.bmp	9,478350E-1	5,395859E+0	6,245971E-3	1,094073E-2	-1,698689E-3	-8,011703E-3	1,390502E+0	1,388463E+0
20220916 20:40:26,651	c_1_2439_20220916_20_40_26,651.bmp	9,554694E-1	5,409864E+0	1,006456E-2	1,094073E-2	-9,331032E-3	2,187256E-3	1,395599E+0	1,391021E+0
20220916 20:40:32,654	c_1_2440_20220916_20_40_32,654.bmp	9,681934E-1	5,434054E+0	3,700242E-3	1,349272E-2	-6,786918E-3	-8,011703E-3	1,387954E+0	1,396136E+0
20220916 20:40:38,655	c_1_2441_20220916_20_40_38,655.bmp	9,796451E-1	5,453151E+0	6,245971E-3	5,836756E-3	8,477769E-3	4,736996E-3	1,387954E+0	1,385905E+0
20220916 20:40:44,659	c_1_2442_20220916_20_40_44,659.bmp	9,910967E-1	5,476068E+0	3,700242E-3	7,112750E-3	-1,698689E-3	-2,912223E-3	1,385405E+0	1,388463E+0
20220916 20:40:50,663	c_1_2443_20220916_20_40_50,663.bmp	9,987311E-1	5,496439E+0	3,700242E-3	7,112750E-3	8,454256E-4	-3,624835E-4	1,385405E+0	1,383347E+0
20220916 20:40:56,670	c_1_2444_20220916_20_40_56,670.bmp	9,974587E-1	5,516809E+0	3,700242E-3	8,388745E-3	-4,242803E-3	-2,912223E-3	1,382857E+0	1,383347E+0
20220916 20:41:02,671	c_1_2445_20220916_20_41_02,671.bmp	9,923691E-1	5,532087E+0	7,518835E-3	7,112750E-3	-6,786918E-3	2,187256E-3	1,387954E+0	1,383347E+0
20220916 20:41:08,676	c_1_2446_20220916_20_41_08,676.bmp	9,872795E-1	5,553731E+0	1,006456E-2	9,664739E-3	-2,205160E-2	-8,011703E-3	1,387954E+0	1,388463E+0
20220916 20:41:14,677	c_1_2447_20220916_20_41_14,677.bmp	9,872795E-1	5,575375E+0	3,700242E-3	8,388745E-3	-1,698689E-3	-1,821066E-2	1,382857E+0	1,383347E+0
20220916 20:41:20,680	c_1_2448_20220916_20_41_20,680.bmp	9,809175E-1	5,591926E+0	6,245971E-3	1,094073E-2	-6,786918E-3	-8,011703E-3	1,390502E+0	1,388463E+0
20220916 20:41:26,683	c_1_2449_20220916_20_41_26,683.bmp	8,460427E-1	5,617389E+0	3,700242E-3	8,388745E-3	-1,698689E-3	-2,912223E-3	1,382857E+0	1,383347E+0
20220916 20:41:32,684	c_1_2450_20220916_20_41_32,684.bmp	7,824225E-1	5,631394E+0	7,518835E-3	1,349272E-2	-9,331032E-3	-1,311118E-2	1,395599E+0	1,388463E+0
20220916 20:41:38,685	c_1_2451_20220916_20_41_38,685.bmp	7,722433E-1	5,656857E+0	6,245971E-3	8,388745E-3	-1,187515E-2	1,238622E-2	1,387954E+0	1,383347E+0
20220916 20:41:44,688	c_1_2452_20220916_20_41_44,688.bmp	7,658813E-1	5,668315E+0	1,006456E-2	1,094073E-2	-1,696338E-2	-8,011703E-3	1,398148E+0	1,388463E+0
20220916 20:41:50,690	c_1_2453_20220916_20_41_50,690.bmp	7,709709E-1	5,696325E+0	6,245971E-3	8,388745E-3	-4,242803E-3	-3,624835E-4	1,382857E+0	1,385905E+0
20220916 20:41:56,694	c_1_2454_20220916_20_41_56,694.bmp	7,709709E-1	5,714149E+0	7,518835E-3	1,094073E-2	-9,331032E-3	-5,461963E-3	1,387954E+0	1,388463E+0
20220916 20:42:02,695	c_1_2455_20220916_20_42_02,695.bmp	7,760605E-1	5,734519E+0	7,518835E-3	1,476871E-2	-6,786918E-3	-3,095936E-2	1,390502E+0	1,393578E+0
20220916 20:42:08,696	c_1_2456_20220916_20_42_08,696.bmp	7,836949E-1	5,753617E+0	4,973106E-3	1,094073E-2	5,933654E-3	2,187256E-3	1,390502E+0	1,388463E+0
20220916 20:42:14,700	c_1_2457_20220916_20_42_14,700.bmp	7,887846E-1	5,773987E+0	6,245971E-3	1,094073E-2	-1,441926E-2	-8,011703E-3	1,390502E+0	1,396136E+0
20220916 20:42:20,705	c_1_2458_20220916_20_42_20,705.bmp	7,913294E-1	5,796904E+0	3,700242E-3	1,094073E-2	-4,242803E-3	-1,056144E-2	1,382857E+0	1,388463E+0
20220916 20:42:26,711	c_1_2459_20220916_20_42_26,711.bmp	7,900570E-1	5,812182E+0	8,791700E-3	1,094073E-2	-1,441926E-2	-5,461963E-3	1,390502E+0	1,388463E+0
20220916 20:42:32,715	c_1_2460_20220916_20_42_32,715.bmp	7,951466E-1	5,833826E+0	1,006456E-2	1,094073E-2	-6,786918E-3	2,187256E-3	1,390502E+0	1,383347E+0
20220916 20:42:38,719	c_1_2461_20220916_20_42_38,719.bmp	8,002362E-1	5,851650E+0	8,791700E-3	1,094073E-2	-6,786918E-3	-8,011703E-3	1,387954E+0	1,391021E+0
20220916 20:42:44,720	c_1_2462_20220916_20_42_44,720.bmp	8,129602E-1	5,875840E+0	2,427377E-3	7,112750E-3	3,389540E-3	-3,624835E-4	1,382857E+0	1,388463E+0
20220916 20:42:50,722	c_1_2463_20220916_20_42_50,722.bmp	8,193222E-1	5,893664E+0	6,245971E-3	1,094073E-2	-9,331032E-3	-5,461963E-3	1,387954E+0	1,388463E+0
20220916 20:42:56,726	c_1_2464_20220916_20_42_56,726.bmp	8,269567E-1	5,916581E+0	3,700242E-3	7,112750E-3	5,933654E-3	2,003543E-2	1,382857E+0	1,383347E+0
20220916 20:43:02,728	c_1_2465_20220916_20_43_02,728.bmp	8,269567E-1	5,929313E+0	1,006456E-2	9,664739E-3	-1,187515E-2	-2,912223E-3	1,398148E+0	1,385905E+0
20220916 20:43:08,733	c_1_2466_20220916_20_43_08,733.bmp	8,358635E-1	5,948410E+0	7,518835E-3	1,476871E-2	-6,786918E-3	-1,821066E-2	1,395599E+0	1,396136E+0
20220916 20:43:14,739	c_1_2467_20220916_20_43_14,739.bmp	8,498599E-1	5,975146E+0	3,700242E-3	5,836756E-3	3,389540E-3	-2,912223E-3	1,382857E+0	1,380789E+0
20220916 20:43:20,744	c_1_2468_20220916_20_43_20,744.bmp	8,562219E-1	5,995517E+0	2,427377E-3	7,112750E-3	-1,698689E-3	-3,624835E-4	1,382857E+0	1,380789E+0
20220916 20:43:26,748	c_1_2469_20220916_20_43_26,748.bmp	8,587667E-1	6,010795E+0	6,245971E-3	1,094073E-2	-9,331032E-3	-3,624835E-4	1,390502E+0	1,388463E+0
20220916 20:43:32,750	c_1_2470_20220916_20_43_32,750.bmp	8,664012E-1	6,036258E+0	3,700242E-3	7,112750E-3	5,933654E-3	2,187256E-3	1,385405E+0	1,388463E+0
20220916 20:43:38,754	c_1_2471_20220916_20_43_38,754.bmp	8,727632E-1	6,056629E+0	7,518835E-3	8,388745E-3	-6,786918E-3	-8,011703E-3	1,387954E+0	1,383347E+0
20220916 20:43:44,758	c_1_2472_20220916_20_43_44,758.bmp	8,702184E-1	6,071906E+0	8,791700E-3	1,094073E-2	-1,441926E-2	-8,011703E-3	1,390502E+0	1,388463E+0
20220916 20:43:50,765	c_1_2473_20220916_20_43_50,765.bmp	8,791252E-1	6,092277E+0	7,518835E-3	1,094073E-2	3,389540E-3	2,187256E-3	1,387954E+0	1,383347E+0
20220916 20:43:56,765	c_1_2474_20220916_20_43_56,765.bmp	8,816700E-1	6,112648E+0	6,245971E-3	1,349272E-2	-6,786918E-3	-1,056144E-2	1,390502E+0	1,396136E+0
20220916 20:44:02,770	c_1_2475_20220916_20_44_02,770.bmp	8,842148E-1	6,130472E+0	1,006456E-2	1,349272E-2	-1,187515E-2	-1,311118E-2	1,398148E+0	1,393578E+0
20220916 20:44:08,771	c_1_2476_20220916_20_44_08,771.bmp	8,956664E-1	6,152116E+0	3,700242E-3	1,094073E-2	8,454256E-4	-3,624835E-4	1,387954E+0	1,388463E+0
20220916 20:44:14,774	c_1_2477_20220916_20_44_14,774.bmp	8,943940E-1	6,173759E+0	7,518835E-3	7,112750E-3	-6,786918E-3	-3,624835E-4	1,390502E+0	1,380789E+0
20220916 20:44:20,776	c_1_2478_20220916_20_44_20,776.bmp	9,007561E-1	6,189037E+0	1,006456E-2	1,094073E-2	-1,187515E-2	-2,912223E-3	1,398148E+0	1,388463E+0
20220916 20:44:26,780	c_1_2479_20220916_20_44_26,780.bmp	9,058457E-1	6,209408E+0	7,518835E-3	1,476871E-2	8,477769E-3	-8,011703E-3	1,395599E+0	1,396136E+0
20220916 20:44:32,784	c_1_2480_20220916_20_44_32,784.bmp	9,109353E-1	6,236144E+0	3,700242E-3	1,094073E-2	8,477769E-3	-3,624835E-4	1,385405E+0	1,391021E+0
20220916 20:44:38,785	c_1_2481_20220916_20_44_38,785.bmp	9,045733E-1	6,252695E+0	7,518835E-3	1,094073E-2	-9,331032E-3	-1,566092E-2	1,387954E+0	1,383347E+0
20220916 20:44:44,787	c_1_2482_20220916_20_44_44,787.bmp	9,045733E-1	6,270519E+0	8,791700E-3	1,094073E-2	-1,441926E-2	-2,840962E-2	1,398148E+0	1,388463E+0
20220916 20:44:50,793	c_1_2483_20220916_20_44_50,793.bmp	8,982113E-1	6,293436E+0	7,518835E-3	1,094073E-2	-1,698689E-3	7,286736E-3	1,387954E+0	1,391021E+0
20220916 20:44:56,798	c_1_2484_20220916_20_44_56,798.bmp	8,829424E-1	6,316353E+0	7,518835E-3	8,388745E-3	-4,242803E-3	2,187256E-3	1,390502E+0	1,383347E+0
20220916 20:45:02,801	c_1_2485_20220916_20_45_02,801.bmp	8,638564E-1	6,329085E+0	8,791700E-3	1,476871E-2	-2,459572E-2	-1,311118E-2	1,398148E+0	1,393578E+0
20220916 20:45:08,805	c_1_2486_20220916_20_45_08,805.bmp	8,524047E-1	6,352001E+0	6,245971E-3	1,349272E-2	-1,441926E-2	-1,311118E-2	1,390502E+0	1,396136E+0
20220916 20:45:14,808	c_1_2487_20220916_20_45_14,808.bmp	8,358635E-1	6,373645E+0	6,245971E-3	1,094073E-2	-6,786918E-3	-1,056144E-2	1,387954E+0	1,388463E+0
20220916 20:45:20,810	c_1_2488_20220916_20_45_20,810.bmp	8,307739E-1	6,392743E+0	7,518835E-3	9,664739E-3	-1,187515E-2	-1,056144E-2	1,387954E+0	1,388463E+0
20220916 20:45:26,813	c_1_2489_20220916_20_45_26,813.bmp	8,333187E-1	6,413113E+0	3,700242E-3	1,094073E-2	1,611011E-2	-2,912223E-3	1,387954E+0	1,388463E+0
20220916 20:45:32,820	c_1_2490_20220916_20_45_32,820.bmp	8,384083E-1	6,434757E+0	3,700242E-3	7,112750E-3	-1,698689E-3	-3,624835E-4	1,385405E+0	1,383347E+0
20220916 20:45:38,820	c_1_2491_20220916_20_45_38,820.bmp	8,371359E-1	6,456400E+0	3,700242E-3	8,388745E-3	5,933654E-3	2,187256E-3	1,385405E+0	1,383347E+0
20220916 20:45:44,821	c_1_2492_20220916_20_45_44,821.bmp	8,434979E-1	6,474225E+0	6,245971E-3	7,112750E-3	-6,786918E-3	-2,912223E-3	1,387954E+0	1,380789E+0
20220916 20:45:50,826	c_1_2493_20220916_20_45_50,826.bmp	8,498599E-1	6,495868E+0	3,700242E-3	8,388745E-3	-9,331032E-3	-3,624835E-4	1,385405E+0	1,380789E+0
20220916 20:45:56,826	c_1_2494_20220916_20_45_56,826.bmp	8,549495E-1	6,513693E+0	7,518835E-3	1,476871E-2	-6,786918E-3	-8,011703E-3	1,387954E+0	1,396136E+0
20220916 20:46:02,829	c_1_2495_20220916_20_46_02,829.bmp	8,613116E-1	6,534063E+0	7,518835E-3	1,094073E-2	-1,441926E-2	-1,311118E-2	1,387954E+0	1,393578E+0
20220916 20:46:08,831	c_1_2496_20220916_20_46_08,831.bmp	8,702184E-1	6,553161E+0	7,518835E-3	1,094073E-2	3,389540E-3	7,286736E-3	1,390502E+0	1,385905E+0
20220916 20:46:14,832	c_1_2497_20220916_20_46_14,832.bmp	8,778528E-1	6,576077E+0	3,700242E-3	1,094073E-2	-4,242803E-3	-8,011703E-3	1,385405E+0	1,385905E+0
20220916 20:46:20,833	c_1_2498_20220916_20_46_20,833.bmp	8,854872E-1	6,593902E+0	6,245971E-3	7,112750E-3	-4,242803E-3	9,836476E-3	1,387954E+0	1,383347E+0
20220916 20:46:26,836	c_1_2499_20220916_20_46_26,836.bmp	8,931216E-1	6,612999E+0	7,518835E-3	1,349272E-2	-9,331032E-3	-1,311118E-2	1,390502E+0	1,396136E+0
20220916 20:46:32,837	c_1_2500_20220916_20_46_32,837.bmp	9,020285E-1	6,633370E+0	7,518835E-3	1,094073E-2	-4,242803E-3	-8,011703E-3	1,387954E+0	1,396136E+0
20220916 20:46:38,838	c_1_2501_20220916_20_46_38,838.bmp	9,071181E-1	6,651194E+0	1,006456E-2	1,476871E-2	-6,786918E-3	-8,011703E-3	1,398148E+0	1,396136E+0
20220916 20:46:44,840	c_1_2502_20220916_20_46_44,840.bmp	9,172973E-1	6,672838E+0	3,700242E-3	1,094073E-2	-1,696338E-2	-1,821066E-2	1,390502E+0	1,388463E+0
20220916 20:46:50,840	c_1_2503_20220916_20_46_50,840.bmp	9,172973E-1	6,693208E+0	8,791700E-3	1,094073E-2	-1,696338E-2	-1,056144E-2	1,387954E+0	1,385905E+0
20220916 20:46:56,848	c_1_2504_20220916_20_46_56,848.bmp	9,287489E-1	6,711032E+0	7,518835E-3	1,476871E-2	-1,187515E-2	-2,585988E-2	1,395599E+0	1,385905E+0
20220916 20:47:02,853	c_1_2505_20220916_20_47_02,853.bmp	9,351110E-1	6,732676E+0	7,518835E-3	1,094073E-2	-6,786918E-3	4,736996E-3	1,390502E+0	1,385905E+0
20220916 20:47:08,856	c_1_2506_20220916_20_47_08,856.bmp	9,351110E-1	6,750500E+0	1,006456E-2	1,349272E-2	-1,187515E-2	-2,076040E-2	1,395599E+0	1,396136E+0
20220916 20:47:14,860	c_1_2507_20220916_20_47_14,860.bmp	9,452902E-1	6,770871E+0	6,245971E-3	1,476871E-2	-2,459572E-2	-1,311118E-2	1,398148E+0	1,396136E+0
20220916 20:47:20,860	c_1_2508_20220916_20_47_20,860.bmp	9,452902E-1	6,793788E+0	8,791700E-3	1,094073E-2	-6,786918E-3	-3,624835E-4	1,387954E+0	1,383347E+0
20220916 20:47:26,863	c_1_2509_20220916_20_47_26,863.bmp	9,491074E-1	6,815431E+0	2,427377E-3	8,388745E-3	1,102188E-2	2,187256E-3	1,385405E+0	1,383347E+0
20220916 20:47:32,867	c_1_2510_20220916_20_47_32,867.bmp	8,065982E-1	6,834529E+0	7,518835E-3	1,094073E-2	-1,187515E-2	-8,011703E-3	1,390502E+0	1,388463E+0
20220916 20:47:38,871	c_1_2511_20220916_20_47_38,871.bmp	8,002362E-1	6,856172E+0	2,427377E-3	7,112750E-3	3,389540E-3	-3,624835E-4	1,385405E+0	1,383347E+0
20220916 20:47:44,872	c_1_2512_20220916_20_47_44,872.bmp	7,964190E-1	6,873997E+0	7,518835E-3	1,094073E-2	8,454256E-4	-3,624835E-4	1,387954E+0	1,391021E+0
20220916 20:47:50,873	c_1_2513_20220916_20_47_50,873.bmp	7,913294E-1	6,893094E+0	6,245971E-3	9,664739E-3	-1,441926E-2	-8,011703E-3	1,387954E+0	1,383347E+0
20220916 20:47:56,873	c_1_2514_20220916_20_47_56,873.bmp	7,926018E-1	6,913465E+0	6,245971E-3	1,094073E-2	-9,331032E-3	-1,821066E-2	1,387954E+0	1,396136E+0
20220916 20:48:02,874	c_1_2515_20220916_20_48_02,874.bmp	7,976914E-1	6,937655E+0	3,700242E-3	9,664739E-3	-9,331032E-3	7,286736E-3	1,382857E+0	1,388463E+0
20220916 20:48:08,879	c_1_2516_20220916_20_48_08,879.bmp	7,938742E-1	6,952932E+0	1,006456E-2	9,664739E-3	-1,696338E-2	2,187256E-3	1,395599E+0	1,388463E+0
20220916 20:48:14,879	c_1_2517_20220916_20_48_14,879.bmp	8,027810E-1	6,973303E+0	7,518835E-3	1,094073E-2	-6,786918E-3	-8,011703E-3	1,387954E+0	1,383347E+0
20220916 20:48:20,879	c_1_2518_20220916_20_48_20,879.bmp	8,091430E-1	6,993674E+0	7,518835E-3	1,094073E-2	-6,786918E-3	2,187256E-3	1,390502E+0	1,391021E+0
20220916 20:48:26,882	c_1_2519_20220916_20_48_26,882.bmp	8,129602E-1	7,008951E+0	1,006456E-2	9,664739E-3	-1,187515E-2	-5,461963E-3	1,398148E+0	1,388463E+0
20220916 20:48:32,882	c_1_2520_20220916_20_48_32,882.bmp	8,218670E-1	7,029322E+0	8,791700E-3	1,349272E-2	-1,187515E-2	-8,011703E-3	1,398148E+0	1,396136E+0
20220916 20:48:38,890	c_1_2521_20220916_20_48_38,890.bmp	8,307739E-1	7,056058E+0	6,245971E-3	8,388745E-3	8,454256E-4	2,187256E-3	1,385405E+0	1,383347E+0
20220916 20:48:44,891	c_1_2522_20220916_20_48_44,891.bmp	8,409531E-1	7,072609E+0	3,700242E-3	1,094073E-2	-1,187515E-2	-1,056144E-2	1,387954E+0	1,396136E+0
20220916 20:48:50,891	c_1_2523_20220916_20_48_50,891.bmp	8,485875E-1	7,098073E+0	3,700242E-3	7,112750E-3	-1,698689E-3	-8,011703E-3	1,385405E+0	1,388463E+0
20220916 20:48:56,896	c_1_2524_20220916_20_48_56,896.bmp	8,473151E-1	7,110804E+0	7,518835E-3	1,094073E-2	-1,187515E-2	-2,912223E-3	1,387954E+0	1,388463E+0
20220916 20:49:02,897	c_1_2525_20220916_20_49_02,897.bmp	8,498599E-1	7,129902E+0	1,006456E-2	1,094073E-2	-1,696338E-2	-5,461963E-3	1,398148E+0	1,388463E+0
20220916 20:49:08,899	c_1_2526_20220916_20_49_08,899.bmp	8,613116E-1	7,151545E+0	7,518835E-3	1,476871E-2	-1,187515E-2	-1,311118E-2	1,395599E+0	1,388463E+0
20220916 20:49:14,899	c_1_2527_20220916_20_49_14,899.bmp	8,638564E-1	7,169369E+0	1,006456E-2	1,349272E-2	-6,786918E-3	-1,056144E-2	1,398148E+0	1,396136E+0
20220916 20:49:20,904	c_1_2528_20220916_20_49_20,904.bmp	8,702184E-1	7,191013E+0	8,791700E-3	1,094073E-2	-1,696338E-2	-8,011703E-3	1,398148E+0	1,388463E+0
20220916 20:49:26,905	c_1_2529_20220916_20_49_26,905.bmp	8,854872E-1	7,217750E+0	3,700242E-3	7,112750E-3	-9,331032E-3	-8,011703E-3	1,385405E+0	1,388463E+0
20220916 20:49:32,909	c_1_2530_20220916_20_49_32,909.bmp	8,931216E-1	7,234301E+0	3,700242E-3	8,388745E-3	3,389540E-3	-2,912223E-3	1,382857E+0	1,380789E+0
20220916 20:49:38,914	c_1_2531_20220916_20_49_38,914.bmp	8,956664E-1	7,252125E+0	4,973106E-3	1,094073E-2	-9,331032E-3	-5,461963E-3	1,387954E+0	1,391021E+0
20220916 20:49:44,917	c_1_2532_20220916_20_49_44,917.bmp	8,994837E-1	7,269949E+0	1,006456E-2	1,349272E-2	-1,696338E-2	-3,624835E-4	1,398148E+0	1,385905E+0
20220916 20:49:50,918	c_1_2533_20220916_20_49_50,918.bmp	9,134801E-1	7,295412E+0	3,700242E-3	1,094073E-2	-1,441926E-2	-1,311118E-2	1,382857E+0	1,388463E+0
20220916 20:49:56,923	c_1_2534_20220916_20_49_56,923.bmp	9,160249E-1	7,309417E+0	8,791700E-3	1,476871E-2	-9,331032E-3	-8,011703E-3	1,398148E+0	1,396136E+0
20220916 20:50:02,923	c_1_2535_20220916_20_50_02,923.bmp	9,249317E-1	7,333607E+0	7,518835E-3	1,221673E-2	-1,696338E-2	-1,056144E-2	1,387954E+0	1,391021E+0
20220916 20:50:08,924	c_1_2536_20220916_20_50_08,924.bmp	9,312937E-1	7,356524E+0	4,973106E-3	8,388745E-3	-1,698689E-3	-2,912223E-3	1,382857E+0	1,391021E+0
20220916 20:50:14,927	c_1_2537_20220916_20_50_14,927.bmp	9,402006E-1	7,373075E+0	3,700242E-3	1,094073E-2	8,454256E-4	-8,011703E-3	1,385405E+0	1,388463E+0
20220916 20:50:20,930	c_1_2538_20220916_20_50_20,930.bmp	9,478350E-1	7,395992E+0	3,700242E-3	8,388745E-3	8,454256E-4	-8,011703E-3	1,382857E+0	1,380789E+0
20220916 20:50:26,931	c_1_2539_20220916_20_50_26,931.bmp	9,503798E-1	7,413816E+0	7,518835E-3	1,094073E-2	-9,331032E-3	-1,056144E-2	1,390502E+0	1,388463E+0
20220916 20:50:32,935	c_1_2540_20220916_20_50_32,935.bmp	9,580142E-1	7,434187E+0	6,245971E-3	8,388745E-3	-6,786918E-3	2,187256E-3	1,390502E+0	1,380789E+0
20220916 20:50:38,941	c_1_2541_20220916_20_50_38,941.bmp	9,631038E-1	7,452011E+0	1,006456E-2	1,094073E-2	-1,187515E-2	-2,912223E-3	1,398148E+0	1,388463E+0
20220916 20:50:44,946	c_1_2542_20220916_20_50_44,946.bmp	9,720107E-1	7,471108E+0	1,006456E-2	1,349272E-2	-1,441926E-2	-5,461963E-3	1,398148E+0	1,396136E+0
20220916 20:50:50,948	c_1_2543_20220916_20_50_50,948.bmp	9,834623E-1	7,496571E+0	2,427377E-3	8,388745E-3	-4,242803E-3	2,187256E-3	1,382857E+0	1,380789E+0
20220916 20:50:56,950	c_1_2544_20220916_20_50_56,950.bmp	9,898243E-1	7,509303E+0	6,245971E-3	1,349272E-2	-1,187515E-2	-5,461963E-3	1,398148E+0	1,396136E+0
20220916 20:51:02,954	c_1_2545_20220916_20_51_02,954.bmp	1,000004E+0	7,536039E+0	4,973106E-3	8,388745E-3	3,389540E-3	-5,461963E-3	1,385405E+0	1,380789E+0
20220916 20:51:08,956	c_1_2546_20220916_20_51_08,956.bmp	1,003821E+0	7,548771E+0	6,245971E-3	1,349272E-2	-4,242803E-3	-1,056144E-2	1,395599E+0	1,393578E+0
20220916 20:51:14,958	c_1_2547_20220916_20_51_14,958.bmp	1,008910E+0	7,575507E+0	6,245971E-3	8,388745E-3	-6,786918E-3	2,187256E-3	1,390502E+0	1,383347E+0
20220916 20:51:20,961	c_1_2548_20220916_20_51_20,961.bmp	1,016545E+0	7,597151E+0	6,245971E-3	7,112750E-3	-1,698689E-3	-5,461963E-3	1,382857E+0	1,388463E+0
20220916 20:51:26,966	c_1_2549_20220916_20_51_26,966.bmp	1,022907E+0	7,614975E+0	3,700242E-3	8,388745E-3	-4,242803E-3	-8,011703E-3	1,382857E+0	1,383347E+0
20220916 20:51:32,971	c_1_2550_20220916_20_51_32,971.bmp	1,029269E+0	7,634072E+0	6,245971E-3	1,094073E-2	-9,331032E-3	-5,461963E-3	1,390502E+0	1,388463E+0
20220916 20:51:38,975	c_1_2551_20220916_20_51_38,975.bmp	1,034358E+0	7,653170E+0	7,518835E-3	1,094073E-2	-1,187515E-2	-8,011703E-3	1,387954E+0	1,388463E+0
20220916 20:51:44,978	c_1_2552_20220916_20_51_44,978.bmp	1,044538E+0	7,670994E+0	3,700242E-3	9,664739E-3	8,454256E-4	-8,011703E-3	1,390502E+0	1,388463E+0
20220916 20:51:50,982	c_1_2553_20220916_20_51_50,982.bmp	1,049627E+0	7,696457E+0	3,700242E-3	5,836756E-3	-1,698689E-3	-3,624835E-4	1,385405E+0	1,383347E+0
20220916 20:51:56,984	c_1_2554_20220916_20_51_56,984.bmp	1,058534E+0	7,714282E+0	4,973106E-3	8,388745E-3	-6,786918E-3	-1,566092E-2	1,390502E+0	1,383347E+0
20220916 20:52:02,986	c_1_2555_20220916_20_52_02,986.bmp	1,059806E+0	7,733379E+0	7,518835E-3	1,094073E-2	-2,205160E-2	-1,056144E-2	1,390502E+0	1,385905E+0
20220916 20:52:08,992	c_1_2556_20220916_20_52_08,992.bmp	1,063624E+0	7,748657E+0	1,006456E-2	1,476871E-2	-1,696338E-2	-8,011703E-3	1,395599E+0	1,388463E+0
20220916 20:52:14,998	c_1_2557_20220916_20_52_14,998.bmp	1,072531E+0	7,770301E+0	1,006456E-2	1,349272E-2	-1,187515E-2	-1,821066E-2	1,398148E+0	1,396136E+0
20220916 20:52:20,999	c_1_2558_20220916_20_52_20,999.bmp	1,072531E+0	7,791944E+0	1,006456E-2	1,094073E-2	-1,696338E-2	-8,011703E-3	1,387954E+0	1,385905E+0
20220916 20:52:27,001	c_1_2559_20220916_20_52_27,001.bmp	1,078893E+0	7,808495E+0	1,006456E-2	1,094073E-2	-9,331032E-3	-4,115832E-2	1,395599E+0	1,388463E+0
20220916 20:52:33,004	c_1_2560_20220916_20_52_33,004.bmp	1,083982E+0	7,833958E+0	1,006456E-2	1,094073E-2	-9,331032E-3	-5,461963E-3	1,387954E+0	1,391021E+0
20220916 20:52:39,007	c_1_2561_20220916_20_52_39,007.bmp	1,091617E+0	7,851783E+0	6,245971E-3	1,476871E-2	-9,331032E-3	-5,461963E-3	1,387954E+0	1,396136E+0
20220916 20:52:45,008	c_1_2562_20220916_20_52_45,008.bmp	1,091617E+0	7,869607E+0	8,791700E-3	1,094073E-2	-1,187515E-2	2,187256E-3	1,398148E+0	1,388463E+0
20220916 20:52:51,009	c_1_2563_20220916_20_52_51,009.bmp	1,099251E+0	7,896343E+0	2,427377E-3	1,221673E-2	-6,786918E-3	-1,056144E-2	1,385405E+0	1,388463E+0
20220916 20:52:57,011	c_1_2564_20220916_20_52_57,011.bmp	1,097979E+0	7,912894E+0	6,245971E-3	8,388745E-3	-1,696338E-2	-5,461963E-3	1,387954E+0	1,383347E+0
20220916 20:53:03,018	c_1_2565_20220916_20_53_03,018.bmp	1,092889E+0	7,937084E+0	2,427377E-3	8,388745E-3	-4,242803E-3	-2,912223E-3	1,385405E+0	1,383347E+0
20220916 20:53:09,019	c_1_2566_20220916_20_53_09,019.bmp	1,006366E+0	7,954909E+0	4,973106E-3	1,094073E-2	8,454256E-4	-5,461963E-3	1,385405E+0	1,388463E+0
20220916 20:53:15,021	c_1_2567_20220916_20_53_15,021.bmp	7,544297E-1	7,972733E+0	6,245971E-3	1,094073E-2	-1,187515E-2	-3,624835E-4	1,390502E+0	1,385905E+0
20220916 20:53:21,022	c_1_2568_20220916_20_53_21,022.bmp	7,633365E-1	7,994376E+0	6,245971E-3	1,094073E-2	-6,786918E-3	-2,912223E-3	1,390502E+0	1,388463E+0
20220916 20:53:27,023	c_1_2569_20220916_20_53_27,023.bmp	7,595193E-1	8,000742E+0	7,518835E-3	1,349272E-2	-3,986040E-2	-1,566092E-2	1,395599E+0	1,388463E+0
