7.900396550135059754e-05
-3.186107000130731340e-06
2.511386458104145113e-04
1.062321301478097880e-03
2.596503200077607699e-03
5.152057832252209674e-03
7.533580216494903392e-03
1.070532976780996098e-02
1.385882778482494353e-02
1.773166839554329507e-02
2.152080336207375100e-02
2.718407470917412125e-02
3.250169979058042252e-02
3.647935782693787626e-02
4.029499240468976951e-02
4.452802866986366181e-02
4.952080059986518901e-02
5.631489610435345960e-02
6.352037854271651296e-02
7.147063070077470937e-02
7.874510220666489091e-02
8.722572342209940210e-02
9.482852110496627074e-02
1.032965156759533126e-01
1.147967541181357382e-01
1.229379631697657960e-01
1.346813247183532292e-01
1.439253285500080026e-01
1.561492660239100494e-01
1.657922609271264003e-01
1.786060517755371502e-01
1.911671721180734640e-01
2.069217411682668928e-01
2.159214090568954691e-01
2.316380391012042295e-01
2.475516204792774233e-01
2.591733868186289480e-01
2.799629783499835711e-01
2.944859873875005363e-01
3.110820253440615968e-01
3.285283536406687910e-01
3.391544678088475595e-01
3.628798874867916191e-01
3.788065063956891354e-01
4.008744977493227113e-01
4.147165001867657019e-01
4.354538001344038234e-01
4.592487012004790037e-01
4.722706670844091792e-01
4.965322948129870517e-01
5.163269038146739431e-01
5.409872758344923538e-01
5.635741636776081531e-01
5.898736521349599027e-01
6.125303704961019280e-01
6.339241061369148555e-01
6.552864870837090683e-01
6.604777774820841385e-01
6.879669862055053375e-01
7.151939226418613238e-01
7.337757688274154644e-01
7.657709258784620721e-01
7.744375787308040993e-01
8.010443094381988205e-01
8.346225772998498993e-01
8.573250875838767104e-01
8.829541566177884215e-01
9.127103198139487894e-01
9.458184972535297330e-01
9.677231707856853715e-01
1.005312215223544747e+00
1.033703129278993105e+00
1.061304344293412472e+00
1.091967886831666901e+00
1.126704424063614818e+00
1.141655973998529472e+00
1.169770671554959174e+00
1.204916485308534568e+00
1.228513560833165874e+00
8.677442740377481201e-01
8.751267760956773500e-01
8.965513617259872614e-01
9.201759586348633446e-01
9.431180909334692108e-01
9.656096346950910903e-01
9.938955061971280758e-01
1.020033526520496059e+00
1.038515794412513848e+00
1.070982909260520533e+00
1.099153263260696844e+00
1.117537280726544457e+00
1.147935195377111528e+00
1.177663473608524969e+00
1.206388455105416035e+00
1.232617787278711630e+00
1.263107445673067097e+00
1.288821950207094114e+00
1.315672022866188673e+00
1.348618705549100794e+00
1.381063186825011613e+00
1.404981518550558528e+00
1.425711609099414634e+00
1.457793616241588985e+00
1.482872888367171571e+00
1.513457016059875482e+00
1.534083814185176475e+00
1.481949003320547575e+00
1.222492663912997601e+00
1.146478410299148987e+00
1.139499707191838906e+00
1.139232328358688484e+00
1.149610394010195158e+00
1.161196602200489369e+00
1.184209022431371716e+00
1.189381761322467979e+00
1.222437620694357907e+00
1.239883147966218235e+00
1.247301659891703274e+00
1.259922829725488524e+00
1.262682297207882387e+00
1.179005304244565844e+00
1.197259069058733694e+00
1.215833742808299922e+00
1.236125740426109232e+00
1.259112237465568329e+00
1.272788079944056072e+00
1.278068882090268588e+00
1.291812864566666219e+00
1.284038560629124914e+00
9.534595318561223110e-01
9.490083923713800163e-01
9.671254793171882858e-01
9.811077397582648185e-01
9.984007140864472607e-01
1.018438268075819719e+00
1.032941073786523001e+00
1.013859235094793476e+00
9.893988704477629792e-01
1.009770009601956842e+00
1.028292427416819477e+00
1.034002115233854768e+00
1.044795680593677334e+00
1.066214574404936055e+00
1.077658622881601858e+00
1.072792539395243105e+00
9.891618683182498151e-01
8.343227469227305626e-01
8.354374946802175517e-01
8.438655175537019826e-01
8.549131099707858450e-01
8.523849084500841888e-01
8.690174502631703435e-01
8.768249360888938915e-01
8.972668919269619625e-01
9.086177039413771972e-01
9.139286039744164425e-01
9.319107116119744738e-01
9.399963403284986585e-01
9.510272115191348297e-01
9.679916601791380693e-01
9.770156224247403820e-01
9.892581165833255197e-01
9.951836703131056172e-01
1.014560768311382200e+00
1.028241973309257151e+00
1.040391553059295759e+00
1.059974207948337854e+00
1.065714761912340158e+00
1.077458095324683951e+00
1.088851364734041871e+00
1.111826369069023324e+00
1.122766796002849343e+00
1.121259604671499766e+00
1.136252614463070021e+00
1.132070419811108897e+00
1.130982276132158626e+00
1.117664981905062138e+00
1.134019488996030001e+00
9.327031232433053987e-01
9.174662608139065867e-01
9.194693100216960735e-01
9.312481305254503017e-01
9.394942742147757153e-01
9.487349387902526132e-01
9.587095657563711182e-01
9.693896285003227309e-01
9.791332245330794937e-01
9.966726438300552715e-01
9.960472634013851634e-01
1.010334910914873818e+00
1.019936321348280606e+00
1.033709138259455207e+00
1.045496337225790162e+00
1.061198644016764225e+00
1.066134116807052168e+00
1.078459826774244235e+00
1.094743257812271109e+00
1.092649594692589154e+00
1.104053865193220796e+00
1.035816263267256065e+00
1.049573058391947811e+00
1.057328474948018959e+00
1.066808217930065084e+00
1.050394565866775265e+00
1.032958886490899175e+00
1.026554693093204573e+00
1.034853650420865856e+00
1.041000553158058839e+00
1.054429766455100559e+00
1.061706690271502440e+00
1.065938958908123402e+00
1.070822267116301241e+00
1.081550672419385295e+00
1.081240178814964592e+00
1.084270820306203698e+00
1.004970108014381136e+00
9.854474784410603982e-01
9.895435026002568080e-01
9.999893243367213858e-01
1.010286568009081565e+00
1.021228535186881947e+00
9.904230181160156299e-01
1.008895474199464903e+00
1.024204925769278907e+00
1.035333588535185534e+00
1.030300932623722021e+00
1.044812567112806123e+00
1.064133039532061398e+00
1.063688380180971560e+00
1.087785141097097341e+00
1.093631686995383046e+00
1.094095769479167979e+00
1.107204939507034247e+00
1.121307696397915388e+00
1.137418220194697405e+00
1.144335107849392186e+00
1.155149166493419255e+00
1.162434710559877571e+00
1.187238936691681568e+00
1.183908795277637482e+00
1.210259009307871336e+00
1.214783083963821175e+00
1.234799422469934793e+00
1.242351246593553560e+00
1.231226562012079029e+00
1.251528984381558907e+00
1.259078858851104377e+00
1.268314332585749549e+00
1.285242850412119608e+00
1.294573540313860738e+00
1.317036699378333564e+00
1.319736781242706547e+00
1.336640871543663289e+00
1.355006409806838175e+00
1.362539842014804492e+00
1.372146538194429555e+00
1.389357791704784573e+00
1.393877518148079586e+00
1.410893465390839818e+00
1.419615164954621367e+00
1.438523678856441057e+00
1.461746451620973719e+00
1.470667472023756694e+00
1.486266356472451200e+00
1.504840596580758083e+00
1.512444626082410704e+00
1.524033904890699676e+00
1.539955041786319478e+00
1.553431468833735396e+00
1.566592719423150148e+00
1.574354036274851154e+00
1.604411740429022570e+00
1.619193068167274596e+00
1.634149286955719704e+00
1.660528180124692943e+00
1.664193020816860047e+00
1.676569626451741346e+00
1.694313629544680788e+00
1.706796082066483145e+00
1.710880205841330159e+00
1.108831537034203896e+00
1.107321363241809742e+00
1.108947553593425228e+00
1.125585086947207492e+00
1.138606619999090297e+00
1.135913620597880591e+00
1.141930571545342943e+00
1.160488231965274730e+00
1.090266202011877850e+00
1.016595935221427993e+00
1.000816313860636297e+00
1.007337699874126580e+00
1.009775655559677743e+00
