20220916 17:49:33,617	c_0_1289_20220916_17_49_33,617.bmp	2,439196E-3	3,713320E-2	3,700242E-3	8,388745E-3	-4,242803E-3	-1,056144E-2	1,382857E+0	1,383347E+0
20220916 17:49:39,617	c_0_1290_20220916_17_49_39,617.bmp	-1,056110E-4	3,458688E-2	6,245971E-3	1,349272E-2	-1,441926E-2	-1,311118E-2	1,387954E+0	1,393578E+0
20220916 17:49:45,620	c_0_1291_20220916_17_49_45,620.bmp	2,025284E-2	1,421634E-2	7,518835E-3	7,112750E-3	-1,187515E-2	2,187256E-3	1,385405E+0	1,383347E+0
20220916 17:49:51,624	c_0_1292_20220916_17_49_51,624.bmp	4,315611E-2	2,822109E-2	1,006456E-2	9,664739E-3	-1,696338E-2	-2,076040E-2	1,398148E+0	1,385905E+0
20220916 17:49:57,624	c_0_1293_20220916_17_49_57,624.bmp	5,969735E-2	4,986479E-2	7,518835E-3	1,094073E-2	-1,187515E-2	-2,912223E-3	1,387954E+0	1,385905E+0
20220916 17:50:03,627	c_0_1294_20220916_17_50_03,627.bmp	8,260062E-2	7,150849E-2	3,700242E-3	1,094073E-2	1,102188E-2	-2,912223E-3	1,385405E+0	1,385905E+0
20220916 17:50:09,631	c_0_1295_20220916_17_50_09,631.bmp	9,532465E-2	9,060588E-2	3,700242E-3	1,094073E-2	-4,242803E-3	-3,624835E-4	1,390502E+0	1,388463E+0
20220916 17:50:15,634	c_0_1296_20220916_17_50_15,634.bmp	1,105935E-1	1,109764E-1	6,245971E-3	1,094073E-2	-4,242803E-3	-2,076040E-2	1,387954E+0	1,396136E+0
20220916 17:50:21,636	c_0_1297_20220916_17_50_21,636.bmp	1,245899E-1	1,275275E-1	1,006456E-2	1,349272E-2	-1,187515E-2	-1,056144E-2	1,398148E+0	1,388463E+0
20220916 17:50:27,637	c_0_1298_20220916_17_50_27,637.bmp	1,449484E-1	1,529907E-1	3,700242E-3	7,112750E-3	8,454256E-4	2,187256E-3	1,382857E+0	1,385905E+0
20220916 17:50:33,642	c_0_1299_20220916_17_50_33,642.bmp	1,564000E-1	1,720880E-1	8,791700E-3	1,094073E-2	-2,205160E-2	-8,011703E-3	1,395599E+0	1,385905E+0
20220916 17:50:39,643	c_0_1300_20220916_17_50_39,643.bmp	1,754861E-1	1,937317E-1	7,518835E-3	8,388745E-3	8,477769E-3	2,187256E-3	1,382857E+0	1,380789E+0
20220916 17:50:45,644	c_0_1301_20220916_17_50_45,644.bmp	1,932997E-1	2,102828E-1	6,245971E-3	1,094073E-2	-6,786918E-3	9,836476E-3	1,390502E+0	1,388463E+0
20220916 17:50:51,644	c_0_1302_20220916_17_50_51,644.bmp	2,022065E-1	2,293802E-1	8,791700E-3	1,094073E-2	-6,786918E-3	-8,011703E-3	1,390502E+0	1,383347E+0
20220916 17:50:57,648	c_0_1303_20220916_17_50_57,648.bmp	2,174754E-1	2,510239E-1	3,700242E-3	1,094073E-2	8,454256E-4	-8,011703E-3	1,390502E+0	1,388463E+0
20220916 17:51:03,651	c_0_1304_20220916_17_51_03,651.bmp	2,301994E-1	2,701213E-1	6,245971E-3	1,221673E-2	1,356600E-2	-1,056144E-2	1,387954E+0	1,396136E+0
20220916 17:51:09,654	c_0_1305_20220916_17_51_09,654.bmp	2,391062E-1	2,892187E-1	7,518835E-3	1,094073E-2	-6,786918E-3	-8,011703E-3	1,387954E+0	1,380789E+0
20220916 17:51:15,655	c_0_1306_20220916_17_51_15,655.bmp	2,594647E-1	3,121355E-1	3,700242E-3	8,388745E-3	5,933654E-3	-2,912223E-3	1,382857E+0	1,383347E+0
20220916 17:51:21,659	c_0_1307_20220916_17_51_21,659.bmp	2,747335E-1	3,325061E-1	3,700242E-3	7,112750E-3	8,454256E-4	-1,821066E-2	1,382857E+0	1,388463E+0
20220916 17:51:27,661	c_0_1308_20220916_17_51_27,661.bmp	2,912748E-1	3,528766E-1	6,245971E-3	8,388745E-3	-6,786918E-3	-3,624835E-4	1,382857E+0	1,383347E+0
20220916 17:51:33,665	c_0_1309_20220916_17_51_33,665.bmp	3,065436E-1	3,694277E-1	7,518835E-3	1,094073E-2	-6,786918E-3	-3,624835E-4	1,390502E+0	1,388463E+0
20220916 17:51:39,669	c_0_1310_20220916_17_51_39,669.bmp	3,218125E-1	3,897982E-1	6,245971E-3	9,664739E-3	-6,786918E-3	-3,350910E-2	1,390502E+0	1,396136E+0
20220916 17:51:45,672	c_0_1311_20220916_17_51_45,672.bmp	3,383537E-1	4,088956E-1	3,700242E-3	1,094073E-2	-1,696338E-2	-8,011703E-3	1,390502E+0	1,388463E+0
20220916 17:51:51,676	c_0_1312_20220916_17_51_51,676.bmp	3,510778E-1	4,292662E-1	7,518835E-3	1,094073E-2	-4,242803E-3	-1,311118E-2	1,387954E+0	1,393578E+0
20220916 17:51:57,679	c_0_1313_20220916_17_51_57,679.bmp	3,714362E-1	4,509099E-1	3,700242E-3	8,388745E-3	1,102188E-2	-3,624835E-4	1,385405E+0	1,380789E+0
20220916 17:52:03,680	c_0_1314_20220916_17_52_03,680.bmp	3,816154E-1	4,700072E-1	7,518835E-3	1,476871E-2	-1,187515E-2	-1,056144E-2	1,390502E+0	1,393578E+0
20220916 17:52:09,684	c_0_1315_20220916_17_52_09,684.bmp	4,007015E-1	4,903778E-1	3,700242E-3	1,094073E-2	8,454256E-4	-2,912223E-3	1,382857E+0	1,388463E+0
20220916 17:52:15,686	c_0_1316_20220916_17_52_15,686.bmp	4,121531E-1	5,094752E-1	6,245971E-3	1,094073E-2	-6,786918E-3	-2,912223E-3	1,387954E+0	1,388463E+0
20220916 17:52:21,693	c_0_1317_20220916_17_52_21,693.bmp	4,299668E-1	5,298457E-1	6,245971E-3	8,388745E-3	8,454256E-4	-3,624835E-4	1,387954E+0	1,385905E+0
20220916 17:52:27,696	c_0_1318_20220916_17_52_27,696.bmp	4,426908E-1	5,463968E-1	8,791700E-3	1,349272E-2	-1,441926E-2	-1,311118E-2	1,395599E+0	1,385905E+0
20220916 17:52:33,700	c_0_1319_20220916_17_52_33,700.bmp	4,566872E-1	5,705868E-1	1,006456E-2	1,094073E-2	-9,331032E-3	-1,056144E-2	1,387954E+0	1,385905E+0
20220916 17:52:39,703	c_0_1320_20220916_17_52_39,703.bmp	4,719561E-1	5,909573E-1	7,518835E-3	9,664739E-3	-6,786918E-3	-2,912223E-3	1,390502E+0	1,385905E+0
20220916 17:52:45,706	c_0_1321_20220916_17_52_45,706.bmp	4,948593E-1	6,100547E-1	7,518835E-3	1,094073E-2	-1,187515E-2	-3,624835E-4	1,390502E+0	1,393578E+0
20220916 17:52:51,710	c_0_1322_20220916_17_52_51,710.bmp	5,037662E-1	6,253326E-1	1,006456E-2	9,664739E-3	-1,187515E-2	-3,624835E-4	1,395599E+0	1,388463E+0
20220916 17:52:57,710	c_0_1323_20220916_17_52_57,710.bmp	5,203074E-1	6,495226E-1	8,791700E-3	1,094073E-2	-9,331032E-3	-8,011703E-3	1,387954E+0	1,383347E+0
20220916 17:53:03,714	c_0_1324_20220916_17_53_03,714.bmp	5,381211E-1	6,711663E-1	6,245971E-3	1,094073E-2	-6,786918E-3	-1,056144E-2	1,390502E+0	1,388463E+0
20220916 17:53:09,717	c_0_1325_20220916_17_53_09,717.bmp	5,508451E-1	6,864443E-1	1,006456E-2	1,349272E-2	-6,786918E-3	-1,311118E-2	1,395599E+0	1,388463E+0
20220916 17:53:15,720	c_0_1326_20220916_17_53_15,720.bmp	5,737484E-1	7,119074E-1	3,700242E-3	1,094073E-2	-6,786918E-3	-8,011703E-3	1,382857E+0	1,388463E+0
20220916 17:53:21,725	c_0_1327_20220916_17_53_21,725.bmp	5,877448E-1	7,310048E-1	7,518835E-3	8,388745E-3	-1,187515E-2	-3,624835E-4	1,387954E+0	1,380789E+0
20220916 17:53:27,727	c_0_1328_20220916_17_53_27,727.bmp	6,030136E-1	7,526485E-1	7,518835E-3	7,112750E-3	1,611011E-2	2,187256E-3	1,387954E+0	1,383347E+0
20220916 17:53:33,732	c_0_1329_20220916_17_53_33,732.bmp	6,220997E-1	7,704727E-1	6,245971E-3	1,094073E-2	-1,698689E-3	-2,076040E-2	1,387954E+0	1,388463E+0
20220916 17:53:39,735	c_0_1330_20220916_17_53_39,735.bmp	6,297341E-1	7,857506E-1	8,791700E-3	1,094073E-2	-9,331032E-3	-2,912223E-3	1,398148E+0	1,385905E+0
20220916 17:53:45,736	c_0_1331_20220916_17_53_45,736.bmp	6,526374E-1	8,112138E-1	6,245971E-3	1,221673E-2	-6,786918E-3	-5,461963E-3	1,393051E+0	1,391021E+0
20220916 17:53:51,742	c_0_1332_20220916_17_53_51,742.bmp	6,666338E-1	8,290381E-1	6,245971E-3	1,094073E-2	-6,786918E-3	-2,912223E-3	1,387954E+0	1,383347E+0
20220916 17:53:57,744	c_0_1333_20220916_17_53_57,744.bmp	6,844475E-1	8,545012E-1	3,700242E-3	1,094073E-2	-1,698689E-3	-1,056144E-2	1,382857E+0	1,385905E+0
20220916 17:54:03,745	c_0_1334_20220916_17_54_03,745.bmp	6,946267E-1	8,710523E-1	1,006456E-2	1,094073E-2	-6,786918E-3	2,187256E-3	1,387954E+0	1,388463E+0
20220916 17:54:09,746	c_0_1335_20220916_17_54_09,746.bmp	7,137127E-1	8,901497E-1	6,245971E-3	1,094073E-2	-6,786918E-3	-1,311118E-2	1,387954E+0	1,396136E+0
20220916 17:54:15,746	c_0_1336_20220916_17_54_15,746.bmp	7,327988E-1	9,143397E-1	2,427377E-3	9,664739E-3	8,454256E-4	-8,011703E-3	1,382857E+0	1,388463E+0
20220916 17:54:21,748	c_0_1337_20220916_17_54_21,748.bmp	7,442504E-1	9,257981E-1	8,791700E-3	1,349272E-2	-2,713983E-2	-1,821066E-2	1,398148E+0	1,393578E+0
20220916 17:54:27,752	c_0_1338_20220916_17_54_27,752.bmp	7,646089E-1	9,474418E-1	1,006456E-2	1,476871E-2	-2,459572E-2	-1,056144E-2	1,398148E+0	1,396136E+0
20220916 17:54:33,755	c_0_1339_20220916_17_54_33,755.bmp	7,773329E-1	9,690855E-1	1,006456E-2	1,094073E-2	8,454256E-4	4,736996E-3	1,390502E+0	1,383347E+0
20220916 17:54:39,755	c_0_1340_20220916_17_54_39,755.bmp	7,976914E-1	9,894561E-1	6,245971E-3	1,349272E-2	-6,786918E-3	-2,076040E-2	1,387954E+0	1,396136E+0
20220916 17:54:45,759	c_0_1341_20220916_17_54_45,759.bmp	8,142326E-1	1,009827E+0	6,245971E-3	8,388745E-3	5,933654E-3	-3,624835E-4	1,387954E+0	1,383347E+0
20220916 17:54:51,762	c_0_1342_20220916_17_54_51,762.bmp	8,333187E-1	1,032743E+0	3,700242E-3	1,094073E-2	-1,698689E-3	2,187256E-3	1,382857E+0	1,385905E+0
20220916 17:54:57,766	c_0_1343_20220916_17_54_57,766.bmp	8,485875E-1	1,053114E+0	3,700242E-3	1,094073E-2	-6,786918E-3	-2,585988E-2	1,385405E+0	1,385905E+0
20220916 17:55:03,767	c_0_1344_20220916_17_55_03,767.bmp	8,625840E-1	1,072211E+0	7,518835E-3	7,112750E-3	-1,441926E-2	-2,076040E-2	1,385405E+0	1,380789E+0
20220916 17:55:09,768	c_0_1345_20220916_17_55_09,768.bmp	8,791252E-1	1,087489E+0	7,518835E-3	1,221673E-2	-9,331032E-3	-2,840962E-2	1,398148E+0	1,393578E+0
20220916 17:55:15,772	c_0_1346_20220916_17_55_15,772.bmp	8,956664E-1	1,106587E+0	7,518835E-3	1,476871E-2	-1,187515E-2	-8,011703E-3	1,398148E+0	1,385905E+0
20220916 17:55:21,776	c_0_1347_20220916_17_55_21,776.bmp	9,109353E-1	1,133323E+0	7,518835E-3	7,112750E-3	-9,331032E-3	-3,624835E-4	1,387954E+0	1,380789E+0
20220916 17:55:27,776	c_0_1348_20220916_17_55_27,776.bmp	9,312937E-1	1,152420E+0	3,700242E-3	1,094073E-2	-1,698689E-3	-1,056144E-2	1,382857E+0	1,391021E+0
20220916 17:55:33,778	c_0_1349_20220916_17_55_33,778.bmp	9,440178E-1	1,166425E+0	1,006456E-2	1,094073E-2	-9,331032E-3	-3,624835E-4	1,398148E+0	1,385905E+0
20220916 17:55:39,782	c_0_1350_20220916_17_55_39,782.bmp	9,631038E-1	1,193162E+0	7,518835E-3	5,836756E-3	-6,786918E-3	2,187256E-3	1,382857E+0	1,383347E+0
20220916 17:55:45,786	c_0_1351_20220916_17_55_45,786.bmp	9,771003E-1	1,205893E+0	1,006456E-2	1,349272E-2	-9,331032E-3	-2,912223E-3	1,395599E+0	1,388463E+0
20220916 17:55:51,786	c_0_1352_20220916_17_55_51,786.bmp	9,949139E-1	1,224990E+0	8,791700E-3	1,221673E-2	-2,205160E-2	-5,461963E-3	1,395599E+0	1,396136E+0
20220916 17:55:57,788	c_0_1353_20220916_17_55_57,788.bmp	1,016545E+0	1,249180E+0	3,700242E-3	1,094073E-2	-1,698689E-3	-8,011703E-3	1,387954E+0	1,388463E+0
20220916 17:56:03,793	c_0_1354_20220916_17_56_03,793.bmp	1,030541E+0	1,265732E+0	7,518835E-3	1,349272E-2	-1,187515E-2	-1,311118E-2	1,398148E+0	1,393578E+0
20220916 17:56:09,795	c_0_1355_20220916_17_56_09,795.bmp	1,044538E+0	1,286102E+0	8,791700E-3	1,094073E-2	-1,696338E-2	-5,461963E-3	1,395599E+0	1,388463E+0
20220916 17:56:15,796	c_0_1356_20220916_17_56_15,796.bmp	1,059806E+0	1,310292E+0	7,518835E-3	1,094073E-2	-6,786918E-3	2,187256E-3	1,387954E+0	1,385905E+0
20220916 17:56:21,801	c_0_1357_20220916_17_56_21,801.bmp	1,081437E+0	1,330663E+0	2,427377E-3	1,094073E-2	-9,331032E-3	-5,461963E-3	1,382857E+0	1,385905E+0
20220916 17:56:27,803	c_0_1358_20220916_17_56_27,803.bmp	1,092889E+0	1,347214E+0	1,006456E-2	1,349272E-2	-1,441926E-2	-1,056144E-2	1,398148E+0	1,396136E+0
20220916 17:56:33,805	c_0_1359_20220916_17_56_33,805.bmp	1,113247E+0	1,373950E+0	3,700242E-3	5,836756E-3	8,454256E-4	-3,624835E-4	1,385405E+0	1,383347E+0
20220916 17:56:39,806	c_0_1360_20220916_17_56_39,806.bmp	1,131061E+0	1,390501E+0	6,245971E-3	8,388745E-3	-4,242803E-3	2,187256E-3	1,387954E+0	1,383347E+0
20220916 17:56:45,807	c_0_1361_20220916_17_56_45,807.bmp	1,147602E+0	1,407052E+0	6,245971E-3	1,349272E-2	-9,331032E-3	-2,912223E-3	1,395599E+0	1,396136E+0
20220916 17:56:51,809	c_0_1362_20220916_17_56_51,809.bmp	1,162871E+0	1,428696E+0	7,518835E-3	7,112750E-3	-4,242803E-3	-3,624835E-4	1,390502E+0	1,383347E+0
20220916 17:56:57,810	c_0_1363_20220916_17_56_57,810.bmp	1,181957E+0	1,450340E+0	7,518835E-3	1,094073E-2	-6,786918E-3	-2,912223E-3	1,390502E+0	1,388463E+0
20220916 17:57:03,811	c_0_1364_20220916_17_57_03,811.bmp	1,197226E+0	1,470710E+0	7,518835E-3	9,664739E-3	-6,786918E-3	-2,912223E-3	1,387954E+0	1,380789E+0
20220916 17:57:09,811	c_0_1365_20220916_17_57_09,811.bmp	1,209950E+0	1,491081E+0	7,518835E-3	1,094073E-2	-6,786918E-3	-8,011703E-3	1,390502E+0	1,388463E+0
20220916 17:57:15,812	c_0_1366_20220916_17_57_15,812.bmp	1,231581E+0	1,508905E+0	3,700242E-3	1,094073E-2	-1,698689E-3	-5,461963E-3	1,387954E+0	1,385905E+0
20220916 17:57:21,816	c_0_1367_20220916_17_57_21,816.bmp	1,237943E+0	1,530549E+0	1,006456E-2	1,094073E-2	-6,786918E-3	-5,461963E-3	1,387954E+0	1,385905E+0
20220916 17:57:27,816	c_0_1368_20220916_17_57_27,816.bmp	9,452902E-1	1,549646E+0	7,518835E-3	1,094073E-2	-1,696338E-2	7,286736E-3	1,390502E+0	1,393578E+0
20220916 17:57:33,816	c_0_1369_20220916_17_57_33,816.bmp	9,402006E-1	1,571290E+0	6,245971E-3	1,476871E-2	-6,786918E-3	-1,056144E-2	1,390502E+0	1,396136E+0
20220916 17:57:39,818	c_0_1370_20220916_17_57_39,818.bmp	9,516522E-1	1,590387E+0	6,245971E-3	9,664739E-3	-6,786918E-3	-8,011703E-3	1,387954E+0	1,388463E+0
20220916 17:57:45,822	c_0_1371_20220916_17_57_45,822.bmp	9,643762E-1	1,610758E+0	6,245971E-3	9,664739E-3	-6,786918E-3	-5,461963E-3	1,387954E+0	1,388463E+0
20220916 17:57:51,826	c_0_1372_20220916_17_57_51,826.bmp	9,745555E-1	1,633674E+0	3,700242E-3	8,388745E-3	8,454256E-4	4,736996E-3	1,382857E+0	1,380789E+0
20220916 17:57:57,827	c_0_1373_20220916_17_57_57,827.bmp	9,885519E-1	1,648952E+0	6,245971E-3	1,094073E-2	-1,698689E-3	-1,821066E-2	1,390502E+0	1,388463E+0
20220916 17:58:03,829	c_0_1374_20220916_17_58_03,829.bmp	1,005093E+0	1,669323E+0	6,245971E-3	1,094073E-2	-6,786918E-3	7,286736E-3	1,390502E+0	1,388463E+0
20220916 17:58:09,832	c_0_1375_20220916_17_58_09,832.bmp	1,019090E+0	1,689693E+0	3,700242E-3	1,094073E-2	-4,242803E-3	-5,461963E-3	1,390502E+0	1,388463E+0
20220916 17:58:15,836	c_0_1376_20220916_17_58_15,836.bmp	1,026724E+0	1,707518E+0	8,791700E-3	9,664739E-3	-1,950749E-2	-5,461963E-3	1,398148E+0	1,385905E+0
20220916 17:58:21,836	c_0_1377_20220916_17_58_21,836.bmp	1,043265E+0	1,732981E+0	4,973106E-3	8,388745E-3	5,933654E-3	4,736996E-3	1,382857E+0	1,383347E+0
20220916 17:58:27,836	c_0_1378_20220916_17_58_27,836.bmp	1,059806E+0	1,750805E+0	6,245971E-3	1,094073E-2	-2,968395E-2	2,187256E-3	1,387954E+0	1,388463E+0
20220916 17:58:33,837	c_0_1379_20220916_17_58_33,837.bmp	1,067441E+0	1,767356E+0	1,006456E-2	1,094073E-2	-1,441926E-2	-5,461963E-3	1,395599E+0	1,388463E+0
20220916 17:58:39,837	c_0_1380_20220916_17_58_39,837.bmp	1,083982E+0	1,787727E+0	7,518835E-3	1,349272E-2	-1,696338E-2	-8,011703E-3	1,395599E+0	1,396136E+0
20220916 17:58:45,837	c_0_1381_20220916_17_58_45,837.bmp	1,097979E+0	1,810644E+0	4,973106E-3	8,388745E-3	-9,331032E-3	7,286736E-3	1,387954E+0	1,385905E+0
20220916 17:58:51,840	c_0_1382_20220916_17_58_51,840.bmp	1,110703E+0	1,833560E+0	4,973106E-3	8,388745E-3	-6,786918E-3	-8,011703E-3	1,385405E+0	1,383347E+0
20220916 17:58:57,845	c_0_1383_20220916_17_58_57,845.bmp	1,124699E+0	1,850112E+0	6,245971E-3	1,094073E-2	8,454256E-4	2,187256E-3	1,387954E+0	1,383347E+0
20220916 17:59:03,845	c_0_1384_20220916_17_59_03,845.bmp	1,139968E+0	1,870482E+0	7,518835E-3	1,349272E-2	-9,331032E-3	-2,912223E-3	1,390502E+0	1,393578E+0
20220916 17:59:09,846	c_0_1385_20220916_17_59_09,846.bmp	1,151420E+0	1,889579E+0	7,518835E-3	1,349272E-2	-1,698689E-3	-5,461963E-3	1,390502E+0	1,396136E+0
20220916 17:59:15,846	c_0_1386_20220916_17_59_15,846.bmp	1,162871E+0	1,909950E+0	1,006456E-2	1,094073E-2	-6,786918E-3	-8,011703E-3	1,390502E+0	1,380789E+0
20220916 17:59:21,848	c_0_1387_20220916_17_59_21,848.bmp	1,179412E+0	1,930321E+0	7,518835E-3	9,664739E-3	-6,786918E-3	-5,461963E-3	1,387954E+0	1,388463E+0
20220916 17:59:27,854	c_0_1388_20220916_17_59_27,854.bmp	1,195954E+0	1,949418E+0	3,700242E-3	1,094073E-2	8,454256E-4	-5,461963E-3	1,390502E+0	1,388463E+0
20220916 17:59:33,857	c_0_1389_20220916_17_59_33,857.bmp	1,209950E+0	1,972335E+0	3,700242E-3	9,664739E-3	8,454256E-4	-2,912223E-3	1,382857E+0	1,388463E+0
20220916 17:59:39,861	c_0_1390_20220916_17_59_39,861.bmp	1,217585E+0	1,988886E+0	4,973106E-3	9,664739E-3	-6,786918E-3	-3,624835E-4	1,387954E+0	1,388463E+0
20220916 17:59:45,863	c_0_1391_20220916_17_59_45,863.bmp	1,231581E+0	2,010530E+0	6,245971E-3	8,388745E-3	-6,786918E-3	9,836476E-3	1,390502E+0	1,383347E+0
20220916 17:59:51,866	c_0_1392_20220916_17_59_51,866.bmp	1,241760E+0	2,028354E+0	7,518835E-3	9,664739E-3	-1,698689E-3	7,286736E-3	1,387954E+0	1,380789E+0
20220916 17:59:57,866	c_0_1393_20220916_17_59_57,866.bmp	1,253212E+0	2,051271E+0	3,700242E-3	7,112750E-3	-4,242803E-3	-2,912223E-3	1,382857E+0	1,383347E+0
20220916 18:00:03,867	c_0_1394_20220916_18_00_03,867.bmp	1,257029E+0	2,072914E+0	3,700242E-3	8,388745E-3	-1,698689E-3	-8,011703E-3	1,382857E+0	1,388463E+0
20220916 18:00:09,869	c_0_1395_20220916_18_00_09,869.bmp	1,215040E+0	2,084373E+0	6,245971E-3	1,476871E-2	-1,696338E-2	-8,011703E-3	1,395599E+0	1,396136E+0
20220916 18:00:15,873	c_0_1396_20220916_18_00_15,873.bmp	1,044538E+0	2,109836E+0	8,791700E-3	1,094073E-2	-1,187515E-2	-8,011703E-3	1,387954E+0	1,391021E+0
20220916 18:00:21,877	c_0_1397_20220916_18_00_21,877.bmp	9,758279E-1	2,130206E+0	3,700242E-3	1,094073E-2	-1,696338E-2	-8,011703E-3	1,390502E+0	1,388463E+0
20220916 18:00:27,877	c_0_1398_20220916_18_00_27,877.bmp	9,656486E-1	2,151850E+0	3,700242E-3	8,388745E-3	-1,698689E-3	2,187256E-3	1,382857E+0	1,385905E+0
20220916 18:00:33,879	c_0_1399_20220916_18_00_33,879.bmp	9,618314E-1	2,172221E+0	4,973106E-3	5,836756E-3	-9,331032E-3	-5,461963E-3	1,385405E+0	1,383347E+0
20220916 18:00:39,883	c_0_1400_20220916_18_00_39,883.bmp	9,643762E-1	2,186225E+0	6,245971E-3	1,476871E-2	-6,786918E-3	-1,566092E-2	1,395599E+0	1,396136E+0
20220916 18:00:45,887	c_0_1401_20220916_18_00_45,887.bmp	9,694659E-1	2,209142E+0	7,518835E-3	1,094073E-2	-9,331032E-3	-5,461963E-3	1,387954E+0	1,393578E+0
20220916 18:00:51,888	c_0_1402_20220916_18_00_51,888.bmp	9,796451E-1	2,229513E+0	7,518835E-3	1,349272E-2	-1,698689E-3	-1,056144E-2	1,390502E+0	1,396136E+0
20220916 18:00:57,889	c_0_1403_20220916_18_00_57,889.bmp	9,821899E-1	2,246064E+0	1,006456E-2	1,476871E-2	-1,441926E-2	-5,461963E-3	1,398148E+0	1,388463E+0
20220916 18:01:03,894	c_0_1404_20220916_18_01_03,894.bmp	9,987311E-1	2,270254E+0	7,518835E-3	7,112750E-3	-1,187515E-2	-5,461963E-3	1,387954E+0	1,383347E+0
20220916 18:01:09,895	c_0_1405_20220916_18_01_09,895.bmp	1,005093E+0	2,288078E+0	4,973106E-3	9,664739E-3	8,454256E-4	-8,011703E-3	1,387954E+0	1,388463E+0
20220916 18:01:15,895	c_0_1406_20220916_18_01_15,895.bmp	1,014000E+0	2,307176E+0	7,518835E-3	1,349272E-2	-6,786918E-3	-1,311118E-2	1,398148E+0	1,393578E+0
20220916 18:01:21,895	c_0_1407_20220916_18_01_21,895.bmp	1,025452E+0	2,330092E+0	4,973106E-3	1,094073E-2	-9,331032E-3	-1,311118E-2	1,390502E+0	1,388463E+0
20220916 18:01:27,898	c_0_1408_20220916_18_01_27,898.bmp	1,030541E+0	2,349190E+0	7,518835E-3	1,094073E-2	-1,950749E-2	-5,461963E-3	1,387954E+0	1,388463E+0
20220916 18:01:33,902	c_0_1409_20220916_18_01_33,902.bmp	1,036903E+0	2,369560E+0	7,518835E-3	1,094073E-2	-6,786918E-3	2,187256E-3	1,387954E+0	1,388463E+0
20220916 18:01:39,906	c_0_1410_20220916_18_01_39,906.bmp	1,044538E+0	2,388658E+0	1,006456E-2	9,664739E-3	-6,786918E-3	-8,011703E-3	1,387954E+0	1,385905E+0
20220916 18:01:45,910	c_0_1411_20220916_18_01_45,910.bmp	1,053444E+0	2,405209E+0	1,006456E-2	1,349272E-2	-1,441926E-2	-1,056144E-2	1,395599E+0	1,396136E+0
20220916 18:01:51,912	c_0_1412_20220916_18_01_51,912.bmp	1,059806E+0	2,430672E+0	8,791700E-3	1,094073E-2	-9,331032E-3	-2,912223E-3	1,395599E+0	1,388463E+0
20220916 18:01:57,912	c_0_1413_20220916_18_01_57,912.bmp	1,069986E+0	2,452316E+0	6,245971E-3	8,388745E-3	-4,242803E-3	2,187256E-3	1,382857E+0	1,388463E+0
20220916 18:02:03,913	c_0_1414_20220916_18_02_03,913.bmp	1,073803E+0	2,470140E+0	3,700242E-3	1,094073E-2	8,454256E-4	-1,056144E-2	1,390502E+0	1,388463E+0
20220916 18:02:09,914	c_0_1415_20220916_18_02_09,914.bmp	1,069986E+0	2,489237E+0	8,791700E-3	1,094073E-2	-1,187515E-2	-5,461963E-3	1,387954E+0	1,385905E+0
20220916 18:02:15,918	c_0_1416_20220916_18_02_15,918.bmp	1,073803E+0	2,507062E+0	3,700242E-3	9,664739E-3	-4,242803E-3	-1,566092E-2	1,390502E+0	1,388463E+0
20220916 18:02:21,922	c_0_1417_20220916_18_02_21,922.bmp	1,059806E+0	2,524886E+0	7,518835E-3	1,349272E-2	-9,331032E-3	-3,624835E-4	1,395599E+0	1,396136E+0
20220916 18:02:27,922	c_0_1418_20220916_18_02_27,922.bmp	7,798777E-1	2,547803E+0	7,518835E-3	1,094073E-2	-1,441926E-2	-1,821066E-2	1,390502E+0	1,388463E+0
20220916 18:02:33,923	c_0_1419_20220916_18_02_33,923.bmp	7,696985E-1	2,569446E+0	7,518835E-3	9,664739E-3	-4,242803E-3	-8,011703E-3	1,387954E+0	1,391021E+0
20220916 18:02:39,928	c_0_1420_20220916_18_02_39,928.bmp	7,786053E-1	2,588544E+0	6,245971E-3	9,664739E-3	-6,786918E-3	7,286736E-3	1,387954E+0	1,380789E+0
20220916 18:02:45,932	c_0_1421_20220916_18_02_45,932.bmp	7,836949E-1	2,608914E+0	6,245971E-3	8,388745E-3	-9,331032E-3	-2,912223E-3	1,390502E+0	1,380789E+0
20220916 18:02:51,932	c_0_1422_20220916_18_02_51,932.bmp	7,913294E-1	2,629285E+0	6,245971E-3	8,388745E-3	-9,331032E-3	-3,624835E-4	1,387954E+0	1,380789E+0
20220916 18:02:57,936	c_0_1423_20220916_18_02_57,936.bmp	8,002362E-1	2,652202E+0	2,427377E-3	1,094073E-2	-4,242803E-3	-2,912223E-3	1,382857E+0	1,388463E+0
20220916 18:03:03,939	c_0_1424_20220916_18_03_03,939.bmp	8,065982E-1	2,668753E+0	3,700242E-3	1,094073E-2	3,389540E-3	-8,011703E-3	1,390502E+0	1,388463E+0
20220916 18:03:09,939	c_0_1425_20220916_18_03_09,939.bmp	8,104154E-1	2,685304E+0	6,245971E-3	1,476871E-2	-1,950749E-2	-1,311118E-2	1,398148E+0	1,396136E+0
20220916 18:03:15,944	c_0_1426_20220916_18_03_15,944.bmp	8,142326E-1	2,709494E+0	1,006456E-2	1,094073E-2	-6,786918E-3	-2,912223E-3	1,387954E+0	1,383347E+0
20220916 18:03:21,944	c_0_1427_20220916_18_03_21,944.bmp	8,244119E-1	2,731137E+0	2,427377E-3	5,836756E-3	-9,331032E-3	-2,912223E-3	1,385405E+0	1,383347E+0
20220916 18:03:27,947	c_0_1428_20220916_18_03_27,947.bmp	8,333187E-1	2,751508E+0	3,700242E-3	1,094073E-2	-1,441926E-2	-1,311118E-2	1,382857E+0	1,385905E+0
20220916 18:03:33,949	c_0_1429_20220916_18_03_33,949.bmp	8,333187E-1	2,766786E+0	7,518835E-3	1,349272E-2	-1,696338E-2	-1,311118E-2	1,395599E+0	1,388463E+0
20220916 18:03:39,952	c_0_1430_20220916_18_03_39,952.bmp	8,358635E-1	2,787156E+0	8,791700E-3	1,094073E-2	-1,187515E-2	9,836476E-3	1,395599E+0	1,388463E+0
20220916 18:03:45,953	c_0_1431_20220916_18_03_45,953.bmp	8,460427E-1	2,810073E+0	3,700242E-3	1,094073E-2	-6,786918E-3	-8,011703E-3	1,390502E+0	1,388463E+0
20220916 18:03:51,956	c_0_1432_20220916_18_03_51,956.bmp	8,485875E-1	2,831717E+0	2,427377E-3	1,094073E-2	-1,696338E-2	-5,461963E-3	1,385405E+0	1,388463E+0
20220916 18:03:57,958	c_0_1433_20220916_18_03_57,958.bmp	8,473151E-1	2,849541E+0	6,245971E-3	1,094073E-2	-4,242803E-3	-1,311118E-2	1,390502E+0	1,393578E+0
20220916 18:04:03,959	c_0_1434_20220916_18_04_03,959.bmp	7,760605E-1	2,868639E+0	7,518835E-3	8,388745E-3	-4,242803E-3	1,493596E-2	1,387954E+0	1,383347E+0
20220916 18:04:09,962	c_0_1435_20220916_18_04_09,962.bmp	6,488202E-1	2,894102E+0	7,518835E-3	5,836756E-3	-9,331032E-3	2,187256E-3	1,385405E+0	1,383347E+0
20220916 18:04:15,966	c_0_1436_20220916_18_04_15,966.bmp	6,462754E-1	2,909380E+0	6,245971E-3	1,094073E-2	-6,786918E-3	-1,056144E-2	1,390502E+0	1,388463E+0
20220916 18:04:21,970	c_0_1437_20220916_18_04_21,970.bmp	6,488202E-1	2,927204E+0	6,245971E-3	1,349272E-2	8,454256E-4	-1,566092E-2	1,395599E+0	1,396136E+0
20220916 18:04:27,974	c_0_1438_20220916_18_04_27,974.bmp	6,513650E-1	2,953940E+0	4,973106E-3	7,112750E-3	-1,696338E-2	-2,912223E-3	1,382857E+0	1,385905E+0
20220916 18:04:33,975	c_0_1439_20220916_18_04_33,975.bmp	6,526374E-1	2,966672E+0	8,791700E-3	1,349272E-2	-1,950749E-2	-5,461963E-3	1,398148E+0	1,393578E+0
20220916 18:04:39,976	c_0_1440_20220916_18_04_39,976.bmp	6,602718E-1	2,989589E+0	8,791700E-3	1,221673E-2	-4,242803E-3	-1,566092E-2	1,387954E+0	1,396136E+0
20220916 18:04:45,980	c_0_1441_20220916_18_04_45,980.bmp	6,628166E-1	3,004867E+0	8,791700E-3	1,349272E-2	-1,441926E-2	4,736996E-3	1,395599E+0	1,396136E+0
20220916 18:04:51,981	c_0_1442_20220916_18_04_51,981.bmp	6,717234E-1	3,034149E+0	3,700242E-3	9,664739E-3	8,477769E-3	-2,912223E-3	1,385405E+0	1,388463E+0
20220916 18:04:57,984	c_0_1443_20220916_18_04_57,984.bmp	6,768130E-1	3,049427E+0	2,427377E-3	1,094073E-2	-6,786918E-3	-8,011703E-3	1,385405E+0	1,388463E+0
20220916 18:05:03,985	c_0_1444_20220916_18_05_03,985.bmp	6,768130E-1	3,067251E+0	6,245971E-3	1,094073E-2	-1,441926E-2	-1,056144E-2	1,390502E+0	1,393578E+0
20220916 18:05:09,988	c_0_1445_20220916_18_05_09,988.bmp	6,844475E-1	3,092715E+0	3,700242E-3	1,094073E-2	8,454256E-4	-5,461963E-3	1,382857E+0	1,388463E+0
20220916 18:05:15,995	c_0_1446_20220916_18_05_15,995.bmp	6,869923E-1	3,107993E+0	6,245971E-3	9,664739E-3	-6,786918E-3	-5,461963E-3	1,387954E+0	1,383347E+0
20220916 18:05:21,998	c_0_1447_20220916_18_05_21,998.bmp	6,908095E-1	3,127090E+0	8,791700E-3	1,476871E-2	-1,187515E-2	4,736996E-3	1,387954E+0	1,396136E+0
20220916 18:05:28,002	c_0_1448_20220916_18_05_28,002.bmp	6,971715E-1	3,153826E+0	3,700242E-3	1,094073E-2	-1,696338E-2	-3,624835E-4	1,382857E+0	1,388463E+0
20220916 18:05:34,003	c_0_1449_20220916_18_05_34,003.bmp	6,997163E-1	3,171650E+0	4,973106E-3	8,388745E-3	-9,331032E-3	2,187256E-3	1,387954E+0	1,383347E+0
20220916 18:05:40,003	c_0_1450_20220916_18_05_40,003.bmp	7,048059E-1	3,188202E+0	6,245971E-3	9,664739E-3	8,454256E-4	-1,056144E-2	1,390502E+0	1,385905E+0
20220916 18:05:46,005	c_0_1451_20220916_18_05_46,005.bmp	7,048059E-1	3,207299E+0	8,791700E-3	1,349272E-2	-1,696338E-2	-1,056144E-2	1,398148E+0	1,393578E+0
20220916 18:05:52,010	c_0_1452_20220916_18_05_52,010.bmp	7,137127E-1	3,228943E+0	7,518835E-3	1,094073E-2	-9,331032E-3	-8,011703E-3	1,390502E+0	1,385905E+0
20220916 18:05:58,011	c_0_1453_20220916_18_05_58,011.bmp	7,188024E-1	3,249313E+0	6,245971E-3	8,388745E-3	8,477769E-3	2,187256E-3	1,387954E+0	1,383347E+0
20220916 18:06:04,011	c_0_1454_20220916_18_06_04,011.bmp	7,238920E-1	3,264591E+0	6,245971E-3	1,349272E-2	-3,222806E-2	-2,076040E-2	1,398148E+0	1,393578E+0
20220916 18:06:10,013	c_0_1455_20220916_18_06_10,013.bmp	7,315264E-1	3,291327E+0	2,427377E-3	1,094073E-2	-1,698689E-3	-5,461963E-3	1,382857E+0	1,388463E+0
20220916 18:06:16,017	c_0_1456_20220916_18_06_16,017.bmp	7,315264E-1	3,309152E+0	7,518835E-3	1,094073E-2	-6,786918E-3	-8,011703E-3	1,390502E+0	1,388463E+0
20220916 18:06:22,021	c_0_1457_20220916_18_06_22,021.bmp	7,353436E-1	3,328249E+0	8,791700E-3	1,094073E-2	-1,696338E-2	-2,912223E-3	1,390502E+0	1,383347E+0
20220916 18:06:28,026	c_0_1458_20220916_18_06_28,026.bmp	7,391608E-1	3,346073E+0	8,791700E-3	1,349272E-2	-1,696338E-2	-1,311118E-2	1,395599E+0	1,396136E+0
20220916 18:06:34,026	c_0_1459_20220916_18_06_34,026.bmp	7,493400E-1	3,370263E+0	3,700242E-3	9,664739E-3	-6,786918E-3	-2,912223E-3	1,387954E+0	1,385905E+0
20220916 18:06:40,028	c_0_1460_20220916_18_06_40,028.bmp	7,518849E-1	3,391907E+0	2,427377E-3	1,094073E-2	-1,698689E-3	2,187256E-3	1,385405E+0	1,388463E+0
20220916 18:06:46,032	c_0_1461_20220916_18_06_46,032.bmp	7,480676E-1	3,404639E+0	1,006456E-2	1,349272E-2	-9,331032E-3	-1,566092E-2	1,395599E+0	1,396136E+0
20220916 18:06:52,035	c_0_1462_20220916_18_06_52,035.bmp	7,518849E-1	3,432648E+0	6,245971E-3	5,836756E-3	-1,698689E-3	-5,461963E-3	1,382857E+0	1,383347E+0
20220916 18:06:58,037	c_0_1463_20220916_18_06_58,037.bmp	7,455228E-1	3,449199E+0	6,245971E-3	1,094073E-2	-1,187515E-2	-3,860858E-2	1,390502E+0	1,388463E+0
20220916 18:07:04,040	c_0_1464_20220916_18_07_04,040.bmp	7,404332E-1	3,469570E+0	7,518835E-3	1,476871E-2	-6,786918E-3	-1,311118E-2	1,390502E+0	1,393578E+0
20220916 18:07:10,045	c_0_1465_20220916_18_07_10,045.bmp	7,277092E-1	3,488667E+0	7,518835E-3	9,664739E-3	-4,242803E-3	-8,011703E-3	1,387954E+0	1,388463E+0
20220916 18:07:16,049	c_0_1466_20220916_18_07_16,049.bmp	7,340712E-1	3,509038E+0	6,245971E-3	1,094073E-2	-1,698689E-3	7,286736E-3	1,390502E+0	1,388463E+0
20220916 18:07:22,049	c_0_1467_20220916_18_07_22,049.bmp	6,170101E-1	3,528135E+0	7,518835E-3	9,664739E-3	-6,786918E-3	2,187256E-3	1,387954E+0	1,383347E+0
20220916 18:07:28,049	c_0_1468_20220916_18_07_28,049.bmp	6,030136E-1	3,551052E+0	7,518835E-3	8,388745E-3	-4,242803E-3	4,736996E-3	1,382857E+0	1,383347E+0
20220916 18:07:34,051	c_0_1469_20220916_18_07_34,051.bmp	6,017412E-1	3,566330E+0	8,791700E-3	1,349272E-2	-1,187515E-2	-5,461963E-3	1,398148E+0	1,393578E+0
20220916 18:07:40,052	c_0_1470_20220916_18_07_40,052.bmp	6,055585E-1	3,589247E+0	6,245971E-3	1,094073E-2	-6,786918E-3	4,736996E-3	1,387954E+0	1,383347E+0
20220916 18:07:46,056	c_0_1471_20220916_18_07_46,056.bmp	6,068309E-1	3,613437E+0	7,518835E-3	7,112750E-3	5,933654E-3	4,736996E-3	1,385405E+0	1,388463E+0
20220916 18:07:52,061	c_0_1472_20220916_18_07_52,061.bmp	6,106481E-1	3,626168E+0	8,791700E-3	1,221673E-2	-1,441926E-2	-1,311118E-2	1,398148E+0	1,393578E+0
20220916 18:07:58,063	c_0_1473_20220916_18_07_58,063.bmp	6,131929E-1	3,649085E+0	6,245971E-3	9,664739E-3	-6,786918E-3	-8,011703E-3	1,390502E+0	1,385905E+0
20220916 18:08:04,066	c_0_1474_20220916_18_08_04,066.bmp	6,170101E-1	3,666909E+0	6,245971E-3	1,476871E-2	-9,331032E-3	-1,566092E-2	1,390502E+0	1,396136E+0
20220916 18:08:10,069	c_0_1475_20220916_18_08_10,069.bmp	6,195549E-1	3,688553E+0	8,791700E-3	9,664739E-3	-2,713983E-2	-1,056144E-2	1,390502E+0	1,388463E+0
20220916 18:08:16,072	c_0_1476_20220916_18_08_16,072.bmp	6,271893E-1	3,708924E+0	8,791700E-3	1,094073E-2	-4,242803E-3	-3,095936E-2	1,390502E+0	1,385905E+0
20220916 18:08:22,072	c_0_1477_20220916_18_08_22,072.bmp	6,233721E-1	3,729294E+0	7,518835E-3	1,094073E-2	8,477769E-3	-2,585988E-2	1,390502E+0	1,388463E+0
20220916 18:08:28,077	c_0_1478_20220916_18_08_28,077.bmp	6,297341E-1	3,744572E+0	4,973106E-3	1,349272E-2	-6,786918E-3	-2,912223E-3	1,398148E+0	1,396136E+0
20220916 18:08:34,077	c_0_1479_20220916_18_08_34,077.bmp	6,322789E-1	3,764943E+0	6,245971E-3	1,349272E-2	-1,698689E-3	-8,011703E-3	1,395599E+0	1,385905E+0
20220916 18:08:40,080	c_0_1480_20220916_18_08_40,080.bmp	6,373685E-1	3,785313E+0	7,518835E-3	1,349272E-2	-6,786918E-3	-1,056144E-2	1,395599E+0	1,393578E+0
20220916 18:08:46,082	c_0_1481_20220916_18_08_46,082.bmp	6,411857E-1	3,805684E+0	8,791700E-3	1,221673E-2	-4,242803E-3	-1,311118E-2	1,395599E+0	1,385905E+0
20220916 18:08:52,086	c_0_1482_20220916_18_08_52,086.bmp	6,462754E-1	3,832420E+0	3,700242E-3	9,664739E-3	-4,242803E-3	-2,912223E-3	1,385405E+0	1,388463E+0
20220916 18:08:58,086	c_0_1483_20220916_18_08_58,086.bmp	6,462754E-1	3,850244E+0	7,518835E-3	8,388745E-3	-6,786918E-3	-3,624835E-4	1,387954E+0	1,380789E+0
20220916 18:09:04,090	c_0_1484_20220916_18_09_04,090.bmp	6,500926E-1	3,871888E+0	7,518835E-3	8,388745E-3	8,477769E-3	2,187256E-3	1,382857E+0	1,383347E+0
20220916 18:09:10,090	c_0_1485_20220916_18_09_10,090.bmp	6,564546E-1	3,892258E+0	2,427377E-3	7,112750E-3	-6,786918E-3	-3,624835E-4	1,382857E+0	1,383347E+0
20220916 18:09:16,091	c_0_1486_20220916_18_09_16,091.bmp	6,526374E-1	3,907536E+0	6,245971E-3	1,094073E-2	-6,786918E-3	-2,912223E-3	1,390502E+0	1,388463E+0
20220916 18:09:22,092	c_0_1487_20220916_18_09_22,092.bmp	6,564546E-1	3,925361E+0	8,791700E-3	1,094073E-2	-1,696338E-2	-1,056144E-2	1,395599E+0	1,388463E+0
20220916 18:09:28,097	c_0_1488_20220916_18_09_28,097.bmp	6,564546E-1	3,945731E+0	8,791700E-3	1,094073E-2	-1,950749E-2	-8,011703E-3	1,395599E+0	1,388463E+0
20220916 18:09:34,101	c_0_1489_20220916_18_09_34,101.bmp	6,615442E-1	3,967375E+0	7,518835E-3	1,094073E-2	-9,331032E-3	-1,821066E-2	1,387954E+0	1,396136E+0
20220916 18:09:40,106	c_0_1490_20220916_18_09_40,106.bmp	6,628166E-1	3,989018E+0	6,245971E-3	9,664739E-3	-6,786918E-3	7,286736E-3	1,390502E+0	1,383347E+0
20220916 18:09:46,106	c_0_1491_20220916_18_09_46,106.bmp	6,653614E-1	4,009389E+0	6,245971E-3	1,094073E-2	-6,786918E-3	-5,461963E-3	1,387954E+0	1,388463E+0
20220916 18:09:52,108	c_0_1492_20220916_18_09_52,108.bmp	6,526374E-1	4,024667E+0	7,518835E-3	1,221673E-2	-6,786918E-3	-5,461963E-3	1,398148E+0	1,396136E+0
20220916 18:09:58,113	c_0_1493_20220916_18_09_58,113.bmp	6,373685E-1	4,052676E+0	2,427377E-3	7,112750E-3	-6,786918E-3	-5,461963E-3	1,385405E+0	1,383347E+0
20220916 18:10:04,117	c_0_1494_20220916_18_10_04,117.bmp	6,360961E-1	4,069228E+0	4,973106E-3	8,388745E-3	-1,441926E-2	2,187256E-3	1,387954E+0	1,383347E+0
20220916 18:10:10,118	c_0_1495_20220916_18_10_10,118.bmp	6,386409E-1	4,085779E+0	8,791700E-3	1,349272E-2	-1,441926E-2	-1,566092E-2	1,395599E+0	1,393578E+0
20220916 18:10:16,121	c_0_1496_20220916_18_10_16,121.bmp	6,437306E-1	4,111242E+0	3,700242E-3	7,112750E-3	8,477769E-3	2,187256E-3	1,382857E+0	1,388463E+0
20220916 18:10:22,122	c_0_1497_20220916_18_10_22,122.bmp	6,488202E-1	4,131612E+0	2,427377E-3	1,094073E-2	8,454256E-4	-5,461963E-3	1,385405E+0	1,391021E+0
20220916 18:10:28,123	c_0_1498_20220916_18_10_28,123.bmp	6,500926E-1	4,151983E+0	3,700242E-3	5,836756E-3	-4,242803E-3	-2,912223E-3	1,382857E+0	1,383347E+0
20220916 18:10:34,127	c_0_1499_20220916_18_10_34,127.bmp	6,500926E-1	4,168534E+0	7,518835E-3	1,094073E-2	-6,786918E-3	-8,011703E-3	1,387954E+0	1,396136E+0
20220916 18:10:40,131	c_0_1500_20220916_18_10_40,131.bmp	6,500926E-1	4,187631E+0	6,245971E-3	1,349272E-2	-6,786918E-3	-1,311118E-2	1,387954E+0	1,396136E+0
20220916 18:10:46,133	c_0_1501_20220916_18_10_46,133.bmp	6,526374E-1	4,213094E+0	7,518835E-3	8,388745E-3	1,865423E-2	9,836476E-3	1,390502E+0	1,380789E+0
20220916 18:10:52,133	c_0_1502_20220916_18_10_52,133.bmp	6,500926E-1	4,228372E+0	6,245971E-3	1,094073E-2	-9,331032E-3	-8,011703E-3	1,387954E+0	1,388463E+0
20220916 18:10:58,137	c_0_1503_20220916_18_10_58,137.bmp	6,539098E-1	4,250016E+0	6,245971E-3	1,221673E-2	-6,786918E-3	-1,311118E-2	1,387954E+0	1,393578E+0
20220916 18:11:04,138	c_0_1504_20220916_18_11_04,138.bmp	6,030136E-1	4,271660E+0	4,973106E-3	8,388745E-3	-4,242803E-3	7,286736E-3	1,390502E+0	1,380789E+0
20220916 18:11:10,141	c_0_1505_20220916_18_11_10,141.bmp	5,890172E-1	4,288211E+0	4,973106E-3	1,094073E-2	-1,698689E-3	-3,624835E-4	1,387954E+0	1,388463E+0
20220916 18:11:16,141	c_0_1506_20220916_18_11_16,141.bmp	5,890172E-1	4,306035E+0	7,518835E-3	1,476871E-2	-1,187515E-2	-1,566092E-2	1,395599E+0	1,388463E+0
20220916 18:11:22,148	c_0_1507_20220916_18_11_22,148.bmp	5,915620E-1	4,332771E+0	7,518835E-3	7,112750E-3	-6,786918E-3	2,187256E-3	1,382857E+0	1,383347E+0
20220916 18:11:28,152	c_0_1508_20220916_18_11_28,152.bmp	5,953792E-1	4,349322E+0	7,518835E-3	1,094073E-2	8,477769E-3	-8,011703E-3	1,387954E+0	1,388463E+0
20220916 18:11:34,154	c_0_1509_20220916_18_11_34,154.bmp	5,991964E-1	4,368420E+0	6,245971E-3	1,094073E-2	-4,242803E-3	-8,011703E-3	1,387954E+0	1,388463E+0
20220916 18:11:40,158	c_0_1510_20220916_18_11_40,158.bmp	5,979240E-1	4,383698E+0	1,006456E-2	1,094073E-2	-1,441926E-2	-8,011703E-3	1,395599E+0	1,388463E+0
20220916 18:11:46,162	c_0_1511_20220916_18_11_46,162.bmp	6,055585E-1	4,409161E+0	7,518835E-3	1,094073E-2	-1,187515E-2	-8,011703E-3	1,387954E+0	1,388463E+0
20220916 18:11:52,164	c_0_1512_20220916_18_11_52,164.bmp	6,119205E-1	4,429531E+0	4,973106E-3	1,094073E-2	-9,331032E-3	-8,011703E-3	1,387954E+0	1,388463E+0
20220916 18:11:58,169	c_0_1513_20220916_18_11_58,169.bmp	6,157377E-1	4,449902E+0	6,245971E-3	1,094073E-2	-1,698689E-3	-1,056144E-2	1,390502E+0	1,388463E+0
20220916 18:12:04,173	c_0_1514_20220916_18_12_04,173.bmp	6,106481E-1	4,465180E+0	8,791700E-3	1,476871E-2	-1,696338E-2	2,187256E-3	1,398148E+0	1,385905E+0
20220916 18:12:10,177	c_0_1515_20220916_18_12_10,177.bmp	6,157377E-1	4,490643E+0	1,006456E-2	1,094073E-2	-1,696338E-2	-3,624835E-4	1,390502E+0	1,388463E+0
20220916 18:12:16,182	c_0_1516_20220916_18_12_16,182.bmp	6,246445E-1	4,508467E+0	3,700242E-3	1,094073E-2	-9,331032E-3	-8,011703E-3	1,390502E+0	1,393578E+0
20220916 18:12:22,182	c_0_1517_20220916_18_12_22,182.bmp	6,220997E-1	4,525018E+0	1,006456E-2	1,094073E-2	-1,696338E-2	-8,011703E-3	1,398148E+0	1,388463E+0
20220916 18:12:28,182	c_0_1518_20220916_18_12_28,182.bmp	6,322789E-1	4,553028E+0	3,700242E-3	8,388745E-3	-4,242803E-3	-1,056144E-2	1,385405E+0	1,383347E+0
20220916 18:12:34,186	c_0_1519_20220916_18_12_34,186.bmp	6,335513E-1	4,568306E+0	7,518835E-3	8,388745E-3	-6,786918E-3	9,836476E-3	1,387954E+0	1,380789E+0
20220916 18:12:40,187	c_0_1520_20220916_18_12_40,187.bmp	6,310065E-1	4,588676E+0	8,791700E-3	1,094073E-2	-1,696338E-2	-3,624835E-4	1,387954E+0	1,385905E+0
20220916 18:12:46,187	c_0_1521_20220916_18_12_46,187.bmp	6,360961E-1	4,606501E+0	8,791700E-3	1,349272E-2	-1,441926E-2	2,187256E-3	1,395599E+0	1,396136E+0
20220916 18:12:52,191	c_0_1522_20220916_18_12_52,191.bmp	6,411857E-1	4,628144E+0	7,518835E-3	9,664739E-3	-1,187515E-2	-1,566092E-2	1,390502E+0	1,388463E+0
20220916 18:12:58,192	c_0_1523_20220916_18_12_58,192.bmp	6,475478E-1	4,648515E+0	2,427377E-3	1,094073E-2	-4,242803E-3	-8,011703E-3	1,387954E+0	1,393578E+0
20220916 18:13:04,193	c_0_1524_20220916_18_13_04,193.bmp	6,488202E-1	4,667612E+0	7,518835E-3	1,349272E-2	-6,786918E-3	-1,311118E-2	1,390502E+0	1,393578E+0
20220916 18:13:10,198	c_0_1525_20220916_18_13_10,198.bmp	6,526374E-1	4,684163E+0	8,791700E-3	1,476871E-2	-1,950749E-2	-1,311118E-2	1,395599E+0	1,388463E+0
20220916 18:13:16,198	c_0_1526_20220916_18_13_16,198.bmp	6,539098E-1	4,704534E+0	1,006456E-2	1,221673E-2	-1,187515E-2	1,238622E-2	1,398148E+0	1,396136E+0
20220916 18:13:22,200	c_0_1527_20220916_18_13_22,200.bmp	6,640890E-1	4,731270E+0	2,427377E-3	1,094073E-2	8,454256E-4	-5,461963E-3	1,382857E+0	1,388463E+0
20220916 18:13:28,203	c_0_1528_20220916_18_13_28,203.bmp	6,602718E-1	4,745275E+0	1,006456E-2	1,094073E-2	-1,187515E-2	-3,624835E-4	1,395599E+0	1,391021E+0
20220916 18:13:34,203	c_0_1529_20220916_18_13_34,203.bmp	6,717234E-1	4,768192E+0	3,700242E-3	1,094073E-2	3,389540E-3	-3,624835E-4	1,385405E+0	1,388463E+0
20220916 18:13:40,204	c_0_1530_20220916_18_13_40,204.bmp	6,717234E-1	4,786016E+0	8,791700E-3	1,349272E-2	-1,441926E-2	-1,311118E-2	1,398148E+0	1,388463E+0
20220916 18:13:46,204	c_0_1531_20220916_18_13_46,204.bmp	6,793579E-1	4,810206E+0	4,973106E-3	1,094073E-2	-4,242803E-3	-8,011703E-3	1,382857E+0	1,388463E+0
20220916 18:13:52,207	c_0_1532_20220916_18_13_52,207.bmp	6,806303E-1	4,830577E+0	6,245971E-3	7,112750E-3	-6,786918E-3	2,187256E-3	1,382857E+0	1,380789E+0
20220916 18:13:58,209	c_0_1533_20220916_18_13_58,209.bmp	6,831751E-1	4,844581E+0	7,518835E-3	1,349272E-2	-9,331032E-3	-5,461963E-3	1,395599E+0	1,393578E+0
20220916 18:14:04,213	c_0_1534_20220916_18_14_04,213.bmp	6,908095E-1	4,870044E+0	7,518835E-3	1,094073E-2	-4,242803E-3	-5,461963E-3	1,387954E+0	1,388463E+0
20220916 18:14:10,217	c_0_1535_20220916_18_14_10,217.bmp	6,920819E-1	4,890415E+0	7,518835E-3	1,094073E-2	-1,441926E-2	-2,076040E-2	1,390502E+0	1,388463E+0
20220916 18:14:16,218	c_0_1536_20220916_18_14_16,218.bmp	6,946267E-1	4,908239E+0	3,700242E-3	1,094073E-2	-4,242803E-3	-5,461963E-3	1,385405E+0	1,388463E+0
20220916 18:14:22,222	c_0_1537_20220916_18_14_22,222.bmp	7,009887E-1	4,928610E+0	6,245971E-3	1,094073E-2	8,454256E-4	-2,912223E-3	1,387954E+0	1,388463E+0
20220916 18:14:28,223	c_0_1538_20220916_18_14_28,223.bmp	7,035335E-1	4,946434E+0	1,006456E-2	1,349272E-2	-1,696338E-2	-1,056144E-2	1,395599E+0	1,396136E+0
20220916 18:14:34,228	c_0_1539_20220916_18_14_34,228.bmp	7,124403E-1	4,969351E+0	3,700242E-3	1,094073E-2	5,933654E-3	-3,624835E-4	1,385405E+0	1,388463E+0
20220916 18:14:40,231	c_0_1540_20220916_18_14_40,231.bmp	7,111679E-1	4,988448E+0	7,518835E-3	1,094073E-2	-1,698689E-3	2,187256E-3	1,390502E+0	1,388463E+0
20220916 18:14:46,231	c_0_1541_20220916_18_14_46,231.bmp	7,175300E-1	5,007546E+0	3,700242E-3	1,094073E-2	8,454256E-4	-3,624835E-4	1,385405E+0	1,391021E+0
20220916 18:14:52,233	c_0_1542_20220916_18_14_52,233.bmp	7,238920E-1	5,031736E+0	4,973106E-3	9,664739E-3	-1,698689E-3	-3,624835E-4	1,385405E+0	1,388463E+0
20220916 18:14:58,235	c_0_1543_20220916_18_14_58,235.bmp	7,251644E-1	5,050833E+0	7,518835E-3	8,388745E-3	-3,986040E-2	4,736996E-3	1,382857E+0	1,383347E+0
20220916 18:15:04,235	c_0_1544_20220916_18_15_04,235.bmp	7,277092E-1	5,068657E+0	7,518835E-3	1,094073E-2	8,454256E-4	-8,011703E-3	1,387954E+0	1,388463E+0
20220916 18:15:10,237	c_0_1545_20220916_18_15_10,237.bmp	7,340712E-1	5,087755E+0	7,518835E-3	1,221673E-2	-1,441926E-2	-2,076040E-2	1,390502E+0	1,396136E+0
20220916 18:15:16,238	c_0_1546_20220916_18_15_16,238.bmp	7,340712E-1	5,104306E+0	1,006456E-2	1,349272E-2	-1,187515E-2	-3,624835E-4	1,395599E+0	1,393578E+0
20220916 18:15:22,241	c_0_1547_20220916_18_15_22,241.bmp	7,391608E-1	5,131042E+0	3,700242E-3	7,112750E-3	-4,242803E-3	2,187256E-3	1,382857E+0	1,380789E+0
20220916 18:15:28,249	c_0_1548_20220916_18_15_28,249.bmp	7,417056E-1	5,145047E+0	1,006456E-2	1,094073E-2	-9,331032E-3	-2,331014E-2	1,395599E+0	1,385905E+0
20220916 18:15:34,249	c_0_1549_20220916_18_15_34,249.bmp	7,480676E-1	5,169237E+0	6,245971E-3	1,094073E-2	-1,441926E-2	-1,056144E-2	1,390502E+0	1,388463E+0
20220916 18:15:40,249	c_0_1550_20220916_18_15_40,249.bmp	7,569745E-1	5,190881E+0	3,700242E-3	1,094073E-2	3,389540E-3	-2,912223E-3	1,382857E+0	1,385905E+0
20220916 18:15:46,253	c_0_1551_20220916_18_15_46,253.bmp	7,582469E-1	5,213797E+0	3,700242E-3	5,836756E-3	-1,698689E-3	2,003543E-2	1,382857E+0	1,383347E+0
20220916 18:15:52,253	c_0_1552_20220916_18_15_52,253.bmp	7,646089E-1	5,225256E+0	6,245971E-3	1,349272E-2	-6,786918E-3	-1,311118E-2	1,395599E+0	1,393578E+0
20220916 18:15:58,257	c_0_1553_20220916_18_15_58,257.bmp	7,709709E-1	5,246900E+0	3,700242E-3	1,094073E-2	-1,696338E-2	-1,056144E-2	1,390502E+0	1,396136E+0
20220916 18:16:04,259	c_0_1554_20220916_18_16_04,259.bmp	7,722433E-1	5,264724E+0	6,245971E-3	1,476871E-2	8,454256E-4	-8,011703E-3	1,395599E+0	1,393578E+0
20220916 18:16:10,263	c_0_1555_20220916_18_16_10,263.bmp	7,747881E-1	5,287641E+0	7,518835E-3	8,388745E-3	-6,786918E-3	-3,624835E-4	1,390502E+0	1,380789E+0
20220916 18:16:16,267	c_0_1556_20220916_18_16_16,267.bmp	7,798777E-1	5,308011E+0	7,518835E-3	1,349272E-2	-1,950749E-2	-2,585988E-2	1,387954E+0	1,396136E+0
20220916 18:16:22,272	c_0_1557_20220916_18_16_22,272.bmp	7,836949E-1	5,328382E+0	7,518835E-3	1,094073E-2	-1,441926E-2	-5,461963E-3	1,387954E+0	1,385905E+0
20220916 18:16:28,276	c_0_1558_20220916_18_16_28,276.bmp	7,875122E-1	5,347479E+0	6,245971E-3	1,094073E-2	-6,786918E-3	-5,461963E-3	1,387954E+0	1,383347E+0
20220916 18:16:34,276	c_0_1559_20220916_18_16_34,276.bmp	7,887846E-1	5,365303E+0	8,791700E-3	1,221673E-2	-9,331032E-3	-8,011703E-3	1,395599E+0	1,393578E+0
20220916 18:16:40,281	c_0_1560_20220916_18_16_40,281.bmp	8,002362E-1	5,389493E+0	3,700242E-3	1,094073E-2	1,356600E-2	-5,461963E-3	1,382857E+0	1,388463E+0
20220916 18:16:46,281	c_0_1561_20220916_18_16_46,281.bmp	8,053258E-1	5,404771E+0	6,245971E-3	1,476871E-2	-6,786918E-3	-8,011703E-3	1,390502E+0	1,396136E+0
20220916 18:16:52,283	c_0_1562_20220916_18_16_52,283.bmp	8,091430E-1	5,428961E+0	1,006456E-2	1,094073E-2	-6,786918E-3	-2,912223E-3	1,390502E+0	1,385905E+0
20220916 18:16:58,283	c_0_1563_20220916_18_16_58,283.bmp	8,193222E-1	5,448059E+0	4,973106E-3	1,094073E-2	-6,786918E-3	7,286736E-3	1,387954E+0	1,385905E+0
20220916 18:17:04,287	c_0_1564_20220916_18_17_04,287.bmp	8,244119E-1	5,468429E+0	6,245971E-3	9,664739E-3	-1,698689E-3	7,286736E-3	1,390502E+0	1,385905E+0
20220916 18:17:10,288	c_0_1565_20220916_18_17_10,288.bmp	8,282291E-1	5,483707E+0	1,006456E-2	1,094073E-2	-1,187515E-2	-2,912223E-3	1,398148E+0	1,388463E+0
20220916 18:17:16,292	c_0_1566_20220916_18_17_16,292.bmp	8,333187E-1	5,507897E+0	8,791700E-3	1,349272E-2	-9,331032E-3	-8,011703E-3	1,387954E+0	1,396136E+0
20220916 18:17:22,299	c_0_1567_20220916_18_17_22,299.bmp	8,371359E-1	5,523175E+0	6,245971E-3	1,349272E-2	-1,696338E-2	-1,566092E-2	1,387954E+0	1,396136E+0
20220916 18:17:28,300	c_0_1568_20220916_18_17_28,300.bmp	8,358635E-1	5,544819E+0	1,006456E-2	1,349272E-2	8,454256E-4	-1,056144E-2	1,395599E+0	1,388463E+0
20220916 18:17:34,300	c_0_1569_20220916_18_17_34,300.bmp	5,890172E-1	5,570282E+0	2,427377E-3	7,112750E-3	-1,698689E-3	-3,624835E-4	1,382857E+0	1,383347E+0
20220916 18:17:40,302	c_0_1570_20220916_18_17_40,302.bmp	5,864724E-1	5,586833E+0	7,518835E-3	1,476871E-2	-6,786918E-3	-1,311118E-2	1,390502E+0	1,393578E+0
20220916 18:17:46,303	c_0_1571_20220916_18_17_46,303.bmp	5,852000E-1	5,607203E+0	1,006456E-2	1,094073E-2	-1,187515E-2	-5,461963E-3	1,390502E+0	1,388463E+0
20220916 18:17:52,304	c_0_1572_20220916_18_17_52,304.bmp	5,915620E-1	5,630120E+0	7,518835E-3	5,836756E-3	-4,242803E-3	-2,912223E-3	1,382857E+0	1,391021E+0
20220916 18:17:58,306	c_0_1573_20220916_18_17_58,306.bmp	5,966516E-1	5,646671E+0	7,518835E-3	1,094073E-2	-6,786918E-3	-1,056144E-2	1,387954E+0	1,396136E+0
20220916 18:18:04,310	c_0_1574_20220916_18_18_04,310.bmp	5,928344E-1	5,669588E+0	7,518835E-3	8,388745E-3	-4,242803E-3	1,238622E-2	1,390502E+0	1,383347E+0
20220916 18:18:10,314	c_0_1575_20220916_18_18_10,314.bmp	5,941068E-1	5,687413E+0	6,245971E-3	1,094073E-2	-9,331032E-3	-8,011703E-3	1,387954E+0	1,385905E+0
20220916 18:18:16,318	c_0_1576_20220916_18_18_16,318.bmp	6,017412E-1	5,706510E+0	7,518835E-3	1,094073E-2	-6,786918E-3	2,187256E-3	1,387954E+0	1,388463E+0
20220916 18:18:22,322	c_0_1577_20220916_18_18_22,322.bmp	5,635691E-1	5,724334E+0	1,006456E-2	1,349272E-2	-1,441926E-2	4,736996E-3	1,398148E+0	1,396136E+0
20220916 18:18:28,322	c_0_1578_20220916_18_18_28,322.bmp	5,419383E-1	5,745978E+0	6,245971E-3	1,094073E-2	-1,441926E-2	2,187256E-3	1,390502E+0	1,388463E+0
20220916 18:18:34,322	c_0_1579_20220916_18_18_34,322.bmp	5,317590E-1	5,765075E+0	1,006456E-2	9,664739E-3	-1,187515E-2	-3,624835E-4	1,398148E+0	1,391021E+0
20220916 18:18:40,323	c_0_1580_20220916_18_18_40,323.bmp	5,368487E-1	5,786719E+0	4,973106E-3	1,094073E-2	-6,786918E-3	-5,461963E-3	1,390502E+0	1,388463E+0
20220916 18:18:46,324	c_0_1581_20220916_18_18_46,324.bmp	5,368487E-1	5,800724E+0	3,700242E-3	1,094073E-2	-4,242803E-3	-5,461963E-3	1,382857E+0	1,388463E+0
