20220916 17:49:33,653	c_1_1289_20220916_17_49_33,653.bmp	-1,378015E-3	3,331373E-2	1,006456E-2	1,094073E-2	-1,441926E-2	2,187256E-3	1,387954E+0	1,388463E+0
20220916 17:49:39,660	c_1_1290_20220916_17_49_39,660.bmp	-1,056110E-4	3,331373E-2	7,518835E-3	1,094073E-2	-4,242803E-3	-1,311118E-2	1,390502E+0	1,393578E+0
20220916 17:49:45,662	c_1_1291_20220916_17_49_45,662.bmp	2,152525E-2	6,577388E-3	1,006456E-2	1,349272E-2	-1,187515E-2	-8,011703E-3	1,398148E+0	1,396136E+0
20220916 17:49:51,666	c_1_1292_20220916_17_49_51,666.bmp	4,188370E-2	2,694793E-2	8,791700E-3	1,476871E-2	-1,950749E-2	-1,056144E-2	1,395599E+0	1,396136E+0
20220916 17:49:57,670	c_1_1293_20220916_17_49_57,670.bmp	6,351456E-2	5,113795E-2	6,245971E-3	1,094073E-2	-6,786918E-3	4,736996E-3	1,387954E+0	1,383347E+0
20220916 17:50:03,674	c_1_1294_20220916_17_50_03,674.bmp	7,369379E-2	7,023533E-2	8,791700E-3	1,094073E-2	5,933654E-3	-8,011703E-3	1,387954E+0	1,383347E+0
20220916 17:50:09,677	c_1_1295_20220916_17_50_09,677.bmp	9,532465E-2	8,678640E-2	8,791700E-3	1,221673E-2	-1,441926E-2	-8,011703E-3	1,395599E+0	1,396136E+0
20220916 17:50:15,678	c_1_1296_20220916_17_50_15,678.bmp	1,118659E-1	1,071569E-1	6,245971E-3	1,349272E-2	-1,696338E-2	-2,076040E-2	1,398148E+0	1,393578E+0
20220916 17:50:21,679	c_1_1297_20220916_17_50_21,679.bmp	1,284071E-1	1,300738E-1	6,245971E-3	1,094073E-2	-4,242803E-3	-2,912223E-3	1,387954E+0	1,385905E+0
20220916 17:50:27,680	c_1_1298_20220916_17_50_27,680.bmp	1,436760E-1	1,529907E-1	3,700242E-3	8,388745E-3	-1,441926E-2	7,286736E-3	1,382857E+0	1,380789E+0
20220916 17:50:33,680	c_1_1299_20220916_17_50_33,680.bmp	1,576724E-1	1,720880E-1	7,518835E-3	1,094073E-2	8,454256E-4	-5,461963E-3	1,387954E+0	1,388463E+0
20220916 17:50:39,684	c_1_1300_20220916_17_50_39,684.bmp	1,754861E-1	1,899123E-1	6,245971E-3	1,476871E-2	-6,786918E-3	-1,056144E-2	1,387954E+0	1,396136E+0
20220916 17:50:45,684	c_1_1301_20220916_17_50_45,684.bmp	1,894825E-1	2,128291E-1	7,518835E-3	8,388745E-3	-4,242803E-3	2,187256E-3	1,382857E+0	1,380789E+0
20220916 17:50:51,685	c_1_1302_20220916_17_50_51,685.bmp	2,047514E-1	2,306534E-1	6,245971E-3	7,112750E-3	-4,242803E-3	7,286736E-3	1,390502E+0	1,383347E+0
20220916 17:50:57,690	c_1_1303_20220916_17_50_57,690.bmp	2,136582E-1	2,497507E-1	6,245971E-3	1,094073E-2	-2,459572E-2	-5,461963E-3	1,387954E+0	1,388463E+0
20220916 17:51:03,694	c_1_1304_20220916_17_51_03,694.bmp	2,314718E-1	2,701213E-1	3,700242E-3	1,094073E-2	-4,242803E-3	-5,461963E-3	1,387954E+0	1,388463E+0
20220916 17:51:09,697	c_1_1305_20220916_17_51_09,697.bmp	2,441959E-1	2,892187E-1	6,245971E-3	1,094073E-2	-4,242803E-3	-2,912223E-3	1,387954E+0	1,385905E+0
20220916 17:51:15,699	c_1_1306_20220916_17_51_15,699.bmp	2,632819E-1	3,134087E-1	3,700242E-3	1,094073E-2	-1,698689E-3	-2,912223E-3	1,382857E+0	1,388463E+0
20220916 17:51:21,699	c_1_1307_20220916_17_51_21,699.bmp	2,734611E-1	3,325061E-1	4,973106E-3	7,112750E-3	8,454256E-4	1,238622E-2	1,387954E+0	1,383347E+0
20220916 17:51:27,700	c_1_1308_20220916_17_51_27,700.bmp	2,874576E-1	3,477840E-1	1,006456E-2	1,349272E-2	-6,786918E-3	-8,011703E-3	1,395599E+0	1,385905E+0
20220916 17:51:33,703	c_1_1309_20220916_17_51_33,703.bmp	3,065436E-1	3,732472E-1	3,700242E-3	1,094073E-2	8,454256E-4	-8,011703E-3	1,385405E+0	1,388463E+0
20220916 17:51:39,704	c_1_1310_20220916_17_51_39,704.bmp	3,154505E-1	3,872519E-1	7,518835E-3	1,094073E-2	-1,950749E-2	-5,461963E-3	1,398148E+0	1,385905E+0
20220916 17:51:45,708	c_1_1311_20220916_17_51_45,708.bmp	3,358089E-1	4,139882E-1	3,700242E-3	7,112750E-3	8,454256E-4	1,493596E-2	1,385405E+0	1,383347E+0
20220916 17:51:51,713	c_1_1312_20220916_17_51_51,713.bmp	3,523502E-1	4,279930E-1	4,973106E-3	1,221673E-2	-9,331032E-3	-1,311118E-2	1,395599E+0	1,396136E+0
20220916 17:51:57,715	c_1_1313_20220916_17_51_57,715.bmp	3,714362E-1	4,496367E-1	2,427377E-3	1,094073E-2	-9,331032E-3	-2,912223E-3	1,390502E+0	1,393578E+0
20220916 17:52:03,716	c_1_1314_20220916_17_52_03,716.bmp	3,803430E-1	4,674609E-1	1,006456E-2	1,349272E-2	-9,331032E-3	-3,624835E-4	1,398148E+0	1,396136E+0
20220916 17:52:09,717	c_1_1315_20220916_17_52_09,717.bmp	3,981567E-1	4,941973E-1	7,518835E-3	8,388745E-3	-1,698689E-3	-2,912223E-3	1,382857E+0	1,388463E+0
20220916 17:52:15,721	c_1_1316_20220916_17_52_15,721.bmp	4,159703E-1	5,132946E-1	6,245971E-3	7,112750E-3	-4,242803E-3	-8,011703E-3	1,385405E+0	1,383347E+0
20220916 17:52:21,721	c_1_1317_20220916_17_52_21,721.bmp	4,248772E-1	5,298457E-1	8,791700E-3	9,664739E-3	-1,698689E-3	-5,461963E-3	1,387954E+0	1,383347E+0
20220916 17:52:27,726	c_1_1318_20220916_17_52_27,726.bmp	4,426908E-1	5,502162E-1	1,006456E-2	1,094073E-2	-6,786918E-3	2,187256E-3	1,387954E+0	1,385905E+0
20220916 17:52:33,730	c_1_1319_20220916_17_52_33,730.bmp	4,605045E-1	5,693136E-1	6,245971E-3	1,094073E-2	-6,786918E-3	4,736996E-3	1,390502E+0	1,391021E+0
20220916 17:52:39,732	c_1_1320_20220916_17_52_39,732.bmp	4,745009E-1	5,909573E-1	6,245971E-3	8,388745E-3	-6,786918E-3	-2,912223E-3	1,387954E+0	1,383347E+0
20220916 17:52:45,735	c_1_1321_20220916_17_52_45,735.bmp	4,948593E-1	6,138742E-1	3,700242E-3	1,094073E-2	-9,331032E-3	-2,912223E-3	1,382857E+0	1,388463E+0
20220916 17:52:51,735	c_1_1322_20220916_17_52_51,735.bmp	5,101282E-1	6,329716E-1	2,427377E-3	8,388745E-3	-6,786918E-3	-8,011703E-3	1,385405E+0	1,383347E+0
20220916 17:52:57,736	c_1_1323_20220916_17_52_57,736.bmp	5,228522E-1	6,507958E-1	7,518835E-3	7,112750E-3	-1,696338E-2	7,286736E-3	1,387954E+0	1,383347E+0
20220916 17:53:03,740	c_1_1324_20220916_17_53_03,740.bmp	5,393935E-1	6,724395E-1	6,245971E-3	8,388745E-3	8,454256E-4	2,187256E-3	1,382857E+0	1,388463E+0
20220916 17:53:09,740	c_1_1325_20220916_17_53_09,740.bmp	5,546623E-1	6,864443E-1	8,791700E-3	1,349272E-2	-1,698689E-3	-1,056144E-2	1,395599E+0	1,396136E+0
20220916 17:53:15,742	c_1_1326_20220916_17_53_15,742.bmp	5,724760E-1	7,131806E-1	2,427377E-3	1,094073E-2	2,119834E-2	-3,624835E-4	1,382857E+0	1,388463E+0
20220916 17:53:21,763	c_1_1327_20220916_17_53_21,763.bmp	5,864724E-1	7,310048E-1	6,245971E-3	9,664739E-3	-4,242803E-3	1,493596E-2	1,387954E+0	1,380789E+0
20220916 17:53:27,763	c_1_1328_20220916_17_53_27,763.bmp	6,017412E-1	7,501022E-1	6,245971E-3	1,094073E-2	-9,331032E-3	-5,461963E-3	1,390502E+0	1,388463E+0
20220916 17:53:33,765	c_1_1329_20220916_17_53_33,765.bmp	6,195549E-1	7,704727E-1	6,245971E-3	1,094073E-2	3,389540E-3	-3,624835E-4	1,390502E+0	1,385905E+0
20220916 17:53:39,766	c_1_1330_20220916_17_53_39,766.bmp	6,335513E-1	7,908433E-1	8,791700E-3	9,664739E-3	-1,950749E-2	2,003543E-2	1,387954E+0	1,385905E+0
20220916 17:53:45,773	c_1_1331_20220916_17_53_45,773.bmp	6,475478E-1	8,112138E-1	7,518835E-3	7,112750E-3	3,389540E-3	-3,624835E-4	1,382857E+0	1,383347E+0
20220916 17:53:51,778	c_1_1332_20220916_17_53_51,778.bmp	6,679062E-1	8,315844E-1	6,245971E-3	1,476871E-2	-4,242803E-3	-2,840962E-2	1,387954E+0	1,393578E+0
20220916 17:53:57,779	c_1_1333_20220916_17_53_57,779.bmp	6,780855E-1	8,468623E-1	8,791700E-3	1,094073E-2	-1,696338E-2	-8,011703E-3	1,398148E+0	1,388463E+0
20220916 17:54:03,779	c_1_1334_20220916_17_54_03,779.bmp	6,984439E-1	8,659597E-1	6,245971E-3	1,349272E-2	-6,786918E-3	-5,461963E-3	1,398148E+0	1,396136E+0
20220916 17:54:09,780	c_1_1335_20220916_17_54_09,780.bmp	7,137127E-1	8,876034E-1	7,518835E-3	1,349272E-2	-6,786918E-3	-1,311118E-2	1,395599E+0	1,396136E+0
20220916 17:54:15,784	c_1_1336_20220916_17_54_15,784.bmp	7,264368E-1	9,092471E-1	8,791700E-3	1,094073E-2	5,933654E-3	-2,912223E-3	1,390502E+0	1,385905E+0
20220916 17:54:21,787	c_1_1337_20220916_17_54_21,787.bmp	7,480676E-1	9,334371E-1	7,518835E-3	8,388745E-3	-9,331032E-3	2,187256E-3	1,385405E+0	1,383347E+0
20220916 17:54:27,790	c_1_1338_20220916_17_54_27,790.bmp	7,620641E-1	9,487150E-1	7,518835E-3	1,094073E-2	-4,242803E-3	-8,011703E-3	1,387954E+0	1,388463E+0
20220916 17:54:33,791	c_1_1339_20220916_17_54_33,791.bmp	7,836949E-1	9,690855E-1	3,700242E-3	1,094073E-2	-6,786918E-3	-5,461963E-3	1,390502E+0	1,385905E+0
20220916 17:54:39,791	c_1_1340_20220916_17_54_39,791.bmp	7,976914E-1	9,932756E-1	6,245971E-3	8,388745E-3	-6,786918E-3	2,187256E-3	1,385405E+0	1,383347E+0
20220916 17:54:45,792	c_1_1341_20220916_17_54_45,792.bmp	8,091430E-1	1,007280E+0	8,791700E-3	1,476871E-2	-2,459572E-2	-3,624835E-4	1,398148E+0	1,385905E+0
20220916 17:54:51,793	c_1_1342_20220916_17_54_51,793.bmp	8,320463E-1	1,034017E+0	3,700242E-3	1,094073E-2	-4,242803E-3	-5,461963E-3	1,382857E+0	1,388463E+0
20220916 17:54:57,797	c_1_1343_20220916_17_54_57,797.bmp	8,447703E-1	1,050568E+0	6,245971E-3	1,094073E-2	-6,786918E-3	-8,011703E-3	1,390502E+0	1,388463E+0
20220916 17:55:03,800	c_1_1344_20220916_17_55_03,800.bmp	8,651288E-1	1,069665E+0	3,700242E-3	1,094073E-2	-6,786918E-3	2,187256E-3	1,390502E+0	1,388463E+0
20220916 17:55:09,806	c_1_1345_20220916_17_55_09,806.bmp	8,778528E-1	1,088762E+0	4,973106E-3	9,664739E-3	-1,441926E-2	-8,011703E-3	1,390502E+0	1,388463E+0
20220916 17:55:15,810	c_1_1346_20220916_17_55_15,810.bmp	8,956664E-1	1,106587E+0	8,791700E-3	1,476871E-2	-1,187515E-2	-1,056144E-2	1,395599E+0	1,396136E+0
20220916 17:55:21,815	c_1_1347_20220916_17_55_21,815.bmp	9,109353E-1	1,125684E+0	7,518835E-3	1,349272E-2	-1,698689E-3	-2,912223E-3	1,390502E+0	1,393578E+0
20220916 17:55:27,822	c_1_1348_20220916_17_55_27,822.bmp	9,325661E-1	1,153694E+0	2,427377E-3	9,664739E-3	-1,698689E-3	-8,011703E-3	1,382857E+0	1,388463E+0
20220916 17:55:33,826	c_1_1349_20220916_17_55_33,826.bmp	9,465626E-1	1,170245E+0	7,518835E-3	1,094073E-2	-6,786918E-3	-5,461963E-3	1,390502E+0	1,388463E+0
20220916 17:55:39,830	c_1_1350_20220916_17_55_39,830.bmp	9,592866E-1	1,189342E+0	8,791700E-3	1,094073E-2	-2,713983E-2	-8,011703E-3	1,390502E+0	1,388463E+0
20220916 17:55:45,830	c_1_1351_20220916_17_55_45,830.bmp	9,834623E-1	1,213532E+0	3,700242E-3	1,094073E-2	8,454256E-4	-1,566092E-2	1,385405E+0	1,388463E+0
20220916 17:55:51,833	c_1_1352_20220916_17_55_51,833.bmp	9,961863E-1	1,230083E+0	7,518835E-3	1,094073E-2	-1,187515E-2	-3,624835E-4	1,387954E+0	1,380789E+0
20220916 17:55:57,834	c_1_1353_20220916_17_55_57,834.bmp	1,008910E+0	1,247907E+0	1,006456E-2	1,094073E-2	-1,441926E-2	-8,011703E-3	1,398148E+0	1,388463E+0
20220916 17:56:03,836	c_1_1354_20220916_17_56_03,836.bmp	1,030541E+0	1,264458E+0	8,791700E-3	1,476871E-2	-1,696338E-2	-5,461963E-3	1,395599E+0	1,385905E+0
20220916 17:56:09,836	c_1_1355_20220916_17_56_09,836.bmp	1,048355E+0	1,289922E+0	3,700242E-3	1,094073E-2	-1,698689E-3	-1,056144E-2	1,390502E+0	1,388463E+0
20220916 17:56:15,839	c_1_1356_20220916_17_56_15,839.bmp	1,063624E+0	1,306473E+0	7,518835E-3	1,476871E-2	-1,698689E-3	-1,311118E-2	1,395599E+0	1,396136E+0
20220916 17:56:21,839	c_1_1357_20220916_17_56_21,839.bmp	1,080165E+0	1,330663E+0	7,518835E-3	1,094073E-2	-9,331032E-3	-8,011703E-3	1,387954E+0	1,388463E+0
20220916 17:56:27,841	c_1_1358_20220916_17_56_27,841.bmp	1,095434E+0	1,351033E+0	7,518835E-3	1,349272E-2	8,454256E-4	-5,461963E-3	1,387954E+0	1,396136E+0
20220916 17:56:33,843	c_1_1359_20220916_17_56_33,843.bmp	1,113247E+0	1,366311E+0	7,518835E-3	1,349272E-2	-6,786918E-3	-5,461963E-3	1,395599E+0	1,396136E+0
20220916 17:56:39,846	c_1_1360_20220916_17_56_39,846.bmp	1,131061E+0	1,389228E+0	8,791700E-3	1,349272E-2	-1,441926E-2	-3,624835E-4	1,398148E+0	1,396136E+0
20220916 17:56:45,851	c_1_1361_20220916_17_56_45,851.bmp	1,146330E+0	1,410872E+0	7,518835E-3	1,094073E-2	-9,331032E-3	-2,912223E-3	1,387954E+0	1,380789E+0
20220916 17:56:51,852	c_1_1362_20220916_17_56_51,852.bmp	1,166688E+0	1,432515E+0	3,700242E-3	1,094073E-2	3,389540E-3	-2,912223E-3	1,382857E+0	1,385905E+0
20220916 17:56:57,853	c_1_1363_20220916_17_56_57,853.bmp	1,183230E+0	1,451613E+0	4,973106E-3	1,094073E-2	-1,441926E-2	-8,011703E-3	1,390502E+0	1,385905E+0
20220916 17:57:03,854	c_1_1364_20220916_17_57_03,854.bmp	1,195954E+0	1,470710E+0	7,518835E-3	8,388745E-3	-6,786918E-3	-5,461963E-3	1,390502E+0	1,380789E+0
20220916 17:57:09,857	c_1_1365_20220916_17_57_09,857.bmp	1,211223E+0	1,487261E+0	8,791700E-3	1,094073E-2	-1,696338E-2	-1,566092E-2	1,395599E+0	1,388463E+0
20220916 17:57:15,858	c_1_1366_20220916_17_57_15,858.bmp	1,227764E+0	1,511451E+0	6,245971E-3	8,388745E-3	-9,331032E-3	-2,912223E-3	1,387954E+0	1,383347E+0
20220916 17:57:21,862	c_1_1367_20220916_17_57_21,862.bmp	1,239215E+0	1,530549E+0	7,518835E-3	1,094073E-2	-4,242803E-3	-3,624835E-4	1,390502E+0	1,388463E+0
20220916 17:57:27,866	c_1_1368_20220916_17_57_27,866.bmp	9,427454E-1	1,548373E+0	7,518835E-3	1,349272E-2	-1,187515E-2	-1,311118E-2	1,398148E+0	1,388463E+0
20220916 17:57:33,868	c_1_1369_20220916_17_57_33,868.bmp	9,389282E-1	1,570017E+0	7,518835E-3	1,094073E-2	-6,786918E-3	-1,056144E-2	1,390502E+0	1,385905E+0
20220916 17:57:39,871	c_1_1370_20220916_17_57_39,871.bmp	9,516522E-1	1,590387E+0	6,245971E-3	1,094073E-2	8,454256E-4	-8,011703E-3	1,390502E+0	1,388463E+0
20220916 17:57:45,874	c_1_1371_20220916_17_57_45,874.bmp	9,618314E-1	1,610758E+0	7,518835E-3	9,664739E-3	-1,698689E-3	4,736996E-3	1,390502E+0	1,383347E+0
20220916 17:57:51,875	c_1_1372_20220916_17_57_51,875.bmp	9,745555E-1	1,626036E+0	6,245971E-3	1,476871E-2	-9,331032E-3	-1,821066E-2	1,395599E+0	1,396136E+0
20220916 17:57:57,880	c_1_1373_20220916_17_57_57,880.bmp	9,847347E-1	1,648952E+0	1,006456E-2	1,094073E-2	-1,696338E-2	-2,912223E-3	1,395599E+0	1,385905E+0
20220916 17:58:03,880	c_1_1374_20220916_17_58_03,880.bmp	1,002548E+0	1,670596E+0	6,245971E-3	7,112750E-3	-6,786918E-3	-3,624835E-4	1,387954E+0	1,385905E+0
20220916 17:58:09,881	c_1_1375_20220916_17_58_09,881.bmp	1,019090E+0	1,692240E+0	2,427377E-3	7,112750E-3	3,389540E-3	2,187256E-3	1,382857E+0	1,383347E+0
20220916 17:58:15,887	c_1_1376_20220916_17_58_15,887.bmp	1,025452E+0	1,707518E+0	8,791700E-3	1,349272E-2	-1,696338E-2	-8,011703E-3	1,395599E+0	1,388463E+0
20220916 17:58:21,890	c_1_1377_20220916_17_58_21,890.bmp	1,043265E+0	1,731708E+0	7,518835E-3	1,349272E-2	-9,331032E-3	-5,390702E-2	1,390502E+0	1,396136E+0
20220916 17:58:27,893	c_1_1378_20220916_17_58_27,893.bmp	1,054717E+0	1,746986E+0	7,518835E-3	1,349272E-2	-1,950749E-2	-1,056144E-2	1,395599E+0	1,385905E+0
20220916 17:58:33,898	c_1_1379_20220916_17_58_33,898.bmp	1,068713E+0	1,771176E+0	1,006456E-2	1,094073E-2	-1,441926E-2	-8,011703E-3	1,387954E+0	1,383347E+0
20220916 17:58:39,900	c_1_1380_20220916_17_58_39,900.bmp	1,087799E+0	1,792819E+0	3,700242E-3	7,112750E-3	8,454256E-4	4,736996E-3	1,385405E+0	1,388463E+0
20220916 17:58:45,901	c_1_1381_20220916_17_58_45,901.bmp	1,099251E+0	1,810644E+0	7,518835E-3	1,094073E-2	-6,786918E-3	-8,011703E-3	1,387954E+0	1,388463E+0
20220916 17:58:51,905	c_1_1382_20220916_17_58_51,905.bmp	1,106885E+0	1,827195E+0	8,791700E-3	1,349272E-2	-1,187515E-2	-1,821066E-2	1,398148E+0	1,396136E+0
20220916 17:58:57,905	c_1_1383_20220916_17_58_57,905.bmp	1,127244E+0	1,852658E+0	3,700242E-3	7,112750E-3	-9,331032E-3	-8,011703E-3	1,382857E+0	1,385905E+0
20220916 17:59:03,905	c_1_1384_20220916_17_59_03,905.bmp	1,139968E+0	1,867936E+0	6,245971E-3	1,349272E-2	-6,786918E-3	-8,011703E-3	1,398148E+0	1,396136E+0
20220916 17:59:09,907	c_1_1385_20220916_17_59_09,907.bmp	1,152692E+0	1,890853E+0	6,245971E-3	1,094073E-2	-4,242803E-3	-2,076040E-2	1,390502E+0	1,391021E+0
20220916 17:59:15,907	c_1_1386_20220916_17_59_15,907.bmp	1,162871E+0	1,906131E+0	1,006456E-2	1,349272E-2	-1,950749E-2	-8,011703E-3	1,395599E+0	1,396136E+0
20220916 17:59:21,908	c_1_1387_20220916_17_59_21,908.bmp	1,176868E+0	1,931594E+0	7,518835E-3	1,094073E-2	-6,786918E-3	-8,011703E-3	1,390502E+0	1,388463E+0
20220916 17:59:27,910	c_1_1388_20220916_17_59_27,910.bmp	1,192136E+0	1,949418E+0	7,518835E-3	8,388745E-3	-6,786918E-3	7,286736E-3	1,387954E+0	1,385905E+0
20220916 17:59:33,910	c_1_1389_20220916_17_59_33,910.bmp	1,208678E+0	1,973608E+0	3,700242E-3	1,094073E-2	8,454256E-4	-3,624835E-4	1,382857E+0	1,388463E+0
20220916 17:59:39,910	c_1_1390_20220916_17_59_39,910.bmp	1,215040E+0	1,990159E+0	1,006456E-2	1,094073E-2	-4,242803E-3	9,836476E-3	1,390502E+0	1,385905E+0
20220916 17:59:45,914	c_1_1391_20220916_17_59_45,914.bmp	1,227764E+0	2,005437E+0	1,006456E-2	1,349272E-2	-9,331032E-3	-2,076040E-2	1,395599E+0	1,388463E+0
20220916 17:59:51,918	c_1_1392_20220916_17_59_51,918.bmp	1,243033E+0	2,029627E+0	6,245971E-3	1,094073E-2	-1,698689E-3	2,187256E-3	1,387954E+0	1,388463E+0
20220916 17:59:57,923	c_1_1393_20220916_17_59_57,923.bmp	1,248122E+0	2,048724E+0	6,245971E-3	1,094073E-2	-6,786918E-3	-2,912223E-3	1,387954E+0	1,388463E+0
20220916 18:00:03,923	c_1_1394_20220916_18_00_03,923.bmp	1,251939E+0	2,072914E+0	4,973106E-3	5,836756E-3	3,389540E-3	4,736996E-3	1,385405E+0	1,380789E+0
20220916 18:00:09,925	c_1_1395_20220916_18_00_09,925.bmp	1,208678E+0	2,088192E+0	1,006456E-2	1,094073E-2	-1,696338E-2	-8,011703E-3	1,395599E+0	1,385905E+0
20220916 18:00:15,929	c_1_1396_20220916_18_00_15,929.bmp	1,043265E+0	2,104743E+0	1,006456E-2	1,476871E-2	-1,696338E-2	-8,011703E-3	1,398148E+0	1,385905E+0
20220916 18:00:21,934	c_1_1397_20220916_18_00_21,934.bmp	9,681934E-1	2,128933E+0	1,006456E-2	1,094073E-2	-1,696338E-2	-8,011703E-3	1,390502E+0	1,388463E+0
20220916 18:00:27,935	c_1_1398_20220916_18_00_27,935.bmp	9,656486E-1	2,149304E+0	4,973106E-3	1,094073E-2	-6,786918E-3	-5,461963E-3	1,390502E+0	1,388463E+0
20220916 18:00:33,940	c_1_1399_20220916_18_00_33,940.bmp	9,605590E-1	2,165855E+0	6,245971E-3	1,349272E-2	-1,187515E-2	-1,311118E-2	1,395599E+0	1,388463E+0
20220916 18:00:39,940	c_1_1400_20220916_18_00_39,940.bmp	9,631038E-1	2,193864E+0	6,245971E-3	8,388745E-3	-9,331032E-3	-1,056144E-2	1,385405E+0	1,383347E+0
20220916 18:00:45,942	c_1_1401_20220916_18_00_45,942.bmp	9,732831E-1	2,211689E+0	3,700242E-3	7,112750E-3	8,454256E-4	-2,912223E-3	1,385405E+0	1,383347E+0
20220916 18:00:51,943	c_1_1402_20220916_18_00_51,943.bmp	9,821899E-1	2,232059E+0	1,154512E-3	7,112750E-3	-1,698689E-3	2,187256E-3	1,382857E+0	1,388463E+0
20220916 18:00:57,947	c_1_1403_20220916_18_00_57,947.bmp	9,847347E-1	2,246064E+0	1,006456E-2	1,094073E-2	-1,187515E-2	-8,011703E-3	1,398148E+0	1,388463E+0
20220916 18:01:03,952	c_1_1404_20220916_18_01_03,952.bmp	9,974587E-1	2,267708E+0	6,245971E-3	7,112750E-3	-1,696338E-2	2,187256E-3	1,387954E+0	1,380789E+0
20220916 18:01:09,955	c_1_1405_20220916_18_01_09,955.bmp	1,003821E+0	2,288078E+0	7,518835E-3	1,349272E-2	-6,786918E-3	-1,311118E-2	1,390502E+0	1,396136E+0
20220916 18:01:15,959	c_1_1406_20220916_18_01_15,959.bmp	1,008910E+0	2,305902E+0	1,006456E-2	1,349272E-2	-9,331032E-3	-3,624835E-4	1,398148E+0	1,396136E+0
20220916 18:01:21,966	c_1_1407_20220916_18_01_21,966.bmp	1,027996E+0	2,328819E+0	3,700242E-3	9,664739E-3	-1,698689E-3	-2,912223E-3	1,390502E+0	1,388463E+0
20220916 18:01:27,968	c_1_1408_20220916_18_01_27,968.bmp	1,034358E+0	2,349190E+0	6,245971E-3	1,094073E-2	-1,187515E-2	4,736996E-3	1,387954E+0	1,388463E+0
20220916 18:01:33,968	c_1_1409_20220916_18_01_33,968.bmp	1,043265E+0	2,373380E+0	3,700242E-3	1,094073E-2	3,389540E-3	-2,912223E-3	1,385405E+0	1,385905E+0
20220916 18:01:39,970	c_1_1410_20220916_18_01_39,970.bmp	1,050900E+0	2,392477E+0	3,700242E-3	8,388745E-3	1,356600E-2	2,187256E-3	1,382857E+0	1,380789E+0
20220916 18:01:45,974	c_1_1411_20220916_18_01_45,974.bmp	1,053444E+0	2,409028E+0	1,006456E-2	1,094073E-2	-6,786918E-3	-3,624835E-4	1,390502E+0	1,383347E+0
20220916 18:01:51,976	c_1_1412_20220916_18_01_51,976.bmp	1,064896E+0	2,429399E+0	7,518835E-3	7,112750E-3	1,865423E-2	2,187256E-3	1,387954E+0	1,383347E+0
20220916 18:01:57,979	c_1_1413_20220916_18_01_57,979.bmp	1,067441E+0	2,448496E+0	1,006456E-2	1,094073E-2	-9,331032E-3	-8,011703E-3	1,390502E+0	1,383347E+0
20220916 18:02:03,981	c_1_1414_20220916_18_02_03,981.bmp	1,075075E+0	2,471413E+0	3,700242E-3	7,112750E-3	-1,441926E-2	-8,011703E-3	1,382857E+0	1,388463E+0
20220916 18:02:09,983	c_1_1415_20220916_18_02_09,983.bmp	1,076348E+0	2,491784E+0	3,700242E-3	1,094073E-2	8,454256E-4	-2,912223E-3	1,382857E+0	1,388463E+0
20220916 18:02:15,987	c_1_1416_20220916_18_02_15,987.bmp	1,072531E+0	2,513427E+0	3,700242E-3	7,112750E-3	8,454256E-4	2,187256E-3	1,382857E+0	1,383347E+0
20220916 18:02:21,991	c_1_1417_20220916_18_02_21,991.bmp	1,063624E+0	2,532525E+0	3,700242E-3	1,094073E-2	8,454256E-4	-8,011703E-3	1,385405E+0	1,385905E+0
20220916 18:02:27,991	c_1_1418_20220916_18_02_27,991.bmp	7,786053E-1	2,549076E+0	6,245971E-3	1,094073E-2	-1,698689E-3	2,187256E-3	1,390502E+0	1,385905E+0
20220916 18:02:33,992	c_1_1419_20220916_18_02_33,992.bmp	7,709709E-1	2,568173E+0	1,006456E-2	1,094073E-2	-2,205160E-2	-1,056144E-2	1,387954E+0	1,388463E+0
20220916 18:02:39,993	c_1_1420_20220916_18_02_39,993.bmp	7,760605E-1	2,587271E+0	8,791700E-3	1,094073E-2	-1,441926E-2	-8,011703E-3	1,395599E+0	1,388463E+0
20220916 18:02:45,994	c_1_1421_20220916_18_02_45,994.bmp	7,849673E-1	2,608914E+0	7,518835E-3	1,476871E-2	-6,786918E-3	-1,821066E-2	1,390502E+0	1,396136E+0
20220916 18:02:51,996	c_1_1422_20220916_18_02_51,996.bmp	7,862397E-1	2,628012E+0	1,006456E-2	1,094073E-2	-1,441926E-2	-2,912223E-3	1,398148E+0	1,388463E+0
20220916 18:02:57,997	c_1_1423_20220916_18_02_57,997.bmp	7,989638E-1	2,649655E+0	7,518835E-3	1,349272E-2	-9,331032E-3	-1,821066E-2	1,387954E+0	1,396136E+0
20220916 18:03:03,997	c_1_1424_20220916_18_03_03,997.bmp	8,027810E-1	2,664933E+0	8,791700E-3	1,221673E-2	-1,187515E-2	-1,056144E-2	1,395599E+0	1,396136E+0
20220916 18:03:09,999	c_1_1425_20220916_18_03_09,999.bmp	8,065982E-1	2,685304E+0	1,006456E-2	1,349272E-2	-1,441926E-2	-1,056144E-2	1,398148E+0	1,385905E+0
20220916 18:03:16,004	c_1_1426_20220916_18_03_16,004.bmp	8,167774E-1	2,710767E+0	6,245971E-3	9,664739E-3	-6,786918E-3	-2,912223E-3	1,390502E+0	1,388463E+0
20220916 18:03:22,004	c_1_1427_20220916_18_03_22,004.bmp	8,218670E-1	2,731137E+0	7,518835E-3	7,112750E-3	-1,187515E-2	-3,624835E-4	1,390502E+0	1,383347E+0
20220916 18:03:28,005	c_1_1428_20220916_18_03_28,005.bmp	8,307739E-1	2,748962E+0	2,427377E-3	1,094073E-2	-1,698689E-3	-8,011703E-3	1,387954E+0	1,385905E+0
20220916 18:03:34,009	c_1_1429_20220916_18_03_34,009.bmp	8,371359E-1	2,766786E+0	6,245971E-3	1,094073E-2	-9,331032E-3	-5,461963E-3	1,387954E+0	1,396136E+0
20220916 18:03:40,012	c_1_1430_20220916_18_03_40,012.bmp	8,409531E-1	2,789703E+0	3,700242E-3	1,094073E-2	8,454256E-4	-2,912223E-3	1,387954E+0	1,388463E+0
20220916 18:03:46,017	c_1_1431_20220916_18_03_46,017.bmp	8,396807E-1	2,807527E+0	8,791700E-3	1,349272E-2	-1,187515E-2	-5,461963E-3	1,398148E+0	1,396136E+0
20220916 18:03:52,019	c_1_1432_20220916_18_03_52,019.bmp	8,498599E-1	2,832990E+0	3,700242E-3	7,112750E-3	-4,242803E-3	7,286736E-3	1,382857E+0	1,383347E+0
20220916 18:03:58,019	c_1_1433_20220916_18_03_58,019.bmp	8,485875E-1	2,849541E+0	2,427377E-3	1,094073E-2	-6,786918E-3	-5,461963E-3	1,390502E+0	1,391021E+0
20220916 18:04:04,024	c_1_1434_20220916_18_04_04,024.bmp	7,747881E-1	2,871185E+0	7,518835E-3	1,094073E-2	-6,786918E-3	-2,840962E-2	1,390502E+0	1,388463E+0
20220916 18:04:10,028	c_1_1435_20220916_18_04_10,028.bmp	6,475478E-1	2,889009E+0	6,245971E-3	1,094073E-2	-1,187515E-2	4,736996E-3	1,387954E+0	1,383347E+0
20220916 18:04:16,030	c_1_1436_20220916_18_04_16,030.bmp	6,500926E-1	2,913199E+0	3,700242E-3	5,836756E-3	-6,786918E-3	7,286736E-3	1,385405E+0	1,391021E+0
20220916 18:04:22,031	c_1_1437_20220916_18_04_22,031.bmp	6,488202E-1	2,929750E+0	7,518835E-3	1,476871E-2	-1,187515E-2	-1,311118E-2	1,387954E+0	1,396136E+0
20220916 18:04:28,034	c_1_1438_20220916_18_04_28,034.bmp	6,500926E-1	2,945028E+0	4,973106E-3	1,349272E-2	-1,187515E-2	-8,011703E-3	1,398148E+0	1,393578E+0
20220916 18:04:34,036	c_1_1439_20220916_18_04_34,036.bmp	6,551822E-1	2,970491E+0	6,245971E-3	1,094073E-2	-9,331032E-3	-8,011703E-3	1,390502E+0	1,388463E+0
20220916 18:04:40,043	c_1_1440_20220916_18_04_40,043.bmp	6,577270E-1	2,989589E+0	8,791700E-3	1,094073E-2	-6,786918E-3	-3,624835E-4	1,387954E+0	1,385905E+0
20220916 18:04:46,050	c_1_1441_20220916_18_04_46,050.bmp	6,666338E-1	3,007413E+0	3,700242E-3	1,094073E-2	-4,242803E-3	-5,461963E-3	1,387954E+0	1,396136E+0
20220916 18:04:52,052	c_1_1442_20220916_18_04_52,052.bmp	6,679062E-1	3,029057E+0	6,245971E-3	1,094073E-2	-6,786918E-3	-1,311118E-2	1,390502E+0	1,388463E+0
20220916 18:04:58,054	c_1_1443_20220916_18_04_58,054.bmp	6,729958E-1	3,049427E+0	6,245971E-3	1,349272E-2	-6,786918E-3	-1,821066E-2	1,390502E+0	1,393578E+0
20220916 18:05:04,055	c_1_1444_20220916_18_05_04,055.bmp	6,742682E-1	3,071071E+0	7,518835E-3	1,094073E-2	-6,786918E-3	-8,011703E-3	1,390502E+0	1,380789E+0
20220916 18:05:10,056	c_1_1445_20220916_18_05_10,056.bmp	6,819027E-1	3,090168E+0	4,973106E-3	7,112750E-3	-1,187515E-2	-2,912223E-3	1,387954E+0	1,383347E+0
20220916 18:05:16,059	c_1_1446_20220916_18_05_16,059.bmp	6,844475E-1	3,107993E+0	6,245971E-3	1,094073E-2	-6,786918E-3	-8,011703E-3	1,387954E+0	1,396136E+0
20220916 18:05:22,060	c_1_1447_20220916_18_05_22,060.bmp	6,869923E-1	3,127090E+0	8,791700E-3	1,221673E-2	-1,187515E-2	-1,056144E-2	1,395599E+0	1,393578E+0
20220916 18:05:28,061	c_1_1448_20220916_18_05_28,061.bmp	6,971715E-1	3,148734E+0	6,245971E-3	1,094073E-2	-9,331032E-3	-5,461963E-3	1,387954E+0	1,388463E+0
20220916 18:05:34,069	c_1_1449_20220916_18_05_34,069.bmp	7,022611E-1	3,172924E+0	3,700242E-3	1,094073E-2	-6,786918E-3	-3,624835E-4	1,385405E+0	1,385905E+0
20220916 18:05:40,073	c_1_1450_20220916_18_05_40,073.bmp	7,048059E-1	3,188202E+0	6,245971E-3	8,388745E-3	-4,242803E-3	4,736996E-3	1,387954E+0	1,380789E+0
20220916 18:05:46,073	c_1_1451_20220916_18_05_46,073.bmp	7,137127E-1	3,211118E+0	4,973106E-3	1,094073E-2	-1,187515E-2	2,187256E-3	1,387954E+0	1,385905E+0
20220916 18:05:52,079	c_1_1452_20220916_18_05_52,079.bmp	7,137127E-1	3,231489E+0	4,973106E-3	7,112750E-3	8,454256E-4	-8,011703E-3	1,385405E+0	1,383347E+0
20220916 18:05:58,081	c_1_1453_20220916_18_05_58,081.bmp	7,188024E-1	3,246767E+0	1,006456E-2	1,476871E-2	-1,441926E-2	-1,311118E-2	1,395599E+0	1,396136E+0
20220916 18:06:04,084	c_1_1454_20220916_18_06_04,084.bmp	7,213472E-1	3,265864E+0	8,791700E-3	1,349272E-2	-2,205160E-2	-8,011703E-3	1,398148E+0	1,388463E+0
20220916 18:06:10,086	c_1_1455_20220916_18_06_10,086.bmp	7,226196E-1	3,286235E+0	8,791700E-3	1,349272E-2	-6,786918E-3	-5,461963E-3	1,395599E+0	1,385905E+0
20220916 18:06:16,089	c_1_1456_20220916_18_06_16,089.bmp	7,327988E-1	3,307878E+0	7,518835E-3	1,094073E-2	-9,331032E-3	-2,076040E-2	1,387954E+0	1,388463E+0
20220916 18:06:22,094	c_1_1457_20220916_18_06_22,094.bmp	7,289816E-1	3,326976E+0	8,791700E-3	1,349272E-2	-1,187515E-2	-1,311118E-2	1,395599E+0	1,396136E+0
20220916 18:06:28,103	c_1_1458_20220916_18_06_28,103.bmp	7,404332E-1	3,349893E+0	6,245971E-3	1,094073E-2	-1,187515E-2	-2,912223E-3	1,390502E+0	1,385905E+0
20220916 18:06:34,106	c_1_1459_20220916_18_06_34,106.bmp	7,404332E-1	3,366444E+0	8,791700E-3	1,094073E-2	-1,187515E-2	-2,912223E-3	1,395599E+0	1,388463E+0
20220916 18:06:40,109	c_1_1460_20220916_18_06_40,109.bmp	7,442504E-1	3,388087E+0	8,791700E-3	1,094073E-2	-2,205160E-2	-8,011703E-3	1,387954E+0	1,388463E+0
20220916 18:06:46,113	c_1_1461_20220916_18_06_46,113.bmp	7,569745E-1	3,408458E+0	3,700242E-3	9,664739E-3	-9,331032E-3	-1,056144E-2	1,390502E+0	1,396136E+0
20220916 18:06:52,117	c_1_1462_20220916_18_06_52,117.bmp	7,544297E-1	3,432648E+0	7,518835E-3	8,388745E-3	-1,187515E-2	9,836476E-3	1,387954E+0	1,380789E+0
20220916 18:06:58,120	c_1_1463_20220916_18_06_58,120.bmp	7,455228E-1	3,453019E+0	2,427377E-3	1,094073E-2	-1,698689E-3	-1,056144E-2	1,382857E+0	1,388463E+0
20220916 18:07:04,123	c_1_1464_20220916_18_07_04,123.bmp	7,429780E-1	3,472116E+0	2,427377E-3	8,388745E-3	8,454256E-4	-5,461963E-3	1,382857E+0	1,383347E+0
20220916 18:07:10,124	c_1_1465_20220916_18_07_10,124.bmp	7,327988E-1	3,488667E+0	6,245971E-3	5,836756E-3	-4,242803E-3	7,286736E-3	1,387954E+0	1,380789E+0
20220916 18:07:16,130	c_1_1466_20220916_18_07_16,130.bmp	7,315264E-1	3,505218E+0	6,245971E-3	1,349272E-2	-1,187515E-2	-1,311118E-2	1,390502E+0	1,393578E+0
20220916 18:07:22,133	c_1_1467_20220916_18_07_22,133.bmp	6,208273E-1	3,533228E+0	3,700242E-3	1,094073E-2	8,477769E-3	-1,056144E-2	1,385405E+0	1,385905E+0
20220916 18:07:28,134	c_1_1468_20220916_18_07_28,134.bmp	6,004688E-1	3,549779E+0	6,245971E-3	1,094073E-2	8,454256E-4	-8,011703E-3	1,387954E+0	1,388463E+0
20220916 18:07:34,135	c_1_1469_20220916_18_07_34,135.bmp	6,030136E-1	3,571422E+0	4,973106E-3	8,388745E-3	-1,698689E-3	-8,011703E-3	1,390502E+0	1,380789E+0
20220916 18:07:40,137	c_1_1470_20220916_18_07_40,137.bmp	6,042860E-1	3,589247E+0	6,245971E-3	1,476871E-2	-1,187515E-2	-8,011703E-3	1,387954E+0	1,396136E+0
20220916 18:07:46,137	c_1_1471_20220916_18_07_46,137.bmp	6,068309E-1	3,605798E+0	7,518835E-3	1,349272E-2	8,454256E-4	-8,011703E-3	1,395599E+0	1,393578E+0
20220916 18:07:52,138	c_1_1472_20220916_18_07_52,138.bmp	6,131929E-1	3,629988E+0	7,518835E-3	8,388745E-3	-6,786918E-3	2,187256E-3	1,387954E+0	1,380789E+0
20220916 18:07:58,140	c_1_1473_20220916_18_07_58,140.bmp	6,170101E-1	3,647812E+0	3,700242E-3	1,094073E-2	-4,242803E-3	-2,912223E-3	1,390502E+0	1,396136E+0
20220916 18:08:04,148	c_1_1474_20220916_18_08_04,148.bmp	6,157377E-1	3,666909E+0	7,518835E-3	1,094073E-2	-1,696338E-2	-3,624835E-4	1,395599E+0	1,388463E+0
20220916 18:08:10,149	c_1_1475_20220916_18_08_10,149.bmp	6,208273E-1	3,692372E+0	7,518835E-3	7,112750E-3	-1,187515E-2	-5,461963E-3	1,382857E+0	1,380789E+0
20220916 18:08:16,151	c_1_1476_20220916_18_08_16,151.bmp	6,233721E-1	3,708924E+0	6,245971E-3	9,664739E-3	-1,187515E-2	-5,461963E-3	1,390502E+0	1,388463E+0
20220916 18:08:22,155	c_1_1477_20220916_18_08_22,155.bmp	6,297341E-1	3,731840E+0	3,700242E-3	7,112750E-3	-4,242803E-3	-1,311118E-2	1,382857E+0	1,388463E+0
20220916 18:08:28,160	c_1_1478_20220916_18_08_28,160.bmp	6,259169E-1	3,744572E+0	1,006456E-2	1,349272E-2	-2,459572E-2	-1,821066E-2	1,398148E+0	1,393578E+0
20220916 18:08:34,164	c_1_1479_20220916_18_08_34,164.bmp	6,335513E-1	3,771308E+0	7,518835E-3	8,388745E-3	-9,331032E-3	9,836476E-3	1,385405E+0	1,383347E+0
20220916 18:08:40,168	c_1_1480_20220916_18_08_40,168.bmp	6,373685E-1	3,791679E+0	3,700242E-3	7,112750E-3	-4,242803E-3	2,187256E-3	1,385405E+0	1,385905E+0
20220916 18:08:46,172	c_1_1481_20220916_18_08_46,172.bmp	6,424582E-1	3,812049E+0	3,700242E-3	7,112750E-3	-4,242803E-3	-2,912223E-3	1,382857E+0	1,383347E+0
20220916 18:08:52,175	c_1_1482_20220916_18_08_52,175.bmp	6,450030E-1	3,826054E+0	8,791700E-3	1,476871E-2	-1,696338E-2	-1,056144E-2	1,395599E+0	1,391021E+0
20220916 18:08:58,178	c_1_1483_20220916_18_08_58,178.bmp	6,500926E-1	3,848971E+0	4,973106E-3	1,094073E-2	-4,242803E-3	-5,461963E-3	1,387954E+0	1,388463E+0
20220916 18:09:04,181	c_1_1484_20220916_18_09_04,181.bmp	6,513650E-1	3,869342E+0	6,245971E-3	1,094073E-2	-4,242803E-3	2,187256E-3	1,387954E+0	1,388463E+0
20220916 18:09:10,182	c_1_1485_20220916_18_09_10,182.bmp	6,526374E-1	3,888439E+0	8,791700E-3	1,349272E-2	-1,187515E-2	-8,011703E-3	1,390502E+0	1,396136E+0
20220916 18:09:16,185	c_1_1486_20220916_18_09_16,185.bmp	6,577270E-1	3,911356E+0	3,700242E-3	8,388745E-3	-6,786918E-3	2,187256E-3	1,382857E+0	1,383347E+0
20220916 18:09:22,190	c_1_1487_20220916_18_09_22,190.bmp	6,551822E-1	3,929180E+0	1,006456E-2	1,094073E-2	-6,786918E-3	1,493596E-2	1,387954E+0	1,380789E+0
20220916 18:09:28,194	c_1_1488_20220916_18_09_28,194.bmp	6,615442E-1	3,950824E+0	7,518835E-3	9,664739E-3	8,454256E-4	-8,011703E-3	1,387954E+0	1,385905E+0
20220916 18:09:34,195	c_1_1489_20220916_18_09_34,195.bmp	6,615442E-1	3,972467E+0	6,245971E-3	8,388745E-3	-1,441926E-2	-5,461963E-3	1,382857E+0	1,385905E+0
20220916 18:09:40,200	c_1_1490_20220916_18_09_40,200.bmp	6,628166E-1	3,990292E+0	6,245971E-3	1,094073E-2	-1,187515E-2	-8,011703E-3	1,390502E+0	1,388463E+0
20220916 18:09:46,204	c_1_1491_20220916_18_09_46,204.bmp	6,615442E-1	4,009389E+0	7,518835E-3	7,112750E-3	-1,187515E-2	-5,461963E-3	1,387954E+0	1,383347E+0
20220916 18:09:52,205	c_1_1492_20220916_18_09_52,205.bmp	6,462754E-1	4,025940E+0	1,006456E-2	1,094073E-2	-4,749275E-2	-8,011703E-3	1,398148E+0	1,388463E+0
20220916 18:09:58,206	c_1_1493_20220916_18_09_58,206.bmp	6,348237E-1	4,048857E+0	6,245971E-3	1,094073E-2	-1,187515E-2	-2,912223E-3	1,390502E+0	1,388463E+0
20220916 18:10:04,207	c_1_1494_20220916_18_10_04,207.bmp	6,335513E-1	4,069228E+0	7,518835E-3	9,664739E-3	-6,786918E-3	-5,461963E-3	1,390502E+0	1,385905E+0
20220916 18:10:10,211	c_1_1495_20220916_18_10_10,211.bmp	6,373685E-1	4,089598E+0	7,518835E-3	7,112750E-3	-6,786918E-3	2,187256E-3	1,387954E+0	1,383347E+0
20220916 18:10:16,211	c_1_1496_20220916_18_10_16,211.bmp	6,373685E-1	4,107422E+0	1,006456E-2	1,094073E-2	-6,786918E-3	-3,624835E-4	1,387954E+0	1,391021E+0
20220916 18:10:22,211	c_1_1497_20220916_18_10_22,211.bmp	6,437306E-1	4,130339E+0	4,973106E-3	1,094073E-2	-6,786918E-3	7,286736E-3	1,387954E+0	1,383347E+0
20220916 18:10:28,215	c_1_1498_20220916_18_10_28,215.bmp	6,462754E-1	4,146890E+0	8,791700E-3	1,094073E-2	-1,696338E-2	-1,566092E-2	1,395599E+0	1,388463E+0
20220916 18:10:34,219	c_1_1499_20220916_18_10_34,219.bmp	6,526374E-1	4,169807E+0	7,518835E-3	9,664739E-3	-9,331032E-3	-1,821066E-2	1,387954E+0	1,385905E+0
20220916 18:10:40,221	c_1_1500_20220916_18_10_40,221.bmp	6,539098E-1	4,187631E+0	2,427377E-3	1,094073E-2	8,454256E-4	-1,056144E-2	1,390502E+0	1,388463E+0
20220916 18:10:46,224	c_1_1501_20220916_18_10_46,224.bmp	6,539098E-1	4,208002E+0	7,518835E-3	1,094073E-2	-1,187515E-2	-8,011703E-3	1,390502E+0	1,385905E+0
20220916 18:10:52,227	c_1_1502_20220916_18_10_52,227.bmp	6,513650E-1	4,227099E+0	1,006456E-2	1,349272E-2	-1,696338E-2	-1,056144E-2	1,395599E+0	1,396136E+0
20220916 18:10:58,228	c_1_1503_20220916_18_10_58,228.bmp	6,526374E-1	4,247470E+0	7,518835E-3	1,476871E-2	-6,786918E-3	-1,056144E-2	1,395599E+0	1,393578E+0
20220916 18:11:04,232	c_1_1504_20220916_18_11_04,232.bmp	5,991964E-1	4,266567E+0	1,006456E-2	1,094073E-2	-1,187515E-2	-5,461963E-3	1,395599E+0	1,385905E+0
20220916 18:11:10,233	c_1_1505_20220916_18_11_10,233.bmp	5,915620E-1	4,289484E+0	3,700242E-3	1,094073E-2	-1,441926E-2	1,748570E-2	1,390502E+0	1,396136E+0
20220916 18:11:16,237	c_1_1506_20220916_18_11_16,237.bmp	5,864724E-1	4,309855E+0	1,006456E-2	1,094073E-2	-1,187515E-2	-2,912223E-3	1,387954E+0	1,388463E+0
20220916 18:11:22,241	c_1_1507_20220916_18_11_22,241.bmp	5,890172E-1	4,323859E+0	8,791700E-3	1,476871E-2	-1,187515E-2	-8,011703E-3	1,398148E+0	1,393578E+0
20220916 18:11:28,251	c_1_1508_20220916_18_11_28,251.bmp	5,953792E-1	4,349322E+0	6,245971E-3	9,664739E-3	-9,331032E-3	-2,912223E-3	1,387954E+0	1,385905E+0
20220916 18:11:34,256	c_1_1509_20220916_18_11_34,256.bmp	5,979240E-1	4,369693E+0	6,245971E-3	1,094073E-2	-6,786918E-3	-8,011703E-3	1,387954E+0	1,388463E+0
20220916 18:11:40,257	c_1_1510_20220916_18_11_40,257.bmp	6,042860E-1	4,391337E+0	3,700242E-3	7,112750E-3	-1,698689E-3	2,003543E-2	1,385405E+0	1,383347E+0
20220916 18:11:46,262	c_1_1511_20220916_18_11_46,262.bmp	6,068309E-1	4,405341E+0	6,245971E-3	1,349272E-2	-1,187515E-2	-8,011703E-3	1,398148E+0	1,396136E+0
20220916 18:11:52,263	c_1_1512_20220916_18_11_52,263.bmp	6,106481E-1	4,432078E+0	4,973106E-3	7,112750E-3	-1,698689E-3	2,187256E-3	1,385405E+0	1,380789E+0
20220916 18:11:58,266	c_1_1513_20220916_18_11_58,266.bmp	6,093757E-1	4,444809E+0	1,006456E-2	1,349272E-2	-1,696338E-2	-1,056144E-2	1,395599E+0	1,393578E+0
20220916 18:12:04,267	c_1_1514_20220916_18_12_04,267.bmp	6,170101E-1	4,468999E+0	4,973106E-3	1,094073E-2	-6,786918E-3	-2,331014E-2	1,387954E+0	1,388463E+0
20220916 18:12:10,267	c_1_1515_20220916_18_12_10,267.bmp	6,157377E-1	4,486824E+0	1,006456E-2	1,349272E-2	-2,205160E-2	-5,461963E-3	1,398148E+0	1,396136E+0
20220916 18:12:16,273	c_1_1516_20220916_18_12_16,273.bmp	6,220997E-1	4,513560E+0	7,518835E-3	5,836756E-3	8,454256E-4	-8,011703E-3	1,382857E+0	1,380789E+0
20220916 18:12:22,274	c_1_1517_20220916_18_12_22,274.bmp	6,246445E-1	4,528838E+0	6,245971E-3	1,094073E-2	-1,698689E-3	-3,624835E-4	1,390502E+0	1,388463E+0
20220916 18:12:28,274	c_1_1518_20220916_18_12_28,274.bmp	6,297341E-1	4,547935E+0	7,518835E-3	1,349272E-2	-1,950749E-2	-8,011703E-3	1,395599E+0	1,388463E+0
20220916 18:12:34,277	c_1_1519_20220916_18_12_34,277.bmp	6,297341E-1	4,568306E+0	1,006456E-2	1,094073E-2	-1,950749E-2	-2,912223E-3	1,387954E+0	1,388463E+0
20220916 18:12:40,279	c_1_1520_20220916_18_12_40,279.bmp	6,360961E-1	4,591223E+0	6,245971E-3	7,112750E-3	-1,441926E-2	2,187256E-3	1,382857E+0	1,380789E+0
20220916 18:12:46,279	c_1_1521_20220916_18_12_46,279.bmp	6,399133E-1	4,609047E+0	7,518835E-3	1,094073E-2	-6,786918E-3	-2,912223E-3	1,387954E+0	1,385905E+0
20220916 18:12:52,282	c_1_1522_20220916_18_12_52,282.bmp	6,386409E-1	4,625598E+0	8,791700E-3	1,349272E-2	-1,950749E-2	-5,461963E-3	1,398148E+0	1,393578E+0
20220916 18:12:58,285	c_1_1523_20220916_18_12_58,285.bmp	6,462754E-1	4,649788E+0	7,518835E-3	9,664739E-3	-6,786918E-3	2,187256E-3	1,390502E+0	1,388463E+0
20220916 18:13:04,285	c_1_1524_20220916_18_13_04,285.bmp	6,488202E-1	4,671432E+0	7,518835E-3	5,836756E-3	-6,786918E-3	-1,311118E-2	1,390502E+0	1,383347E+0
20220916 18:13:10,288	c_1_1525_20220916_18_13_10,288.bmp	6,526374E-1	4,686710E+0	6,245971E-3	1,349272E-2	-2,205160E-2	-1,311118E-2	1,398148E+0	1,388463E+0
20220916 18:13:16,289	c_1_1526_20220916_18_13_16,289.bmp	6,526374E-1	4,705807E+0	1,006456E-2	1,094073E-2	-1,187515E-2	-8,011703E-3	1,398148E+0	1,388463E+0
20220916 18:13:22,302	c_1_1527_20220916_18_13_22,302.bmp	6,602718E-1	4,731270E+0	7,518835E-3	8,388745E-3	-6,786918E-3	-3,624835E-4	1,382857E+0	1,380789E+0
20220916 18:13:28,305	c_1_1528_20220916_18_13_28,305.bmp	6,679062E-1	4,752914E+0	3,700242E-3	1,094073E-2	-6,786918E-3	-5,461963E-3	1,382857E+0	1,388463E+0
20220916 18:13:34,307	c_1_1529_20220916_18_13_34,307.bmp	6,679062E-1	4,772011E+0	7,518835E-3	7,112750E-3	-6,786918E-3	-1,056144E-2	1,385405E+0	1,391021E+0
20220916 18:13:40,313	c_1_1530_20220916_18_13_40,313.bmp	6,717234E-1	4,792382E+0	7,518835E-3	8,388745E-3	-9,331032E-3	-3,350910E-2	1,387954E+0	1,383347E+0
20220916 18:13:46,317	c_1_1531_20220916_18_13_46,317.bmp	6,793579E-1	4,811479E+0	2,427377E-3	7,112750E-3	5,933654E-3	-2,912223E-3	1,382857E+0	1,380789E+0
20220916 18:13:52,318	c_1_1532_20220916_18_13_52,318.bmp	6,831751E-1	4,831850E+0	3,700242E-3	7,112750E-3	-4,242803E-3	-8,011703E-3	1,382857E+0	1,388463E+0
20220916 18:13:58,319	c_1_1533_20220916_18_13_58,319.bmp	6,857199E-1	4,849674E+0	7,518835E-3	1,094073E-2	-9,331032E-3	2,187256E-3	1,390502E+0	1,388463E+0
20220916 18:14:04,324	c_1_1534_20220916_18_14_04,324.bmp	6,908095E-1	4,868771E+0	6,245971E-3	9,664739E-3	8,454256E-4	2,187256E-3	1,387954E+0	1,388463E+0
20220916 18:14:10,324	c_1_1535_20220916_18_14_10,324.bmp	6,908095E-1	4,890415E+0	6,245971E-3	1,094073E-2	8,454256E-4	-2,912223E-3	1,387954E+0	1,385905E+0
20220916 18:14:16,330	c_1_1536_20220916_18_14_16,330.bmp	6,933543E-1	4,905693E+0	1,006456E-2	1,094073E-2	-1,696338E-2	-3,624835E-4	1,398148E+0	1,385905E+0
20220916 18:14:22,332	c_1_1537_20220916_18_14_22,332.bmp	6,984439E-1	4,931156E+0	7,518835E-3	5,836756E-3	-9,331032E-3	-3,624835E-4	1,385405E+0	1,380789E+0
20220916 18:14:28,332	c_1_1538_20220916_18_14_28,332.bmp	7,073507E-1	4,951527E+0	2,427377E-3	5,836756E-3	1,102188E-2	7,286736E-3	1,385405E+0	1,383347E+0
20220916 18:14:34,334	c_1_1539_20220916_18_14_34,334.bmp	7,073507E-1	4,966805E+0	1,006456E-2	1,349272E-2	-6,786918E-3	-1,311118E-2	1,395599E+0	1,393578E+0
20220916 18:14:40,338	c_1_1540_20220916_18_14_40,338.bmp	7,124403E-1	4,988448E+0	6,245971E-3	1,094073E-2	-6,786918E-3	-2,912223E-3	1,390502E+0	1,388463E+0
20220916 18:14:46,339	c_1_1541_20220916_18_14_46,339.bmp	7,162576E-1	5,004999E+0	8,791700E-3	1,349272E-2	-1,696338E-2	-8,011703E-3	1,398148E+0	1,396136E+0
20220916 18:14:52,341	c_1_1542_20220916_18_14_52,341.bmp	7,200748E-1	5,027916E+0	7,518835E-3	1,094073E-2	-1,187515E-2	-5,461963E-3	1,387954E+0	1,388463E+0
20220916 18:14:58,341	c_1_1543_20220916_18_14_58,341.bmp	7,277092E-1	5,050833E+0	2,427377E-3	1,094073E-2	-1,698689E-3	1,748570E-2	1,382857E+0	1,388463E+0
20220916 18:15:04,344	c_1_1544_20220916_18_15_04,344.bmp	7,289816E-1	5,072477E+0	3,700242E-3	8,388745E-3	8,477769E-3	7,286736E-3	1,382857E+0	1,388463E+0
20220916 18:15:10,350	c_1_1545_20220916_18_15_10,350.bmp	7,340712E-1	5,092847E+0	7,518835E-3	7,112750E-3	-9,331032E-3	-2,912223E-3	1,382857E+0	1,383347E+0
20220916 18:15:16,354	c_1_1546_20220916_18_15_16,354.bmp	7,315264E-1	5,104306E+0	8,791700E-3	1,221673E-2	-1,187515E-2	-8,011703E-3	1,398148E+0	1,388463E+0
20220916 18:15:22,358	c_1_1547_20220916_18_15_22,358.bmp	7,366160E-1	5,128496E+0	7,518835E-3	1,094073E-2	-1,187515E-2	-8,011703E-3	1,390502E+0	1,388463E+0
20220916 18:15:28,360	c_1_1548_20220916_18_15_28,360.bmp	7,442504E-1	5,145047E+0	6,245971E-3	1,349272E-2	-2,205160E-2	-1,821066E-2	1,398148E+0	1,396136E+0
20220916 18:15:34,364	c_1_1549_20220916_18_15_34,364.bmp	7,506124E-1	5,165417E+0	6,245971E-3	1,349272E-2	-1,950749E-2	-8,011703E-3	1,395599E+0	1,391021E+0
20220916 18:15:40,368	c_1_1550_20220916_18_15_40,368.bmp	7,506124E-1	5,188334E+0	7,518835E-3	1,094073E-2	-6,786918E-3	7,286736E-3	1,390502E+0	1,385905E+0
20220916 18:15:46,369	c_1_1551_20220916_18_15_46,369.bmp	7,607917E-1	5,211251E+0	2,427377E-3	1,094073E-2	1,102188E-2	-8,011703E-3	1,382857E+0	1,388463E+0
20220916 18:15:52,371	c_1_1552_20220916_18_15_52,371.bmp	7,633365E-1	5,227802E+0	6,245971E-3	1,094073E-2	-6,786918E-3	-1,056144E-2	1,387954E+0	1,396136E+0
20220916 18:15:58,373	c_1_1553_20220916_18_15_58,373.bmp	7,646089E-1	5,246900E+0	1,006456E-2	1,094073E-2	-9,331032E-3	-1,821066E-2	1,398148E+0	1,388463E+0
20220916 18:16:04,375	c_1_1554_20220916_18_16_04,375.bmp	7,747881E-1	5,268543E+0	3,700242E-3	1,094073E-2	8,454256E-4	-8,011703E-3	1,385405E+0	1,385905E+0
20220916 18:16:10,375	c_1_1555_20220916_18_16_10,375.bmp	7,786053E-1	5,287641E+0	6,245971E-3	1,094073E-2	-1,950749E-2	-3,624835E-4	1,387954E+0	1,388463E+0
20220916 18:16:16,378	c_1_1556_20220916_18_16_16,378.bmp	7,786053E-1	5,308011E+0	4,973106E-3	1,094073E-2	-6,786918E-3	-8,011703E-3	1,387954E+0	1,388463E+0
20220916 18:16:22,382	c_1_1557_20220916_18_16_22,382.bmp	7,849673E-1	5,328382E+0	7,518835E-3	1,094073E-2	-4,242803E-3	-4,115832E-2	1,390502E+0	1,396136E+0
20220916 18:16:28,386	c_1_1558_20220916_18_16_28,386.bmp	7,836949E-1	5,347479E+0	7,518835E-3	9,664739E-3	-9,331032E-3	-1,311118E-2	1,387954E+0	1,385905E+0
20220916 18:16:34,387	c_1_1559_20220916_18_16_34,387.bmp	7,900570E-1	5,369123E+0	6,245971E-3	1,349272E-2	-6,786918E-3	-1,311118E-2	1,390502E+0	1,396136E+0
20220916 18:16:40,388	c_1_1560_20220916_18_16_40,388.bmp	7,938742E-1	5,384401E+0	8,791700E-3	1,476871E-2	-1,696338E-2	-8,011703E-3	1,395599E+0	1,388463E+0
20220916 18:16:46,388	c_1_1561_20220916_18_16_46,388.bmp	8,091430E-1	5,411137E+0	3,700242E-3	9,664739E-3	3,389540E-3	-8,011703E-3	1,382857E+0	1,383347E+0
20220916 18:16:52,389	c_1_1562_20220916_18_16_52,389.bmp	8,142326E-1	5,428961E+0	6,245971E-3	1,221673E-2	-1,187515E-2	-1,056144E-2	1,390502E+0	1,388463E+0
20220916 18:16:58,389	c_1_1563_20220916_18_16_58,389.bmp	8,155050E-1	5,449332E+0	8,791700E-3	1,094073E-2	-4,242803E-3	-1,056144E-2	1,390502E+0	1,383347E+0
20220916 18:17:04,396	c_1_1564_20220916_18_17_04,396.bmp	8,193222E-1	5,468429E+0	8,791700E-3	9,664739E-3	-6,786918E-3	-5,461963E-3	1,387954E+0	1,388463E+0
20220916 18:17:10,403	c_1_1565_20220916_18_17_10,403.bmp	8,333187E-1	5,491346E+0	3,700242E-3	1,094073E-2	-2,205160E-2	-1,056144E-2	1,382857E+0	1,388463E+0
20220916 18:17:16,404	c_1_1566_20220916_18_17_16,404.bmp	8,333187E-1	5,505351E+0	8,791700E-3	1,094073E-2	-1,950749E-2	-1,056144E-2	1,398148E+0	1,388463E+0
20220916 18:17:22,406	c_1_1567_20220916_18_17_22,406.bmp	8,371359E-1	5,524448E+0	6,245971E-3	1,349272E-2	-1,187515E-2	-8,011703E-3	1,398148E+0	1,385905E+0
20220916 18:17:28,408	c_1_1568_20220916_18_17_28,408.bmp	8,333187E-1	5,548638E+0	6,245971E-3	8,388745E-3	-6,786918E-3	7,286736E-3	1,387954E+0	1,383347E+0
20220916 18:17:34,411	c_1_1569_20220916_18_17_34,411.bmp	5,902896E-1	5,567736E+0	3,700242E-3	9,664739E-3	-2,968395E-2	-2,912223E-3	1,390502E+0	1,385905E+0
20220916 18:17:40,411	c_1_1570_20220916_18_17_40,411.bmp	5,826552E-1	5,586833E+0	1,006456E-2	1,349272E-2	-1,187515E-2	-5,461963E-3	1,398148E+0	1,388463E+0
20220916 18:17:46,413	c_1_1571_20220916_18_17_46,413.bmp	5,864724E-1	5,603384E+0	8,791700E-3	1,349272E-2	-1,441926E-2	-1,311118E-2	1,395599E+0	1,396136E+0
20220916 18:17:52,417	c_1_1572_20220916_18_17_52,417.bmp	5,915620E-1	5,626301E+0	7,518835E-3	1,349272E-2	-6,786918E-3	-1,056144E-2	1,387954E+0	1,398694E+0
20220916 18:17:58,417	c_1_1573_20220916_18_17_58,417.bmp	5,991964E-1	5,651764E+0	3,700242E-3	7,112750E-3	-1,441926E-2	9,836476E-3	1,385405E+0	1,383347E+0
20220916 18:18:04,425	c_1_1574_20220916_18_18_04,425.bmp	5,953792E-1	5,668315E+0	3,700242E-3	1,094073E-2	-3,222806E-2	2,187256E-3	1,387954E+0	1,388463E+0
20220916 18:18:10,425	c_1_1575_20220916_18_18_10,425.bmp	5,966516E-1	5,689959E+0	2,427377E-3	1,094073E-2	8,454256E-4	2,187256E-3	1,382857E+0	1,385905E+0
20220916 18:18:16,425	c_1_1576_20220916_18_18_16,425.bmp	5,941068E-1	5,703964E+0	1,006456E-2	1,476871E-2	-2,459572E-2	-1,311118E-2	1,398148E+0	1,388463E+0
20220916 18:18:22,427	c_1_1577_20220916_18_18_22,427.bmp	5,648415E-1	5,725607E+0	7,518835E-3	1,349272E-2	-6,786918E-3	-3,624835E-4	1,390502E+0	1,396136E+0
20220916 18:18:28,430	c_1_1578_20220916_18_18_28,430.bmp	5,393935E-1	5,748524E+0	7,518835E-3	1,476871E-2	-6,786918E-3	-1,056144E-2	1,390502E+0	1,398694E+0
20220916 18:18:34,434	c_1_1579_20220916_18_18_34,434.bmp	5,355763E-1	5,766348E+0	6,245971E-3	1,476871E-2	-4,242803E-3	-5,461963E-3	1,390502E+0	1,393578E+0
20220916 18:18:40,437	c_1_1580_20220916_18_18_40,437.bmp	5,355763E-1	5,784173E+0	7,518835E-3	1,349272E-2	-6,786918E-3	-8,011703E-3	1,390502E+0	1,396136E+0
20220916 18:18:46,437	c_1_1581_20220916_18_18_46,437.bmp	5,292142E-1	5,794358E+0	8,791700E-3	1,094073E-2	-1,441926E-2	-2,912223E-3	1,395599E+0	1,388463E+0
