0.000000000000000000e+00 -1.240627130197682285e-03
1.000000000000000000e+00 -1.145194274028629852e-03
2.000000000000000000e+00 -1.145194274028629852e-03
3.000000000000000000e+00 -1.049761417859577418e-03
4.000000000000000000e+00 -9.543285616905248766e-04
5.000000000000000000e+00 -9.543285616905248766e-04
6.000000000000000000e+00 -8.588957055214723347e-04
7.000000000000000000e+00 -7.634628493524199012e-04
8.000000000000000000e+00 -7.634628493524199012e-04
9.000000000000000000e+00 -6.680299931833674678e-04
1.000000000000000000e+01 -5.725971370143149259e-04
1.100000000000000000e+01 -5.725971370143149259e-04
1.200000000000000000e+01 -4.771642808452624383e-04
1.300000000000000000e+01 -3.817314246762099506e-04
1.400000000000000000e+01 -2.862985685071574630e-04
1.500000000000000000e+01 -2.862985685071574630e-04
1.600000000000000000e+01 -1.908657123381049753e-04
1.700000000000000000e+01 2.672119972733469871e-03
1.800000000000000000e+01 4.580777096114519407e-03
1.900000000000000000e+01 8.493524199045671130e-03
2.000000000000000000e+01 1.173824130879345604e-02
2.100000000000000000e+01 1.498295841854124094e-02
2.200000000000000000e+01 1.612815269256986928e-02
2.300000000000000000e+01 1.689161554192229048e-02
2.400000000000000000e+01 1.765507839127471168e-02
2.500000000000000000e+01 1.851397409679618120e-02
2.600000000000000000e+01 1.918200408997955062e-02
2.700000000000000000e+01 1.946830265848670596e-02
2.800000000000000000e+01 2.013633265167007538e-02
2.900000000000000000e+01 2.032719836400817895e-02
3.000000000000000000e+01 2.061349693251533777e-02
3.100000000000000000e+01 2.156782549420586254e-02
3.200000000000000000e+01 2.185412406271302135e-02
3.300000000000000000e+01 2.223585548738922849e-02
3.400000000000000000e+01 2.385821404226312267e-02
3.500000000000000000e+01 2.481254260395364744e-02
3.600000000000000000e+01 2.595773687798227577e-02
3.700000000000000000e+01 2.691206543967280054e-02
3.800000000000000000e+01 2.939331970006816772e-02
3.900000000000000000e+01 3.072937968643489962e-02
4.000000000000000000e+01 3.454669393319700216e-02
4.100000000000000000e+01 3.845944103612815301e-02
4.200000000000000000e+01 3.893660531697341193e-02
4.300000000000000000e+01 3.950920245398772956e-02
4.400000000000000000e+01 3.960463531015678135e-02
4.500000000000000000e+01 3.970006816632583313e-02
4.600000000000000000e+01 3.960463531015678135e-02
4.700000000000000000e+01 3.970006816632583313e-02
4.800000000000000000e+01 3.970006816632583313e-02
4.900000000000000000e+01 3.970006816632583313e-02
5.000000000000000000e+01 3.970006816632583313e-02
5.100000000000000000e+01 3.979550102249488491e-02
5.200000000000000000e+01 4.017723244717109898e-02
5.300000000000000000e+01 3.979550102249488491e-02
5.400000000000000000e+01 4.017723244717109898e-02
5.500000000000000000e+01 3.998636673483299542e-02
5.600000000000000000e+01 3.989093387866393670e-02
5.700000000000000000e+01 4.017723244717109898e-02
5.800000000000000000e+01 4.017723244717109898e-02
5.900000000000000000e+01 4.008179959100204720e-02
6.000000000000000000e+01 4.008179959100204720e-02
6.100000000000000000e+01 3.989093387866393670e-02
6.200000000000000000e+01 4.008179959100204720e-02
6.300000000000000000e+01 3.998636673483299542e-02
6.400000000000000000e+01 4.008179959100204720e-02
6.500000000000000000e+01 3.989093387866393670e-02
6.600000000000000000e+01 3.989093387866393670e-02
6.700000000000000000e+01 4.008179959100204720e-02
6.800000000000000000e+01 4.008179959100204720e-02
6.900000000000000000e+01 4.017723244717109898e-02
7.000000000000000000e+01 4.332651670074982864e-02
7.100000000000000000e+01 4.370824812542604271e-02
7.200000000000000000e+01 4.399454669393319806e-02
7.300000000000000000e+01 4.513974096796182639e-02
7.400000000000000000e+01 4.552147239263803352e-02
7.500000000000000000e+01 4.580777096114519581e-02
7.600000000000000000e+01 4.657123381049761701e-02
7.700000000000000000e+01 4.714383094751192771e-02
7.800000000000000000e+01 4.752556237218814178e-02
7.900000000000000000e+01 4.771642808452624535e-02
8.000000000000000000e+01 4.819359236537150426e-02
8.100000000000000000e+01 4.838445807770960783e-02
8.200000000000000000e+01 4.847989093387866655e-02
8.300000000000000000e+01 4.886162235855487368e-02
8.400000000000000000e+01 4.895705521472392546e-02
8.500000000000000000e+01 4.914792092706202903e-02
8.600000000000000000e+01 4.914792092706202903e-02
8.700000000000000000e+01 4.924335378323108081e-02
8.800000000000000000e+01 4.933878663940013953e-02
8.900000000000000000e+01 4.962508520790729488e-02
9.000000000000000000e+01 4.943421949556919132e-02
9.100000000000000000e+01 4.952965235173824310e-02
9.200000000000000000e+01 4.962508520790729488e-02
9.300000000000000000e+01 4.962508520790729488e-02
9.400000000000000000e+01 4.972051806407634666e-02
9.500000000000000000e+01 4.981595092024539845e-02
9.600000000000000000e+01 5.363326516700749752e-02
9.700000000000000000e+01 5.754601226993864838e-02
9.800000000000000000e+01 6.059986366734832625e-02
9.900000000000000000e+01 6.059986366734832625e-02
1.000000000000000000e+02 6.164962508520790974e-02
1.010000000000000000e+02 6.231765507839127222e-02
1.020000000000000000e+02 6.365371506475800412e-02
1.030000000000000000e+02 6.470347648261758067e-02
1.040000000000000000e+02 6.546693933197000881e-02
1.050000000000000000e+02 6.556237218813905365e-02
1.060000000000000000e+02 6.556237218813905365e-02
1.070000000000000000e+02 6.565780504430811237e-02
1.080000000000000000e+02 6.575323790047715722e-02
1.090000000000000000e+02 6.670756646216768893e-02
1.100000000000000000e+02 6.642126789366052664e-02
1.110000000000000000e+02 6.651670074982958536e-02
1.120000000000000000e+02 6.661213360599863020e-02
1.130000000000000000e+02 6.670756646216768893e-02
1.140000000000000000e+02 6.708929788684389606e-02
1.150000000000000000e+02 6.747102931152010319e-02
1.160000000000000000e+02 6.785276073619632420e-02
1.170000000000000000e+02 6.928425357873210788e-02
1.180000000000000000e+02 6.832992501704157617e-02
1.190000000000000000e+02 6.852079072937967974e-02
1.200000000000000000e+02 6.918882072256304916e-02
1.210000000000000000e+02 6.909338786639400432e-02
1.220000000000000000e+02 6.909338786639400432e-02
1.230000000000000000e+02 6.928425357873210788e-02
1.240000000000000000e+02 6.937968643490115273e-02
1.250000000000000000e+02 6.966598500340831501e-02
1.260000000000000000e+02 7.014314928425358087e-02
1.270000000000000000e+02 7.023858214042262571e-02
1.280000000000000000e+02 7.042944785276072928e-02
1.290000000000000000e+02 7.090661213360599513e-02
1.300000000000000000e+02 7.157464212678936455e-02
1.310000000000000000e+02 7.281526925698704467e-02
1.320000000000000000e+02 7.310156782549420695e-02
1.330000000000000000e+02 7.567825494205862591e-02
1.340000000000000000e+02 7.720518064076346831e-02
1.350000000000000000e+02 8.016359918200409440e-02
1.360000000000000000e+02 8.025903203817313925e-02
1.370000000000000000e+02 8.016359918200409440e-02
1.380000000000000000e+02 8.016359918200409440e-02
1.390000000000000000e+02 8.025903203817313925e-02
1.400000000000000000e+02 8.025903203817313925e-02
1.410000000000000000e+02 8.025903203817313925e-02
1.420000000000000000e+02 8.035446489434219797e-02
1.430000000000000000e+02 8.016359918200409440e-02
1.440000000000000000e+02 8.025903203817313925e-02
1.450000000000000000e+02 8.025903203817313925e-02
1.460000000000000000e+02 8.016359918200409440e-02
1.470000000000000000e+02 8.016359918200409440e-02
1.480000000000000000e+02 8.016359918200409440e-02
1.490000000000000000e+02 8.006816632583503568e-02
1.500000000000000000e+02 8.025903203817313925e-02
1.510000000000000000e+02 8.016359918200409440e-02
1.520000000000000000e+02 8.006816632583503568e-02
1.530000000000000000e+02 8.006816632583503568e-02
1.540000000000000000e+02 8.006816632583503568e-02
1.550000000000000000e+02 8.293115201090661692e-02
1.560000000000000000e+02 8.321745057941376533e-02
1.570000000000000000e+02 8.340831629175186890e-02
1.580000000000000000e+02 8.379004771642808991e-02
1.590000000000000000e+02 8.379004771642808991e-02
1.600000000000000000e+02 8.388548057259713475e-02
1.610000000000000000e+02 8.398091342876619347e-02
1.620000000000000000e+02 8.426721199727334188e-02
1.630000000000000000e+02 8.445807770961144545e-02
1.640000000000000000e+02 8.512610770279481487e-02
1.650000000000000000e+02 8.560327198364008072e-02
1.660000000000000000e+02 8.608043626448534658e-02
1.670000000000000000e+02 8.732106339468302669e-02
1.680000000000000000e+02 8.798909338786639611e-02
1.690000000000000000e+02 8.817995910020449968e-02
1.700000000000000000e+02 8.856169052488070681e-02
1.710000000000000000e+02 8.856169052488070681e-02
1.720000000000000000e+02 8.884798909338786910e-02
1.730000000000000000e+02 8.884798909338786910e-02
1.740000000000000000e+02 8.894342194955691394e-02
1.750000000000000000e+02 8.884798909338786910e-02
1.760000000000000000e+02 8.894342194955691394e-02
1.770000000000000000e+02 8.894342194955691394e-02
1.780000000000000000e+02 8.903885480572597266e-02
1.790000000000000000e+02 8.903885480572597266e-02
1.800000000000000000e+02 8.932515337423313495e-02
1.810000000000000000e+02 8.922972051806407623e-02
1.820000000000000000e+02 8.894342194955691394e-02
1.830000000000000000e+02 8.903885480572597266e-02
1.840000000000000000e+02 8.903885480572597266e-02
1.850000000000000000e+02 8.980231765507838693e-02
1.860000000000000000e+02 8.989775051124744565e-02
1.870000000000000000e+02 8.980231765507838693e-02
1.880000000000000000e+02 8.989775051124744565e-02
1.890000000000000000e+02 9.008861622358554921e-02
1.900000000000000000e+02 9.027948193592365278e-02
1.910000000000000000e+02 9.027948193592365278e-02
1.920000000000000000e+02 9.037491479209271150e-02
1.930000000000000000e+02 9.037491479209271150e-02
1.940000000000000000e+02 9.037491479209271150e-02
1.950000000000000000e+02 9.027948193592365278e-02
1.960000000000000000e+02 9.018404907975459406e-02
1.970000000000000000e+02 9.027948193592365278e-02
1.980000000000000000e+02 9.027948193592365278e-02
1.990000000000000000e+02 9.018404907975459406e-02
2.000000000000000000e+02 9.018404907975459406e-02
2.010000000000000000e+02 9.018404907975459406e-02
2.020000000000000000e+02 9.027948193592365278e-02
2.030000000000000000e+02 9.018404907975459406e-02
2.040000000000000000e+02 9.390593047034764829e-02
2.050000000000000000e+02 9.400136332651670701e-02
2.060000000000000000e+02 9.505112474437628356e-02
2.070000000000000000e+02 9.896387184730742748e-02
2.080000000000000000e+02 1.002999318336741663e-01
2.090000000000000000e+02 1.003953646898432112e-01
2.100000000000000000e+02 1.001090661213360627e-01
2.110000000000000000e+02 1.001090661213360627e-01
2.120000000000000000e+02 1.001090661213360627e-01
2.130000000000000000e+02 1.002044989775051076e-01
2.140000000000000000e+02 1.002999318336741663e-01
2.150000000000000000e+02 1.002999318336741663e-01
2.160000000000000000e+02 1.003953646898432112e-01
2.170000000000000000e+02 1.004907975460122699e-01
2.180000000000000000e+02 1.004907975460122699e-01
2.190000000000000000e+02 1.029720518064076301e-01
2.200000000000000000e+02 1.032583503749147924e-01
2.210000000000000000e+02 1.032583503749147924e-01
2.220000000000000000e+02 1.037355146557600583e-01
2.230000000000000000e+02 1.044989775051124725e-01
2.240000000000000000e+02 1.050715746421267832e-01
2.250000000000000000e+02 1.049761417859577384e-01
2.260000000000000000e+02 1.049761417859577384e-01
2.270000000000000000e+02 1.065030674846625808e-01
2.280000000000000000e+02 1.064076346284935221e-01
2.290000000000000000e+02 1.071710974778459502e-01
2.300000000000000000e+02 1.072665303340149950e-01
2.310000000000000000e+02 1.071710974778459502e-01
2.320000000000000000e+02 1.073619631901840538e-01
2.330000000000000000e+02 1.073619631901840538e-01
2.340000000000000000e+02 1.073619631901840538e-01
2.350000000000000000e+02 1.074573960463530986e-01
2.360000000000000000e+02 1.073619631901840538e-01
2.370000000000000000e+02 1.075528289025221573e-01
2.380000000000000000e+02 1.076482617586912022e-01
2.390000000000000000e+02 1.078391274710293057e-01
2.400000000000000000e+02 1.078391274710293057e-01
2.410000000000000000e+02 1.079345603271983645e-01
2.420000000000000000e+02 1.080299931833674093e-01
2.430000000000000000e+02 1.081254260395364680e-01
2.440000000000000000e+02 1.081254260395364680e-01
2.450000000000000000e+02 1.082208588957055267e-01
2.460000000000000000e+02 1.083162917518745716e-01
2.470000000000000000e+02 1.083162917518745716e-01
2.480000000000000000e+02 1.084117246080436303e-01
2.490000000000000000e+02 1.085071574642126752e-01
2.500000000000000000e+02 1.085071574642126752e-01
2.510000000000000000e+02 1.086025903203817339e-01
2.520000000000000000e+02 1.086980231765507787e-01
2.530000000000000000e+02 1.086980231765507787e-01
