20220516 10:01:20,235	c_1_039_20220516_10_01_20,235.bmp	-4,425969E-4	-7,596594E-1	-1,223829E-3	1,107786E-5
20220516 10:01:26,236	c_1_040_20220516_10_01_26,236.bmp	4,648275E-3	1,578260E-3	3,867592E-3	1,107786E-5
20220516 10:01:32,237	c_1_041_20220516_10_01_32,237.bmp	1,242838E-1	1,939988E-2	4,902598E-5	1,284088E-3
20220516 10:01:38,243	c_1_042_20220516_10_01_38,243.bmp	3,228277E-1	4,613230E-2	-3,769540E-3	-3,807953E-3
20220516 10:01:44,248	c_1_043_20220516_10_01_44,248.bmp	5,340989E-1	6,395392E-2	2,594737E-3	-1,261932E-3
20220516 10:01:50,251	c_1_044_20220516_10_01_50,251.bmp	7,466428E-1	8,177553E-2	4,902598E-5	1,107786E-5
20220516 10:01:56,252	c_1_045_20220516_10_01_56,252.bmp	9,553685E-1	1,021431E-1	4,902598E-5	1,107786E-5
20220516 10:02:02,256	c_1_046_20220516_10_02_02,256.bmp	1,162822E+0	1,174188E-1	1,321881E-3	3,830109E-3
20220516 10:02:08,257	c_1_047_20220516_10_02_08,257.bmp	1,372820E+0	1,428782E-1	-1,223829E-3	1,107786E-5
20220516 10:02:14,262	c_1_048_20220516_10_02_14,262.bmp	1,577728E+0	1,619728E-1	-1,223829E-3	-1,261932E-3
20220516 10:02:20,265	c_1_049_20220516_10_02_20,265.bmp	1,787726E+0	1,836133E-1	-3,769540E-3	-3,807953E-3
20220516 10:02:26,266	c_1_050_20220516_10_02_26,266.bmp	1,990088E+0	1,988890E-1	1,321881E-3	2,557098E-3
20220516 10:02:32,268	c_1_051_20220516_10_02_32,268.bmp	2,206450E+0	2,230755E-1	4,902598E-5	-2,534943E-3
20220516 10:02:38,270	c_1_052_20220516_10_02_38,270.bmp	2,418994E+0	2,447160E-1	-3,769540E-3	-3,807953E-3
20220516 10:02:44,275	c_1_053_20220516_10_02_44,275.bmp	2,608629E+0	2,650836E-1	-5,042396E-3	-3,807953E-3
20220516 10:02:50,280	c_1_054_20220516_10_02_50,280.bmp	2,782991E+0	2,816322E-1	-1,223829E-3	1,107786E-5
20220516 10:02:56,286	c_1_055_20220516_10_02_56,286.bmp	2,939536E+0	3,007268E-1	-1,223829E-3	1,107786E-5
20220516 10:03:02,292	c_1_056_20220516_10_03_02,292.bmp	3,079535E+0	3,223674E-1	1,321881E-3	1,107786E-5
20220516 10:03:08,296	c_1_057_20220516_10_03_08,296.bmp	3,206806E+0	3,376430E-1	1,321881E-3	1,284088E-3
20220516 10:03:14,298	c_1_058_20220516_10_03_14,298.bmp	3,331533E+0	3,567376E-1	2,594737E-3	3,830109E-3
20220516 10:03:20,302	c_1_059_20220516_10_03_20,302.bmp	3,456259E+0	3,783781E-1	2,594737E-3	1,107786E-5
20220516 10:03:26,303	c_1_060_20220516_10_03_26,303.bmp	3,575895E+0	4,038376E-1	-3,769540E-3	-3,807953E-3
20220516 10:03:32,306	c_1_061_20220516_10_03_32,306.bmp	3,657349E+0	4,254781E-1	-3,769540E-3	-3,807953E-3
20220516 10:03:38,307	c_1_062_20220516_10_03_38,307.bmp	3,706985E+0	4,394808E-1	1,321881E-3	2,557098E-3
20220516 10:03:44,310	c_1_063_20220516_10_03_44,310.bmp	3,748984E+0	4,623943E-1	3,867592E-3	1,107786E-5
20220516 10:03:50,313	c_1_064_20220516_10_03_50,313.bmp	3,771893E+0	4,827619E-1	-3,769540E-3	1,107786E-5
20220516 10:03:56,315	c_1_065_20220516_10_03_56,315.bmp	3,756621E+0	4,993105E-1	1,321881E-3	2,557098E-3
20220516 10:04:02,319	c_1_066_20220516_10_04_02,319.bmp	3,732439E+0	5,196781E-1	-1,223829E-3	3,830109E-3
20220516 10:04:08,320	c_1_067_20220516_10_04_08,320.bmp	3,698076E+0	5,438646E-1	4,902598E-5	-3,807953E-3
20220516 10:04:14,321	c_1_068_20220516_10_04_14,321.bmp	3,628076E+0	5,578673E-1	2,594737E-3	2,557098E-3
20220516 10:04:20,325	c_1_069_20220516_10_04_20,325.bmp	3,446077E+0	5,820538E-1	-1,223829E-3	-1,261932E-3
20220516 10:04:26,329	c_1_070_20220516_10_04_26,329.bmp	3,113898E+0	6,011484E-1	4,902598E-5	-1,261932E-3
20220516 10:04:32,336	c_1_071_20220516_10_04_32,336.bmp	2,697719E+0	6,215159E-1	4,902598E-5	-1,261932E-3
20220516 10:04:38,342	c_1_072_20220516_10_04_38,342.bmp	2,622629E+0	6,418835E-1	2,594737E-3	1,107786E-5
20220516 10:04:44,347	c_1_073_20220516_10_04_44,347.bmp	2,598447E+0	6,609781E-1	4,902598E-5	2,557098E-3
20220516 10:04:50,350	c_1_074_20220516_10_04_50,350.bmp	2,482630E+0	6,826186E-1	-1,223829E-3	1,107786E-5
20220516 10:04:56,355	c_1_075_20220516_10_04_56,355.bmp	2,324813E+0	7,029862E-1	1,321881E-3	-1,261932E-3
20220516 10:05:02,359	c_1_076_20220516_10_05_02,359.bmp	2,272632E+0	7,195348E-1	4,902598E-5	1,107786E-5
20220516 10:05:08,361	c_1_077_20220516_10_05_08,361.bmp	2,248450E+0	7,437213E-1	-2,496685E-3	-3,807953E-3
20220516 10:05:14,366	c_1_078_20220516_10_05_14,366.bmp	2,229359E+0	7,628159E-1	4,902598E-5	-1,261932E-3
20220516 10:05:20,370	c_1_079_20220516_10_05_20,370.bmp	2,198814E+0	7,819105E-1	-5,042396E-3	1,107786E-5
20220516 10:05:26,375	c_1_080_20220516_10_05_26,375.bmp	2,137723E+0	8,010051E-1	-3,769540E-3	1,107786E-5
20220516 10:05:32,377	c_1_081_20220516_10_05_32,377.bmp	2,072815E+0	8,213726E-1	3,867592E-3	1,107786E-5
20220516 10:05:38,383	c_1_082_20220516_10_05_38,383.bmp	2,032088E+0	8,417402E-1	4,902598E-5	-1,261932E-3
20220516 10:05:44,387	c_1_083_20220516_10_05_44,387.bmp	2,011724E+0	8,595618E-1	-3,769540E-3	-3,807953E-3
20220516 10:05:50,391	c_1_084_20220516_10_05_50,391.bmp	1,991361E+0	8,850212E-1	-3,769540E-3	-3,807953E-3
20220516 10:05:56,395	c_1_085_20220516_10_05_56,395.bmp	1,965907E+0	8,977510E-1	3,867592E-3	2,557098E-3
20220516 10:06:02,397	c_1_086_20220516_10_06_02,397.bmp	1,960816E+0	9,244834E-1	-3,769540E-3	1,107786E-5
20220516 10:06:08,401	c_1_087_20220516_10_06_08,401.bmp	1,953179E+0	9,448510E-1	-1,223829E-3	-5,080963E-3
20220516 10:06:14,403	c_1_088_20220516_10_06_14,403.bmp	1,958270E+0	9,626726E-1	4,902598E-5	1,107786E-5
20220516 10:06:20,404	c_1_089_20220516_10_06_20,404.bmp	1,976088E+0	9,843131E-1	-3,769540E-3	-3,807953E-3
20220516 10:06:26,408	c_1_090_20220516_10_06_26,408.bmp	1,997724E+0	1,004681E+0	-2,496685E-3	-3,807953E-3
20220516 10:06:32,409	c_1_091_20220516_10_06_32,409.bmp	2,028270E+0	1,022502E+0	-3,769540E-3	1,107786E-5
20220516 10:06:38,414	c_1_092_20220516_10_06_38,414.bmp	2,056269E+0	1,044143E+0	-3,769540E-3	-3,807953E-3
20220516 10:06:44,418	c_1_093_20220516_10_06_44,418.bmp	2,082997E+0	1,059418E+0	2,594737E-3	1,284088E-3
20220516 10:06:50,423	c_1_094_20220516_10_06_50,423.bmp	2,117360E+0	1,082332E+0	4,902598E-5	1,284088E-3
20220516 10:06:56,426	c_1_095_20220516_10_06_56,426.bmp	2,150451E+0	1,102700E+0	4,902598E-5	-3,807953E-3
20220516 10:07:02,427	c_1_096_20220516_10_07_02,427.bmp	2,183541E+0	1,121794E+0	-1,223829E-3	1,107786E-5
20220516 10:07:08,432	c_1_097_20220516_10_07_08,432.bmp	2,215359E+0	1,144708E+0	-2,496685E-3	1,107786E-5
20220516 10:07:14,437	c_1_098_20220516_10_07_14,437.bmp	2,231905E+0	1,162529E+0	-2,496685E-3	1,107786E-5
20220516 10:07:20,441	c_1_099_20220516_10_07_20,441.bmp	2,249723E+0	1,185443E+0	4,902598E-5	-3,807953E-3
20220516 10:07:26,446	c_1_100_20220516_10_07_26,446.bmp	2,262450E+0	1,204537E+0	-3,769540E-3	-3,807953E-3
20220516 10:07:32,447	c_1_101_20220516_10_07_32,447.bmp	2,276450E+0	1,221086E+0	1,321881E-3	1,107786E-5
20220516 10:07:38,449	c_1_102_20220516_10_07_38,449.bmp	2,287904E+0	1,241454E+0	4,902598E-5	1,107786E-5
20220516 10:07:44,451	c_1_103_20220516_10_07_44,451.bmp	2,298086E+0	1,263094E+0	3,867592E-3	1,107786E-5
20220516 10:07:50,455	c_1_104_20220516_10_07_50,455.bmp	2,301904E+0	1,283462E+0	4,902598E-5	-3,807953E-3
20220516 10:07:56,456	c_1_105_20220516_10_07_56,456.bmp	2,032088E+0	1,301283E+0	-1,223829E-3	1,107786E-5
20220516 10:08:02,457	c_1_106_20220516_10_08_02,457.bmp	1,855180E+0	1,322924E+0	-3,769540E-3	1,107786E-5
20220516 10:08:08,462	c_1_107_20220516_10_08_08,462.bmp	1,814453E+0	1,345837E+0	-3,769540E-3	-5,080963E-3
20220516 10:08:14,462	c_1_108_20220516_10_08_14,462.bmp	1,804271E+0	1,358567E+0	4,902598E-5	2,557098E-3
20220516 10:08:20,464	c_1_109_20220516_10_08_20,464.bmp	1,799180E+0	1,381481E+0	-1,223829E-3	1,107786E-5
20220516 10:08:26,465	c_1_110_20220516_10_08_26,465.bmp	1,791544E+0	1,398029E+0	4,902598E-5	3,830109E-3
20220516 10:08:32,466	c_1_111_20220516_10_08_32,466.bmp	1,771181E+0	1,418397E+0	2,594737E-3	1,107786E-5
20220516 10:08:38,468	c_1_112_20220516_10_08_38,468.bmp	1,782635E+0	1,446402E+0	-5,042396E-3	-3,807953E-3
20220516 10:08:44,469	c_1_113_20220516_10_08_44,469.bmp	1,781362E+0	1,459132E+0	2,594737E-3	-1,261932E-3
20220516 10:08:50,474	c_1_114_20220516_10_08_50,474.bmp	1,795362E+0	1,479499E+0	2,594737E-3	2,557098E-3
20220516 10:08:56,481	c_1_115_20220516_10_08_56,481.bmp	1,809362E+0	1,507505E+0	-2,496685E-3	-3,807953E-3
20220516 10:09:02,485	c_1_116_20220516_10_09_02,485.bmp	1,815726E+0	1,518962E+0	2,594737E-3	2,557098E-3
20220516 10:09:08,489	c_1_117_20220516_10_09_08,489.bmp	1,824635E+0	1,545694E+0	-1,223829E-3	-3,807953E-3
20220516 10:09:14,495	c_1_118_20220516_10_09_14,495.bmp	1,833544E+0	1,562243E+0	4,902598E-5	1,107786E-5
20220516 10:09:20,496	c_1_119_20220516_10_09_20,496.bmp	1,843726E+0	1,578791E+0	4,902598E-5	2,557098E-3
20220516 10:09:26,499	c_1_120_20220516_10_09_26,499.bmp	1,848816E+0	1,601705E+0	1,321881E-3	2,557098E-3
20220516 10:09:32,500	c_1_121_20220516_10_09_32,500.bmp	1,860271E+0	1,619526E+0	3,867592E-3	2,557098E-3
20220516 10:09:38,502	c_1_122_20220516_10_09_38,502.bmp	1,869180E+0	1,643713E+0	2,594737E-3	1,107786E-5
20220516 10:09:44,503	c_1_123_20220516_10_09_44,503.bmp	1,885725E+0	1,665353E+0	-3,769540E-3	-3,807953E-3
20220516 10:09:50,505	c_1_124_20220516_10_09_50,505.bmp	1,890816E+0	1,681902E+0	4,902598E-5	2,557098E-3
20220516 10:09:56,509	c_1_125_20220516_10_09_56,509.bmp	1,903543E+0	1,703543E+0	4,902598E-5	1,107786E-5
20220516 10:10:02,510	c_1_126_20220516_10_10_02,510.bmp	1,916271E+0	1,726456E+0	-3,769540E-3	-3,807953E-3
20220516 10:10:08,514	c_1_127_20220516_10_10_08,514.bmp	1,930270E+0	1,739186E+0	4,902598E-5	2,557098E-3
20220516 10:10:14,515	c_1_128_20220516_10_10_14,515.bmp	1,944270E+0	1,762099E+0	1,321881E-3	-1,261932E-3
20220516 10:10:20,518	c_1_129_20220516_10_10_20,518.bmp	1,956997E+0	1,778648E+0	1,321881E-3	2,557098E-3
20220516 10:10:26,521	c_1_130_20220516_10_10_26,521.bmp	1,979906E+0	1,805380E+0	-3,769540E-3	-3,807953E-3
20220516 10:10:32,523	c_1_131_20220516_10_10_32,523.bmp	1,996452E+0	1,825748E+0	-2,496685E-3	-3,807953E-3
20220516 10:10:38,529	c_1_132_20220516_10_10_38,529.bmp	2,009179E+0	1,838478E+0	2,594737E-3	2,557098E-3
20220516 10:10:44,530	c_1_133_20220516_10_10_44,530.bmp	2,028270E+0	1,861391E+0	-1,223829E-3	1,107786E-5
20220516 10:10:50,533	c_1_134_20220516_10_10_50,533.bmp	2,046088E+0	1,880486E+0	-1,223829E-3	2,557098E-3
20220516 10:10:56,537	c_1_135_20220516_10_10_56,537.bmp	2,060088E+0	1,902126E+0	4,902598E-5	1,107786E-5
20220516 10:11:02,541	c_1_136_20220516_10_11_02,541.bmp	2,075360E+0	1,921221E+0	4,902598E-5	1,107786E-5
20220516 10:11:08,543	c_1_137_20220516_10_11_08,543.bmp	2,081724E+0	1,942861E+0	-1,223829E-3	-1,261932E-3
20220516 10:11:14,546	c_1_138_20220516_10_11_14,546.bmp	2,095724E+0	1,961956E+0	2,594737E-3	1,107786E-5
20220516 10:11:20,548	c_1_139_20220516_10_11_20,548.bmp	2,104633E+0	1,979778E+0	1,321881E-3	2,557098E-3
20220516 10:11:26,552	c_1_140_20220516_10_11_26,552.bmp	2,118633E+0	2,005237E+0	4,902598E-5	-3,807953E-3
20220516 10:11:32,554	c_1_141_20220516_10_11_32,554.bmp	2,127542E+0	2,023059E+0	-3,769540E-3	-1,261932E-3
20220516 10:11:38,556	c_1_142_20220516_10_11_38,556.bmp	2,114815E+0	2,037061E+0	1,321881E-3	2,557098E-3
20220516 10:11:44,560	c_1_143_20220516_10_11_44,560.bmp	2,121178E+0	2,061248E+0	4,902598E-5	1,107786E-5
20220516 10:11:50,565	c_1_144_20220516_10_11_50,565.bmp	2,127542E+0	2,081615E+0	-3,769540E-3	-3,807953E-3
20220516 10:11:56,567	c_1_145_20220516_10_11_56,567.bmp	2,124996E+0	2,105802E+0	-1,223829E-3	-3,807953E-3
20220516 10:12:02,569	c_1_146_20220516_10_12_02,569.bmp	2,118633E+0	2,122351E+0	-1,223829E-3	1,107786E-5
20220516 10:12:08,578	c_1_147_20220516_10_12_08,578.bmp	2,109724E+0	2,142718E+0	4,902598E-5	-1,261932E-3
20220516 10:12:14,585	c_1_148_20220516_10_12_14,585.bmp	2,108451E+0	2,164359E+0	-3,769540E-3	-3,807953E-3
20220516 10:12:20,588	c_1_149_20220516_10_12_20,588.bmp	2,088087E+0	2,182180E+0	4,902598E-5	-1,261932E-3
20220516 10:12:26,593	c_1_150_20220516_10_12_26,593.bmp	2,016815E+0	2,202548E+0	5,140448E-3	-1,261932E-3
20220516 10:12:32,594	c_1_151_20220516_10_12_32,594.bmp	1,956997E+0	2,225461E+0	4,902598E-5	-3,807953E-3
20220516 10:12:38,598	c_1_152_20220516_10_12_38,598.bmp	1,911180E+0	2,240737E+0	1,321881E-3	1,107786E-5
20220516 10:12:44,602	c_1_153_20220516_10_12_44,602.bmp	1,834817E+0	2,262378E+0	1,321881E-3	-1,261932E-3
20220516 10:12:50,602	c_1_154_20220516_10_12_50,602.bmp	1,726636E+0	2,280199E+0	4,902598E-5	1,107786E-5
20220516 10:12:56,606	c_1_155_20220516_10_12_56,606.bmp	1,704999E+0	2,301840E+0	-2,496685E-3	-1,261932E-3
20220516 10:13:02,610	c_1_156_20220516_10_13_02,610.bmp	1,689727E+0	2,322207E+0	-2,496685E-3	1,107786E-5
20220516 10:13:08,613	c_1_157_20220516_10_13_08,613.bmp	1,659182E+0	2,341302E+0	-1,223829E-3	-1,261932E-3
20220516 10:13:14,616	c_1_158_20220516_10_13_14,616.bmp	1,643909E+0	2,364215E+0	-3,769540E-3	-3,807953E-3
20220516 10:13:20,619	c_1_159_20220516_10_13_20,619.bmp	1,632454E+0	2,385856E+0	-3,769540E-3	-3,807953E-3
20220516 10:13:26,628	c_1_160_20220516_10_13_26,628.bmp	1,617182E+0	2,398586E+0	2,594737E-3	2,557098E-3
20220516 10:13:32,633	c_1_161_20220516_10_13_32,633.bmp	1,615909E+0	2,420226E+0	4,902598E-5	1,107786E-5
20220516 10:13:38,637	c_1_162_20220516_10_13_38,637.bmp	1,612091E+0	2,443140E+0	1,321881E-3	1,107786E-5
20220516 10:13:44,639	c_1_163_20220516_10_13_44,639.bmp	1,617182E+0	2,460961E+0	-2,496685E-3	1,107786E-5
20220516 10:13:50,643	c_1_164_20220516_10_13_50,643.bmp	1,612091E+0	2,481329E+0	4,902598E-5	1,107786E-5
20220516 10:13:56,644	c_1_165_20220516_10_13_56,644.bmp	1,605727E+0	2,504242E+0	4,902598E-5	-3,807953E-3
20220516 10:14:02,650	c_1_166_20220516_10_14_02,650.bmp	1,604455E+0	2,525883E+0	-3,769540E-3	-3,807953E-3
20220516 10:14:08,654	c_1_167_20220516_10_14_08,654.bmp	1,579000E+0	2,541159E+0	1,321881E-3	-1,261932E-3
20220516 10:14:14,659	c_1_168_20220516_10_14_14,659.bmp	1,573909E+0	2,564072E+0	-3,769540E-3	-3,807953E-3
20220516 10:14:20,660	c_1_169_20220516_10_14_20,660.bmp	1,570091E+0	2,584440E+0	-2,496685E-3	-3,807953E-3
20220516 10:14:26,663	c_1_170_20220516_10_14_26,663.bmp	1,570091E+0	2,602261E+0	4,902598E-5	1,107786E-5
20220516 10:14:32,668	c_1_171_20220516_10_14_32,668.bmp	1,566273E+0	2,621356E+0	4,902598E-5	-1,261932E-3
20220516 10:14:38,670	c_1_172_20220516_10_14_38,670.bmp	1,566273E+0	2,637905E+0	1,321881E-3	2,557098E-3
20220516 10:14:44,676	c_1_173_20220516_10_14_44,676.bmp	1,570091E+0	2,658272E+0	2,594737E-3	2,557098E-3
20220516 10:14:50,677	c_1_174_20220516_10_14_50,677.bmp	1,576455E+0	2,682459E+0	4,902598E-5	1,107786E-5
20220516 10:14:56,683	c_1_175_20220516_10_14_56,683.bmp	1,575182E+0	2,702826E+0	4,902598E-5	-1,261932E-3
20220516 10:15:02,688	c_1_176_20220516_10_15_02,688.bmp	1,563728E+0	2,721921E+0	-2,496685E-3	-1,261932E-3
20220516 10:15:08,693	c_1_177_20220516_10_15_08,693.bmp	1,544637E+0	2,743561E+0	2,594737E-3	1,107786E-5
20220516 10:15:14,697	c_1_178_20220516_10_15_14,697.bmp	1,548455E+0	2,761383E+0	-1,223829E-3	-1,261932E-3
20220516 10:15:20,700	c_1_179_20220516_10_15_20,700.bmp	1,551000E+0	2,784296E+0	-3,769540E-3	-3,807953E-3
20220516 10:15:26,703	c_1_180_20220516_10_15_26,703.bmp	1,551000E+0	2,797026E+0	2,594737E-3	2,557098E-3
20220516 10:15:32,707	c_1_181_20220516_10_15_32,707.bmp	1,557364E+0	2,822486E+0	4,902598E-5	1,107786E-5
20220516 10:15:38,709	c_1_182_20220516_10_15_38,709.bmp	1,567546E+0	2,841580E+0	-1,223829E-3	-1,261932E-3
20220516 10:15:44,713	c_1_183_20220516_10_15_44,713.bmp	1,575182E+0	2,865767E+0	-2,496685E-3	-3,807953E-3
20220516 10:15:50,718	c_1_184_20220516_10_15_50,718.bmp	1,571364E+0	2,881042E+0	2,594737E-3	1,107786E-5
20220516 10:15:56,723	c_1_185_20220516_10_15_56,723.bmp	1,479728E+0	2,897591E+0	3,867592E-3	2,557098E-3
20220516 10:16:02,724	c_1_186_20220516_10_16_02,724.bmp	1,422456E+0	2,917958E+0	1,321881E-3	2,557098E-3
20220516 10:16:08,730	c_1_187_20220516_10_16_08,730.bmp	1,363911E+0	2,942145E+0	-3,769540E-3	-3,807953E-3
20220516 10:16:14,733	c_1_188_20220516_10_16_14,733.bmp	1,264639E+0	2,961240E+0	-1,223829E-3	1,107786E-5
20220516 10:16:20,738	c_1_189_20220516_10_16_20,738.bmp	1,245548E+0	2,980334E+0	1,321881E-3	-1,261932E-3
20220516 10:16:26,739	c_1_190_20220516_10_16_26,739.bmp	1,235366E+0	3,001975E+0	4,902598E-5	-1,261932E-3
20220516 10:16:32,741	c_1_191_20220516_10_16_32,741.bmp	1,223912E+0	3,021069E+0	3,867592E-3	1,284088E-3
20220516 10:16:38,746	c_1_192_20220516_10_16_38,746.bmp	1,215003E+0	3,041437E+0	3,867592E-3	-1,261932E-3
20220516 10:16:44,751	c_1_193_20220516_10_16_44,751.bmp	1,204821E+0	3,057985E+0	2,594737E-3	2,557098E-3
20220516 10:16:50,755	c_1_194_20220516_10_16_50,755.bmp	1,206094E+0	3,077080E+0	4,902598E-5	3,830109E-3
20220516 10:16:56,756	c_1_195_20220516_10_16_56,756.bmp	1,206094E+0	3,103812E+0	-1,223829E-3	-3,807953E-3
20220516 10:17:02,760	c_1_196_20220516_10_17_02,760.bmp	1,203549E+0	3,120361E+0	4,902598E-5	1,284088E-3
20220516 10:17:08,764	c_1_197_20220516_10_17_08,764.bmp	1,197185E+0	3,140729E+0	2,594737E-3	2,557098E-3
20220516 10:17:14,773	c_1_198_20220516_10_17_14,773.bmp	1,198458E+0	3,161096E+0	4,902598E-5	-1,261932E-3
20220516 10:17:20,774	c_1_199_20220516_10_17_20,774.bmp	1,197185E+0	3,182737E+0	-3,769540E-3	-1,261932E-3
20220516 10:17:26,779	c_1_200_20220516_10_17_26,779.bmp	1,173003E+0	3,198012E+0	-1,223829E-3	2,557098E-3
20220516 10:17:32,783	c_1_201_20220516_10_17_32,783.bmp	1,139913E+0	3,218380E+0	2,594737E-3	2,557098E-3
20220516 10:17:38,788	c_1_202_20220516_10_17_38,788.bmp	1,129731E+0	3,241294E+0	4,902598E-5	1,107786E-5
20220516 10:17:44,790	c_1_203_20220516_10_17_44,790.bmp	1,136094E+0	3,264207E+0	-3,769540E-3	-3,807953E-3
20220516 10:17:50,793	c_1_204_20220516_10_17_50,793.bmp	1,138640E+0	3,285848E+0	-5,042396E-3	-3,807953E-3
20220516 10:17:56,794	c_1_205_20220516_10_17_56,794.bmp	1,142458E+0	3,304942E+0	-3,769540E-3	-5,080963E-3
20220516 10:18:02,797	c_1_206_20220516_10_18_02,797.bmp	1,141185E+0	3,317672E+0	2,594737E-3	2,557098E-3
20220516 10:18:08,798	c_1_207_20220516_10_18_08,798.bmp	1,147549E+0	3,340585E+0	4,902598E-5	1,107786E-5
20220516 10:18:14,801	c_1_208_20220516_10_18_14,801.bmp	1,153913E+0	3,362226E+0	4,902598E-5	1,107786E-5
20220516 10:18:20,807	c_1_209_20220516_10_18_20,807.bmp	1,159003E+0	3,385139E+0	4,902598E-5	-3,807953E-3
20220516 10:18:26,808	c_1_210_20220516_10_18_26,808.bmp	1,165367E+0	3,401688E+0	-1,223829E-3	1,107786E-5
20220516 10:18:32,810	c_1_211_20220516_10_18_32,810.bmp	1,174276E+0	3,423329E+0	-2,496685E-3	-3,807953E-3
20220516 10:18:38,815	c_1_212_20220516_10_18_38,815.bmp	1,173003E+0	3,436058E+0	3,867592E-3	1,284088E-3
20220516 10:18:44,823	c_1_213_20220516_10_18_44,823.bmp	1,180640E+0	3,461518E+0	1,321881E-3	1,107786E-5
20220516 10:18:50,828	c_1_214_20220516_10_18_50,828.bmp	1,184458E+0	3,478066E+0	2,594737E-3	3,830109E-3
20220516 10:18:56,830	c_1_215_20220516_10_18_56,830.bmp	1,192094E+0	3,498434E+0	1,321881E-3	2,557098E-3
20220516 10:19:02,835	c_1_216_20220516_10_19_02,835.bmp	1,201003E+0	3,521347E+0	4,902598E-5	1,107786E-5
20220516 10:19:08,840	c_1_217_20220516_10_19_08,840.bmp	1,208639E+0	3,541715E+0	4,902598E-5	1,107786E-5
20220516 10:19:14,842	c_1_218_20220516_10_19_14,842.bmp	1,211185E+0	3,562083E+0	4,902598E-5	1,284088E-3
20220516 10:19:20,846	c_1_219_20220516_10_19_20,846.bmp	1,216276E+0	3,577358E+0	4,902598E-5	3,830109E-3
20220516 10:19:26,847	c_1_220_20220516_10_19_26,847.bmp	1,225185E+0	3,597726E+0	1,321881E-3	-1,261932E-3
20220516 10:19:32,852	c_1_221_20220516_10_19_32,852.bmp	1,231548E+0	3,620639E+0	-1,223829E-3	-1,261932E-3
20220516 10:19:38,857	c_1_222_20220516_10_19_38,857.bmp	1,235366E+0	3,641007E+0	4,902598E-5	1,107786E-5
20220516 10:19:44,861	c_1_223_20220516_10_19_44,861.bmp	1,244275E+0	3,663920E+0	-1,223829E-3	-3,807953E-3
20220516 10:19:50,864	c_1_224_20220516_10_19_50,864.bmp	1,245548E+0	3,681742E+0	2,594737E-3	1,107786E-5
20220516 10:19:56,872	c_1_225_20220516_10_19_56,872.bmp	1,257003E+0	3,699564E+0	-1,223829E-3	-1,261932E-3
20220516 10:20:02,878	c_1_226_20220516_10_20_02,878.bmp	1,259548E+0	3,721204E+0	-3,769540E-3	1,107786E-5
20220516 10:20:08,881	c_1_227_20220516_10_20_08,881.bmp	1,262094E+0	3,741572E+0	-5,042396E-3	1,107786E-5
20220516 10:20:14,888	c_1_228_20220516_10_20_14,888.bmp	1,263366E+0	3,758120E+0	3,867592E-3	2,557098E-3
20220516 10:20:20,892	c_1_229_20220516_10_20_20,892.bmp	1,271003E+0	3,781034E+0	4,902598E-5	1,107786E-5
20220516 10:20:26,896	c_1_230_20220516_10_20_26,896.bmp	1,263366E+0	3,797583E+0	4,902598E-5	2,557098E-3
20220516 10:20:32,901	c_1_231_20220516_10_20_32,901.bmp	1,260821E+0	3,819223E+0	-5,042396E-3	1,107786E-5
20220516 10:20:38,906	c_1_232_20220516_10_20_38,906.bmp	1,253185E+0	3,837045E+0	4,902598E-5	2,557098E-3
20220516 10:20:44,907	c_1_233_20220516_10_20_44,907.bmp	1,245548E+0	3,865050E+0	-1,223829E-3	-3,807953E-3
20220516 10:20:50,910	c_1_234_20220516_10_20_50,910.bmp	1,178094E+0	3,877780E+0	3,867592E-3	2,557098E-3
20220516 10:20:56,914	c_1_235_20220516_10_20_56,914.bmp	1,148822E+0	3,895601E+0	3,867592E-3	1,284088E-3
20220516 10:21:02,915	c_1_236_20220516_10_21_02,915.bmp	1,142458E+0	3,923607E+0	-3,769540E-3	1,107786E-5
20220516 10:21:08,920	c_1_237_20220516_10_21_08,920.bmp	1,133549E+0	3,941428E+0	-1,223829E-3	1,107786E-5
20220516 10:21:14,926	c_1_238_20220516_10_21_14,926.bmp	1,141185E+0	3,960523E+0	-2,496685E-3	-1,261932E-3
20220516 10:21:20,927	c_1_239_20220516_10_21_20,927.bmp	1,137367E+0	3,977072E+0	3,867592E-3	-2,534943E-3
20220516 10:21:26,932	c_1_240_20220516_10_21_26,932.bmp	1,147549E+0	4,006350E+0	-5,042396E-3	-5,080963E-3
20220516 10:21:32,935	c_1_241_20220516_10_21_32,935.bmp	1,145003E+0	4,020353E+0	4,902598E-5	2,557098E-3
20220516 10:21:38,937	c_1_242_20220516_10_21_38,937.bmp	1,147549E+0	4,045812E+0	4,902598E-5	-3,807953E-3
20220516 10:21:44,941	c_1_243_20220516_10_21_44,941.bmp	1,148822E+0	4,061088E+0	4,902598E-5	1,107786E-5
20220516 10:21:50,942	c_1_244_20220516_10_21_50,942.bmp	1,157731E+0	4,084001E+0	-3,769540E-3	-3,807953E-3
20220516 10:21:56,946	c_1_245_20220516_10_21_56,946.bmp	1,159003E+0	4,100550E+0	4,902598E-5	1,107786E-5
20220516 10:22:02,949	c_1_246_20220516_10_22_02,949.bmp	1,160276E+0	4,124737E+0	-3,769540E-3	-3,807953E-3
20220516 10:22:08,953	c_1_247_20220516_10_22_08,953.bmp	1,157731E+0	4,137466E+0	4,902598E-5	1,284088E-3
20220516 10:22:14,956	c_1_248_20220516_10_22_14,956.bmp	1,155185E+0	4,161653E+0	4,902598E-5	1,107786E-5
20220516 10:22:20,958	c_1_249_20220516_10_22_20,958.bmp	1,151367E+0	4,179474E+0	4,902598E-5	2,557098E-3
20220516 10:22:26,959	c_1_250_20220516_10_22_26,959.bmp	1,146276E+0	4,199842E+0	1,321881E-3	2,557098E-3
20220516 10:22:32,961	c_1_251_20220516_10_22_32,961.bmp	1,148822E+0	4,222755E+0	4,902598E-5	2,557098E-3
20220516 10:22:38,963	c_1_252_20220516_10_22_38,963.bmp	1,143731E+0	4,241850E+0	2,594737E-3	1,107786E-5
20220516 10:22:44,969	c_1_253_20220516_10_22_44,969.bmp	1,151367E+0	4,264763E+0	-3,769540E-3	-3,807953E-3
20220516 10:22:50,970	c_1_254_20220516_10_22_50,970.bmp	1,142458E+0	4,280039E+0	2,594737E-3	1,284088E-3
20220516 10:22:56,976	c_1_255_20220516_10_22_56,976.bmp	1,145003E+0	4,304226E+0	-5,042396E-3	-3,807953E-3
20220516 10:23:02,980	c_1_256_20220516_10_23_02,980.bmp	1,137367E+0	4,320774E+0	1,321881E-3	-1,261932E-3
20220516 10:23:08,985	c_1_257_20220516_10_23_08,985.bmp	1,125913E+0	4,341142E+0	-2,496685E-3	-1,261932E-3
20220516 10:23:14,986	c_1_258_20220516_10_23_14,986.bmp	1,083913E+0	4,358963E+0	4,902598E-5	2,557098E-3
20220516 10:23:20,989	c_1_259_20220516_10_23_20,989.bmp	1,066095E+0	4,384423E+0	-1,223829E-3	-3,807953E-3
20220516 10:23:26,990	c_1_260_20220516_10_23_26,990.bmp	1,062277E+0	4,402245E+0	3,867592E-3	-1,261932E-3
20220516 10:23:32,991	c_1_261_20220516_10_23_32,991.bmp	1,069913E+0	4,421339E+0	-3,769540E-3	1,107786E-5
20220516 10:23:38,993	c_1_262_20220516_10_23_38,993.bmp	1,068640E+0	4,441707E+0	-1,223829E-3	1,107786E-5
20220516 10:23:44,995	c_1_263_20220516_10_23_44,995.bmp	1,069913E+0	4,456982E+0	2,594737E-3	2,557098E-3
20220516 10:23:51,000	c_1_264_20220516_10_23_51,000.bmp	1,078822E+0	4,481169E+0	-3,769540E-3	1,107786E-5
20220516 10:23:57,001	c_1_265_20220516_10_23_57,001.bmp	1,085186E+0	4,501536E+0	4,902598E-5	1,107786E-5
20220516 10:24:03,003	c_1_266_20220516_10_24_03,003.bmp	1,080095E+0	4,519358E+0	2,594737E-3	-1,261932E-3
20220516 10:24:09,008	c_1_267_20220516_10_24_09,008.bmp	1,091549E+0	4,544817E+0	-3,769540E-3	-3,807953E-3
20220516 10:24:15,009	c_1_268_20220516_10_24_15,009.bmp	1,099186E+0	4,560093E+0	-3,769540E-3	-2,534943E-3
20220516 10:24:21,013	c_1_269_20220516_10_24_21,013.bmp	1,095367E+0	4,577915E+0	1,321881E-3	2,557098E-3
20220516 10:24:27,016	c_1_270_20220516_10_24_27,016.bmp	1,094095E+0	4,602101E+0	2,594737E-3	-1,261932E-3
20220516 10:24:33,017	c_1_271_20220516_10_24_33,017.bmp	1,104277E+0	4,623742E+0	-2,496685E-3	-3,807953E-3
20220516 10:24:39,018	c_1_272_20220516_10_24_39,018.bmp	1,108095E+0	4,641563E+0	-3,769540E-3	1,107786E-5
20220516 10:24:45,018	c_1_273_20220516_10_24_45,018.bmp	1,109367E+0	4,663204E+0	-3,769540E-3	-3,807953E-3
20220516 10:24:51,023	c_1_274_20220516_10_24_51,023.bmp	1,110640E+0	4,683571E+0	-5,042396E-3	-2,534943E-3
20220516 10:24:57,027	c_1_275_20220516_10_24_57,027.bmp	1,111913E+0	4,697574E+0	2,594737E-3	1,284088E-3
20220516 10:25:03,028	c_1_276_20220516_10_25_03,028.bmp	1,110640E+0	4,725580E+0	4,902598E-5	-3,807953E-3
20220516 10:25:09,029	c_1_277_20220516_10_25_09,029.bmp	1,105549E+0	4,742128E+0	-1,223829E-3	-1,261932E-3
20220516 10:25:15,033	c_1_278_20220516_10_25_15,033.bmp	1,076277E+0	4,761223E+0	4,902598E-5	1,107786E-5
20220516 10:25:21,038	c_1_279_20220516_10_25_21,038.bmp	1,066095E+0	4,781590E+0	-3,769540E-3	1,107786E-5
20220516 10:25:27,043	c_1_280_20220516_10_25_27,043.bmp	1,055913E+0	4,803231E+0	-3,769540E-3	-3,807953E-3
20220516 10:25:33,044	c_1_281_20220516_10_25_33,044.bmp	1,011368E+0	4,819780E+0	4,902598E-5	1,107786E-5
20220516 10:25:39,049	c_1_282_20220516_10_25_39,049.bmp	9,222779E-1	4,837601E+0	4,902598E-5	1,107786E-5
20220516 10:25:45,053	c_1_283_20220516_10_25_45,053.bmp	9,222779E-1	4,864334E+0	-3,769540E-3	-2,534943E-3
20220516 10:25:51,058	c_1_284_20220516_10_25_51,058.bmp	9,159143E-1	4,879609E+0	3,867592E-3	3,830109E-3
20220516 10:25:57,060	c_1_285_20220516_10_25_57,060.bmp	9,197324E-1	4,905069E+0	-3,769540E-3	-3,807953E-3
20220516 10:26:03,065	c_1_286_20220516_10_26_03,065.bmp	9,197324E-1	4,925436E+0	4,902598E-5	1,284088E-3
20220516 10:26:09,068	c_1_287_20220516_10_26_09,068.bmp	9,222779E-1	4,939439E+0	4,902598E-5	1,107786E-5
20220516 10:26:15,075	c_1_288_20220516_10_26_15,075.bmp	9,197324E-1	4,961080E+0	2,594737E-3	1,107786E-5
20220516 10:26:21,076	c_1_289_20220516_10_26_21,076.bmp	9,260960E-1	4,983993E+0	4,902598E-5	-3,807953E-3
20220516 10:26:27,077	c_1_290_20220516_10_26_27,077.bmp	9,248233E-1	4,999269E+0	4,902598E-5	1,107786E-5
