20220325 14:25:08,829	d1_0_976_20220325_14_25_08,829.bmp	-4,260751E-3	1,685393E-2	2,594737E-3	1,284088E-3
20220325 14:25:14,834	d1_0_977_20220325_14_25_14,834.bmp	4,155709E-2	3,052874E-4	3,867592E-3	1,284088E-3
20220325 14:25:20,837	d1_0_978_20220325_14_25_20,837.bmp	2,401011E-1	2,703771E-2	-3,769540E-3	-3,807953E-3
20220325 14:25:26,840	d1_0_979_20220325_14_25_26,840.bmp	4,526450E-1	4,485933E-2	-3,769540E-3	1,107786E-5
20220325 14:25:32,847	d1_0_980_20220325_14_25_32,847.bmp	6,677343E-1	6,140797E-2	1,321881E-3	1,284088E-3
20220325 14:25:38,855	d1_0_981_20220325_14_25_38,855.bmp	8,879145E-1	8,559445E-2	4,902598E-5	1,107786E-5
20220325 14:25:44,861	d1_0_982_20220325_14_25_44,861.bmp	1,104277E+0	1,008701E-1	2,594737E-3	3,830109E-3
20220325 14:25:50,863	d1_0_983_20220325_14_25_50,863.bmp	1,332093E+0	1,276025E-1	-3,769540E-3	-3,807953E-3
20220325 14:25:56,869	d1_0_984_20220325_14_25_56,869.bmp	1,545910E+0	1,466971E-1	4,902598E-5	-3,807953E-3
20220325 14:26:02,878	d1_0_985_20220325_14_26_02,878.bmp	1,766090E+0	1,683377E-1	-3,769540E-3	-3,807953E-3
20220325 14:26:08,886	d1_0_986_20220325_14_26_08,886.bmp	1,977361E+0	1,887052E-1	-3,769540E-3	-3,807953E-3
20220325 14:26:14,890	d1_0_987_20220325_14_26_14,890.bmp	2,188632E+0	2,077998E-1	-3,769540E-3	-3,807953E-3
20220325 14:26:20,891	d1_0_988_20220325_14_26_20,891.bmp	2,393540E+0	2,243485E-1	-1,223829E-3	1,107786E-5
20220325 14:26:26,894	d1_0_989_20220325_14_26_26,894.bmp	2,602265E+0	2,459890E-1	-1,223829E-3	-3,807953E-3
20220325 14:26:32,899	d1_0_990_20220325_14_26_32,899.bmp	2,803355E+0	2,612647E-1	1,321881E-3	2,557098E-3
20220325 14:26:38,902	d1_0_991_20220325_14_26_38,902.bmp	3,006990E+0	2,841782E-1	-3,769540E-3	1,107786E-5
20220325 14:26:44,911	d1_0_992_20220325_14_26_44,911.bmp	3,197897E+0	2,994538E-1	2,594737E-3	2,557098E-3
20220325 14:26:50,917	d1_0_993_20220325_14_26_50,917.bmp	3,392623E+0	3,223674E-1	4,902598E-5	2,557098E-3
20220325 14:26:56,920	d1_0_994_20220325_14_26_56,920.bmp	3,580986E+0	3,452809E-1	-2,496685E-3	-1,261932E-3
20220325 14:27:02,934	d1_0_995_20220325_14_27_02,934.bmp	3,750257E+0	3,631025E-1	-1,223829E-3	-1,261932E-3
20220325 14:27:08,936	d1_0_996_20220325_14_27_08,936.bmp	3,923347E+0	3,834700E-1	4,902598E-5	1,107786E-5
20220325 14:27:14,941	d1_0_997_20220325_14_27_14,941.bmp	4,079891E+0	4,051106E-1	1,321881E-3	-1,261932E-3
20220325 14:27:20,944	d1_0_998_20220325_14_27_20,944.bmp	4,232617E+0	4,280241E-1	-3,769540E-3	-3,807953E-3
20220325 14:27:26,945	d1_0_999_20220325_14_27_26,945.bmp	4,347162E+0	4,458457E-1	1,321881E-3	1,107786E-5
20220325 14:27:32,950	d1_0_1000_20220325_14_27_32,950.bmp	4,441343E+0	4,636673E-1	-2,496685E-3	1,107786E-5
20220325 14:27:38,954	d1_0_1001_20220325_14_27_38,954.bmp	4,499888E+0	4,865808E-1	-3,769540E-3	-3,807953E-3
20220325 14:27:44,962	d1_0_1002_20220325_14_27_44,962.bmp	4,489706E+0	5,056754E-1	-1,223829E-3	-1,261932E-3
20220325 14:27:50,968	d1_0_1003_20220325_14_27_50,968.bmp	4,291162E+0	5,209511E-1	1,321881E-3	3,830109E-3
20220325 14:27:56,969	d1_0_1004_20220325_14_27_56,969.bmp	3,994619E+0	5,413186E-1	-1,223829E-3	2,557098E-3
20220325 14:28:02,971	d1_0_1005_20220325_14_28_02,971.bmp	3,778257E+0	5,616862E-1	2,594737E-3	2,557098E-3
20220325 14:28:08,977	d1_0_1006_20220325_14_28_08,977.bmp	3,661167E+0	5,820538E-1	2,594737E-3	2,557098E-3
20220325 14:28:14,980	d1_0_1007_20220325_14_28_14,980.bmp	3,536440E+0	6,049673E-1	4,902598E-5	-1,261932E-3
20220325 14:28:20,989	d1_0_1008_20220325_14_28_20,989.bmp	3,430805E+0	6,215159E-1	4,902598E-5	2,557098E-3
20220325 14:28:26,992	d1_0_1009_20220325_14_28_26,992.bmp	3,369714E+0	6,406105E-1	-1,223829E-3	2,557098E-3
20220325 14:28:32,997	d1_0_1010_20220325_14_28_32,997.bmp	3,326442E+0	6,686159E-1	-3,769540E-3	-3,807953E-3
20220325 14:28:39,002	d1_0_1011_20220325_14_28_39,002.bmp	3,280624E+0	6,826186E-1	2,594737E-3	3,830109E-3
20220325 14:28:45,009	d1_0_1012_20220325_14_28_45,009.bmp	3,229715E+0	7,042591E-1	-1,223829E-3	1,107786E-5
20220325 14:28:51,018	d1_0_1013_20220325_14_28_51,018.bmp	3,146989E+0	7,258997E-1	-3,769540E-3	1,107786E-5
20220325 14:28:57,023	d1_0_1014_20220325_14_28_57,023.bmp	3,080807E+0	7,449943E-1	-3,769540E-3	-2,534943E-3
20220325 14:29:03,024	d1_0_1015_20220325_14_29_03,024.bmp	3,036262E+0	7,615429E-1	-1,223829E-3	3,830109E-3
20220325 14:29:09,026	d1_0_1016_20220325_14_29_09,026.bmp	3,009535E+0	7,882753E-1	4,902598E-5	-3,807953E-3
20220325 14:29:15,031	d1_0_1017_20220325_14_29_15,031.bmp	2,991717E+0	8,073699E-1	-3,769540E-3	-3,807953E-3
20220325 14:29:21,032	d1_0_1018_20220325_14_29_21,032.bmp	2,975172E+0	8,239186E-1	-3,769540E-3	1,107786E-5
20220325 14:29:27,035	d1_0_1019_20220325_14_29_27,035.bmp	2,957354E+0	8,455591E-1	1,321881E-3	-1,261932E-3
20220325 14:29:33,040	d1_0_1020_20220325_14_29_33,040.bmp	2,933172E+0	8,684726E-1	-1,223829E-3	-3,807953E-3
20220325 14:29:39,044	d1_0_1021_20220325_14_29_39,044.bmp	2,894991E+0	8,888402E-1	-3,769540E-3	-3,807953E-3
20220325 14:29:45,051	d1_0_1022_20220325_14_29_45,051.bmp	2,840264E+0	9,066618E-1	-1,223829E-3	1,107786E-5
20220325 14:29:51,058	d1_0_1023_20220325_14_29_51,058.bmp	2,772810E+0	9,206645E-1	-1,223829E-3	1,107786E-5
20220325 14:29:57,065	d1_0_1024_20220325_14_29_57,065.bmp	2,679901E+0	9,410320E-1	2,594737E-3	1,284088E-3
20220325 14:30:03,069	d1_0_1025_20220325_14_30_03,069.bmp	2,556448E+0	9,613996E-1	4,902598E-5	1,107786E-5
20220325 14:30:09,070	d1_0_1026_20220325_14_30_09,070.bmp	2,434267E+0	9,868591E-1	-3,769540E-3	1,107786E-5
20220325 14:30:15,075	d1_0_1027_20220325_14_30_15,075.bmp	2,346449E+0	1,000862E+0	4,902598E-5	2,557098E-3
20220325 14:30:21,076	d1_0_1028_20220325_14_30_21,076.bmp	2,282813E+0	1,023775E+0	-1,223829E-3	1,107786E-5
20220325 14:30:27,079	d1_0_1029_20220325_14_30_27,079.bmp	2,221723E+0	1,044143E+0	3,867592E-3	-1,261932E-3
20220325 14:30:33,084	d1_0_1030_20220325_14_30_33,084.bmp	2,174632E+0	1,060691E+0	1,321881E-3	1,107786E-5
20220325 14:30:39,086	d1_0_1031_20220325_14_30_39,086.bmp	2,154269E+0	1,084878E+0	-3,769540E-3	1,107786E-5
20220325 14:30:45,091	d1_0_1032_20220325_14_30_45,091.bmp	2,136451E+0	1,101427E+0	3,867592E-3	1,284088E-3
20220325 14:30:51,093	d1_0_1033_20220325_14_30_51,093.bmp	2,133905E+0	1,120521E+0	4,902598E-5	2,557098E-3
20220325 14:30:57,098	d1_0_1034_20220325_14_30_57,098.bmp	2,130087E+0	1,144708E+0	2,594737E-3	1,107786E-5
20220325 14:31:03,101	d1_0_1035_20220325_14_31_03,101.bmp	2,132633E+0	1,165075E+0	4,902598E-5	-1,261932E-3
20220325 14:31:09,108	d1_0_1036_20220325_14_31_09,108.bmp	2,130087E+0	1,185443E+0	-1,223829E-3	1,107786E-5
20220325 14:31:15,115	d1_0_1037_20220325_14_31_15,115.bmp	2,130087E+0	1,201991E+0	2,594737E-3	2,557098E-3
20220325 14:31:21,118	d1_0_1038_20220325_14_31_21,118.bmp	2,131360E+0	1,224905E+0	3,867592E-3	-1,261932E-3
20220325 14:31:27,123	d1_0_1039_20220325_14_31_27,123.bmp	2,132633E+0	1,241454E+0	1,321881E-3	2,557098E-3
20220325 14:31:33,127	d1_0_1040_20220325_14_31_33,127.bmp	2,142814E+0	1,263094E+0	-2,496685E-3	1,107786E-5
20220325 14:31:39,129	d1_0_1041_20220325_14_31_39,129.bmp	2,150451E+0	1,279643E+0	2,594737E-3	2,557098E-3
20220325 14:31:45,133	d1_0_1042_20220325_14_31_45,133.bmp	2,155541E+0	1,301283E+0	1,321881E-3	3,830109E-3
20220325 14:31:51,138	d1_0_1043_20220325_14_31_51,138.bmp	2,151723E+0	1,321651E+0	4,902598E-5	2,557098E-3
20220325 14:31:57,145	d1_0_1044_20220325_14_31_57,145.bmp	2,149178E+0	1,347110E+0	-3,769540E-3	-3,807953E-3
20220325 14:32:03,150	d1_0_1045_20220325_14_32_03,150.bmp	2,127542E+0	1,364932E+0	-2,496685E-3	-2,534943E-3
20220325 14:32:09,157	d1_0_1046_20220325_14_32_09,157.bmp	2,093178E+0	1,385299E+0	3,867592E-3	1,107786E-5
20220325 14:32:15,163	d1_0_1047_20220325_14_32_15,163.bmp	2,070269E+0	1,408213E+0	-3,769540E-3	-3,807953E-3
20220325 14:32:21,164	d1_0_1048_20220325_14_32_21,164.bmp	2,042270E+0	1,420943E+0	1,321881E-3	1,284088E-3
20220325 14:32:27,167	d1_0_1049_20220325_14_32_27,167.bmp	2,021906E+0	1,443856E+0	-3,769540E-3	-1,261932E-3
20220325 14:32:33,168	d1_0_1050_20220325_14_32_33,168.bmp	2,002815E+0	1,466770E+0	-3,769540E-3	1,107786E-5
20220325 14:32:39,171	d1_0_1051_20220325_14_32_39,171.bmp	1,982452E+0	1,488410E+0	-3,769540E-3	-3,807953E-3
20220325 14:32:45,172	d1_0_1052_20220325_14_32_45,172.bmp	1,965907E+0	1,502413E+0	2,594737E-3	1,284088E-3
20220325 14:32:51,181	d1_0_1053_20220325_14_32_51,181.bmp	1,950634E+0	1,524053E+0	2,594737E-3	1,107786E-5
20220325 14:32:57,192	d1_0_1054_20220325_14_32_57,192.bmp	1,923907E+0	1,544421E+0	4,902598E-5	1,107786E-5
20220325 14:33:03,195	d1_0_1055_20220325_14_33_03,195.bmp	1,888271E+0	1,564789E+0	4,902598E-5	1,284088E-3
20220325 14:33:09,197	d1_0_1056_20220325_14_33_09,197.bmp	1,853907E+0	1,585156E+0	-3,769540E-3	-1,261932E-3
20220325 14:33:15,199	d1_0_1057_20220325_14_33_15,199.bmp	1,822089E+0	1,601705E+0	4,902598E-5	2,557098E-3
20220325 14:33:21,200	d1_0_1058_20220325_14_33_21,200.bmp	1,811908E+0	1,624618E+0	-3,769540E-3	-1,261932E-3
20220325 14:33:27,209	d1_0_1059_20220325_14_33_27,209.bmp	1,791544E+0	1,642440E+0	2,594737E-3	1,107786E-5
20220325 14:33:33,215	d1_0_1060_20220325_14_33_33,215.bmp	1,785181E+0	1,665353E+0	4,902598E-5	-1,261932E-3
20220325 14:33:39,219	d1_0_1061_20220325_14_33_39,219.bmp	1,774999E+0	1,684448E+0	4,902598E-5	1,284088E-3
20220325 14:33:45,222	d1_0_1062_20220325_14_33_45,222.bmp	1,774999E+0	1,706089E+0	4,902598E-5	3,830109E-3
20220325 14:33:51,227	d1_0_1063_20220325_14_33_51,227.bmp	1,766090E+0	1,721364E+0	2,594737E-3	2,557098E-3
20220325 14:33:57,233	d1_0_1064_20220325_14_33_57,233.bmp	1,777544E+0	1,748097E+0	-3,769540E-3	-3,807953E-3
20220325 14:34:03,234	d1_0_1065_20220325_14_34_03,234.bmp	1,778817E+0	1,765918E+0	4,902598E-5	1,107786E-5
20220325 14:34:09,235	d1_0_1066_20220325_14_34_09,235.bmp	1,780090E+0	1,787559E+0	-1,223829E-3	-3,807953E-3
20220325 14:34:15,239	d1_0_1067_20220325_14_34_15,239.bmp	1,781362E+0	1,804107E+0	4,902598E-5	1,107786E-5
20220325 14:34:21,245	d1_0_1068_20220325_14_34_21,245.bmp	1,780090E+0	1,828294E+0	-2,496685E-3	-2,534943E-3
20220325 14:34:27,256	d1_0_1069_20220325_14_34_27,256.bmp	1,776272E+0	1,841024E+0	4,902598E-5	3,830109E-3
20220325 14:34:33,264	d1_0_1070_20220325_14_34_33,264.bmp	1,778817E+0	1,869029E+0	-3,769540E-3	-3,807953E-3
20220325 14:34:39,269	d1_0_1071_20220325_14_34_39,269.bmp	1,776272E+0	1,885578E+0	3,867592E-3	1,107786E-5
20220325 14:34:45,274	d1_0_1072_20220325_14_34_45,274.bmp	1,781362E+0	1,900853E+0	2,594737E-3	3,830109E-3
20220325 14:34:51,278	d1_0_1073_20220325_14_34_51,278.bmp	1,782635E+0	1,921221E+0	1,321881E-3	3,830109E-3
20220325 14:34:57,280	d1_0_1074_20220325_14_34_57,280.bmp	1,791544E+0	1,947953E+0	1,321881E-3	-3,807953E-3
20220325 14:35:03,282	d1_0_1075_20220325_14_35_03,282.bmp	1,792817E+0	1,964502E+0	2,594737E-3	2,557098E-3
20220325 14:35:09,287	d1_0_1076_20220325_14_35_09,287.bmp	1,796635E+0	1,984870E+0	4,902598E-5	1,107786E-5
20220325 14:35:15,289	d1_0_1077_20220325_14_35_15,289.bmp	1,791544E+0	2,003964E+0	4,902598E-5	1,107786E-5
20220325 14:35:21,290	d1_0_1078_20220325_14_35_21,290.bmp	1,772453E+0	2,021786E+0	2,594737E-3	2,557098E-3
20220325 14:35:27,293	d1_0_1079_20220325_14_35_27,293.bmp	1,753363E+0	2,040880E+0	1,321881E-3	2,557098E-3
20220325 14:35:33,300	d1_0_1080_20220325_14_35_33,300.bmp	1,729181E+0	2,063794E+0	4,902598E-5	1,284088E-3
20220325 14:35:39,305	d1_0_1081_20220325_14_35_39,305.bmp	1,697363E+0	2,084161E+0	4,902598E-5	1,107786E-5
20220325 14:35:45,309	d1_0_1082_20220325_14_35_45,309.bmp	1,660454E+0	2,100710E+0	2,594737E-3	3,830109E-3
20220325 14:35:51,322	d1_0_1083_20220325_14_35_51,322.bmp	1,636273E+0	2,122351E+0	3,867592E-3	2,557098E-3
20220325 14:35:57,330	d1_0_1084_20220325_14_35_57,330.bmp	1,610818E+0	2,142718E+0	-3,769540E-3	1,107786E-5
20220325 14:36:03,335	d1_0_1085_20220325_14_36_03,335.bmp	1,590455E+0	2,165632E+0	-3,769540E-3	1,107786E-5
20220325 14:36:09,336	d1_0_1086_20220325_14_36_09,336.bmp	1,577728E+0	2,185999E+0	4,902598E-5	2,557098E-3
20220325 14:36:15,340	d1_0_1087_20220325_14_36_15,340.bmp	1,575182E+0	2,206367E+0	-2,496685E-3	1,107786E-5
20220325 14:36:21,342	d1_0_1088_20220325_14_36_21,342.bmp	1,579000E+0	2,228007E+0	-3,769540E-3	-3,807953E-3
20220325 14:36:27,345	d1_0_1089_20220325_14_36_27,345.bmp	1,571364E+0	2,245829E+0	-5,042396E-3	-2,534943E-3
20220325 14:36:33,351	d1_0_1090_20220325_14_36_33,351.bmp	1,568819E+0	2,264924E+0	2,594737E-3	1,107786E-5
20220325 14:36:39,355	d1_0_1091_20220325_14_36_39,355.bmp	1,570091E+0	2,281472E+0	1,321881E-3	2,557098E-3
20220325 14:36:45,360	d1_0_1092_20220325_14_36_45,360.bmp	1,570091E+0	2,301840E+0	2,594737E-3	2,557098E-3
20220325 14:36:51,367	d1_0_1093_20220325_14_36_51,367.bmp	1,573909E+0	2,323480E+0	-1,223829E-3	-1,261932E-3
20220325 14:36:57,369	d1_0_1094_20220325_14_36_57,369.bmp	1,576455E+0	2,342575E+0	-2,496685E-3	-1,261932E-3
20220325 14:37:03,370	d1_0_1095_20220325_14_37_03,370.bmp	1,575182E+0	2,360396E+0	-1,223829E-3	2,557098E-3
20220325 14:37:09,376	d1_0_1096_20220325_14_37_09,376.bmp	1,575182E+0	2,384583E+0	4,902598E-5	1,107786E-5
20220325 14:37:15,381	d1_0_1097_20220325_14_37_15,381.bmp	1,563728E+0	2,403678E+0	4,902598E-5	1,107786E-5
20220325 14:37:21,384	d1_0_1098_20220325_14_37_21,384.bmp	1,551000E+0	2,421499E+0	2,594737E-3	-1,261932E-3
20220325 14:37:27,389	d1_0_1099_20220325_14_37_27,389.bmp	1,542091E+0	2,446959E+0	-3,769540E-3	-3,807953E-3
20220325 14:37:33,393	d1_0_1100_20220325_14_37_33,393.bmp	1,533182E+0	2,464780E+0	-2,496685E-3	1,107786E-5
20220325 14:37:39,395	d1_0_1101_20220325_14_37_39,395.bmp	1,520455E+0	2,485148E+0	-1,223829E-3	-1,261932E-3
20220325 14:37:45,398	d1_0_1102_20220325_14_37_45,398.bmp	1,511546E+0	2,505515E+0	-1,223829E-3	1,107786E-5
20220325 14:37:51,404	d1_0_1103_20220325_14_37_51,404.bmp	1,510274E+0	2,528429E+0	-3,769540E-3	-3,807953E-3
20220325 14:37:57,411	d1_0_1104_20220325_14_37_57,411.bmp	1,498819E+0	2,539886E+0	3,867592E-3	3,830109E-3
20220325 14:38:03,414	d1_0_1105_20220325_14_38_03,414.bmp	1,493728E+0	2,560253E+0	2,594737E-3	1,284088E-3
20220325 14:38:09,418	d1_0_1106_20220325_14_38_09,418.bmp	1,487365E+0	2,583167E+0	2,594737E-3	1,107786E-5
20220325 14:38:15,419	d1_0_1107_20220325_14_38_15,419.bmp	1,483546E+0	2,604807E+0	2,594737E-3	-1,261932E-3
20220325 14:38:21,421	d1_0_1108_20220325_14_38_21,421.bmp	1,481001E+0	2,625175E+0	4,902598E-5	-1,261932E-3
20220325 14:38:27,426	d1_0_1109_20220325_14_38_27,426.bmp	1,477183E+0	2,644269E+0	3,867592E-3	-1,261932E-3
20220325 14:38:33,430	d1_0_1110_20220325_14_38_33,430.bmp	1,475910E+0	2,662091E+0	3,867592E-3	2,557098E-3
20220325 14:38:39,437	d1_0_1111_20220325_14_38_39,437.bmp	1,478456E+0	2,685004E+0	-1,223829E-3	-1,261932E-3
20220325 14:38:45,441	d1_0_1112_20220325_14_38_45,441.bmp	1,477183E+0	2,704099E+0	4,902598E-5	1,107786E-5
20220325 14:38:51,444	d1_0_1113_20220325_14_38_51,444.bmp	1,469547E+0	2,724467E+0	4,902598E-5	1,107786E-5
20220325 14:38:57,454	d1_0_1114_20220325_14_38_57,454.bmp	1,465728E+0	2,742288E+0	1,321881E-3	2,557098E-3
20220325 14:39:03,460	d1_0_1115_20220325_14_39_03,460.bmp	1,459365E+0	2,763929E+0	4,902598E-5	1,107786E-5
20220325 14:39:09,466	d1_0_1116_20220325_14_39_09,466.bmp	1,456819E+0	2,786842E+0	-3,769540E-3	-2,534943E-3
20220325 14:39:15,470	d1_0_1117_20220325_14_39_15,470.bmp	1,450456E+0	2,808483E+0	-3,769540E-3	-3,807953E-3
20220325 14:39:21,474	d1_0_1118_20220325_14_39_21,474.bmp	1,445365E+0	2,825031E+0	4,902598E-5	-1,261932E-3
20220325 14:39:27,478	d1_0_1119_20220325_14_39_27,478.bmp	1,435183E+0	2,841580E+0	3,867592E-3	1,284088E-3
20220325 14:39:33,482	d1_0_1120_20220325_14_39_33,482.bmp	1,436456E+0	2,865767E+0	4,902598E-5	1,107786E-5
20220325 14:39:39,488	d1_0_1121_20220325_14_39_39,488.bmp	1,431365E+0	2,884861E+0	-5,042396E-3	1,107786E-5
20220325 14:39:45,493	d1_0_1122_20220325_14_39_45,493.bmp	1,426274E+0	2,905229E+0	4,902598E-5	1,107786E-5
20220325 14:39:51,503	d1_0_1123_20220325_14_39_51,503.bmp	1,421183E+0	2,924323E+0	2,594737E-3	-1,261932E-3
20220325 14:39:57,509	d1_0_1124_20220325_14_39_57,509.bmp	1,421183E+0	2,947237E+0	4,902598E-5	-1,261932E-3
20220325 14:40:03,514	d1_0_1125_20220325_14_40_03,514.bmp	1,417365E+0	2,967604E+0	-3,769540E-3	-3,807953E-3
20220325 14:40:09,518	d1_0_1126_20220325_14_40_09,518.bmp	1,413547E+0	2,984153E+0	-1,223829E-3	1,107786E-5
20220325 14:40:15,524	d1_0_1127_20220325_14_40_15,524.bmp	1,416092E+0	3,007067E+0	-3,769540E-3	-5,080963E-3
20220325 14:40:21,529	d1_0_1128_20220325_14_40_21,529.bmp	1,408456E+0	3,023615E+0	1,321881E-3	1,107786E-5
20220325 14:40:27,533	d1_0_1129_20220325_14_40_27,533.bmp	1,402093E+0	3,043983E+0	-1,223829E-3	-1,261932E-3
20220325 14:40:33,534	d1_0_1130_20220325_14_40_33,534.bmp	1,398274E+0	3,064350E+0	-3,769540E-3	1,107786E-5
20220325 14:40:39,538	d1_0_1131_20220325_14_40_39,538.bmp	1,395729E+0	3,085991E+0	-3,769540E-3	-3,807953E-3
20220325 14:40:45,540	d1_0_1132_20220325_14_40_45,540.bmp	1,386820E+0	3,103812E+0	-1,223829E-3	-1,261932E-3
20220325 14:40:51,543	d1_0_1133_20220325_14_40_51,543.bmp	1,381729E+0	3,124180E+0	-3,769540E-3	1,107786E-5
20220325 14:40:57,546	d1_0_1134_20220325_14_40_57,546.bmp	1,361366E+0	3,143275E+0	4,902598E-5	-1,261932E-3
20220325 14:41:03,553	d1_0_1135_20220325_14_41_03,553.bmp	1,351184E+0	3,163642E+0	-3,769540E-3	-1,261932E-3
20220325 14:41:09,559	d1_0_1136_20220325_14_41_09,559.bmp	1,330820E+0	3,184010E+0	2,594737E-3	1,107786E-5
20220325 14:41:15,563	d1_0_1137_20220325_14_41_15,563.bmp	1,330820E+0	3,205650E+0	-3,769540E-3	-3,807953E-3
20220325 14:41:21,566	d1_0_1138_20220325_14_41_21,566.bmp	1,315548E+0	3,224745E+0	2,594737E-3	-1,261932E-3
20220325 14:41:27,572	d1_0_1139_20220325_14_41_27,572.bmp	1,309184E+0	3,241294E+0	1,321881E-3	2,557098E-3
20220325 14:41:33,575	d1_0_1140_20220325_14_41_33,575.bmp	1,310457E+0	3,265480E+0	-3,769540E-3	1,107786E-5
20220325 14:41:39,577	d1_0_1141_20220325_14_41_39,577.bmp	1,301548E+0	3,283302E+0	2,594737E-3	1,107786E-5
20220325 14:41:45,578	d1_0_1142_20220325_14_41_45,578.bmp	1,300275E+0	3,303669E+0	2,594737E-3	-1,261932E-3
20220325 14:41:51,581	d1_0_1143_20220325_14_41_51,581.bmp	1,304093E+0	3,325310E+0	4,902598E-5	-1,261932E-3
20220325 14:41:57,585	d1_0_1144_20220325_14_41_57,585.bmp	1,305366E+0	3,345677E+0	-1,223829E-3	-3,807953E-3
20220325 14:42:03,588	d1_0_1145_20220325_14_42_03,588.bmp	1,310457E+0	3,364772E+0	-5,042396E-3	1,107786E-5
20220325 14:42:09,592	d1_0_1146_20220325_14_42_09,592.bmp	1,309184E+0	3,382593E+0	1,321881E-3	2,557098E-3
20220325 14:42:15,600	d1_0_1147_20220325_14_42_15,600.bmp	1,316820E+0	3,404234E+0	-3,769540E-3	1,107786E-5
20220325 14:42:21,606	d1_0_1148_20220325_14_42_21,606.bmp	1,316820E+0	3,424602E+0	-3,769540E-3	1,107786E-5
20220325 14:42:27,610	d1_0_1149_20220325_14_42_27,610.bmp	1,313002E+0	3,444969E+0	4,902598E-5	-3,807953E-3
20220325 14:42:33,611	d1_0_1150_20220325_14_42_33,611.bmp	1,310457E+0	3,461518E+0	2,594737E-3	2,557098E-3
20220325 14:42:39,615	d1_0_1151_20220325_14_42_39,615.bmp	1,311730E+0	3,483158E+0	-1,223829E-3	1,107786E-5
20220325 14:42:45,626	d1_0_1152_20220325_14_42_45,626.bmp	1,316820E+0	3,503526E+0	4,902598E-5	1,107786E-5
20220325 14:42:51,630	d1_0_1153_20220325_14_42_51,630.bmp	1,319366E+0	3,523893E+0	-1,223829E-3	1,107786E-5
20220325 14:42:57,635	d1_0_1154_20220325_14_42_57,635.bmp	1,321911E+0	3,546807E+0	-1,223829E-3	-3,807953E-3
20220325 14:43:03,637	d1_0_1155_20220325_14_43_03,637.bmp	1,327002E+0	3,564629E+0	4,902598E-5	1,107786E-5
20220325 14:43:09,641	d1_0_1156_20220325_14_43_09,641.bmp	1,325729E+0	3,584996E+0	3,867592E-3	1,107786E-5
20220325 14:43:15,651	d1_0_1157_20220325_14_43_15,651.bmp	1,330820E+0	3,604091E+0	4,902598E-5	-3,807953E-3
