20220325 14:25:08,800	d1_1_976_20220325_14_25_08,800.bmp	-2,988033E-3	2,321879E-2	4,902598E-5	-3,807953E-3
20220325 14:25:14,804	d1_1_977_20220325_14_25_14,804.bmp	4,282981E-2	2,851233E-3	4,902598E-5	-1,261932E-3
20220325 14:25:20,806	d1_1_978_20220325_14_25_20,806.bmp	2,413738E-1	2,831068E-2	-2,496685E-3	-5,080963E-3
20220325 14:25:26,807	d1_1_979_20220325_14_25_26,807.bmp	4,526450E-1	4,485933E-2	-3,769540E-3	-1,261932E-3
20220325 14:25:32,819	d1_1_980_20220325_14_25_32,819.bmp	6,728252E-1	6,649986E-2	-3,769540E-3	-5,080963E-3
20220325 14:25:38,825	d1_1_981_20220325_14_25_38,825.bmp	8,840963E-1	8,177553E-2	2,594737E-3	1,284088E-3
20220325 14:25:44,829	d1_1_982_20220325_14_25_44,829.bmp	1,106822E+0	1,046890E-1	4,902598E-5	-1,261932E-3
20220325 14:25:50,832	d1_1_983_20220325_14_25_50,832.bmp	1,319366E+0	1,212377E-1	2,594737E-3	1,284088E-3
20220325 14:25:56,837	d1_1_984_20220325_14_25_56,837.bmp	1,542091E+0	1,441512E-1	4,902598E-5	-1,261932E-3
20220325 14:26:02,845	d1_1_985_20220325_14_26_02,845.bmp	1,759726E+0	1,645188E-1	4,902598E-5	1,107786E-5
20220325 14:26:08,850	d1_1_986_20220325_14_26_08,850.bmp	1,969725E+0	1,823404E-1	1,321881E-3	2,557098E-3
20220325 14:26:14,856	d1_1_987_20220325_14_26_14,856.bmp	2,186087E+0	2,014350E-1	3,867592E-3	2,557098E-3
20220325 14:26:20,857	d1_1_988_20220325_14_26_20,857.bmp	2,396085E+0	2,230755E-1	4,902598E-5	2,557098E-3
20220325 14:26:26,860	d1_1_989_20220325_14_26_26,860.bmp	2,598447E+0	2,447160E-1	2,594737E-3	-1,261932E-3
20220325 14:26:32,861	d1_1_990_20220325_14_26_32,861.bmp	2,800809E+0	2,638106E-1	2,594737E-3	1,107786E-5
20220325 14:26:38,871	d1_1_991_20220325_14_26_38,871.bmp	3,006990E+0	2,879971E-1	-2,496685E-3	-5,080963E-3
20220325 14:26:44,880	d1_1_992_20220325_14_26_44,880.bmp	3,197897E+0	3,045457E-1	4,902598E-5	-1,261932E-3
20220325 14:26:50,884	d1_1_993_20220325_14_26_50,884.bmp	3,387532E+0	3,210944E-1	2,594737E-3	1,284088E-3
20220325 14:26:56,889	d1_1_994_20220325_14_26_56,889.bmp	3,577167E+0	3,465538E-1	-5,042396E-3	-3,807953E-3
20220325 14:27:02,899	d1_1_995_20220325_14_27_02,899.bmp	3,748984E+0	3,643755E-1	2,594737E-3	-1,261932E-3
20220325 14:27:08,900	d1_1_996_20220325_14_27_08,900.bmp	3,920801E+0	3,821971E-1	2,594737E-3	2,557098E-3
20220325 14:27:14,906	d1_1_997_20220325_14_27_14,906.bmp	4,086255E+0	4,051106E-1	-3,769540E-3	1,107786E-5
20220325 14:27:20,911	d1_1_998_20220325_14_27_20,911.bmp	4,222435E+0	4,242052E-1	3,867592E-3	1,107786E-5
20220325 14:27:26,912	d1_1_999_20220325_14_27_26,912.bmp	4,349707E+0	4,458457E-1	4,902598E-5	1,107786E-5
20220325 14:27:32,916	d1_1_1000_20220325_14_27_32,916.bmp	4,438797E+0	4,636673E-1	4,902598E-5	-5,080963E-3
20220325 14:27:38,917	d1_1_1001_20220325_14_27_38,917.bmp	4,497342E+0	4,840349E-1	-5,042396E-3	-3,807953E-3
20220325 14:27:44,918	d1_1_1002_20220325_14_27_44,918.bmp	4,494797E+0	5,069484E-1	-3,769540E-3	-3,807953E-3
20220325 14:27:50,928	d1_1_1003_20220325_14_27_50,928.bmp	4,292435E+0	5,222241E-1	3,867592E-3	2,557098E-3
20220325 14:27:56,934	d1_1_1004_20220325_14_27_56,934.bmp	3,994619E+0	5,400457E-1	2,594737E-3	2,557098E-3
20220325 14:28:02,941	d1_1_1005_20220325_14_28_02,941.bmp	3,782075E+0	5,616862E-1	4,902598E-5	2,557098E-3
20220325 14:28:08,946	d1_1_1006_20220325_14_28_08,946.bmp	3,668803E+0	5,871457E-1	-5,042396E-3	-3,807953E-3
20220325 14:28:14,947	d1_1_1007_20220325_14_28_14,947.bmp	3,535168E+0	6,036943E-1	2,594737E-3	-1,261932E-3
20220325 14:28:20,955	d1_1_1008_20220325_14_28_20,955.bmp	3,429532E+0	6,240619E-1	1,321881E-3	1,107786E-5
20220325 14:28:26,957	d1_1_1009_20220325_14_28_26,957.bmp	3,372260E+0	6,482483E-1	-2,496685E-3	-5,080963E-3
20220325 14:28:32,964	d1_1_1010_20220325_14_28_32,964.bmp	3,323896E+0	6,609781E-1	1,321881E-3	2,557098E-3
20220325 14:28:38,965	d1_1_1011_20220325_14_28_38,965.bmp	3,284442E+0	6,877105E-1	4,902598E-5	-3,807953E-3
20220325 14:28:44,970	d1_1_1012_20220325_14_28_44,970.bmp	3,229715E+0	7,004402E-1	4,902598E-5	-1,261932E-3
20220325 14:28:50,976	d1_1_1013_20220325_14_28_50,976.bmp	3,141898E+0	7,208078E-1	2,594737E-3	2,557098E-3
20220325 14:28:56,977	d1_1_1014_20220325_14_28_56,977.bmp	3,083353E+0	7,462672E-1	-3,769540E-3	1,107786E-5
20220325 14:29:02,984	d1_1_1015_20220325_14_29_02,984.bmp	3,041353E+0	7,679078E-1	-3,769540E-3	-3,807953E-3
20220325 14:29:08,990	d1_1_1016_20220325_14_29_08,990.bmp	3,010808E+0	7,882753E-1	-3,769540E-3	-3,807953E-3
20220325 14:29:14,994	d1_1_1017_20220325_14_29_14,994.bmp	2,985354E+0	8,048240E-1	4,902598E-5	-1,261932E-3
20220325 14:29:20,996	d1_1_1018_20220325_14_29_20,996.bmp	2,972626E+0	8,239186E-1	4,902598E-5	-1,261932E-3
20220325 14:29:27,000	d1_1_1019_20220325_14_29_27,000.bmp	2,959899E+0	8,468321E-1	-3,769540E-3	-3,807953E-3
20220325 14:29:33,002	d1_1_1020_20220325_14_29_33,002.bmp	2,933172E+0	8,646537E-1	1,321881E-3	1,107786E-5
20220325 14:29:39,012	d1_1_1021_20220325_14_29_39,012.bmp	2,894991E+0	8,875672E-1	-3,769540E-3	-3,807953E-3
20220325 14:29:45,020	d1_1_1022_20220325_14_29_45,020.bmp	2,837718E+0	9,015699E-1	2,594737E-3	2,557098E-3
20220325 14:29:51,021	d1_1_1023_20220325_14_29_51,021.bmp	2,774082E+0	9,257564E-1	4,902598E-5	-3,807953E-3
20220325 14:29:57,023	d1_1_1024_20220325_14_29_57,023.bmp	2,683719E+0	9,435780E-1	-1,223829E-3	1,107786E-5
20220325 14:30:03,024	d1_1_1025_20220325_14_30_03,024.bmp	2,557720E+0	9,677645E-1	-1,223829E-3	-3,807953E-3
20220325 14:30:09,028	d1_1_1026_20220325_14_30_09,028.bmp	2,435539E+0	9,843131E-1	-3,769540E-3	1,107786E-5
20220325 14:30:15,031	d1_1_1027_20220325_14_30_15,031.bmp	2,347722E+0	1,004681E+0	-1,223829E-3	1,107786E-5
20220325 14:30:21,038	d1_1_1028_20220325_14_30_21,038.bmp	2,280268E+0	1,022502E+0	2,594737E-3	2,557098E-3
20220325 14:30:27,044	d1_1_1029_20220325_14_30_27,044.bmp	2,229359E+0	1,046689E+0	-1,223829E-3	-3,807953E-3
20220325 14:30:33,045	d1_1_1030_20220325_14_30_33,045.bmp	2,174632E+0	1,064510E+0	2,594737E-3	-1,261932E-3
20220325 14:30:39,049	d1_1_1031_20220325_14_30_39,049.bmp	2,150451E+0	1,083605E+0	4,902598E-5	1,107786E-5
20220325 14:30:45,052	d1_1_1032_20220325_14_30_45,052.bmp	2,142814E+0	1,105246E+0	-1,223829E-3	1,107786E-5
20220325 14:30:51,057	d1_1_1033_20220325_14_30_51,057.bmp	2,131360E+0	1,121794E+0	2,594737E-3	1,284088E-3
20220325 14:30:57,060	d1_1_1034_20220325_14_30_57,060.bmp	2,128814E+0	1,140889E+0	1,321881E-3	3,830109E-3
20220325 14:31:03,067	d1_1_1035_20220325_14_31_03,067.bmp	2,132633E+0	1,163802E+0	4,902598E-5	1,107786E-5
20220325 14:31:09,074	d1_1_1036_20220325_14_31_09,074.bmp	2,127542E+0	1,181624E+0	3,867592E-3	2,557098E-3
20220325 14:31:15,079	d1_1_1037_20220325_14_31_15,079.bmp	2,131360E+0	1,205810E+0	4,902598E-5	1,107786E-5
20220325 14:31:21,081	d1_1_1038_20220325_14_31_21,081.bmp	2,135178E+0	1,227451E+0	-3,769540E-3	-3,807953E-3
20220325 14:31:27,082	d1_1_1039_20220325_14_31_27,082.bmp	2,133905E+0	1,244000E+0	1,321881E-3	1,107786E-5
20220325 14:31:33,086	d1_1_1040_20220325_14_31_33,086.bmp	2,142814E+0	1,263094E+0	4,902598E-5	1,107786E-5
20220325 14:31:39,092	d1_1_1041_20220325_14_31_39,092.bmp	2,152996E+0	1,283462E+0	4,902598E-5	1,107786E-5
20220325 14:31:45,098	d1_1_1042_20220325_14_31_45,098.bmp	2,154269E+0	1,303829E+0	-1,223829E-3	1,107786E-5
20220325 14:31:51,100	d1_1_1043_20220325_14_31_51,100.bmp	2,151723E+0	1,321651E+0	4,902598E-5	2,557098E-3
20220325 14:31:57,102	d1_1_1044_20220325_14_31_57,102.bmp	2,149178E+0	1,347110E+0	-3,769540E-3	1,107786E-5
20220325 14:32:03,107	d1_1_1045_20220325_14_32_03,107.bmp	2,126269E+0	1,370024E+0	-1,223829E-3	-3,807953E-3
20220325 14:32:09,112	d1_1_1046_20220325_14_32_09,112.bmp	2,091906E+0	1,381481E+0	4,902598E-5	1,284088E-3
20220325 14:32:15,121	d1_1_1047_20220325_14_32_15,121.bmp	2,066451E+0	1,403121E+0	4,902598E-5	2,557098E-3
20220325 14:32:21,127	d1_1_1048_20220325_14_32_21,127.bmp	2,048633E+0	1,423489E+0	-3,769540E-3	-3,807953E-3
20220325 14:32:27,130	d1_1_1049_20220325_14_32_27,130.bmp	2,020633E+0	1,443856E+0	4,902598E-5	1,107786E-5
20220325 14:32:33,134	d1_1_1050_20220325_14_32_33,134.bmp	1,996452E+0	1,461678E+0	2,594737E-3	2,557098E-3
20220325 14:32:39,137	d1_1_1051_20220325_14_32_39,137.bmp	1,982452E+0	1,487137E+0	-3,769540E-3	-3,807953E-3
20220325 14:32:45,140	d1_1_1052_20220325_14_32_45,140.bmp	1,969725E+0	1,508778E+0	-1,223829E-3	-1,261932E-3
20220325 14:32:51,147	d1_1_1053_20220325_14_32_51,147.bmp	1,950634E+0	1,525326E+0	2,594737E-3	1,284088E-3
20220325 14:32:57,157	d1_1_1054_20220325_14_32_57,157.bmp	1,925180E+0	1,543148E+0	1,321881E-3	2,557098E-3
20220325 14:33:03,159	d1_1_1055_20220325_14_33_03,159.bmp	1,885725E+0	1,562243E+0	2,594737E-3	3,830109E-3
20220325 14:33:09,160	d1_1_1056_20220325_14_33_09,160.bmp	1,850089E+0	1,583883E+0	4,902598E-5	-2,534943E-3
20220325 14:33:15,164	d1_1_1057_20220325_14_33_15,164.bmp	1,823362E+0	1,601705E+0	4,902598E-5	2,557098E-3
20220325 14:33:21,167	d1_1_1058_20220325_14_33_21,167.bmp	1,805544E+0	1,622072E+0	2,594737E-3	1,284088E-3
20220325 14:33:27,176	d1_1_1059_20220325_14_33_27,176.bmp	1,795362E+0	1,644986E+0	-2,496685E-3	1,107786E-5
20220325 14:33:33,177	d1_1_1060_20220325_14_33_33,177.bmp	1,783908E+0	1,664080E+0	4,902598E-5	1,107786E-5
20220325 14:33:39,183	d1_1_1061_20220325_14_33_39,183.bmp	1,772453E+0	1,680629E+0	1,321881E-3	2,557098E-3
20220325 14:33:45,184	d1_1_1062_20220325_14_33_45,184.bmp	1,771181E+0	1,703543E+0	2,594737E-3	1,284088E-3
20220325 14:33:51,186	d1_1_1063_20220325_14_33_51,186.bmp	1,772453E+0	1,725183E+0	-1,223829E-3	-1,261932E-3
20220325 14:33:57,191	d1_1_1064_20220325_14_33_57,191.bmp	1,773726E+0	1,745551E+0	4,902598E-5	1,107786E-5
20220325 14:34:03,193	d1_1_1065_20220325_14_34_03,193.bmp	1,781362E+0	1,765918E+0	-3,769540E-3	1,107786E-5
20220325 14:34:09,194	d1_1_1066_20220325_14_34_09,194.bmp	1,781362E+0	1,783740E+0	4,902598E-5	1,107786E-5
20220325 14:34:15,202	d1_1_1067_20220325_14_34_15,202.bmp	1,782635E+0	1,807926E+0	-1,223829E-3	-3,807953E-3
20220325 14:34:21,212	d1_1_1068_20220325_14_34_21,212.bmp	1,785181E+0	1,825748E+0	-1,223829E-3	1,107786E-5
20220325 14:34:27,217	d1_1_1069_20220325_14_34_27,217.bmp	1,778817E+0	1,843570E+0	-3,769540E-3	1,107786E-5
20220325 14:34:33,218	d1_1_1070_20220325_14_34_33,218.bmp	1,773726E+0	1,862664E+0	1,321881E-3	2,557098E-3
20220325 14:34:39,223	d1_1_1071_20220325_14_34_39,223.bmp	1,778817E+0	1,885578E+0	4,902598E-5	1,107786E-5
20220325 14:34:45,224	d1_1_1072_20220325_14_34_45,224.bmp	1,783908E+0	1,908491E+0	-3,769540E-3	-3,807953E-3
20220325 14:34:51,232	d1_1_1073_20220325_14_34_51,232.bmp	1,782635E+0	1,921221E+0	2,594737E-3	2,557098E-3
20220325 14:34:57,237	d1_1_1074_20220325_14_34_57,237.bmp	1,787726E+0	1,940316E+0	2,594737E-3	1,107786E-5
20220325 14:35:03,242	d1_1_1075_20220325_14_35_03,242.bmp	1,792817E+0	1,965775E+0	3,867592E-3	1,284088E-3
20220325 14:35:09,246	d1_1_1076_20220325_14_35_09,246.bmp	1,796635E+0	1,983597E+0	1,321881E-3	1,107786E-5
20220325 14:35:15,250	d1_1_1077_20220325_14_35_15,250.bmp	1,788999E+0	2,005237E+0	1,321881E-3	1,107786E-5
20220325 14:35:21,252	d1_1_1078_20220325_14_35_21,252.bmp	1,774999E+0	2,024332E+0	4,902598E-5	1,107786E-5
20220325 14:35:27,261	d1_1_1079_20220325_14_35_27,261.bmp	1,753363E+0	2,044699E+0	4,902598E-5	1,107786E-5
20220325 14:35:33,269	d1_1_1080_20220325_14_35_33,269.bmp	1,727908E+0	2,062521E+0	1,321881E-3	2,557098E-3
20220325 14:35:39,274	d1_1_1081_20220325_14_35_39,274.bmp	1,699908E+0	2,087980E+0	-3,769540E-3	1,107786E-5
20220325 14:35:45,277	d1_1_1082_20220325_14_35_45,277.bmp	1,663000E+0	2,101983E+0	4,902598E-5	2,557098E-3
20220325 14:35:51,288	d1_1_1083_20220325_14_35_51,288.bmp	1,635000E+0	2,124897E+0	-1,223829E-3	1,107786E-5
20220325 14:35:57,294	d1_1_1084_20220325_14_35_57,294.bmp	1,609546E+0	2,140172E+0	1,321881E-3	2,557098E-3
20220325 14:36:03,300	d1_1_1085_20220325_14_36_03,300.bmp	1,589182E+0	2,164359E+0	4,902598E-5	1,107786E-5
20220325 14:36:09,302	d1_1_1086_20220325_14_36_09,302.bmp	1,575182E+0	2,182180E+0	2,594737E-3	3,830109E-3
20220325 14:36:15,303	d1_1_1087_20220325_14_36_15,303.bmp	1,577728E+0	2,205094E+0	-3,769540E-3	-1,261932E-3
20220325 14:36:21,308	d1_1_1088_20220325_14_36_21,308.bmp	1,575182E+0	2,228007E+0	-2,496685E-3	-3,807953E-3
20220325 14:36:27,317	d1_1_1089_20220325_14_36_27,317.bmp	1,572637E+0	2,243283E+0	-1,223829E-3	-1,261932E-3
20220325 14:36:33,323	d1_1_1090_20220325_14_36_33,323.bmp	1,571364E+0	2,261105E+0	-1,223829E-3	2,557098E-3
20220325 14:36:39,326	d1_1_1091_20220325_14_36_39,326.bmp	1,568819E+0	2,284018E+0	4,902598E-5	1,107786E-5
20220325 14:36:45,329	d1_1_1092_20220325_14_36_45,329.bmp	1,573909E+0	2,304386E+0	4,902598E-5	1,107786E-5
20220325 14:36:51,334	d1_1_1093_20220325_14_36_51,334.bmp	1,570091E+0	2,324753E+0	2,594737E-3	1,107786E-5
20220325 14:36:57,335	d1_1_1094_20220325_14_36_57,335.bmp	1,575182E+0	2,347667E+0	-2,496685E-3	1,107786E-5
20220325 14:37:03,339	d1_1_1095_20220325_14_37_03,339.bmp	1,575182E+0	2,360396E+0	1,321881E-3	3,830109E-3
20220325 14:37:09,343	d1_1_1096_20220325_14_37_09,343.bmp	1,572637E+0	2,387129E+0	-1,223829E-3	-2,534943E-3
20220325 14:37:15,348	d1_1_1097_20220325_14_37_15,348.bmp	1,561182E+0	2,404951E+0	3,867592E-3	-1,261932E-3
20220325 14:37:21,350	d1_1_1098_20220325_14_37_21,350.bmp	1,552273E+0	2,424045E+0	4,902598E-5	1,284088E-3
20220325 14:37:27,352	d1_1_1099_20220325_14_37_27,352.bmp	1,543364E+0	2,446959E+0	-3,769540E-3	-3,807953E-3
20220325 14:37:33,356	d1_1_1100_20220325_14_37_33,356.bmp	1,533182E+0	2,467326E+0	-3,769540E-3	1,107786E-5
20220325 14:37:39,360	d1_1_1101_20220325_14_37_39,360.bmp	1,520455E+0	2,487694E+0	4,902598E-5	1,107786E-5
20220325 14:37:45,371	d1_1_1102_20220325_14_37_45,371.bmp	1,514092E+0	2,508061E+0	-3,769540E-3	-3,807953E-3
20220325 14:37:51,372	d1_1_1103_20220325_14_37_51,372.bmp	1,509001E+0	2,527156E+0	-3,769540E-3	-3,807953E-3
20220325 14:37:57,376	d1_1_1104_20220325_14_37_57,376.bmp	1,502637E+0	2,547523E+0	-1,223829E-3	-3,807953E-3
20220325 14:38:03,377	d1_1_1105_20220325_14_38_03,377.bmp	1,497546E+0	2,562799E+0	4,902598E-5	-1,261932E-3
20220325 14:38:09,378	d1_1_1106_20220325_14_38_09,378.bmp	1,495001E+0	2,585713E+0	-3,769540E-3	-3,807953E-3
20220325 14:38:15,380	d1_1_1107_20220325_14_38_15,380.bmp	1,486092E+0	2,603534E+0	4,902598E-5	1,107786E-5
20220325 14:38:21,382	d1_1_1108_20220325_14_38_21,382.bmp	1,482274E+0	2,623902E+0	4,902598E-5	1,107786E-5
20220325 14:38:27,387	d1_1_1109_20220325_14_38_27,387.bmp	1,479728E+0	2,644269E+0	4,902598E-5	1,107786E-5
20220325 14:38:33,397	d1_1_1110_20220325_14_38_33,397.bmp	1,479728E+0	2,663364E+0	-2,496685E-3	-1,261932E-3
20220325 14:38:39,406	d1_1_1111_20220325_14_38_39,406.bmp	1,478456E+0	2,685004E+0	-1,223829E-3	1,107786E-5
20220325 14:38:45,411	d1_1_1112_20220325_14_38_45,411.bmp	1,477183E+0	2,707918E+0	-1,223829E-3	-3,807953E-3
20220325 14:38:51,415	d1_1_1113_20220325_14_38_51,415.bmp	1,474637E+0	2,724467E+0	-3,769540E-3	1,284088E-3
20220325 14:38:57,419	d1_1_1114_20220325_14_38_57,419.bmp	1,465728E+0	2,746107E+0	4,902598E-5	-3,807953E-3
20220325 14:39:03,425	d1_1_1115_20220325_14_39_03,425.bmp	1,455547E+0	2,760110E+0	3,867592E-3	3,830109E-3
20220325 14:39:09,432	d1_1_1116_20220325_14_39_09,432.bmp	1,454274E+0	2,784296E+0	-1,223829E-3	1,107786E-5
20220325 14:39:15,437	d1_1_1117_20220325_14_39_15,437.bmp	1,445365E+0	2,800845E+0	3,867592E-3	1,284088E-3
20220325 14:39:21,438	d1_1_1118_20220325_14_39_21,438.bmp	1,446638E+0	2,823759E+0	4,902598E-5	-1,261932E-3
20220325 14:39:27,441	d1_1_1119_20220325_14_39_27,441.bmp	1,441547E+0	2,844126E+0	4,902598E-5	1,107786E-5
20220325 14:39:33,445	d1_1_1120_20220325_14_39_33,445.bmp	1,439001E+0	2,864494E+0	-3,769540E-3	1,107786E-5
20220325 14:39:39,457	d1_1_1121_20220325_14_39_39,457.bmp	1,428820E+0	2,882315E+0	4,902598E-5	1,107786E-5
20220325 14:39:45,458	d1_1_1122_20220325_14_39_45,458.bmp	1,428820E+0	2,907775E+0	-3,769540E-3	-3,807953E-3
20220325 14:39:51,462	d1_1_1123_20220325_14_39_51,462.bmp	1,422456E+0	2,925596E+0	4,902598E-5	1,107786E-5
20220325 14:39:57,467	d1_1_1124_20220325_14_39_57,467.bmp	1,423729E+0	2,944691E+0	4,902598E-5	1,107786E-5
20220325 14:40:03,472	d1_1_1125_20220325_14_40_03,472.bmp	1,414820E+0	2,959967E+0	2,594737E-3	2,557098E-3
20220325 14:40:09,476	d1_1_1126_20220325_14_40_09,476.bmp	1,412274E+0	2,985426E+0	4,902598E-5	1,107786E-5
20220325 14:40:15,482	d1_1_1127_20220325_14_40_15,482.bmp	1,413547E+0	3,004521E+0	-3,769540E-3	-1,261932E-3
20220325 14:40:21,487	d1_1_1128_20220325_14_40_21,487.bmp	1,412274E+0	3,027434E+0	-3,769540E-3	-2,534943E-3
20220325 14:40:27,488	d1_1_1129_20220325_14_40_27,488.bmp	1,402093E+0	3,043983E+0	4,902598E-5	1,107786E-5
20220325 14:40:33,491	d1_1_1130_20220325_14_40_33,491.bmp	1,398274E+0	3,064350E+0	4,902598E-5	-1,261932E-3
20220325 14:40:39,493	d1_1_1131_20220325_14_40_39,493.bmp	1,391911E+0	3,084718E+0	4,902598E-5	1,107786E-5
20220325 14:40:45,495	d1_1_1132_20220325_14_40_45,495.bmp	1,384274E+0	3,103812E+0	2,594737E-3	2,557098E-3
20220325 14:40:51,500	d1_1_1133_20220325_14_40_51,500.bmp	1,379184E+0	3,126726E+0	-5,042396E-3	-5,080963E-3
20220325 14:40:57,511	d1_1_1134_20220325_14_40_57,511.bmp	1,361366E+0	3,144548E+0	4,902598E-5	1,107786E-5
20220325 14:41:03,516	d1_1_1135_20220325_14_41_03,516.bmp	1,346093E+0	3,164915E+0	4,902598E-5	1,107786E-5
20220325 14:41:09,518	d1_1_1136_20220325_14_41_09,518.bmp	1,337184E+0	3,181464E+0	4,902598E-5	2,557098E-3
20220325 14:41:15,522	d1_1_1137_20220325_14_41_15,522.bmp	1,327002E+0	3,203104E+0	4,902598E-5	-3,807953E-3
20220325 14:41:21,526	d1_1_1138_20220325_14_41_21,526.bmp	1,320639E+0	3,223472E+0	4,902598E-5	-3,807953E-3
20220325 14:41:27,538	d1_1_1139_20220325_14_41_27,538.bmp	1,314275E+0	3,247658E+0	4,902598E-5	-3,807953E-3
20220325 14:41:33,540	d1_1_1140_20220325_14_41_33,540.bmp	1,306639E+0	3,264207E+0	4,902598E-5	3,830109E-3
20220325 14:41:39,543	d1_1_1141_20220325_14_41_39,543.bmp	1,304093E+0	3,284575E+0	-2,496685E-3	1,107786E-5
20220325 14:41:45,544	d1_1_1142_20220325_14_41_45,544.bmp	1,305366E+0	3,307488E+0	4,902598E-5	-2,534943E-3
20220325 14:41:51,549	d1_1_1143_20220325_14_41_51,549.bmp	1,305366E+0	3,322764E+0	1,321881E-3	1,284088E-3
20220325 14:41:57,550	d1_1_1144_20220325_14_41_57,550.bmp	1,309184E+0	3,348223E+0	-3,769540E-3	-5,080963E-3
20220325 14:42:03,551	d1_1_1145_20220325_14_42_03,551.bmp	1,309184E+0	3,364772E+0	4,902598E-5	1,107786E-5
20220325 14:42:09,553	d1_1_1146_20220325_14_42_09,553.bmp	1,309184E+0	3,381321E+0	2,594737E-3	1,284088E-3
20220325 14:42:15,562	d1_1_1147_20220325_14_42_15,562.bmp	1,311730E+0	3,401688E+0	2,594737E-3	1,284088E-3
20220325 14:42:21,571	d1_1_1148_20220325_14_42_21,571.bmp	1,314275E+0	3,422056E+0	4,902598E-5	1,284088E-3
20220325 14:42:27,574	d1_1_1149_20220325_14_42_27,574.bmp	1,316820E+0	3,443696E+0	-1,223829E-3	-1,261932E-3
20220325 14:42:33,578	d1_1_1150_20220325_14_42_33,578.bmp	1,315548E+0	3,467883E+0	-3,769540E-3	-3,807953E-3
20220325 14:42:39,583	d1_1_1151_20220325_14_42_39,583.bmp	1,316820E+0	3,486977E+0	-3,769540E-3	-1,261932E-3
20220325 14:42:45,593	d1_1_1152_20220325_14_42_45,593.bmp	1,315548E+0	3,507345E+0	4,902598E-5	-3,807953E-3
20220325 14:42:51,599	d1_1_1153_20220325_14_42_51,599.bmp	1,319366E+0	3,523893E+0	-1,223829E-3	1,284088E-3
20220325 14:42:57,605	d1_1_1154_20220325_14_42_57,605.bmp	1,321911E+0	3,544261E+0	4,902598E-5	-1,261932E-3
20220325 14:43:03,609	d1_1_1155_20220325_14_43_03,609.bmp	1,325729E+0	3,564629E+0	4,902598E-5	1,284088E-3
20220325 14:43:09,613	d1_1_1156_20220325_14_43_09,613.bmp	1,329548E+0	3,587542E+0	4,902598E-5	-3,807953E-3
20220325 14:43:15,617	d1_1_1157_20220325_14_43_15,617.bmp	1,330820E+0	3,598999E+0	4,902598E-5	1,107786E-5
