-8.254271367752152280e-05
1.458295082446811052e-05
7.462003657539747516e-03
2.334005701128459218e-02
4.713242972478993292e-02
8.735910100445906656e-02
1.280359358925736990e-01
1.953822612488213539e-01
2.606736525280913264e-01
3.417319799386193124e-01
4.289051236334092132e-01
5.227683331965663482e-01
6.172417047635673226e-01
7.357980115105873242e-01
8.418800830133152946e-01
9.822321499498498643e-01
1.100742417228973258e+00
1.257124009013218080e+00
1.421237245935885296e+00
1.565242644829428320e+00
1.729336534691583882e+00
1.899824874658030183e+00
2.082421298195012316e+00
2.227828776841081382e+00
2.367075908314595800e+00
2.516796346718072730e+00
2.609643192939001821e+00
2.480486555199497012e+00
2.355782311333779244e+00
2.192587119105736893e+00
2.150757346389653879e+00
2.088991192189046497e+00
2.028388253387877427e+00
2.009666778785647256e+00
2.027334857472276042e+00
2.003242089624382327e+00
1.990170170617264978e+00
1.942138001399201341e+00
1.907388669681613802e+00
1.895314936382965998e+00
1.918369043774842853e+00
1.940131458179114698e+00
1.946152368765868390e+00
1.959380534996959966e+00
1.979861480364668358e+00
1.971191665014493166e+00
1.932607970317445245e+00
1.863406937916533224e+00
1.735258923393300456e+00
1.674348331789989874e+00
1.625014583009450453e+00
1.557880524417538659e+00
1.516789131555607684e+00
1.356953730234577105e+00
1.342696822315396776e+00
1.357163132780663028e+00
1.363170984042329836e+00
1.383480169881519339e+00
1.409115938863305661e+00
1.457505242507775911e+00
1.477851051418890727e+00
1.505113992448829929e+00
1.526359844606465455e+00
1.556640535770539957e+00
1.578872542330201911e+00
1.631668189026448834e+00
1.659148761363013147e+00
1.660210915376744589e+00
1.657768141259112094e+00
1.658842176814620206e+00
1.645349045537216170e+00
1.647426064796232659e+00
1.651942389916652765e+00
1.651531696868983046e+00
1.535021393090716391e+00
1.541695335695175695e+00
1.534262540584017787e+00
1.525703057422779230e+00
1.514176448187350754e+00
1.498898893742601102e+00
1.510230313270120694e+00
1.509637836264626998e+00
1.522008030588316796e+00
1.529048106544436569e+00
1.547044336727467995e+00
1.551409837212295972e+00
1.584037286447600001e+00
1.618677634331302073e+00
1.634829613054357589e+00
1.655564155802473847e+00
1.658243706507787740e+00
1.673504837974157722e+00
1.678864781471030243e+00
1.695544414746209760e+00
1.707810803563592383e+00
1.733025697959260869e+00
1.747183071092279549e+00
1.763589311997816100e+00
1.766409536431326366e+00
1.759521219188494134e+00
1.742747082841288764e+00
1.732734140234399201e+00
1.703847867310105180e+00
1.663342495457901027e+00
1.647820075454859978e+00
1.623310227575329279e+00
1.602655812222699261e+00
1.597042292571201116e+00
1.600060035571761130e+00
1.613479453267758768e+00
1.607767269733011206e+00
1.614214768281596157e+00
1.618138087686275650e+00
1.627987844746605184e+00
1.641128397168476916e+00
1.648047265603100664e+00
1.673134935691063196e+00
1.660401559943583960e+00
1.657571310774210716e+00
1.648702847103905800e+00
1.637699365174821731e+00
1.633102348742011545e+00
1.623680956982174184e+00
1.635690376661172563e+00
1.619080894171537555e+00
1.625080571825102238e+00
1.629754812541573950e+00
1.636296089280708577e+00
1.636158536546380438e+00
1.642370400465383184e+00
1.649125677597057305e+00
1.657492965127773221e+00
1.664946693935522859e+00
1.660166305943058251e+00
1.662374821652140344e+00
1.666783810349806050e+00
1.663349898913975444e+00
1.668945021647766147e+00
1.672886297382785159e+00
1.667984830566952459e+00
1.680810102929620298e+00
1.677450860760272944e+00
1.681862398598102271e+00
1.685448100754002088e+00
1.692933346771401171e+00
1.695769220798261534e+00
1.699205151523111690e+00
1.713897073438725105e+00
1.714035997835658298e+00
1.716347408955676501e+00
1.708808536327220517e+00
1.714894652401605990e+00
1.703895072105749309e+00
1.705966679863146318e+00
1.675920424787518348e+00
1.667361497969668704e+00
1.640805115070770315e+00
1.647968443211932810e+00
1.632193012983480962e+00
1.630019859935320836e+00
1.640202204419393128e+00
1.638282476377640906e+00
1.649923415315902586e+00
1.661649385854399252e+00
1.676321799592626283e+00
1.696156248627756158e+00
1.711475724473785043e+00
1.715012135756751599e+00
1.716593418575440122e+00
1.730622086596035336e+00
1.739968844484583776e+00
1.747847341794879661e+00
1.759296090305432436e+00
1.782508924358219504e+00
