1.031000000000000000e+03
1.032000000000000000e+03
1.031000000000000000e+03
1.032000000000000000e+03
1.031000000000000000e+03
1.032000000000000000e+03
1.032000000000000000e+03
1.032000000000000000e+03
1.032000000000000000e+03
1.055000000000000000e+03
1.059000000000000000e+03
1.059000000000000000e+03
1.061000000000000000e+03
1.061000000000000000e+03
1.095000000000000000e+03
1.117000000000000000e+03
1.117000000000000000e+03
1.128000000000000000e+03
1.140000000000000000e+03
1.146000000000000000e+03
1.148000000000000000e+03
1.148000000000000000e+03
1.148000000000000000e+03
1.156000000000000000e+03
