20220408 14:17:03,185	c_1_1678_20220408_14_17_03,185.bmp	2,102839E-3	2,851233E-3	-5,042396E-3	-3,807953E-3
20220408 14:17:09,194	c_1_1679_20220408_14_17_09,194.bmp	1,228458E-2	3,052874E-4	-2,496685E-3	1,107786E-5
20220408 14:17:15,206	c_1_1680_20220408_14_17_15,206.bmp	1,510108E-1	2,321879E-2	1,321881E-3	-1,261932E-3
20220408 14:17:21,215	c_1_1681_20220408_14_17_21,215.bmp	3,368276E-1	4,231338E-2	4,902598E-5	-3,807953E-3
20220408 14:17:27,216	c_1_1682_20220408_14_17_27,216.bmp	5,404625E-1	6,013500E-2	-1,223829E-3	-1,261932E-3
20220408 14:17:33,219	c_1_1683_20220408_14_17_33,219.bmp	7,364611E-1	8,050256E-2	4,902598E-5	-3,807953E-3
20220408 14:17:39,221	c_1_1684_20220408_14_17_39,221.bmp	9,451868E-1	1,034161E-1	-3,769540E-3	-3,807953E-3
20220408 14:17:45,236	c_1_1685_20220408_14_17_45,236.bmp	1,153913E+0	1,212377E-1	-1,223829E-3	1,107786E-5
20220408 14:17:51,243	c_1_1686_20220408_14_17_51,243.bmp	1,360093E+0	1,416052E-1	4,902598E-5	1,107786E-5
20220408 14:17:57,245	c_1_1687_20220408_14_17_57,245.bmp	1,565000E+0	1,594269E-1	-2,496685E-3	1,107786E-5
20220408 14:18:03,248	c_1_1688_20220408_14_18_03,248.bmp	1,767363E+0	1,823404E-1	3,867592E-3	-1,261932E-3
20220408 14:18:09,260	c_1_1689_20220408_14_18_09,260.bmp	1,964634E+0	2,027079E-1	2,594737E-3	1,107786E-5
20220408 14:18:15,261	c_1_1690_20220408_14_18_15,261.bmp	2,164451E+0	2,179836E-1	3,867592E-3	1,107786E-5
20220408 14:18:21,265	c_1_1691_20220408_14_18_21,265.bmp	2,364267E+0	2,383512E-1	-1,223829E-3	2,557098E-3
20220408 14:18:27,271	c_1_1692_20220408_14_18_27,271.bmp	2,555175E+0	2,650836E-1	-1,223829E-3	-3,807953E-3
20220408 14:18:33,275	c_1_1693_20220408_14_18_33,275.bmp	2,751173E+0	2,841782E-1	-3,769540E-3	-3,807953E-3
20220408 14:18:39,276	c_1_1694_20220408_14_18_39,276.bmp	2,934445E+0	3,007268E-1	-5,042396E-3	1,107786E-5
20220408 14:18:45,279	c_1_1695_20220408_14_18_45,279.bmp	3,108807E+0	3,198214E-1	4,902598E-5	1,284088E-3
20220408 14:18:51,288	c_1_1696_20220408_14_18_51,288.bmp	3,284442E+0	3,414619E-1	-1,223829E-3	-1,261932E-3
20220408 14:18:57,294	c_1_1697_20220408_14_18_57,294.bmp	3,448623E+0	3,618295E-1	4,902598E-5	1,107786E-5
20220408 14:19:03,298	c_1_1698_20220408_14_19_03,298.bmp	3,600076E+0	3,809241E-1	4,902598E-5	1,107786E-5
20220408 14:19:09,300	c_1_1699_20220408_14_19_09,300.bmp	3,752802E+0	4,025646E-1	-3,769540E-3	-3,807953E-3
20220408 14:19:15,301	c_1_1700_20220408_14_19_15,301.bmp	3,878801E+0	4,178403E-1	1,321881E-3	2,557098E-3
20220408 14:19:21,302	c_1_1701_20220408_14_19_21,302.bmp	4,007346E+0	4,445727E-1	-3,769540E-3	-5,080963E-3
20220408 14:19:27,306	c_1_1702_20220408_14_19_27,306.bmp	4,096436E+0	4,611214E-1	-2,496685E-3	-3,807953E-3
20220408 14:19:33,318	c_1_1703_20220408_14_19_33,318.bmp	4,161345E+0	4,853078E-1	-2,496685E-3	-5,080963E-3
20220408 14:19:39,319	c_1_1704_20220408_14_19_39,319.bmp	4,175345E+0	5,005835E-1	4,902598E-5	-1,261932E-3
20220408 14:19:45,322	c_1_1705_20220408_14_19_45,322.bmp	4,003528E+0	5,184051E-1	2,594737E-3	1,284088E-3
20220408 14:19:51,325	c_1_1706_20220408_14_19_51,325.bmp	3,678985E+0	5,438646E-1	-3,769540E-3	-3,807953E-3
20220408 14:19:57,326	c_1_1707_20220408_14_19_57,326.bmp	3,509713E+0	5,578673E-1	1,321881E-3	2,557098E-3
20220408 14:20:03,328	c_1_1708_20220408_14_20_03,328.bmp	3,420623E+0	5,782348E-1	2,594737E-3	2,557098E-3
20220408 14:20:09,338	c_1_1709_20220408_14_20_09,338.bmp	3,377351E+0	6,011484E-1	4,902598E-5	1,107786E-5
20220408 14:20:15,345	c_1_1710_20220408_14_20_15,345.bmp	3,308624E+0	6,215159E-1	2,594737E-3	1,107786E-5
20220408 14:20:21,349	c_1_1711_20220408_14_20_21,349.bmp	3,261533E+0	6,380646E-1	1,321881E-3	2,557098E-3
20220408 14:20:27,354	c_1_1712_20220408_14_20_27,354.bmp	3,227170E+0	6,622510E-1	1,321881E-3	1,107786E-5
20220408 14:20:33,358	c_1_1713_20220408_14_20_33,358.bmp	3,192807E+0	6,787997E-1	3,867592E-3	-1,261932E-3
20220408 14:20:39,362	c_1_1714_20220408_14_20_39,362.bmp	3,141898E+0	7,017132E-1	2,594737E-3	-1,261932E-3
20220408 14:20:45,367	c_1_1715_20220408_14_20_45,367.bmp	3,068080E+0	7,233537E-1	-3,769540E-3	-3,807953E-3
20220408 14:20:51,374	c_1_1716_20220408_14_20_51,374.bmp	3,033717E+0	7,449943E-1	-3,769540E-3	-3,807953E-3
20220408 14:20:57,379	c_1_1717_20220408_14_20_57,379.bmp	3,040080E+0	7,640888E-1	-2,496685E-3	-3,807953E-3
20220408 14:21:03,383	c_1_1718_20220408_14_21_03,383.bmp	3,036262E+0	7,819105E-1	-2,496685E-3	1,107786E-5
20220408 14:21:09,386	c_1_1719_20220408_14_21_09,386.bmp	3,018444E+0	8,035510E-1	-5,042396E-3	-3,807953E-3
20220408 14:21:15,395	c_1_1720_20220408_14_21_15,395.bmp	2,994263E+0	8,175537E-1	1,321881E-3	2,557098E-3
20220408 14:21:21,409	c_1_1721_20220408_14_21_21,409.bmp	2,971354E+0	8,442861E-1	-3,769540E-3	-3,807953E-3
20220408 14:21:27,414	c_1_1722_20220408_14_21_27,414.bmp	2,944627E+0	8,595618E-1	4,902598E-5	-1,261932E-3
20220408 14:21:33,418	c_1_1723_20220408_14_21_33,418.bmp	2,896263E+0	8,773834E-1	3,867592E-3	2,557098E-3
20220408 14:21:39,424	c_1_1724_20220408_14_21_39,424.bmp	2,852991E+0	9,028429E-1	1,321881E-3	-2,534943E-3
20220408 14:21:45,425	c_1_1725_20220408_14_21_45,425.bmp	2,810991E+0	9,181185E-1	4,902598E-5	3,830109E-3
20220408 14:21:51,431	c_1_1726_20220408_14_21_51,431.bmp	2,765173E+0	9,410320E-1	2,594737E-3	1,107786E-5
20220408 14:21:57,434	c_1_1727_20220408_14_21_57,434.bmp	2,751173E+0	9,639455E-1	-6,315251E-3	-3,807953E-3
20220408 14:22:03,439	c_1_1728_20220408_14_22_03,439.bmp	2,724446E+0	9,855861E-1	4,902598E-5	-3,807953E-3
20220408 14:22:09,443	c_1_1729_20220408_14_22_09,443.bmp	2,672265E+0	1,000862E+0	-2,496685E-3	1,107786E-5
20220408 14:22:15,446	c_1_1730_20220408_14_22_15,446.bmp	2,548811E+0	1,018683E+0	1,321881E-3	2,557098E-3
20220408 14:22:21,456	c_1_1731_20220408_14_22_21,456.bmp	2,481357E+0	1,042870E+0	-3,769540E-3	-1,261932E-3
20220408 14:22:27,458	c_1_1732_20220408_14_22_27,458.bmp	2,416449E+0	1,060691E+0	4,902598E-5	1,107786E-5
20220408 14:22:33,460	c_1_1733_20220408_14_22_33,460.bmp	2,392267E+0	1,083605E+0	4,902598E-5	-3,807953E-3
20220408 14:22:39,466	c_1_1734_20220408_14_22_39,466.bmp	2,379540E+0	1,098881E+0	1,321881E-3	2,557098E-3
20220408 14:22:45,471	c_1_1735_20220408_14_22_45,471.bmp	2,378267E+0	1,120521E+0	4,902598E-5	-1,261932E-3
20220408 14:22:51,476	c_1_1736_20220408_14_22_51,476.bmp	2,371904E+0	1,143435E+0	4,902598E-5	1,107786E-5
20220408 14:22:57,484	c_1_1737_20220408_14_22_57,484.bmp	2,384631E+0	1,161256E+0	4,902598E-5	1,107786E-5
20220408 14:23:03,489	c_1_1738_20220408_14_23_03,489.bmp	2,407540E+0	1,181624E+0	4,902598E-5	1,107786E-5
20220408 14:23:09,494	c_1_1739_20220408_14_23_09,494.bmp	2,436812E+0	1,200718E+0	4,902598E-5	-1,261932E-3
20220408 14:23:15,498	c_1_1740_20220408_14_23_15,498.bmp	2,459721E+0	1,221086E+0	2,594737E-3	1,107786E-5
20220408 14:23:21,502	c_1_1741_20220408_14_23_21,502.bmp	2,494084E+0	1,241454E+0	4,902598E-5	-1,261932E-3
20220408 14:23:27,511	c_1_1742_20220408_14_23_27,511.bmp	2,520812E+0	1,258002E+0	3,867592E-3	1,107786E-5
20220408 14:23:33,518	c_1_1743_20220408_14_23_33,518.bmp	2,555175E+0	1,282189E+0	1,321881E-3	-1,261932E-3
20220408 14:23:39,519	c_1_1744_20220408_14_23_39,519.bmp	2,584447E+0	1,302556E+0	-1,223829E-3	-3,807953E-3
20220408 14:23:45,522	c_1_1745_20220408_14_23_45,522.bmp	2,612447E+0	1,321651E+0	4,902598E-5	-1,261932E-3
20220408 14:23:51,523	c_1_1746_20220408_14_23_51,523.bmp	2,642992E+0	1,339472E+0	-2,496685E-3	2,557098E-3
20220408 14:23:57,524	c_1_1747_20220408_14_23_57,524.bmp	2,668447E+0	1,358567E+0	4,902598E-5	1,107786E-5
20220408 14:24:03,528	c_1_1748_20220408_14_24_03,528.bmp	2,690083E+0	1,381481E+0	-5,042396E-3	1,107786E-5
20220408 14:24:09,537	c_1_1749_20220408_14_24_09,537.bmp	2,698992E+0	1,399302E+0	4,902598E-5	2,557098E-3
20220408 14:24:15,538	c_1_1750_20220408_14_24_15,538.bmp	2,711719E+0	1,418397E+0	1,321881E-3	3,830109E-3
20220408 14:24:21,542	c_1_1751_20220408_14_24_21,542.bmp	2,716810E+0	1,442583E+0	3,867592E-3	1,107786E-5
20220408 14:24:27,544	c_1_1752_20220408_14_24_27,544.bmp	2,724446E+0	1,461678E+0	-1,223829E-3	-1,261932E-3
20220408 14:24:33,549	c_1_1753_20220408_14_24_33,549.bmp	2,742264E+0	1,482045E+0	-3,769540E-3	-1,261932E-3
20220408 14:24:39,552	c_1_1754_20220408_14_24_39,552.bmp	2,752446E+0	1,504959E+0	-1,223829E-3	-3,807953E-3
20220408 14:24:45,554	c_1_1755_20220408_14_24_45,554.bmp	2,767719E+0	1,522781E+0	4,902598E-5	1,107786E-5
20220408 14:24:51,562	c_1_1756_20220408_14_24_51,562.bmp	2,776628E+0	1,544421E+0	-2,496685E-3	-3,807953E-3
20220408 14:24:57,565	c_1_1757_20220408_14_24_57,565.bmp	2,765173E+0	1,559697E+0	1,321881E-3	2,557098E-3
20220408 14:25:03,567	c_1_1758_20220408_14_25_03,567.bmp	2,730810E+0	1,586429E+0	-5,042396E-3	-3,807953E-3
20220408 14:25:09,570	c_1_1759_20220408_14_25_09,570.bmp	2,594629E+0	1,604251E+0	-3,769540E-3	-3,807953E-3
20220408 14:25:15,574	c_1_1760_20220408_14_25_15,574.bmp	2,403721E+0	1,622072E+0	-3,769540E-3	1,107786E-5
20220408 14:25:21,575	c_1_1761_20220408_14_25_21,575.bmp	2,322268E+0	1,642440E+0	-2,496685E-3	1,284088E-3
20220408 14:25:27,577	c_1_1762_20220408_14_25_27,577.bmp	2,258632E+0	1,657716E+0	1,321881E-3	1,284088E-3
20220408 14:25:33,578	c_1_1763_20220408_14_25_33,578.bmp	2,220450E+0	1,680629E+0	1,321881E-3	1,107786E-5
20220408 14:25:39,581	c_1_1764_20220408_14_25_39,581.bmp	2,196268E+0	1,703543E+0	-1,223829E-3	-3,807953E-3
20220408 14:25:45,582	c_1_1765_20220408_14_25_45,582.bmp	2,166996E+0	1,725183E+0	-1,223829E-3	-3,807953E-3
20220408 14:25:51,583	c_1_1766_20220408_14_25_51,583.bmp	2,121178E+0	1,745551E+0	-3,769540E-3	-2,534943E-3
20220408 14:25:57,591	c_1_1767_20220408_14_25_57,591.bmp	2,082997E+0	1,764645E+0	-3,769540E-3	-3,807953E-3
20220408 14:26:03,593	c_1_1768_20220408_14_26_03,593.bmp	2,054997E+0	1,778648E+0	4,902598E-5	1,284088E-3
20220408 14:26:09,594	c_1_1769_20220408_14_26_09,594.bmp	2,028270E+0	1,800289E+0	1,321881E-3	-1,261932E-3
20220408 14:26:15,598	c_1_1770_20220408_14_26_15,598.bmp	2,018088E+0	1,820656E+0	4,902598E-5	1,284088E-3
20220408 14:26:21,598	c_1_1771_20220408_14_26_21,598.bmp	2,006633E+0	1,841024E+0	4,902598E-5	1,107786E-5
20220408 14:26:27,602	c_1_1772_20220408_14_26_27,602.bmp	2,004088E+0	1,863937E+0	-3,769540E-3	-3,807953E-3
20220408 14:26:33,607	c_1_1773_20220408_14_26_33,607.bmp	1,984997E+0	1,877940E+0	-1,223829E-3	2,557098E-3
20220408 14:26:39,613	c_1_1774_20220408_14_26_39,613.bmp	1,941725E+0	1,904672E+0	1,321881E-3	-3,807953E-3
20220408 14:26:45,619	c_1_1775_20220408_14_26_45,619.bmp	1,909907E+0	1,921221E+0	2,594737E-3	1,107786E-5
20220408 14:26:51,624	c_1_1776_20220408_14_26_51,624.bmp	1,898452E+0	1,941588E+0	-1,223829E-3	-1,261932E-3
20220408 14:26:57,628	c_1_1777_20220408_14_26_57,628.bmp	1,900998E+0	1,958137E+0	4,902598E-5	1,284088E-3
20220408 14:27:03,632	c_1_1778_20220408_14_27_03,632.bmp	1,906089E+0	1,986143E+0	-5,042396E-3	-3,807953E-3
20220408 14:27:09,642	c_1_1779_20220408_14_27_09,642.bmp	1,912452E+0	2,000145E+0	3,867592E-3	2,557098E-3
20220408 14:27:15,650	c_1_1780_20220408_14_27_15,650.bmp	1,930270E+0	2,021786E+0	-3,769540E-3	1,284088E-3
20220408 14:27:21,653	c_1_1781_20220408_14_27_21,653.bmp	1,935361E+0	2,038334E+0	2,594737E-3	2,557098E-3
20220408 14:27:27,656	c_1_1782_20220408_14_27_27,656.bmp	1,948088E+0	2,061248E+0	2,594737E-3	-1,261932E-3
20220408 14:27:33,660	c_1_1783_20220408_14_27_33,660.bmp	1,956997E+0	2,079070E+0	2,594737E-3	-1,261932E-3
20220408 14:27:39,664	c_1_1784_20220408_14_27_39,664.bmp	1,977361E+0	2,104529E+0	4,902598E-5	-3,807953E-3
20220408 14:27:45,669	c_1_1785_20220408_14_27_45,669.bmp	1,990088E+0	2,118532E+0	2,594737E-3	2,557098E-3
20220408 14:27:51,675	c_1_1786_20220408_14_27_51,675.bmp	2,006633E+0	2,142718E+0	-1,223829E-3	1,107786E-5
20220408 14:27:57,676	c_1_1787_20220408_14_27_57,676.bmp	2,023179E+0	2,161813E+0	1,321881E-3	1,107786E-5
20220408 14:28:03,680	c_1_1788_20220408_14_28_03,680.bmp	2,033361E+0	2,180907E+0	4,902598E-5	2,557098E-3
20220408 14:28:09,681	c_1_1789_20220408_14_28_09,681.bmp	2,046088E+0	2,197456E+0	5,140448E-3	1,284088E-3
20220408 14:28:15,687	c_1_1790_20220408_14_28_15,687.bmp	2,062633E+0	2,217824E+0	4,902598E-5	2,557098E-3
20220408 14:28:21,689	c_1_1791_20220408_14_28_21,689.bmp	2,067724E+0	2,236918E+0	6,413303E-3	2,557098E-3
20220408 14:28:27,698	c_1_1792_20220408_14_28_27,698.bmp	2,079178E+0	2,261105E+0	1,321881E-3	1,284088E-3
20220408 14:28:33,706	c_1_1793_20220408_14_28_33,706.bmp	2,093178E+0	2,282745E+0	4,902598E-5	-1,261932E-3
20220408 14:28:39,709	c_1_1794_20220408_14_28_39,709.bmp	2,096996E+0	2,305659E+0	4,902598E-5	-3,807953E-3
20220408 14:28:45,711	c_1_1795_20220408_14_28_45,711.bmp	2,107178E+0	2,322207E+0	-3,769540E-3	1,107786E-5
20220408 14:28:51,713	c_1_1796_20220408_14_28_51,713.bmp	2,108451E+0	2,340029E+0	-1,223829E-3	1,107786E-5
20220408 14:28:57,718	c_1_1797_20220408_14_28_57,718.bmp	2,112269E+0	2,357851E+0	4,902598E-5	2,557098E-3
20220408 14:29:03,725	c_1_1798_20220408_14_29_03,725.bmp	2,110996E+0	2,382037E+0	2,594737E-3	2,557098E-3
20220408 14:29:09,733	c_1_1799_20220408_14_29_09,733.bmp	2,113542E+0	2,402405E+0	3,867592E-3	1,107786E-5
20220408 14:29:15,738	c_1_1800_20220408_14_29_15,738.bmp	2,118633E+0	2,421499E+0	-1,223829E-3	-1,261932E-3
20220408 14:29:21,742	c_1_1801_20220408_14_29_21,742.bmp	2,117360E+0	2,444413E+0	-5,042396E-3	1,107786E-5
20220408 14:29:27,745	c_1_1802_20220408_14_29_27,745.bmp	2,114815E+0	2,460961E+0	4,902598E-5	1,107786E-5
20220408 14:29:33,746	c_1_1803_20220408_14_29_33,746.bmp	2,099542E+0	2,482602E+0	4,902598E-5	-2,534943E-3
20220408 14:29:39,753	c_1_1804_20220408_14_29_39,753.bmp	2,072815E+0	2,502969E+0	4,902598E-5	-3,807953E-3
20220408 14:29:45,756	c_1_1805_20220408_14_29_45,756.bmp	2,020633E+0	2,520791E+0	4,902598E-5	-3,807953E-3
20220408 14:29:51,760	c_1_1806_20220408_14_29_51,760.bmp	1,897180E+0	2,541159E+0	-1,223829E-3	1,107786E-5
20220408 14:29:57,764	c_1_1807_20220408_14_29_57,764.bmp	1,871725E+0	2,560253E+0	-3,769540E-3	1,107786E-5
20220408 14:30:03,767	c_1_1808_20220408_14_30_03,767.bmp	1,858998E+0	2,578075E+0	1,321881E-3	2,557098E-3
20220408 14:30:09,770	c_1_1809_20220408_14_30_09,770.bmp	1,865362E+0	2,600988E+0	4,902598E-5	1,107786E-5
20220408 14:30:15,771	c_1_1810_20220408_14_30_15,771.bmp	1,874271E+0	2,623902E+0	-3,769540E-3	-3,807953E-3
20220408 14:30:21,778	c_1_1811_20220408_14_30_21,778.bmp	1,880634E+0	2,641723E+0	4,902598E-5	1,107786E-5
20220408 14:30:27,780	c_1_1812_20220408_14_30_27,780.bmp	1,892089E+0	2,656999E+0	4,902598E-5	2,557098E-3
20220408 14:30:33,786	c_1_1813_20220408_14_30_33,786.bmp	1,897180E+0	2,682459E+0	4,902598E-5	-1,261932E-3
20220408 14:30:39,789	c_1_1814_20220408_14_30_39,789.bmp	1,909907E+0	2,701553E+0	5,140448E-3	1,107786E-5
20220408 14:30:45,793	c_1_1815_20220408_14_30_45,793.bmp	1,923907E+0	2,716829E+0	4,902598E-5	1,284088E-3
20220408 14:30:51,795	c_1_1816_20220408_14_30_51,795.bmp	1,934089E+0	2,738469E+0	4,902598E-5	2,557098E-3
20220408 14:30:57,796	c_1_1817_20220408_14_30_57,796.bmp	1,946816E+0	2,763929E+0	-3,769540E-3	-3,807953E-3
20220408 14:31:03,801	c_1_1818_20220408_14_31_03,801.bmp	1,954452E+0	2,781750E+0	4,902598E-5	1,107786E-5
20220408 14:31:09,807	c_1_1819_20220408_14_31_09,807.bmp	1,968452E+0	2,804664E+0	4,902598E-5	-3,807953E-3
20220408 14:31:15,815	c_1_1820_20220408_14_31_15,815.bmp	1,978634E+0	2,819940E+0	4,902598E-5	-1,261932E-3
20220408 14:31:21,820	c_1_1821_20220408_14_31_21,820.bmp	1,991361E+0	2,844126E+0	-2,496685E-3	-3,807953E-3
20220408 14:31:27,825	c_1_1822_20220408_14_31_27,825.bmp	1,995179E+0	2,856856E+0	3,867592E-3	-1,261932E-3
20220408 14:31:33,827	c_1_1823_20220408_14_31_33,827.bmp	2,005361E+0	2,879769E+0	4,902598E-5	1,107786E-5
20220408 14:31:39,835	c_1_1824_20220408_14_31_39,835.bmp	2,016815E+0	2,900137E+0	4,902598E-5	1,107786E-5
20220408 14:31:45,842	c_1_1825_20220408_14_31_45,842.bmp	2,020633E+0	2,917958E+0	2,594737E-3	2,557098E-3
20220408 14:31:51,845	c_1_1826_20220408_14_31_51,845.bmp	2,023179E+0	2,938326E+0	1,321881E-3	2,557098E-3
20220408 14:31:57,850	c_1_1827_20220408_14_31_57,850.bmp	2,025724E+0	2,962513E+0	4,902598E-5	-3,807953E-3
20220408 14:32:03,852	c_1_1828_20220408_14_32_03,852.bmp	2,019361E+0	2,977788E+0	2,594737E-3	3,830109E-3
20220408 14:32:09,856	c_1_1829_20220408_14_32_09,856.bmp	2,020633E+0	3,001975E+0	4,902598E-5	1,107786E-5
20220408 14:32:15,862	c_1_1830_20220408_14_32_15,862.bmp	2,016815E+0	3,022342E+0	1,321881E-3	-3,807953E-3
20220408 14:32:21,867	c_1_1831_20220408_14_32_21,867.bmp	2,011724E+0	3,037618E+0	2,594737E-3	2,557098E-3
20220408 14:32:27,868	c_1_1832_20220408_14_32_27,868.bmp	2,016815E+0	3,060531E+0	3,867592E-3	-1,261932E-3
20220408 14:32:33,874	c_1_1833_20220408_14_32_33,874.bmp	2,012997E+0	3,077080E+0	1,321881E-3	3,830109E-3
20220408 14:32:39,880	c_1_1834_20220408_14_32_39,880.bmp	2,006633E+0	3,101267E+0	4,902598E-5	-3,807953E-3
20220408 14:32:45,888	c_1_1835_20220408_14_32_45,888.bmp	2,005361E+0	3,121634E+0	4,902598E-5	1,107786E-5
20220408 14:32:51,889	c_1_1836_20220408_14_32_51,889.bmp	2,001543E+0	3,140729E+0	4,902598E-5	1,107786E-5
20220408 14:32:57,898	c_1_1837_20220408_14_32_57,898.bmp	2,002815E+0	3,157277E+0	4,902598E-5	3,830109E-3
20220408 14:33:03,899	c_1_1838_20220408_14_33_03,899.bmp	1,992634E+0	3,181464E+0	-2,496685E-3	-1,261932E-3
20220408 14:33:09,905	c_1_1839_20220408_14_33_09,905.bmp	1,979906E+0	3,204377E+0	-1,223829E-3	-3,807953E-3
20220408 14:33:15,906	c_1_1840_20220408_14_33_15,906.bmp	1,967179E+0	3,222199E+0	-3,769540E-3	-1,261932E-3
20220408 14:33:21,909	c_1_1841_20220408_14_33_21,909.bmp	1,904816E+0	3,243839E+0	-3,769540E-3	-3,807953E-3
20220408 14:33:27,913	c_1_1842_20220408_14_33_27,913.bmp	1,844998E+0	3,259115E+0	3,867592E-3	2,557098E-3
20220408 14:33:33,914	c_1_1843_20220408_14_33_33,914.bmp	1,828453E+0	3,284575E+0	-1,223829E-3	-3,807953E-3
20220408 14:33:39,917	c_1_1844_20220408_14_33_39,917.bmp	1,822089E+0	3,304942E+0	-3,769540E-3	-3,807953E-3
20220408 14:33:45,923	c_1_1845_20220408_14_33_45,923.bmp	1,823362E+0	3,317672E+0	4,902598E-5	2,557098E-3
20220408 14:33:51,926	c_1_1846_20220408_14_33_51,926.bmp	1,824635E+0	3,341858E+0	4,902598E-5	-1,261932E-3
20220408 14:33:57,931	c_1_1847_20220408_14_33_57,931.bmp	1,827180E+0	3,364772E+0	4,902598E-5	-3,807953E-3
20220408 14:34:03,934	c_1_1848_20220408_14_34_03,934.bmp	1,825908E+0	3,381321E+0	-1,223829E-3	-1,261932E-3
20220408 14:34:09,935	c_1_1849_20220408_14_34_09,935.bmp	1,832271E+0	3,400415E+0	-3,769540E-3	-1,261932E-3
20220408 14:34:15,937	c_1_1850_20220408_14_34_15,937.bmp	1,827180E+0	3,420783E+0	-3,769540E-3	-1,261932E-3
20220408 14:34:21,944	c_1_1851_20220408_14_34_21,944.bmp	1,805544E+0	3,438604E+0	4,902598E-5	2,557098E-3
20220408 14:34:27,947	c_1_1852_20220408_14_34_27,947.bmp	1,781362E+0	3,461518E+0	4,902598E-5	-1,261932E-3
20220408 14:34:33,953	c_1_1853_20220408_14_34_33,953.bmp	1,727908E+0	3,478066E+0	1,321881E-3	2,557098E-3
20220408 14:34:39,958	c_1_1854_20220408_14_34_39,958.bmp	1,675727E+0	3,503526E+0	-3,769540E-3	-3,807953E-3
20220408 14:34:45,959	c_1_1855_20220408_14_34_45,959.bmp	1,580273E+0	3,523893E+0	-3,769540E-3	-3,807953E-3
20220408 14:34:51,960	c_1_1856_20220408_14_34_51,960.bmp	1,479728E+0	3,536623E+0	-1,223829E-3	3,830109E-3
20220408 14:34:57,961	c_1_1857_20220408_14_34_57,961.bmp	1,447910E+0	3,560810E+0	-1,223829E-3	1,107786E-5
20220408 14:35:03,963	c_1_1858_20220408_14_35_03,963.bmp	1,433910E+0	3,583723E+0	-3,769540E-3	-2,534943E-3
20220408 14:35:09,965	c_1_1859_20220408_14_35_09,965.bmp	1,431365E+0	3,600272E+0	-1,223829E-3	1,107786E-5
20220408 14:35:15,968	c_1_1860_20220408_14_35_15,968.bmp	1,416092E+0	3,618093E+0	3,867592E-3	1,284088E-3
20220408 14:35:21,973	c_1_1861_20220408_14_35_21,973.bmp	1,418638E+0	3,642280E+0	-1,223829E-3	1,107786E-5
20220408 14:35:27,978	c_1_1862_20220408_14_35_27,978.bmp	1,419911E+0	3,665193E+0	-1,223829E-3	-3,807953E-3
20220408 14:35:33,980	c_1_1863_20220408_14_35_33,980.bmp	1,421183E+0	3,677923E+0	3,867592E-3	3,830109E-3
20220408 14:35:39,985	c_1_1864_20220408_14_35_39,985.bmp	1,417365E+0	3,698291E+0	2,594737E-3	2,557098E-3
20220408 14:35:45,986	c_1_1865_20220408_14_35_45,986.bmp	1,422456E+0	3,723750E+0	-3,769540E-3	-3,807953E-3
20220408 14:35:51,998	c_1_1866_20220408_14_35_51,998.bmp	1,421183E+0	3,742845E+0	-2,496685E-3	-1,261932E-3
20220408 14:35:57,999	c_1_1867_20220408_14_35_57,999.bmp	1,417365E+0	3,760666E+0	4,902598E-5	-1,261932E-3
20220408 14:36:04,005	c_1_1868_20220408_14_36_04,005.bmp	1,414820E+0	3,781034E+0	-3,769540E-3	-1,261932E-3
20220408 14:36:10,006	c_1_1869_20220408_14_36_10,006.bmp	1,390638E+0	3,800128E+0	4,902598E-5	1,107786E-5
20220408 14:36:16,007	c_1_1870_20220408_14_36_16,007.bmp	1,379184E+0	3,820496E+0	-3,769540E-3	1,107786E-5
20220408 14:36:22,012	c_1_1871_20220408_14_36_22,012.bmp	1,376638E+0	3,840864E+0	-3,769540E-3	-1,261932E-3
20220408 14:36:28,013	c_1_1872_20220408_14_36_28,013.bmp	1,371547E+0	3,861231E+0	-2,496685E-3	-1,261932E-3
20220408 14:36:34,017	c_1_1873_20220408_14_36_34,017.bmp	1,357547E+0	3,876507E+0	2,594737E-3	3,830109E-3
20220408 14:36:40,023	c_1_1874_20220408_14_36_40,023.bmp	1,353729E+0	3,900693E+0	3,867592E-3	1,107786E-5
20220408 14:36:46,024	c_1_1875_20220408_14_36_46,024.bmp	1,355002E+0	3,921061E+0	-1,223829E-3	1,107786E-5
20220408 14:36:52,027	c_1_1876_20220408_14_36_52,027.bmp	1,351184E+0	3,943974E+0	3,867592E-3	-1,261932E-3
20220408 14:36:58,030	c_1_1877_20220408_14_36_58,030.bmp	1,348638E+0	3,961796E+0	4,902598E-5	1,107786E-5
20220408 14:37:04,034	c_1_1878_20220408_14_37_04,034.bmp	1,357547E+0	3,984710E+0	-3,769540E-3	-3,807953E-3
20220408 14:37:10,038	c_1_1879_20220408_14_37_10,038.bmp	1,352457E+0	4,005077E+0	-5,042396E-3	-2,534943E-3
20220408 14:37:16,040	c_1_1880_20220408_14_37_16,040.bmp	1,355002E+0	4,017807E+0	4,902598E-5	2,557098E-3
20220408 14:37:22,043	c_1_1881_20220408_14_37_22,043.bmp	1,356275E+0	4,040720E+0	-2,496685E-3	1,107786E-5
20220408 14:37:28,052	c_1_1882_20220408_14_37_28,052.bmp	1,358820E+0	4,061088E+0	-1,223829E-3	-1,261932E-3
20220408 14:37:34,060	c_1_1883_20220408_14_37_34,060.bmp	1,361366E+0	4,082728E+0	-3,769540E-3	1,107786E-5
20220408 14:37:40,061	c_1_1884_20220408_14_37_40,061.bmp	1,358820E+0	4,101823E+0	4,902598E-5	1,107786E-5
20220408 14:37:46,066	c_1_1885_20220408_14_37_46,066.bmp	1,353729E+0	4,120918E+0	-3,769540E-3	1,107786E-5
20220408 14:37:52,072	c_1_1886_20220408_14_37_52,072.bmp	1,342275E+0	4,140012E+0	-1,223829E-3	-3,807953E-3
20220408 14:37:58,078	c_1_1887_20220408_14_37_58,078.bmp	1,329548E+0	4,157834E+0	2,594737E-3	3,830109E-3
20220408 14:38:04,083	c_1_1888_20220408_14_38_04,083.bmp	1,321911E+0	4,182020E+0	3,867592E-3	1,107786E-5
20220408 14:38:10,088	c_1_1889_20220408_14_38_10,088.bmp	1,316820E+0	4,198569E+0	4,902598E-5	2,557098E-3
20220408 14:38:16,092	c_1_1890_20220408_14_38_16,092.bmp	1,302821E+0	4,221482E+0	2,594737E-3	1,107786E-5
20220408 14:38:22,095	c_1_1891_20220408_14_38_22,095.bmp	1,300275E+0	4,241850E+0	-1,223829E-3	1,284088E-3
20220408 14:38:28,099	c_1_1892_20220408_14_38_28,099.bmp	1,293911E+0	4,257126E+0	2,594737E-3	2,557098E-3
20220408 14:38:34,105	c_1_1893_20220408_14_38_34,105.bmp	1,288821E+0	4,283858E+0	-2,496685E-3	-3,807953E-3
20220408 14:38:40,111	c_1_1894_20220408_14_38_40,111.bmp	1,278639E+0	4,297861E+0	3,867592E-3	3,830109E-3
20220408 14:38:46,117	c_1_1895_20220408_14_38_46,117.bmp	1,272275E+0	4,320774E+0	4,902598E-5	1,107786E-5
20220408 14:38:52,122	c_1_1896_20220408_14_38_52,122.bmp	1,246821E+0	4,341142E+0	3,867592E-3	1,107786E-5
20220408 14:38:58,127	c_1_1897_20220408_14_38_58,127.bmp	1,171731E+0	4,358963E+0	-1,223829E-3	-1,261932E-3
20220408 14:39:04,137	c_1_1898_20220408_14_39_04,137.bmp	1,043186E+0	4,383150E+0	-3,769540E-3	-3,807953E-3
20220408 14:39:10,142	c_1_1899_20220408_14_39_10,142.bmp	1,022823E+0	4,400972E+0	-1,223829E-3	-3,807953E-3
20220408 14:39:16,147	c_1_1900_20220408_14_39_16,147.bmp	1,012641E+0	4,420066E+0	4,902598E-5	2,557098E-3
20220408 14:39:22,148	c_1_1901_20220408_14_39_22,148.bmp	1,010095E+0	4,441707E+0	1,321881E-3	-1,261932E-3
20220408 14:39:28,153	c_1_1902_20220408_14_39_28,153.bmp	1,005005E+0	4,458255E+0	2,594737E-3	2,557098E-3
20220408 14:39:34,155	c_1_1903_20220408_14_39_34,155.bmp	1,008823E+0	4,481169E+0	-3,769540E-3	1,107786E-5
20220408 14:39:40,156	c_1_1904_20220408_14_39_40,156.bmp	1,010095E+0	4,497717E+0	5,140448E-3	1,284088E-3
20220408 14:39:46,163	c_1_1905_20220408_14_39_46,163.bmp	1,012641E+0	4,518085E+0	-1,223829E-3	2,557098E-3
20220408 14:39:52,168	c_1_1906_20220408_14_39_52,168.bmp	1,016459E+0	4,542272E+0	-2,496685E-3	1,107786E-5
20220408 14:39:58,172	c_1_1907_20220408_14_39_58,172.bmp	1,015186E+0	4,561366E+0	-1,223829E-3	1,107786E-5
20220408 14:40:04,175	c_1_1908_20220408_14_40_04,175.bmp	1,017732E+0	4,580461E+0	1,321881E-3	2,557098E-3
20220408 14:40:10,182	c_1_1909_20220408_14_40_10,182.bmp	1,025368E+0	4,603374E+0	-3,769540E-3	-3,807953E-3
20220408 14:40:16,190	c_1_1910_20220408_14_40_16,190.bmp	1,020277E+0	4,619923E+0	4,902598E-5	-1,261932E-3
20220408 14:40:22,192	c_1_1911_20220408_14_40_22,192.bmp	1,025368E+0	4,640290E+0	1,321881E-3	1,107786E-5
20220408 14:40:28,199	c_1_1912_20220408_14_40_28,199.bmp	1,027913E+0	4,660658E+0	-2,496685E-3	1,107786E-5
20220408 14:40:34,204	c_1_1913_20220408_14_40_34,204.bmp	1,030459E+0	4,684844E+0	-6,315251E-3	-3,807953E-3
20220408 14:40:40,204	c_1_1914_20220408_14_40_40,204.bmp	1,027913E+0	4,702666E+0	-1,223829E-3	1,107786E-5
20220408 14:40:46,206	c_1_1915_20220408_14_40_46,206.bmp	1,020277E+0	4,719215E+0	3,867592E-3	2,557098E-3
20220408 14:40:52,207	c_1_1916_20220408_14_40_52,207.bmp	1,017732E+0	4,739582E+0	3,867592E-3	1,284088E-3
20220408 14:40:58,215	c_1_1917_20220408_14_40_58,215.bmp	1,017732E+0	4,762496E+0	4,902598E-5	1,107786E-5
20220408 14:41:04,221	c_1_1918_20220408_14_41_04,221.bmp	1,021550E+0	4,784136E+0	1,321881E-3	1,107786E-5
20220408 14:41:10,226	c_1_1919_20220408_14_41_10,226.bmp	1,021550E+0	4,796866E+0	-1,223829E-3	1,284088E-3
20220408 14:41:16,230	c_1_1920_20220408_14_41_16,230.bmp	1,022823E+0	4,819780E+0	4,902598E-5	-1,261932E-3
20220408 14:41:22,234	c_1_1921_20220408_14_41_22,234.bmp	1,022823E+0	4,840147E+0	4,902598E-5	1,107786E-5
20220408 14:41:28,235	c_1_1922_20220408_14_41_28,235.bmp	1,029186E+0	4,860515E+0	-2,496685E-3	1,107786E-5
20220408 14:41:34,246	c_1_1923_20220408_14_41_34,246.bmp	1,021550E+0	4,877063E+0	5,140448E-3	1,107786E-5
20220408 14:41:40,247	c_1_1924_20220408_14_41_40,247.bmp	1,031732E+0	4,901250E+0	4,902598E-5	-1,261932E-3
20220408 14:41:46,252	c_1_1925_20220408_14_41_46,252.bmp	1,030459E+0	4,921617E+0	4,902598E-5	-1,261932E-3
20220408 14:41:52,254	c_1_1926_20220408_14_41_52,254.bmp	1,036822E+0	4,940712E+0	1,321881E-3	1,107786E-5
20220408 14:41:58,257	c_1_1927_20220408_14_41_58,257.bmp	1,041913E+0	4,957261E+0	3,867592E-3	3,830109E-3
