4.729857957070188621e-06
2.133786102908693635e-05
4.732230724682501104e-03
1.843798285283987717e-02
3.998481618705190116e-02
7.232577058514946811e-02
1.131534250806580100e-01
1.686665369331271924e-01
2.308598749349319856e-01
3.116959767000956893e-01
3.929064203173674996e-01
4.797754739875959018e-01
5.689358080245926486e-01
6.932990889482767427e-01
8.152676676652247378e-01
9.416877095961740940e-01
1.051007745504631830e+00
1.209039366644126812e+00
1.330845747989298333e+00
1.501222867158036989e+00
1.615907208695778419e+00
1.751112077425089897e+00
1.901016870880439802e+00
2.057944802999118306e+00
2.155668120735660942e+00
2.288325004942466823e+00
2.306023107292129559e+00
2.252286599795521038e+00
2.039133122069443083e+00
1.993194591010797101e+00
1.925640995640466757e+00
1.952158262249131804e+00
1.936523380513365478e+00
1.959636316596838457e+00
1.953781351686499246e+00
1.974284604308697899e+00
1.966479814030609452e+00
1.942708208724170937e+00
1.948385305550953683e+00
1.979152558484294167e+00
1.991173366476510775e+00
2.010465193040485765e+00
2.015694649369768943e+00
2.024634253115374705e+00
2.015984242168056717e+00
2.029275974610250444e+00
2.021943305738842511e+00
1.997065126588336792e+00
1.986485125404923613e+00
1.983599363191467013e+00
1.985565018692865946e+00
1.960860858930207451e+00
1.884777842884371779e+00
1.834969866996490007e+00
1.786798285161923738e+00
1.797759432273522417e+00
1.809190258156740061e+00
1.839726941593455622e+00
1.877424211946377541e+00
1.908870090225726068e+00
1.952592391760729296e+00
2.005719726534576086e+00
2.069142246975022470e+00
2.115276316585342986e+00
2.167489714064512629e+00
2.235859158764120558e+00
2.282872975870329668e+00
2.353191422368957397e+00
2.388384167337835429e+00
2.420552394993417344e+00
2.496502189331139210e+00
2.543855829626335829e+00
2.591826490935779326e+00
2.589381845400966053e+00
2.638165938722571990e+00
2.679315359793458029e+00
2.716378053971535422e+00
2.749418372057559345e+00
2.799886733100655611e+00
2.823647656784380899e+00
2.780186914561306288e+00
2.581742023321947688e+00
2.380799232263906884e+00
2.275170346130427568e+00
2.217909019602938514e+00
2.178935411610489314e+00
2.164706280488711165e+00
2.137254596929834438e+00
2.079965656869803947e+00
2.047136474586796151e+00
2.036370029604088305e+00
2.015144525729791969e+00
2.015913162207158660e+00
2.012547082991523517e+00
2.026733156493991217e+00
2.019494440488429632e+00
1.992842709807454149e+00
1.985027822852574841e+00
1.972695171777889334e+00
1.999948639813783346e+00
2.019385464527845730e+00
2.044794934761196448e+00
2.075712609180421442e+00
2.096054783181425574e+00
2.129310030341407867e+00
2.159640351606609610e+00
2.198056222311937091e+00
2.228712594102034927e+00
2.270866990246473538e+00
2.302726814129900212e+00
2.331082152893362736e+00
2.364136624003581488e+00
2.401471096922241699e+00
2.424034671012563980e+00
2.452279569675856585e+00
2.484314383947940907e+00
2.507209022514364172e+00
2.519569954657218336e+00
2.535180194437951950e+00
2.557881211145167200e+00
2.578609979597806579e+00
2.593269437054212201e+00
2.608059775719223872e+00
2.617137900818737872e+00
2.615083233028515419e+00
2.606690377040225215e+00
2.570507608810006950e+00
2.504624451662983198e+00
2.316848369190219969e+00
2.281075241079419946e+00
2.273199078032275278e+00
2.290270297737765137e+00
2.314439825684825536e+00
2.332715563807038262e+00
2.356052957190312824e+00
2.388176732658735535e+00
2.414185089175290067e+00
2.444827052053356375e+00
2.480233853326846649e+00
2.516644974376187172e+00
2.550657252448706114e+00
2.575675182536963703e+00
2.597094254881418429e+00
2.634713047895514304e+00
2.660116542288904373e+00
2.695979039519825093e+00
2.714916146866686475e+00
2.752422936636636397e+00
2.764469580352162392e+00
2.778047477631539586e+00
2.795256893477402915e+00
2.796507566364655695e+00
2.799165690382152683e+00
2.808626395375435347e+00
2.811222598812896933e+00
2.819216842594850281e+00
2.816736625680749562e+00
2.827179198790622294e+00
2.837006821771479004e+00
2.843192453185801938e+00
2.841494290240425435e+00
2.830218050038156630e+00
2.817294948574522895e+00
2.728649976562448565e+00
2.656515058867523482e+00
2.642094267291723586e+00
2.626060262035419868e+00
2.647467978003889222e+00
2.658437140288473444e+00
2.667609243743534808e+00
2.679535815387856346e+00
2.700585391724404261e+00
2.679474834270945571e+00
2.655193084085124777e+00
2.580753661978995694e+00
2.469974907915168938e+00
2.368805653781759446e+00
2.223158926665373514e+00
2.054234257195043156e+00
1.989820472548484709e+00
1.964285125083782058e+00
1.967978517237261471e+00
1.957440490301467495e+00
1.950932809975126414e+00
1.950973679452403298e+00
1.960834852875501966e+00
1.979736460570421075e+00
1.991278462652087189e+00
1.977706293233813639e+00
1.987199738230118529e+00
1.992884812375631531e+00
1.977341056739274405e+00
1.958389959255441015e+00
1.958694651978533097e+00
1.953955110134968809e+00
1.948168618359617632e+00
1.957836813630332573e+00
1.970181743653626638e+00
1.967750589712410347e+00
1.972988542418844249e+00
1.984080039169581422e+00
1.991564101813586340e+00
2.002818159800509257e+00
2.012821089487785375e+00
2.014444828612239391e+00
2.020956893741938654e+00
2.040578851704960783e+00
2.032683592836414199e+00
2.023366155210128969e+00
2.020313530527245938e+00
2.015752473611476692e+00
2.010422250583637993e+00
2.012613520311833160e+00
1.994991359146320198e+00
1.994718013066906215e+00
1.988291717250317170e+00
1.981634190741166091e+00
1.977579764106704108e+00
1.945911647667387889e+00
1.807673700673246620e+00
1.556885901729911925e+00
1.515808897434071101e+00
1.505992513305878688e+00
1.493007247991015696e+00
1.502779454590845276e+00
1.510418490028721861e+00
1.527728371769937477e+00
1.530638130601800206e+00
1.532998080317570677e+00
1.538915371406982091e+00
1.556935585257747778e+00
1.562796293606677267e+00
1.564474155758175611e+00
1.574997903730745552e+00
1.591147338259248922e+00
1.595743053137283818e+00
1.596485285032068324e+00
1.590581862099882393e+00
1.585066405790523492e+00
1.590176082768867349e+00
1.590306659457628946e+00
1.609205716146685727e+00
1.603169467808313486e+00
1.609790550190809189e+00
1.617882259294000091e+00
1.632004276327575720e+00
1.645071876618318996e+00
1.664725790442895592e+00
1.655812703301645872e+00
1.675927269138019815e+00
