20220325 14:52:11,492	d2_0_1158_20220325_14_52_11,492.bmp	8,301209E-4	-4,786603E-3	4,902598E-5	2,557098E-3
20220325 14:52:17,494	d2_0_1159_20220325_14_52_17,494.bmp	4,282981E-2	7,943123E-3	4,902598E-5	-3,807953E-3
20220325 14:52:23,501	d2_0_1160_20220325_14_52_23,501.bmp	2,515555E-1	2,194582E-2	2,594737E-3	2,557098E-3
20220325 14:52:29,505	d2_0_1161_20220325_14_52_29,505.bmp	4,704630E-1	4,485933E-2	4,902598E-5	1,107786E-5
20220325 14:52:35,509	d2_0_1162_20220325_14_52_35,509.bmp	6,842796E-1	6,522689E-2	4,902598E-5	1,107786E-5
20220325 14:52:41,514	d2_0_1163_20220325_14_52_41,514.bmp	9,019144E-1	8,686742E-2	-3,769540E-3	-3,807953E-3
20220325 14:52:47,519	d2_0_1164_20220325_14_52_47,519.bmp	1,115731E+0	1,021431E-1	4,902598E-5	2,557098E-3
20220325 14:52:53,523	d2_0_1165_20220325_14_52_53,523.bmp	1,332093E+0	1,250566E-1	-1,223829E-3	1,107786E-5
20220325 14:52:59,525	d2_0_1166_20220325_14_52_59,525.bmp	1,538273E+0	1,428782E-1	2,594737E-3	1,284088E-3
20220325 14:53:05,526	d2_0_1167_20220325_14_53_05,526.bmp	1,754635E+0	1,683377E-1	-3,769540E-3	-3,807953E-3
20220325 14:53:11,529	d2_0_1168_20220325_14_53_11,529.bmp	1,960816E+0	1,836133E-1	-1,223829E-3	1,107786E-5
20220325 14:53:17,534	d2_0_1169_20220325_14_53_17,534.bmp	2,170814E+0	2,077998E-1	-5,042396E-3	-3,807953E-3
20220325 14:53:23,536	d2_0_1170_20220325_14_53_23,536.bmp	2,370631E+0	2,256214E-1	4,902598E-5	-1,261932E-3
20220325 14:53:29,542	d2_0_1171_20220325_14_53_29,542.bmp	2,572993E+0	2,485349E-1	-1,223829E-3	-3,807953E-3
20220325 14:53:35,544	d2_0_1172_20220325_14_53_35,544.bmp	2,775355E+0	2,638106E-1	-1,223829E-3	-1,261932E-3
20220325 14:53:41,550	d2_0_1173_20220325_14_53_41,550.bmp	2,975172E+0	2,879971E-1	-3,769540E-3	-3,807953E-3
20220325 14:53:47,555	d2_0_1174_20220325_14_53_47,555.bmp	3,164807E+0	3,058187E-1	4,902598E-5	-1,261932E-3
20220325 14:53:53,558	d2_0_1175_20220325_14_53_53,558.bmp	3,355714E+0	3,261863E-1	4,902598E-5	-1,261932E-3
20220325 14:53:59,563	d2_0_1176_20220325_14_53_59,563.bmp	3,540259E+0	3,452809E-1	4,902598E-5	-1,261932E-3
20220325 14:54:05,565	d2_0_1177_20220325_14_54_05,565.bmp	3,714621E+0	3,605565E-1	2,594737E-3	2,557098E-3
20220325 14:54:11,570	d2_0_1178_20220325_14_54_11,570.bmp	3,882620E+0	3,847430E-1	2,594737E-3	1,107786E-5
20220325 14:54:17,575	d2_0_1179_20220325_14_54_17,575.bmp	4,048073E+0	4,076565E-1	-3,769540E-3	-3,807953E-3
20220325 14:54:23,581	d2_0_1180_20220325_14_54_23,581.bmp	4,194436E+0	4,229322E-1	-1,223829E-3	1,107786E-5
20220325 14:54:29,583	d2_0_1181_20220325_14_54_29,583.bmp	4,307707E+0	4,458457E-1	1,321881E-3	-1,261932E-3
20220325 14:54:35,587	d2_0_1182_20220325_14_54_35,587.bmp	4,395525E+0	4,636673E-1	-5,042396E-3	1,107786E-5
20220325 14:54:41,594	d2_0_1183_20220325_14_54_41,594.bmp	4,409525E+0	4,865808E-1	-3,769540E-3	-3,807953E-3
20220325 14:54:47,598	d2_0_1184_20220325_14_54_47,598.bmp	4,371343E+0	5,044024E-1	-2,496685E-3	-3,807953E-3
20220325 14:54:53,599	d2_0_1185_20220325_14_54_53,599.bmp	4,319162E+0	5,222241E-1	3,867592E-3	2,557098E-3
20220325 14:54:59,603	d2_0_1186_20220325_14_54_59,603.bmp	4,194436E+0	5,464105E-1	-1,223829E-3	-3,807953E-3
20220325 14:55:05,604	d2_0_1187_20220325_14_55_05,604.bmp	4,115527E+0	5,655051E-1	1,321881E-3	-1,261932E-3
20220325 14:55:11,609	d2_0_1188_20220325_14_55_11,609.bmp	4,000982E+0	5,845997E-1	4,902598E-5	-1,261932E-3
20220325 14:55:17,612	d2_0_1189_20220325_14_55_17,612.bmp	3,895347E+0	5,998754E-1	-1,223829E-3	-1,261932E-3
20220325 14:55:23,618	d2_0_1190_20220325_14_55_23,618.bmp	3,826620E+0	6,253348E-1	-1,223829E-3	1,107786E-5
20220325 14:55:29,620	d2_0_1191_20220325_14_55_29,620.bmp	3,788439E+0	6,482483E-1	4,902598E-5	-3,807953E-3
20220325 14:55:35,624	d2_0_1192_20220325_14_55_35,624.bmp	3,789711E+0	6,622510E-1	4,902598E-5	1,107786E-5
20220325 14:55:41,627	d2_0_1193_20220325_14_55_41,627.bmp	3,787166E+0	6,813456E-1	3,867592E-3	2,557098E-3
20220325 14:55:47,631	d2_0_1194_20220325_14_55_47,631.bmp	3,775711E+0	7,017132E-1	3,867592E-3	2,557098E-3
20220325 14:55:53,632	d2_0_1195_20220325_14_55_53,632.bmp	3,746439E+0	7,271726E-1	-3,769540E-3	-3,807953E-3
20220325 14:55:59,635	d2_0_1196_20220325_14_55_59,635.bmp	3,717166E+0	7,411753E-1	1,321881E-3	2,557098E-3
20220325 14:56:05,643	d2_0_1197_20220325_14_56_05,643.bmp	3,689167E+0	7,666348E-1	-3,769540E-3	-3,807953E-3
20220325 14:56:11,644	d2_0_1198_20220325_14_56_11,644.bmp	3,654803E+0	7,870024E-1	-3,769540E-3	-3,807953E-3
20220325 14:56:17,649	d2_0_1199_20220325_14_56_17,649.bmp	3,607713E+0	8,035510E-1	3,867592E-3	1,107786E-5
20220325 14:56:23,653	d2_0_1200_20220325_14_56_23,653.bmp	3,526259E+0	8,264645E-1	-2,496685E-3	-3,807953E-3
20220325 14:56:29,657	d2_0_1201_20220325_14_56_29,657.bmp	3,432078E+0	8,404672E-1	2,594737E-3	3,830109E-3
20220325 14:56:35,660	d2_0_1202_20220325_14_56_35,660.bmp	3,262806E+0	8,684726E-1	-2,496685E-3	-3,807953E-3
20220325 14:56:41,664	d2_0_1203_20220325_14_56_41,664.bmp	3,054080E+0	8,837483E-1	1,321881E-3	1,107786E-5
20220325 14:56:47,669	d2_0_1204_20220325_14_56_47,669.bmp	2,948445E+0	9,041158E-1	1,321881E-3	1,107786E-5
20220325 14:56:53,671	d2_0_1205_20220325_14_56_53,671.bmp	2,860627E+0	9,244834E-1	4,902598E-5	-1,261932E-3
20220325 14:56:59,679	d2_0_1206_20220325_14_56_59,679.bmp	2,805900E+0	9,423050E-1	3,867592E-3	3,830109E-3
20220325 14:57:05,683	d2_0_1207_20220325_14_57_05,683.bmp	2,760082E+0	9,613996E-1	3,867592E-3	2,557098E-3
20220325 14:57:11,684	d2_0_1208_20220325_14_57_11,684.bmp	2,723174E+0	9,804942E-1	4,902598E-5	2,557098E-3
20220325 14:57:17,692	d2_0_1209_20220325_14_57_17,692.bmp	2,692628E+0	1,007227E+0	-3,769540E-3	-3,807953E-3
20220325 14:57:23,703	d2_0_1210_20220325_14_57_23,703.bmp	2,672265E+0	1,028867E+0	-5,042396E-3	-3,807953E-3
20220325 14:57:29,708	d2_0_1211_20220325_14_57_29,708.bmp	2,659538E+0	1,044143E+0	4,902598E-5	1,107786E-5
20220325 14:57:35,709	d2_0_1212_20220325_14_57_35,709.bmp	2,658265E+0	1,064510E+0	-1,223829E-3	1,107786E-5
20220325 14:57:41,714	d2_0_1213_20220325_14_57_41,714.bmp	2,656992E+0	1,084878E+0	4,902598E-5	-1,261932E-3
20220325 14:57:47,717	d2_0_1214_20220325_14_57_47,717.bmp	2,656992E+0	1,107791E+0	-2,496685E-3	-3,807953E-3
20220325 14:57:53,718	d2_0_1215_20220325_14_57_53,718.bmp	2,637902E+0	1,120521E+0	4,902598E-5	2,557098E-3
20220325 14:57:59,721	d2_0_1216_20220325_14_57_59,721.bmp	2,613720E+0	1,144708E+0	2,594737E-3	1,107786E-5
20220325 14:58:05,721	d2_0_1217_20220325_14_58_05,721.bmp	2,598447E+0	1,161256E+0	2,594737E-3	2,557098E-3
20220325 14:58:11,726	d2_0_1218_20220325_14_58_11,726.bmp	2,583175E+0	1,181624E+0	1,321881E-3	2,557098E-3
20220325 14:58:17,733	d2_0_1219_20220325_14_58_17,733.bmp	2,571720E+0	1,207083E+0	-1,223829E-3	-5,080963E-3
20220325 14:58:23,741	d2_0_1220_20220325_14_58_23,741.bmp	2,539902E+0	1,226178E+0	-3,769540E-3	1,107786E-5
20220325 14:58:29,746	d2_0_1221_20220325_14_58_29,746.bmp	2,494084E+0	1,247818E+0	-3,769540E-3	-3,807953E-3
20220325 14:58:35,751	d2_0_1222_20220325_14_58_35,751.bmp	2,463539E+0	1,265640E+0	4,902598E-5	-3,807953E-3
20220325 14:58:41,756	d2_0_1223_20220325_14_58_41,756.bmp	2,452085E+0	1,287281E+0	-3,769540E-3	-3,807953E-3
20220325 14:58:47,760	d2_0_1224_20220325_14_58_47,760.bmp	2,441903E+0	1,306375E+0	-3,769540E-3	-3,807953E-3
20220325 14:58:53,765	d2_0_1225_20220325_14_58_53,765.bmp	2,418994E+0	1,328016E+0	-2,496685E-3	-3,807953E-3
20220325 14:58:59,769	d2_0_1226_20220325_14_58_59,769.bmp	2,398631E+0	1,345837E+0	4,902598E-5	2,557098E-3
20220325 14:59:05,773	d2_0_1227_20220325_14_59_05,773.bmp	2,384631E+0	1,366205E+0	-1,223829E-3	1,107786E-5
20220325 14:59:11,778	d2_0_1228_20220325_14_59_11,778.bmp	2,375722E+0	1,384027E+0	1,321881E-3	1,107786E-5
20220325 14:59:17,783	d2_0_1229_20220325_14_59_17,783.bmp	2,361722E+0	1,405667E+0	4,902598E-5	1,107786E-5
20220325 14:59:23,790	d2_0_1230_20220325_14_59_23,790.bmp	2,348995E+0	1,420943E+0	4,902598E-5	3,830109E-3
20220325 14:59:29,797	d2_0_1231_20220325_14_59_29,797.bmp	2,334995E+0	1,441310E+0	3,867592E-3	1,284088E-3
20220325 14:59:35,801	d2_0_1232_20220325_14_59_35,801.bmp	2,322268E+0	1,462951E+0	4,902598E-5	-1,261932E-3
20220325 14:59:41,802	d2_0_1233_20220325_14_59_41,802.bmp	2,292995E+0	1,484591E+0	2,594737E-3	1,284088E-3
20220325 14:59:47,806	d2_0_1234_20220325_14_59_47,806.bmp	2,275177E+0	1,507505E+0	-3,769540E-3	-3,807953E-3
20220325 14:59:53,808	d2_0_1235_20220325_14_59_53,808.bmp	2,252268E+0	1,529145E+0	-2,496685E-3	-2,534943E-3
20220325 14:59:59,813	d2_0_1236_20220325_14_59_59,813.bmp	2,235723E+0	1,543148E+0	4,902598E-5	-1,261932E-3
20220325 15:00:05,817	d2_0_1237_20220325_15_00_05,817.bmp	2,225541E+0	1,567335E+0	-1,223829E-3	-3,807953E-3
20220325 15:00:11,822	d2_0_1238_20220325_15_00_11,822.bmp	2,216632E+0	1,582610E+0	2,594737E-3	2,557098E-3
20220325 15:00:17,824	d2_0_1239_20220325_15_00_17,824.bmp	2,206450E+0	1,604251E+0	4,902598E-5	1,107786E-5
20220325 15:00:23,828	d2_0_1240_20220325_15_00_23,828.bmp	2,161905E+0	1,624618E+0	4,902598E-5	1,107786E-5
20220325 15:00:29,840	d2_0_1241_20220325_15_00_29,840.bmp	2,107178E+0	1,644986E+0	4,902598E-5	1,107786E-5
20220325 15:00:35,845	d2_0_1242_20220325_15_00_35,845.bmp	2,028270E+0	1,664080E+0	4,902598E-5	1,107786E-5
20220325 15:00:41,850	d2_0_1243_20220325_15_00_41,850.bmp	1,965907E+0	1,681902E+0	1,321881E-3	2,557098E-3
20220325 15:00:47,854	d2_0_1244_20220325_15_00_47,854.bmp	1,941725E+0	1,707362E+0	4,902598E-5	-3,807953E-3
20220325 15:00:53,859	d2_0_1245_20220325_15_00_53,859.bmp	1,931543E+0	1,722637E+0	2,594737E-3	1,107786E-5
20220325 15:00:59,864	d2_0_1246_20220325_15_00_59,864.bmp	1,925180E+0	1,744278E+0	4,902598E-5	1,107786E-5
20220325 15:01:05,868	d2_0_1247_20220325_15_01_05,868.bmp	1,917543E+0	1,764645E+0	4,902598E-5	-1,261932E-3
20220325 15:01:11,874	d2_0_1248_20220325_15_01_11,874.bmp	1,907362E+0	1,782467E+0	2,594737E-3	1,284088E-3
20220325 15:01:17,877	d2_0_1249_20220325_15_01_17,877.bmp	1,906089E+0	1,801562E+0	4,902598E-5	2,557098E-3
20220325 15:01:23,881	d2_0_1250_20220325_15_01_23,881.bmp	1,904816E+0	1,825748E+0	4,902598E-5	1,107786E-5
20220325 15:01:29,889	d2_0_1251_20220325_15_01_29,889.bmp	1,903543E+0	1,846116E+0	4,902598E-5	1,107786E-5
20220325 15:01:35,895	d2_0_1252_20220325_15_01_35,895.bmp	1,898452E+0	1,862664E+0	2,594737E-3	1,284088E-3
20220325 15:01:41,902	d2_0_1253_20220325_15_01_41,902.bmp	1,900998E+0	1,881759E+0	1,321881E-3	2,557098E-3
20220325 15:01:47,903	d2_0_1254_20220325_15_01_47,903.bmp	1,908634E+0	1,904672E+0	-3,769540E-3	-1,261932E-3
20220325 15:01:53,905	d2_0_1255_20220325_15_01_53,905.bmp	1,899725E+0	1,922494E+0	1,321881E-3	2,557098E-3
20220325 15:01:59,909	d2_0_1256_20220325_15_01_59,909.bmp	1,906089E+0	1,942861E+0	-5,042396E-3	1,107786E-5
20220325 15:02:05,914	d2_0_1257_20220325_15_02_05,914.bmp	1,898452E+0	1,961956E+0	4,902598E-5	1,284088E-3
20220325 15:02:11,917	d2_0_1258_20220325_15_02_11,917.bmp	1,897180E+0	1,986143E+0	-2,496685E-3	-3,807953E-3
20220325 15:02:17,923	d2_0_1259_20220325_15_02_17,923.bmp	1,889543E+0	2,005237E+0	4,902598E-5	1,107786E-5
20220325 15:02:23,925	d2_0_1260_20220325_15_02_23,925.bmp	1,893362E+0	2,026878E+0	-2,496685E-3	-3,807953E-3
20220325 15:02:29,928	d2_0_1261_20220325_15_02_29,928.bmp	1,886998E+0	2,040880E+0	3,867592E-3	2,557098E-3
20220325 15:02:35,933	d2_0_1262_20220325_15_02_35,933.bmp	1,890816E+0	2,062521E+0	4,902598E-5	1,284088E-3
20220325 15:02:41,937	d2_0_1263_20220325_15_02_41,937.bmp	1,878089E+0	2,080343E+0	3,867592E-3	2,557098E-3
20220325 15:02:47,938	d2_0_1264_20220325_15_02_47,938.bmp	1,865362E+0	2,100710E+0	3,867592E-3	2,557098E-3
20220325 15:02:53,952	d2_0_1265_20220325_15_02_53,952.bmp	1,858998E+0	2,122351E+0	4,902598E-5	3,830109E-3
20220325 15:02:59,959	d2_0_1266_20220325_15_02_59,959.bmp	1,855180E+0	2,143991E+0	-2,496685E-3	-1,261932E-3
20220325 15:03:05,962	d2_0_1267_20220325_15_03_05,962.bmp	1,834817E+0	2,160540E+0	1,321881E-3	1,107786E-5
20220325 15:03:11,966	d2_0_1268_20220325_15_03_11,966.bmp	1,809362E+0	2,182180E+0	3,867592E-3	2,557098E-3
20220325 15:03:17,971	d2_0_1269_20220325_15_03_17,971.bmp	1,776272E+0	2,201275E+0	-1,223829E-3	2,557098E-3
20220325 15:03:23,976	d2_0_1270_20220325_15_03_23,976.bmp	1,736817E+0	2,224188E+0	-2,496685E-3	1,107786E-5
20220325 15:03:29,978	d2_0_1271_20220325_15_03_29,978.bmp	1,699908E+0	2,245829E+0	2,594737E-3	-1,261932E-3
20220325 15:03:35,984	d2_0_1272_20220325_15_03_35,984.bmp	1,675727E+0	2,261105E+0	3,867592E-3	2,557098E-3
20220325 15:03:41,988	d2_0_1273_20220325_15_03_41,988.bmp	1,668091E+0	2,284018E+0	4,902598E-5	-1,261932E-3
20220325 15:03:47,995	d2_0_1274_20220325_15_03_47,995.bmp	1,665545E+0	2,306932E+0	-5,042396E-3	-3,807953E-3
20220325 15:03:53,998	d2_0_1275_20220325_15_03_53,998.bmp	1,656636E+0	2,323480E+0	1,321881E-3	-1,261932E-3
20220325 15:04:00,003	d2_0_1276_20220325_15_04_00,003.bmp	1,655363E+0	2,345121E+0	4,902598E-5	1,107786E-5
20220325 15:04:06,010	d2_0_1277_20220325_15_04_06,010.bmp	1,654091E+0	2,368034E+0	-3,769540E-3	1,107786E-5
20220325 15:04:12,013	d2_0_1278_20220325_15_04_12,013.bmp	1,652818E+0	2,387129E+0	-5,042396E-3	-3,807953E-3
20220325 15:04:18,017	d2_0_1279_20220325_15_04_18,017.bmp	1,646454E+0	2,403678E+0	3,867592E-3	-1,261932E-3
20220325 15:04:24,021	d2_0_1280_20220325_15_04_24,021.bmp	1,645182E+0	2,424045E+0	4,902598E-5	-1,261932E-3
20220325 15:04:30,024	d2_0_1281_20220325_15_04_30,024.bmp	1,643909E+0	2,446959E+0	-3,769540E-3	-5,080963E-3
20220325 15:04:36,028	d2_0_1282_20220325_15_04_36,028.bmp	1,636273E+0	2,464780E+0	-5,042396E-3	1,107786E-5
20220325 15:04:42,030	d2_0_1283_20220325_15_04_42,030.bmp	1,624818E+0	2,485148E+0	-1,223829E-3	1,107786E-5
20220325 15:04:48,036	d2_0_1284_20220325_15_04_48,036.bmp	1,628636E+0	2,505515E+0	-1,223829E-3	1,107786E-5
20220325 15:04:54,042	d2_0_1285_20220325_15_04_54,042.bmp	1,621000E+0	2,523337E+0	4,902598E-5	2,557098E-3
20220325 15:05:00,047	d2_0_1286_20220325_15_05_00,047.bmp	1,622273E+0	2,543705E+0	4,902598E-5	1,107786E-5
20220325 15:05:06,048	d2_0_1287_20220325_15_05_06,048.bmp	1,619727E+0	2,564072E+0	4,902598E-5	1,107786E-5
20220325 15:05:12,051	d2_0_1288_20220325_15_05_12,051.bmp	1,613364E+0	2,584440E+0	3,867592E-3	-1,261932E-3
20220325 15:05:18,056	d2_0_1289_20220325_15_05_18,056.bmp	1,618455E+0	2,604807E+0	-3,769540E-3	-1,261932E-3
20220325 15:05:24,060	d2_0_1290_20220325_15_05_24,060.bmp	1,615909E+0	2,623902E+0	4,902598E-5	-1,261932E-3
20220325 15:05:30,070	d2_0_1291_20220325_15_05_30,070.bmp	1,612091E+0	2,641723E+0	2,594737E-3	1,284088E-3
20220325 15:05:36,072	d2_0_1292_20220325_15_05_36,072.bmp	1,615909E+0	2,663364E+0	4,902598E-5	1,107786E-5
20220325 15:05:42,077	d2_0_1293_20220325_15_05_42,077.bmp	1,615909E+0	2,681186E+0	2,594737E-3	2,557098E-3
20220325 15:05:48,078	d2_0_1294_20220325_15_05_48,078.bmp	1,621000E+0	2,707918E+0	1,321881E-3	-3,807953E-3
20220325 15:05:54,088	d2_0_1295_20220325_15_05_54,088.bmp	1,619727E+0	2,721921E+0	2,594737E-3	2,557098E-3
20220325 15:06:00,100	d2_0_1296_20220325_15_06_00,100.bmp	1,619727E+0	2,742288E+0	4,902598E-5	2,557098E-3
20220325 15:06:06,102	d2_0_1297_20220325_15_06_06,102.bmp	1,623545E+0	2,765202E+0	-3,769540E-3	-2,534943E-3
20220325 15:06:12,105	d2_0_1298_20220325_15_06_12,105.bmp	1,613364E+0	2,780477E+0	-1,223829E-3	3,830109E-3
20220325 15:06:18,110	d2_0_1299_20220325_15_06_18,110.bmp	1,595546E+0	2,804664E+0	3,867592E-3	1,107786E-5
20220325 15:06:24,114	d2_0_1300_20220325_15_06_24,114.bmp	1,572637E+0	2,827577E+0	-1,223829E-3	-3,807953E-3
20220325 15:06:30,119	d2_0_1301_20220325_15_06_30,119.bmp	1,554819E+0	2,844126E+0	-3,769540E-3	1,107786E-5
20220325 15:06:36,125	d2_0_1302_20220325_15_06_36,125.bmp	1,530637E+0	2,865767E+0	4,902598E-5	1,107786E-5
20220325 15:06:42,129	d2_0_1303_20220325_15_06_42,129.bmp	1,510274E+0	2,881042E+0	-1,223829E-3	2,557098E-3
20220325 15:06:48,136	d2_0_1304_20220325_15_06_48,136.bmp	1,492455E+0	2,905229E+0	2,594737E-3	1,107786E-5
20220325 15:06:54,143	d2_0_1305_20220325_15_06_54,143.bmp	1,478456E+0	2,923050E+0	3,867592E-3	1,107786E-5
20220325 15:07:00,147	d2_0_1306_20220325_15_07_00,147.bmp	1,481001E+0	2,945964E+0	-2,496685E-3	1,107786E-5
20220325 15:07:06,155	d2_0_1307_20220325_15_07_06,155.bmp	1,477183E+0	2,963785E+0	4,902598E-5	-1,261932E-3
20220325 15:07:12,159	d2_0_1308_20220325_15_07_12,159.bmp	1,474637E+0	2,986699E+0	-3,769540E-3	-3,807953E-3
20220325 15:07:18,160	d2_0_1309_20220325_15_07_18,160.bmp	1,469547E+0	3,004521E+0	-1,223829E-3	1,107786E-5
20220325 15:07:24,165	d2_0_1310_20220325_15_07_24,165.bmp	1,465728E+0	3,022342E+0	-2,496685E-3	1,107786E-5
20220325 15:07:30,170	d2_0_1311_20220325_15_07_30,170.bmp	1,459365E+0	3,047802E+0	-3,769540E-3	-3,807953E-3
20220325 15:07:36,171	d2_0_1312_20220325_15_07_36,171.bmp	1,446638E+0	3,063077E+0	2,594737E-3	2,557098E-3
20220325 15:07:42,173	d2_0_1313_20220325_15_07_42,173.bmp	1,444092E+0	3,087264E+0	-3,769540E-3	-3,807953E-3
20220325 15:07:48,176	d2_0_1314_20220325_15_07_48,176.bmp	1,439001E+0	3,103812E+0	4,902598E-5	1,107786E-5
20220325 15:07:54,179	d2_0_1315_20220325_15_07_54,179.bmp	1,432638E+0	3,126726E+0	4,902598E-5	-3,807953E-3
20220325 15:08:00,184	d2_0_1316_20220325_15_08_00,184.bmp	1,431365E+0	3,144548E+0	4,902598E-5	1,107786E-5
20220325 15:08:06,189	d2_0_1317_20220325_15_08_06,189.bmp	1,432638E+0	3,163642E+0	4,902598E-5	1,107786E-5
20220325 15:08:12,191	d2_0_1318_20220325_15_08_12,191.bmp	1,425001E+0	3,184010E+0	2,594737E-3	1,284088E-3
20220325 15:08:18,205	d2_0_1319_20220325_15_08_18,205.bmp	1,431365E+0	3,204377E+0	4,902598E-5	1,107786E-5
20220325 15:08:24,207	d2_0_1320_20220325_15_08_24,207.bmp	1,432638E+0	3,223472E+0	-3,769540E-3	1,107786E-5
20220325 15:08:30,212	d2_0_1321_20220325_15_08_30,212.bmp	1,431365E+0	3,245112E+0	4,902598E-5	1,107786E-5
20220325 15:08:36,218	d2_0_1322_20220325_15_08_36,218.bmp	1,436456E+0	3,262934E+0	-3,769540E-3	1,107786E-5
20220325 15:08:42,219	d2_0_1323_20220325_15_08_42,219.bmp	1,435183E+0	3,284575E+0	4,902598E-5	-1,261932E-3
20220325 15:08:48,222	d2_0_1324_20220325_15_08_48,222.bmp	1,431365E+0	3,303669E+0	4,902598E-5	-1,261932E-3
20220325 15:08:54,227	d2_0_1325_20220325_15_08_54,227.bmp	1,439001E+0	3,321491E+0	-1,223829E-3	2,557098E-3
20220325 15:09:00,233	d2_0_1326_20220325_15_09_00,233.bmp	1,441547E+0	3,344404E+0	4,902598E-5	-1,261932E-3
20220325 15:09:06,241	d2_0_1327_20220325_15_09_06,241.bmp	1,445365E+0	3,368591E+0	-5,042396E-3	-3,807953E-3
20220325 15:09:12,246	d2_0_1328_20220325_15_09_12,246.bmp	1,439001E+0	3,387685E+0	4,902598E-5	-3,807953E-3
20220325 15:09:18,251	d2_0_1329_20220325_15_09_18,251.bmp	1,435183E+0	3,401688E+0	3,867592E-3	2,557098E-3
20220325 15:09:24,254	d2_0_1330_20220325_15_09_24,254.bmp	1,426274E+0	3,424602E+0	4,902598E-5	-1,261932E-3
20220325 15:09:30,259	d2_0_1331_20220325_15_09_30,259.bmp	1,390638E+0	3,441150E+0	3,867592E-3	3,830109E-3
20220325 15:09:36,263	d2_0_1332_20220325_15_09_36,263.bmp	1,365184E+0	3,467883E+0	-2,496685E-3	-3,807953E-3
20220325 15:09:42,267	d2_0_1333_20220325_15_09_42,267.bmp	1,351184E+0	3,484431E+0	4,902598E-5	1,107786E-5
20220325 15:09:48,268	d2_0_1334_20220325_15_09_48,268.bmp	1,337184E+0	3,507345E+0	1,321881E-3	-1,261932E-3
20220325 15:09:54,270	d2_0_1335_20220325_15_09_54,270.bmp	1,321911E+0	3,525166E+0	2,594737E-3	1,107786E-5
20220325 15:10:00,274	d2_0_1336_20220325_15_10_00,274.bmp	1,320639E+0	3,544261E+0	-3,769540E-3	-3,807953E-3
20220325 15:10:06,276	d2_0_1337_20220325_15_10_06,276.bmp	1,310457E+0	3,559537E+0	1,321881E-3	2,557098E-3
20220325 15:10:12,283	d2_0_1338_20220325_15_10_12,283.bmp	1,310457E+0	3,584996E+0	4,902598E-5	-1,261932E-3
20220325 15:10:18,285	d2_0_1339_20220325_15_10_18,285.bmp	1,306639E+0	3,598999E+0	4,902598E-5	3,830109E-3
