20220325 14:52:11,460	d2_1_1158_20220325_14_52_11,460.bmp	3,375557E-3	3,052874E-4	-2,496685E-3	1,107786E-5
20220325 14:52:17,460	d2_1_1159_20220325_14_52_17,460.bmp	4,282981E-2	7,943123E-3	-2,496685E-3	-3,807953E-3
20220325 14:52:23,461	d2_1_1160_20220325_14_52_23,461.bmp	2,528283E-1	2,067285E-2	4,902598E-5	2,557098E-3
20220325 14:52:29,464	d2_1_1161_20220325_14_52_29,464.bmp	4,704630E-1	4,613230E-2	4,902598E-5	1,107786E-5
20220325 14:52:35,467	d2_1_1162_20220325_14_52_35,467.bmp	6,830069E-1	6,013500E-2	3,867592E-3	3,830109E-3
20220325 14:52:41,474	d2_1_1163_20220325_14_52_41,474.bmp	8,980962E-1	8,432148E-2	4,902598E-5	1,107786E-5
20220325 14:52:47,481	d2_1_1164_20220325_14_52_47,481.bmp	1,111913E+0	1,059620E-1	3,867592E-3	2,557098E-3
20220325 14:52:53,486	d2_1_1165_20220325_14_52_53,486.bmp	1,332093E+0	1,250566E-1	1,321881E-3	1,107786E-5
20220325 14:52:59,488	d2_1_1166_20220325_14_52_59,488.bmp	1,538273E+0	1,416052E-1	3,867592E-3	2,557098E-3
20220325 14:53:05,491	d2_1_1167_20220325_14_53_05,491.bmp	1,750817E+0	1,594269E-1	-1,223829E-3	2,557098E-3
20220325 14:53:11,494	d2_1_1168_20220325_14_53_11,494.bmp	1,958270E+0	1,848863E-1	-1,223829E-3	1,107786E-5
20220325 14:53:17,499	d2_1_1169_20220325_14_53_17,499.bmp	2,166996E+0	2,052539E-1	4,902598E-5	1,107786E-5
20220325 14:53:23,505	d2_1_1170_20220325_14_53_23,505.bmp	2,373176E+0	2,281674E-1	-3,769540E-3	-5,080963E-3
20220325 14:53:29,510	d2_1_1171_20220325_14_53_29,510.bmp	2,572993E+0	2,447160E-1	4,902598E-5	-1,261932E-3
20220325 14:53:35,511	d2_1_1172_20220325_14_53_35,511.bmp	2,772810E+0	2,599917E-1	3,867592E-3	3,830109E-3
20220325 14:53:41,512	d2_1_1173_20220325_14_53_41,512.bmp	2,970081E+0	2,841782E-1	4,902598E-5	1,107786E-5
20220325 14:53:47,515	d2_1_1174_20220325_14_53_47,515.bmp	3,163534E+0	3,045457E-1	4,902598E-5	-1,261932E-3
20220325 14:53:53,520	d2_1_1175_20220325_14_53_53,520.bmp	3,358260E+0	3,261863E-1	-3,769540E-3	-3,807953E-3
20220325 14:53:59,521	d2_1_1176_20220325_14_53_59,521.bmp	3,538986E+0	3,452809E-1	1,321881E-3	-1,261932E-3
20220325 14:54:05,529	d2_1_1177_20220325_14_54_05,529.bmp	3,717166E+0	3,656484E-1	-1,223829E-3	-1,261932E-3
20220325 14:54:11,536	d2_1_1178_20220325_14_54_11,536.bmp	3,887711E+0	3,885619E-1	-5,042396E-3	-3,807953E-3
20220325 14:54:17,539	d2_1_1179_20220325_14_54_17,539.bmp	4,048073E+0	4,063835E-1	-3,769540E-3	-1,261932E-3
20220325 14:54:23,540	d2_1_1180_20220325_14_54_23,540.bmp	4,191890E+0	4,280241E-1	-2,496685E-3	-3,807953E-3
20220325 14:54:29,542	d2_1_1181_20220325_14_54_29,542.bmp	4,305162E+0	4,445727E-1	-1,223829E-3	1,107786E-5
20220325 14:54:35,547	d2_1_1182_20220325_14_54_35,547.bmp	4,394252E+0	4,674862E-1	-3,769540E-3	-3,807953E-3
20220325 14:54:41,548	d2_1_1183_20220325_14_54_41,548.bmp	4,405707E+0	4,840349E-1	4,902598E-5	1,107786E-5
20220325 14:54:47,549	d2_1_1184_20220325_14_54_47,549.bmp	4,370071E+0	5,044024E-1	-1,223829E-3	1,107786E-5
20220325 14:54:53,557	d2_1_1185_20220325_14_54_53,557.bmp	4,321707E+0	5,196781E-1	3,867592E-3	2,557098E-3
20220325 14:54:59,563	d2_1_1186_20220325_14_54_59,563.bmp	4,193163E+0	5,451376E-1	4,902598E-5	-1,261932E-3
20220325 14:55:05,566	d2_1_1187_20220325_14_55_05,566.bmp	4,111709E+0	5,629592E-1	2,594737E-3	2,557098E-3
20220325 14:55:11,569	d2_1_1188_20220325_14_55_11,569.bmp	4,003528E+0	5,833267E-1	-3,769540E-3	-3,807953E-3
20220325 14:55:17,573	d2_1_1189_20220325_14_55_17,573.bmp	3,896620E+0	6,011484E-1	4,902598E-5	2,557098E-3
20220325 14:55:23,574	d2_1_1190_20220325_14_55_23,574.bmp	3,825347E+0	6,215159E-1	2,594737E-3	2,557098E-3
20220325 14:55:29,575	d2_1_1191_20220325_14_55_29,575.bmp	3,787166E+0	6,406105E-1	2,594737E-3	2,557098E-3
20220325 14:55:35,581	d2_1_1192_20220325_14_55_35,581.bmp	3,783348E+0	6,622510E-1	3,867592E-3	2,557098E-3
20220325 14:55:41,591	d2_1_1193_20220325_14_55_41,591.bmp	3,785893E+0	6,838916E-1	2,594737E-3	-1,261932E-3
20220325 14:55:47,592	d2_1_1194_20220325_14_55_47,592.bmp	3,779529E+0	7,055321E-1	-5,042396E-3	-3,807953E-3
20220325 14:55:53,596	d2_1_1195_20220325_14_55_53,596.bmp	3,742621E+0	7,233537E-1	4,902598E-5	-1,261932E-3
20220325 14:55:59,600	d2_1_1196_20220325_14_55_59,600.bmp	3,722257E+0	7,437213E-1	4,902598E-5	-1,261932E-3
20220325 14:56:05,601	d2_1_1197_20220325_14_56_05,601.bmp	3,685348E+0	7,666348E-1	2,594737E-3	-3,807953E-3
20220325 14:56:11,611	d2_1_1198_20220325_14_56_11,611.bmp	3,652258E+0	7,844564E-1	4,902598E-5	-1,261932E-3
20220325 14:56:17,612	d2_1_1199_20220325_14_56_17,612.bmp	3,610258E+0	8,010051E-1	4,902598E-5	2,557098E-3
20220325 14:56:23,618	d2_1_1200_20220325_14_56_23,618.bmp	3,523713E+0	8,200996E-1	-2,496685E-3	2,557098E-3
20220325 14:56:29,621	d2_1_1201_20220325_14_56_29,621.bmp	3,437168E+0	8,481050E-1	-5,042396E-3	-3,807953E-3
20220325 14:56:35,624	d2_1_1202_20220325_14_56_35,624.bmp	3,265351E+0	8,608348E-1	4,902598E-5	2,557098E-3
20220325 14:56:41,628	d2_1_1203_20220325_14_56_41,628.bmp	3,056626E+0	8,799294E-1	4,902598E-5	1,107786E-5
20220325 14:56:47,630	d2_1_1204_20220325_14_56_47,630.bmp	2,948445E+0	9,015699E-1	4,902598E-5	2,557098E-3
20220325 14:56:53,638	d2_1_1205_20220325_14_56_53,638.bmp	2,860627E+0	9,270293E-1	4,902598E-5	-2,534943E-3
20220325 14:56:59,648	d2_1_1206_20220325_14_56_59,648.bmp	2,809718E+0	9,448510E-1	4,902598E-5	2,557098E-3
20220325 14:57:05,653	d2_1_1207_20220325_14_57_05,653.bmp	2,762628E+0	9,613996E-1	4,902598E-5	1,107786E-5
20220325 14:57:11,654	d2_1_1208_20220325_14_57_11,654.bmp	2,721901E+0	9,868591E-1	-3,769540E-3	-3,807953E-3
20220325 14:57:17,659	d2_1_1209_20220325_14_57_17,659.bmp	2,684992E+0	1,002135E+0	2,594737E-3	2,557098E-3
20220325 14:57:23,666	d2_1_1210_20220325_14_57_23,666.bmp	2,672265E+0	1,023775E+0	4,902598E-5	1,284088E-3
20220325 14:57:29,673	d2_1_1211_20220325_14_57_29,673.bmp	2,658265E+0	1,042870E+0	4,902598E-5	-1,261932E-3
20220325 14:57:35,677	d2_1_1212_20220325_14_57_35,677.bmp	2,659538E+0	1,063237E+0	-3,769540E-3	1,107786E-5
20220325 14:57:41,679	d2_1_1213_20220325_14_57_41,679.bmp	2,653174E+0	1,084878E+0	4,902598E-5	-1,261932E-3
20220325 14:57:47,684	d2_1_1214_20220325_14_57_47,684.bmp	2,658265E+0	1,106518E+0	-3,769540E-3	-3,807953E-3
20220325 14:57:53,684	d2_1_1215_20220325_14_57_53,684.bmp	2,639174E+0	1,120521E+0	4,902598E-5	1,284088E-3
20220325 14:57:59,686	d2_1_1216_20220325_14_57_59,686.bmp	2,612447E+0	1,140889E+0	1,321881E-3	2,557098E-3
20220325 14:58:05,688	d2_1_1217_20220325_14_58_05,688.bmp	2,602265E+0	1,163802E+0	4,902598E-5	-1,261932E-3
20220325 14:58:11,695	d2_1_1218_20220325_14_58_11,695.bmp	2,583175E+0	1,184170E+0	1,321881E-3	1,107786E-5
20220325 14:58:17,702	d2_1_1219_20220325_14_58_17,702.bmp	2,567902E+0	1,200718E+0	1,321881E-3	1,107786E-5
20220325 14:58:23,709	d2_1_1220_20220325_14_58_23,709.bmp	2,536084E+0	1,221086E+0	4,902598E-5	2,557098E-3
20220325 14:58:29,712	d2_1_1221_20220325_14_58_29,712.bmp	2,488994E+0	1,242727E+0	4,902598E-5	-1,261932E-3
20220325 14:58:35,714	d2_1_1222_20220325_14_58_35,714.bmp	2,464812E+0	1,266913E+0	-3,769540E-3	-3,807953E-3
20220325 14:58:41,720	d2_1_1223_20220325_14_58_41,720.bmp	2,445721E+0	1,284735E+0	1,321881E-3	-1,261932E-3
20220325 14:58:47,725	d2_1_1224_20220325_14_58_47,725.bmp	2,438085E+0	1,300010E+0	4,902598E-5	3,830109E-3
20220325 14:58:53,728	d2_1_1225_20220325_14_58_53,728.bmp	2,415176E+0	1,328016E+0	-1,223829E-3	-3,807953E-3
20220325 14:58:59,731	d2_1_1226_20220325_14_58_59,731.bmp	2,401176E+0	1,344564E+0	1,321881E-3	1,107786E-5
20220325 14:59:05,736	d2_1_1227_20220325_14_59_05,736.bmp	2,388449E+0	1,366205E+0	-5,042396E-3	-1,261932E-3
20220325 14:59:11,739	d2_1_1228_20220325_14_59_11,739.bmp	2,378267E+0	1,387845E+0	1,321881E-3	-3,807953E-3
20220325 14:59:17,741	d2_1_1229_20220325_14_59_17,741.bmp	2,364267E+0	1,408213E+0	-3,769540E-3	-3,807953E-3
20220325 14:59:23,752	d2_1_1230_20220325_14_59_23,752.bmp	2,351540E+0	1,424762E+0	-3,769540E-3	-3,807953E-3
20220325 14:59:29,757	d2_1_1231_20220325_14_59_29,757.bmp	2,333722E+0	1,443856E+0	3,867592E-3	1,107786E-5
20220325 14:59:35,758	d2_1_1232_20220325_14_59_35,758.bmp	2,323540E+0	1,469316E+0	4,902598E-5	1,107786E-5
20220325 14:59:41,763	d2_1_1233_20220325_14_59_41,763.bmp	2,299359E+0	1,482045E+0	4,902598E-5	2,557098E-3
20220325 14:59:47,766	d2_1_1234_20220325_14_59_47,766.bmp	2,271359E+0	1,510051E+0	-1,223829E-3	-3,807953E-3
20220325 14:59:53,771	d2_1_1235_20220325_14_59_53,771.bmp	2,247177E+0	1,520235E+0	2,594737E-3	2,557098E-3
20220325 14:59:59,777	d2_1_1236_20220325_14_59_59,777.bmp	2,234450E+0	1,546967E+0	-1,223829E-3	-3,807953E-3
20220325 15:00:05,783	d2_1_1237_20220325_15_00_05,783.bmp	2,222996E+0	1,562243E+0	2,594737E-3	2,557098E-3
20220325 15:00:11,787	d2_1_1238_20220325_15_00_11,787.bmp	2,220450E+0	1,588975E+0	4,902598E-5	-3,807953E-3
20220325 15:00:17,790	d2_1_1239_20220325_15_00_17,790.bmp	2,206450E+0	1,605524E+0	4,902598E-5	1,107786E-5
20220325 15:00:23,795	d2_1_1240_20220325_15_00_23,795.bmp	2,161905E+0	1,624618E+0	-2,496685E-3	-1,261932E-3
20220325 15:00:29,806	d2_1_1241_20220325_15_00_29,806.bmp	2,104633E+0	1,642440E+0	4,902598E-5	2,557098E-3
20220325 15:00:35,811	d2_1_1242_20220325_15_00_35,811.bmp	2,025724E+0	1,660262E+0	3,867592E-3	3,830109E-3
20220325 15:00:41,812	d2_1_1243_20220325_15_00_41,812.bmp	1,970997E+0	1,681902E+0	2,594737E-3	2,557098E-3
20220325 15:00:47,814	d2_1_1244_20220325_15_00_47,814.bmp	1,939179E+0	1,704816E+0	3,867592E-3	1,284088E-3
20220325 15:00:53,819	d2_1_1245_20220325_15_00_53,819.bmp	1,931543E+0	1,723910E+0	5,140448E-3	1,107786E-5
20220325 15:00:59,822	d2_1_1246_20220325_15_00_59,822.bmp	1,927725E+0	1,741732E+0	4,902598E-5	1,284088E-3
20220325 15:01:05,833	d2_1_1247_20220325_15_01_05,833.bmp	1,917543E+0	1,765918E+0	4,902598E-5	-3,807953E-3
20220325 15:01:11,841	d2_1_1248_20220325_15_01_11,841.bmp	1,916271E+0	1,783740E+0	4,902598E-5	1,107786E-5
20220325 15:01:17,846	d2_1_1249_20220325_15_01_17,846.bmp	1,904816E+0	1,806653E+0	-3,769540E-3	-3,807953E-3
20220325 15:01:23,850	d2_1_1250_20220325_15_01_23,850.bmp	1,902271E+0	1,824475E+0	-1,223829E-3	1,107786E-5
20220325 15:01:29,853	d2_1_1251_20220325_15_01_29,853.bmp	1,902271E+0	1,848661E+0	-1,223829E-3	-3,807953E-3
20220325 15:01:35,861	d2_1_1252_20220325_15_01_35,861.bmp	1,906089E+0	1,863937E+0	4,902598E-5	1,107786E-5
20220325 15:01:41,868	d2_1_1253_20220325_15_01_41,868.bmp	1,907362E+0	1,886851E+0	-3,769540E-3	-3,807953E-3
20220325 15:01:47,870	d2_1_1254_20220325_15_01_47,870.bmp	1,906089E+0	1,902126E+0	4,902598E-5	1,107786E-5
20220325 15:01:53,872	d2_1_1255_20220325_15_01_53,872.bmp	1,904816E+0	1,921221E+0	-1,223829E-3	2,557098E-3
20220325 15:01:59,875	d2_1_1256_20220325_15_01_59,875.bmp	1,899725E+0	1,944134E+0	-1,223829E-3	1,107786E-5
20220325 15:02:05,879	d2_1_1257_20220325_15_02_05,879.bmp	1,900998E+0	1,964502E+0	4,902598E-5	-1,261932E-3
20220325 15:02:11,882	d2_1_1258_20220325_15_02_11,882.bmp	1,894634E+0	1,983597E+0	4,902598E-5	1,107786E-5
20220325 15:02:17,893	d2_1_1259_20220325_15_02_17,893.bmp	1,894634E+0	2,007783E+0	-5,042396E-3	-3,807953E-3
20220325 15:02:23,894	d2_1_1260_20220325_15_02_23,894.bmp	1,890816E+0	2,021786E+0	4,902598E-5	3,830109E-3
20220325 15:02:29,898	d2_1_1261_20220325_15_02_29,898.bmp	1,892089E+0	2,043426E+0	-1,223829E-3	-1,261932E-3
20220325 15:02:35,905	d2_1_1262_20220325_15_02_35,905.bmp	1,888271E+0	2,062521E+0	4,902598E-5	-1,261932E-3
20220325 15:02:41,906	d2_1_1263_20220325_15_02_41,906.bmp	1,879362E+0	2,087980E+0	-1,223829E-3	-3,807953E-3
20220325 15:02:47,911	d2_1_1264_20220325_15_02_47,911.bmp	1,870453E+0	2,108348E+0	-5,042396E-3	-3,807953E-3
20220325 15:02:53,919	d2_1_1265_20220325_15_02_53,919.bmp	1,856453E+0	2,121078E+0	1,321881E-3	2,557098E-3
20220325 15:02:59,924	d2_1_1266_20220325_15_02_59,924.bmp	1,851362E+0	2,143991E+0	-1,223829E-3	1,107786E-5
20220325 15:03:05,928	d2_1_1267_20220325_15_03_05,928.bmp	1,839907E+0	2,161813E+0	-1,223829E-3	2,557098E-3
20220325 15:03:11,932	d2_1_1268_20220325_15_03_11,932.bmp	1,809362E+0	2,179634E+0	3,867592E-3	2,557098E-3
20220325 15:03:17,935	d2_1_1269_20220325_15_03_17,935.bmp	1,776272E+0	2,200002E+0	2,594737E-3	2,557098E-3
20220325 15:03:23,937	d2_1_1270_20220325_15_03_23,937.bmp	1,731726E+0	2,220369E+0	2,594737E-3	-1,261932E-3
20220325 15:03:29,947	d2_1_1271_20220325_15_03_29,947.bmp	1,697363E+0	2,240737E+0	3,867592E-3	1,284088E-3
20220325 15:03:35,955	d2_1_1272_20220325_15_03_35,955.bmp	1,673181E+0	2,259832E+0	2,594737E-3	1,284088E-3
20220325 15:03:41,958	d2_1_1273_20220325_15_03_41,958.bmp	1,669363E+0	2,284018E+0	4,902598E-5	1,107786E-5
20220325 15:03:47,959	d2_1_1274_20220325_15_03_47,959.bmp	1,660454E+0	2,301840E+0	4,902598E-5	2,557098E-3
20220325 15:03:53,960	d2_1_1275_20220325_15_03_53,960.bmp	1,656636E+0	2,320934E+0	1,321881E-3	2,557098E-3
20220325 15:03:59,964	d2_1_1276_20220325_15_03_59,964.bmp	1,656636E+0	2,340029E+0	-1,223829E-3	3,830109E-3
20220325 15:04:05,976	d2_1_1277_20220325_15_04_05,976.bmp	1,652818E+0	2,365488E+0	4,902598E-5	1,107786E-5
20220325 15:04:11,977	d2_1_1278_20220325_15_04_11,977.bmp	1,647727E+0	2,384583E+0	2,594737E-3	1,107786E-5
20220325 15:04:17,978	d2_1_1279_20220325_15_04_17,978.bmp	1,652818E+0	2,403678E+0	4,902598E-5	1,107786E-5
20220325 15:04:23,981	d2_1_1280_20220325_15_04_23,981.bmp	1,645182E+0	2,425318E+0	4,902598E-5	-3,807953E-3
20220325 15:04:29,985	d2_1_1281_20220325_15_04_29,985.bmp	1,641363E+0	2,443140E+0	4,902598E-5	1,107786E-5
20220325 15:04:35,986	d2_1_1282_20220325_15_04_35,986.bmp	1,633727E+0	2,460961E+0	3,867592E-3	2,557098E-3
20220325 15:04:41,991	d2_1_1283_20220325_15_04_41,991.bmp	1,628636E+0	2,486421E+0	-1,223829E-3	1,107786E-5
20220325 15:04:48,000	d2_1_1284_20220325_15_04_48,000.bmp	1,629909E+0	2,506788E+0	-5,042396E-3	-3,807953E-3
20220325 15:04:54,007	d2_1_1285_20220325_15_04_54,007.bmp	1,623545E+0	2,525883E+0	4,902598E-5	1,107786E-5
20220325 15:05:00,008	d2_1_1286_20220325_15_05_00,008.bmp	1,622273E+0	2,546250E+0	-2,496685E-3	-3,807953E-3
20220325 15:05:06,011	d2_1_1287_20220325_15_05_06,011.bmp	1,623545E+0	2,564072E+0	-3,769540E-3	-1,261932E-3
20220325 15:05:12,015	d2_1_1288_20220325_15_05_12,015.bmp	1,614636E+0	2,584440E+0	4,902598E-5	1,107786E-5
20220325 15:05:18,018	d2_1_1289_20220325_15_05_18,018.bmp	1,615909E+0	2,603534E+0	-1,223829E-3	-1,261932E-3
20220325 15:05:24,027	d2_1_1290_20220325_15_05_24,027.bmp	1,619727E+0	2,627721E+0	-2,496685E-3	-3,807953E-3
20220325 15:05:30,036	d2_1_1291_20220325_15_05_30,036.bmp	1,619727E+0	2,649361E+0	-3,769540E-3	-2,534943E-3
20220325 15:05:36,040	d2_1_1292_20220325_15_05_36,040.bmp	1,617182E+0	2,664637E+0	4,902598E-5	1,107786E-5
20220325 15:05:42,044	d2_1_1293_20220325_15_05_42,044.bmp	1,621000E+0	2,685004E+0	-3,769540E-3	-2,534943E-3
20220325 15:05:48,048	d2_1_1294_20220325_15_05_48,048.bmp	1,621000E+0	2,702826E+0	-1,223829E-3	-1,261932E-3
20220325 15:05:54,057	d2_1_1295_20220325_15_05_54,057.bmp	1,622273E+0	2,724467E+0	-1,223829E-3	1,107786E-5
20220325 15:06:00,065	d2_1_1296_20220325_15_06_00,065.bmp	1,613364E+0	2,742288E+0	2,594737E-3	1,107786E-5
20220325 15:06:06,067	d2_1_1297_20220325_15_06_06,067.bmp	1,622273E+0	2,766475E+0	-3,769540E-3	-3,807953E-3
20220325 15:06:12,070	d2_1_1298_20220325_15_06_12,070.bmp	1,618455E+0	2,785569E+0	-3,769540E-3	-3,807953E-3
20220325 15:06:18,074	d2_1_1299_20220325_15_06_18,074.bmp	1,600636E+0	2,804664E+0	4,902598E-5	1,107786E-5
20220325 15:06:24,075	d2_1_1300_20220325_15_06_24,075.bmp	1,572637E+0	2,825031E+0	4,902598E-5	1,107786E-5
20220325 15:06:30,085	d2_1_1301_20220325_15_06_30,085.bmp	1,551000E+0	2,847945E+0	4,902598E-5	-3,807953E-3
20220325 15:06:36,094	d2_1_1302_20220325_15_06_36,094.bmp	1,528092E+0	2,864494E+0	4,902598E-5	1,107786E-5
20220325 15:06:42,097	d2_1_1303_20220325_15_06_42,097.bmp	1,509001E+0	2,881042E+0	4,902598E-5	2,557098E-3
20220325 15:06:48,099	d2_1_1304_20220325_15_06_48,099.bmp	1,492455E+0	2,900137E+0	2,594737E-3	2,557098E-3
20220325 15:06:54,104	d2_1_1305_20220325_15_06_54,104.bmp	1,488637E+0	2,923050E+0	-2,496685E-3	-1,261932E-3
20220325 15:07:00,112	d2_1_1306_20220325_15_07_00,112.bmp	1,477183E+0	2,943418E+0	1,321881E-3	1,107786E-5
20220325 15:07:06,119	d2_1_1307_20220325_15_07_06,119.bmp	1,478456E+0	2,967604E+0	-3,769540E-3	-3,807953E-3
20220325 15:07:12,123	d2_1_1308_20220325_15_07_12,123.bmp	1,473365E+0	2,984153E+0	-3,769540E-3	-3,807953E-3
20220325 15:07:18,126	d2_1_1309_20220325_15_07_18,126.bmp	1,463183E+0	2,999429E+0	3,867592E-3	2,557098E-3
20220325 15:07:24,127	d2_1_1310_20220325_15_07_24,127.bmp	1,463183E+0	3,023615E+0	4,902598E-5	1,107786E-5
20220325 15:07:30,132	d2_1_1311_20220325_15_07_30,132.bmp	1,456819E+0	3,047802E+0	4,902598E-5	-3,807953E-3
20220325 15:07:36,133	d2_1_1312_20220325_15_07_36,133.bmp	1,446638E+0	3,061804E+0	3,867592E-3	1,284088E-3
20220325 15:07:42,134	d2_1_1313_20220325_15_07_42,134.bmp	1,442819E+0	3,088537E+0	4,902598E-5	-3,807953E-3
20220325 15:07:48,142	d2_1_1314_20220325_15_07_48,142.bmp	1,439001E+0	3,103812E+0	-3,769540E-3	1,107786E-5
20220325 15:07:54,149	d2_1_1315_20220325_15_07_54,149.bmp	1,435183E+0	3,124180E+0	4,902598E-5	-1,261932E-3
20220325 15:08:00,154	d2_1_1316_20220325_15_08_00,154.bmp	1,428820E+0	3,144548E+0	4,902598E-5	1,107786E-5
20220325 15:08:06,156	d2_1_1317_20220325_15_08_06,156.bmp	1,432638E+0	3,166188E+0	-3,769540E-3	-2,534943E-3
20220325 15:08:12,159	d2_1_1318_20220325_15_08_12,159.bmp	1,427547E+0	3,178918E+0	2,594737E-3	2,557098E-3
20220325 15:08:18,169	d2_1_1319_20220325_15_08_18,169.bmp	1,436456E+0	3,205650E+0	-2,496685E-3	-3,807953E-3
20220325 15:08:24,175	d2_1_1320_20220325_15_08_24,175.bmp	1,432638E+0	3,227291E+0	-3,769540E-3	-3,807953E-3
20220325 15:08:30,178	d2_1_1321_20220325_15_08_30,178.bmp	1,428820E+0	3,241294E+0	4,902598E-5	2,557098E-3
20220325 15:08:36,179	d2_1_1322_20220325_15_08_36,179.bmp	1,426274E+0	3,260388E+0	3,867592E-3	2,557098E-3
20220325 15:08:42,181	d2_1_1323_20220325_15_08_42,181.bmp	1,432638E+0	3,288394E+0	-2,496685E-3	-3,807953E-3
20220325 15:08:48,182	d2_1_1324_20220325_15_08_48,182.bmp	1,432638E+0	3,302396E+0	3,867592E-3	2,557098E-3
20220325 15:08:54,186	d2_1_1325_20220325_15_08_54,186.bmp	1,439001E+0	3,324037E+0	1,321881E-3	-1,261932E-3
20220325 15:09:00,190	d2_1_1326_20220325_15_09_00,190.bmp	1,441547E+0	3,340585E+0	4,902598E-5	2,557098E-3
20220325 15:09:06,196	d2_1_1327_20220325_15_09_06,196.bmp	1,436456E+0	3,360953E+0	2,594737E-3	2,557098E-3
20220325 15:09:12,201	d2_1_1328_20220325_15_09_12,201.bmp	1,439001E+0	3,385139E+0	4,902598E-5	1,107786E-5
20220325 15:09:18,206	d2_1_1329_20220325_15_09_18,206.bmp	1,436456E+0	3,404234E+0	4,902598E-5	1,107786E-5
20220325 15:09:24,211	d2_1_1330_20220325_15_09_24,211.bmp	1,428820E+0	3,427148E+0	-3,769540E-3	-3,807953E-3
20220325 15:09:30,212	d2_1_1331_20220325_15_09_30,212.bmp	1,394456E+0	3,444969E+0	4,902598E-5	1,107786E-5
20220325 15:09:36,214	d2_1_1332_20220325_15_09_36,214.bmp	1,361366E+0	3,464064E+0	3,867592E-3	1,284088E-3
20220325 15:09:42,219	d2_1_1333_20220325_15_09_42,219.bmp	1,351184E+0	3,488250E+0	-2,496685E-3	-3,807953E-3
20220325 15:09:48,220	d2_1_1334_20220325_15_09_48,220.bmp	1,335911E+0	3,503526E+0	1,321881E-3	1,107786E-5
20220325 15:09:54,227	d2_1_1335_20220325_15_09_54,227.bmp	1,330820E+0	3,527712E+0	-2,496685E-3	-3,807953E-3
20220325 15:10:00,230	d2_1_1336_20220325_15_10_00,230.bmp	1,320639E+0	3,544261E+0	1,321881E-3	3,830109E-3
20220325 15:10:06,234	d2_1_1337_20220325_15_10_06,234.bmp	1,314275E+0	3,562083E+0	-1,223829E-3	-1,261932E-3
20220325 15:10:12,238	d2_1_1338_20220325_15_10_12,238.bmp	1,310457E+0	3,584996E+0	4,902598E-5	-1,261932E-3
20220325 15:10:18,244	d2_1_1339_20220325_15_10_18,244.bmp	1,304093E+0	3,598999E+0	3,867592E-3	2,557098E-3
