-4.430006732270299442e-06
3.223826346230483576e-04
5.231422966278913116e-03
1.999919252209330159e-02
4.229552981263340339e-02
7.453746499106635170e-02
1.264711179680052255e-01
1.581734557273618558e-01
2.450388902161374505e-01
2.815672844270090680e-01
3.432060960750446532e-01
4.300131672591924192e-01
5.088580196465419814e-01
6.108060860027989536e-01
6.993396513500158562e-01
8.184225019465836137e-01
9.244610907998500604e-01
1.047594231371554496e+00
1.169903479288095571e+00
1.281829555267289367e+00
1.429677414443321748e+00
1.582529990270315601e+00
1.701192915925581417e+00
1.845476475794848747e+00
1.904981688550243746e+00
2.009402252963959246e+00
2.052945856515884682e+00
2.100109163777882593e+00
2.133919709903558282e+00
2.171154281363600003e+00
2.177763185990155392e+00
2.171456161561720499e+00
2.223677478302504174e+00
2.286583954564950449e+00
2.327729987980339477e+00
2.361298578859873487e+00
2.397109677998416011e+00
2.474149754285707381e+00
2.455627451586282373e+00
2.443705513254829764e+00
2.334011000155101545e+00
2.344457701032962138e+00
2.356868681844666025e+00
2.317169825008279727e+00
2.257399223952398781e+00
2.084426690208561528e+00
1.994526854145240113e+00
1.966453576029990602e+00
1.927205056440815412e+00
1.896707392081793841e+00
1.845309814997593723e+00
1.882489514432374778e+00
1.891976582949061125e+00
1.905459520668240092e+00
1.927917420953222383e+00
1.966656109333742464e+00
1.991210738110140044e+00
1.971830949305929170e+00
1.957833932626594331e+00
1.979929114290142289e+00
1.973145428394245338e+00
1.982688454468181316e+00
1.997106601688466654e+00
1.971979878130934338e+00
1.952452537086552642e+00
1.936189750407546706e+00
1.946798559140801466e+00
1.993429844462779821e+00
1.952686867987634578e+00
1.924587800459908626e+00
1.918794773084263605e+00
1.949160539834807304e+00
1.938385823736639368e+00
1.945038190332594397e+00
1.942432844080671073e+00
1.948639221934176380e+00
1.935639351205433512e+00
1.930039928921618131e+00
1.893612111002437315e+00
1.957051814483121488e+00
1.938754560424745144e+00
1.933971088604836464e+00
1.874184770056178895e+00
1.883138662234175031e+00
1.773443512179244896e+00
1.712948832998782756e+00
1.691924254135396266e+00
1.707185302617665990e+00
1.708329221781157647e+00
1.703367470396879746e+00
1.700733717628186259e+00
1.728614993002286937e+00
1.736086189628336163e+00
1.741601800173794512e+00
1.743512527403715762e+00
1.776521981588088606e+00
1.803510506890966925e+00
1.810018100771284555e+00
1.809169943808730974e+00
1.810418044711465724e+00
1.827807147415277278e+00
1.834243197273306647e+00
1.854046272432924081e+00
1.849410719461276331e+00
1.865338207857590858e+00
1.844893178601453299e+00
1.834092256177640490e+00
1.857532565110351142e+00
1.852630012813424765e+00
1.828692956465336250e+00
1.804047288988592346e+00
1.793380427617899731e+00
1.755028069131788770e+00
1.711762934012448056e+00
1.683168262618199851e+00
1.673887495236837220e+00
1.698985620935708152e+00
1.689568121672984091e+00
1.691618989543102636e+00
1.705286285739272767e+00
1.725539483962257759e+00
1.719842821628909668e+00
1.723712061987658251e+00
1.703381213250461546e+00
1.729173555820724628e+00
1.728170077862379639e+00
1.714327680858102942e+00
1.707962686283385656e+00
1.735176935037128665e+00
1.734171903417677241e+00
1.732040380182864769e+00
1.740653936839224425e+00
1.762786472555072814e+00
1.759895276103729422e+00
1.766348891339743821e+00
1.767588932447775374e+00
1.824961566491483556e+00
1.834547093004466278e+00
1.806002287483260194e+00
1.807017367934272700e+00
1.836403616550669193e+00
1.825692369150574423e+00
1.776432720190248116e+00
1.750558542968426279e+00
1.739313976101767967e+00
1.706990798882028981e+00
1.681769050686339861e+00
1.658788505428051341e+00
1.686809535079601963e+00
1.683148743020031590e+00
1.681120006375117049e+00
1.675984814711821480e+00
1.696300320453911548e+00
1.697746365909889255e+00
1.690031110561110550e+00
1.673779360075828615e+00
1.690037166776200195e+00
1.693650592573735070e+00
1.677999280694107975e+00
1.637543936120909649e+00
1.722268851734993111e+00
1.707273328972271020e+00
1.673551552972843304e+00
1.678221366866362807e+00
1.752811025062544603e+00
1.709594846606901086e+00
1.711080226280015104e+00
1.726884685012152643e+00
1.749776313961894703e+00
1.763099340567666928e+00
1.761299772946966824e+00
1.761236256887241280e+00
1.766075454653736942e+00
1.722484953519396234e+00
1.688895498580319954e+00
1.663480342836595405e+00
1.661963846890805785e+00
1.636828456038044832e+00
1.630982502145540858e+00
1.615998339262129546e+00
1.638197739760462790e+00
1.635053805498885238e+00
