1.195000000000000000e+03
1.209000000000000000e+03
1.213000000000000000e+03
1.217000000000000000e+03
1.220000000000000000e+03
1.225000000000000000e+03
1.229000000000000000e+03
1.233000000000000000e+03
1.237000000000000000e+03
1.238000000000000000e+03
1.241000000000000000e+03
1.245000000000000000e+03
1.249000000000000000e+03
1.253000000000000000e+03
1.254000000000000000e+03
1.255000000000000000e+03
1.265000000000000000e+03
1.269000000000000000e+03
1.274000000000000000e+03
1.278000000000000000e+03
1.282000000000000000e+03
1.283000000000000000e+03
1.286000000000000000e+03
1.290000000000000000e+03
1.291000000000000000e+03
1.294000000000000000e+03
1.295000000000000000e+03
1.298000000000000000e+03
1.299000000000000000e+03
1.302000000000000000e+03
1.306000000000000000e+03
1.307000000000000000e+03
1.310000000000000000e+03
1.311000000000000000e+03
1.312000000000000000e+03
1.314000000000000000e+03
1.315000000000000000e+03
1.318000000000000000e+03
1.319000000000000000e+03
1.320000000000000000e+03
1.322000000000000000e+03
1.323000000000000000e+03
1.324000000000000000e+03
1.326000000000000000e+03
1.327000000000000000e+03
1.330000000000000000e+03
1.334000000000000000e+03
1.338000000000000000e+03
1.339000000000000000e+03
