0.000000000000000000e+00 9.168303863785200148e-05
1.000000000000000000e+00 1.833660772757040030e-04
2.000000000000000000e+00 1.833660772757040030e-04
3.000000000000000000e+00 2.750491159135560180e-04
4.000000000000000000e+00 2.750491159135560180e-04
5.000000000000000000e+00 3.667321545514080059e-04
6.000000000000000000e+00 3.667321545514080059e-04
7.000000000000000000e+00 4.584151931892599939e-04
8.000000000000000000e+00 5.500982318271120360e-04
9.000000000000000000e+00 5.500982318271120360e-04
1.000000000000000000e+01 6.417812704649640239e-04
1.100000000000000000e+01 6.417812704649640239e-04
1.200000000000000000e+01 7.334643091028160118e-04
1.300000000000000000e+01 7.334643091028160118e-04
1.400000000000000000e+01 8.251473477406679998e-04
1.500000000000000000e+01 9.168303863785199877e-04
1.600000000000000000e+01 9.168303863785199877e-04
1.700000000000000000e+01 1.008513425016372084e-03
1.800000000000000000e+01 1.008513425016372084e-03
1.900000000000000000e+01 1.100196463654224072e-03
2.000000000000000000e+01 1.833660772757039975e-03
2.100000000000000000e+01 2.017026850032744168e-03
2.200000000000000000e+01 2.292075965946300132e-03
2.300000000000000000e+01 2.658808120497708084e-03
2.400000000000000000e+01 6.125736738703340324e-03
2.500000000000000000e+01 1.011277013752455926e-02
2.600000000000000000e+01 1.281859855926653631e-02
2.700000000000000000e+01 1.329404060248853998e-02
2.800000000000000000e+01 1.576948264571054539e-02
2.900000000000000000e+01 1.833660772757040106e-02
3.000000000000000000e+01 1.971185330713818087e-02
3.100000000000000000e+01 2.246234446627374051e-02
3.200000000000000000e+01 2.282907662082514846e-02
3.300000000000000000e+01 2.319580877537655642e-02
3.400000000000000000e+01 2.392927308447937232e-02
3.500000000000000000e+01 2.438768827766863226e-02
3.600000000000000000e+01 2.493778650949574419e-02
3.700000000000000000e+01 2.539620170268500413e-02
3.800000000000000000e+01 2.594629993451211605e-02
3.900000000000000000e+01 2.658808120497707997e-02
4.000000000000000000e+01 2.732154551407989587e-02
4.100000000000000000e+01 2.787164374590700780e-02
4.200000000000000000e+01 2.878847413228552768e-02
4.300000000000000000e+01 2.906352324819908364e-02
4.400000000000000000e+01 2.933857236411263961e-02
4.500000000000000000e+01 3.016371971185330750e-02
4.600000000000000000e+01 3.034708578912901147e-02
4.700000000000000000e+01 3.071381794368041943e-02
4.800000000000000000e+01 3.126391617550753482e-02
4.900000000000000000e+01 3.181401440733464675e-02
5.000000000000000000e+01 3.254747871643746265e-02
5.100000000000000000e+01 3.401440733464309446e-02
5.200000000000000000e+01 3.520628683693517030e-02
5.300000000000000000e+01 3.566470203012443024e-02
5.400000000000000000e+01 3.639816633922724615e-02
5.500000000000000000e+01 3.722331368696791404e-02
5.600000000000000000e+01 3.759004584151932199e-02
5.700000000000000000e+01 3.823182711198428591e-02
5.800000000000000000e+01 3.896529142108710181e-02
5.900000000000000000e+01 3.979043876882776970e-02
6.000000000000000000e+01 4.052390307793058560e-02
6.100000000000000000e+01 4.089063523248199356e-02
6.200000000000000000e+01 4.144073346430910548e-02
6.300000000000000000e+01 4.199083169613621741e-02
6.400000000000000000e+01 4.272429600523903331e-02
6.500000000000000000e+01 4.318271119842829325e-02
6.600000000000000000e+01 4.382449246889325717e-02
6.700000000000000000e+01 4.474132285527177705e-02
6.800000000000000000e+01 4.538310412573674096e-02
6.900000000000000000e+01 4.611656843483955687e-02
7.000000000000000000e+01 4.639161755075311283e-02
7.100000000000000000e+01 4.694171578258022476e-02
7.200000000000000000e+01 4.758349705304518867e-02
7.300000000000000000e+01 4.813359528487230060e-02
7.400000000000000000e+01 4.868369351669941253e-02
7.500000000000000000e+01 4.914210870988867247e-02
7.600000000000000000e+01 4.969220694171578440e-02
7.700000000000000000e+01 4.987557301899148837e-02
7.800000000000000000e+01 5.033398821218074831e-02
7.900000000000000000e+01 5.088408644400786024e-02
8.000000000000000000e+01 5.134250163719712018e-02
8.100000000000000000e+01 5.510150622134905168e-02
8.200000000000000000e+01 5.546823837590045964e-02
8.300000000000000000e+01 5.555992141453831162e-02
8.400000000000000000e+01 5.555992141453831162e-02
8.500000000000000000e+01 5.565160445317616361e-02
8.600000000000000000e+01 5.555992141453831162e-02
8.700000000000000000e+01 5.574328749181401560e-02
8.800000000000000000e+01 5.611001964636542355e-02
8.900000000000000000e+01 5.675180091683038747e-02
9.000000000000000000e+01 5.757694826457105536e-02
9.100000000000000000e+01 5.849377865094957524e-02
9.200000000000000000e+01 5.977734119187950307e-02
9.300000000000000000e+01 6.106090373280943090e-02
9.400000000000000000e+01 6.197773411918795078e-02
9.500000000000000000e+01 6.289456450556647760e-02
9.600000000000000000e+01 6.362802881466929350e-02
9.700000000000000000e+01 6.426981008513425742e-02
9.800000000000000000e+01 6.454485920104781338e-02
9.900000000000000000e+01 6.491159135559922133e-02
1.000000000000000000e+02 6.527832351015062928e-02
1.010000000000000000e+02 6.546168958742633326e-02
1.020000000000000000e+02 6.582842174197774121e-02
1.030000000000000000e+02 6.619515389652914916e-02
1.040000000000000000e+02 6.656188605108055711e-02
1.050000000000000000e+02 6.674525212835626109e-02
1.060000000000000000e+02 6.747871643745907699e-02
1.070000000000000000e+02 6.830386378519974488e-02
1.080000000000000000e+02 6.903732809430256079e-02
1.090000000000000000e+02 6.986247544204322868e-02
1.100000000000000000e+02 7.041257367387034061e-02
1.110000000000000000e+02 7.142108709888671247e-02
1.120000000000000000e+02 7.178781925343812043e-02
1.130000000000000000e+02 7.206286836935167639e-02
1.140000000000000000e+02 7.261296660117878832e-02
1.150000000000000000e+02 7.279633267845449229e-02
1.160000000000000000e+02 7.307138179436804826e-02
1.170000000000000000e+02 7.343811394891945621e-02
1.180000000000000000e+02 7.481335952848723603e-02
1.190000000000000000e+02 7.527177472167649597e-02
1.200000000000000000e+02 7.573018991486575591e-02
1.210000000000000000e+02 7.609692206941716386e-02
1.220000000000000000e+02 7.628028814669286783e-02
1.230000000000000000e+02 7.655533726260642380e-02
1.240000000000000000e+02 7.692206941715783175e-02
1.250000000000000000e+02 7.738048461034709169e-02
1.260000000000000000e+02 7.738048461034709169e-02
1.270000000000000000e+02 7.783889980353635163e-02
1.280000000000000000e+02 7.838899803536346356e-02
1.290000000000000000e+02 7.866404715127701952e-02
1.300000000000000000e+02 7.912246234446627946e-02
1.310000000000000000e+02 7.958087753765553940e-02
1.320000000000000000e+02 8.013097576948265133e-02
1.330000000000000000e+02 8.068107400130976326e-02
1.340000000000000000e+02 8.077275703994761524e-02
1.350000000000000000e+02 8.095612311722331922e-02
1.360000000000000000e+02 8.095612311722331922e-02
1.370000000000000000e+02 8.159790438768828313e-02
1.380000000000000000e+02 8.196463654223969109e-02
1.390000000000000000e+02 8.214800261951539506e-02
1.400000000000000000e+02 8.251473477406680301e-02
1.410000000000000000e+02 8.269810085134250699e-02
1.420000000000000000e+02 8.306483300589391494e-02
1.430000000000000000e+02 8.315651604453176693e-02
1.440000000000000000e+02 8.343156516044532289e-02
1.450000000000000000e+02 8.361493123772102687e-02
1.460000000000000000e+02 8.388998035363458283e-02
1.470000000000000000e+02 8.764898493778651434e-02
1.480000000000000000e+02 9.131630648330059385e-02
1.490000000000000000e+02 9.186640471512770578e-02
1.500000000000000000e+02 9.186640471512770578e-02
1.510000000000000000e+02 9.195808775376555777e-02
1.520000000000000000e+02 9.195808775376555777e-02
