1.437093676838567220e-05
-1.346938214776857979e-05
2.498808963291217558e-03
1.575207843250190851e-02
3.358763509706376438e-02
6.059237927763037185e-02
9.241301844364589735e-02
1.386606187735461571e-01
1.924566946815480240e-01
2.426869309395003060e-01
3.124716491481139835e-01
3.815236702708501015e-01
4.756811178679926089e-01
5.599257874950880343e-01
6.496758236811818188e-01
7.272933604023499310e-01
8.402347342248763784e-01
9.346860931171645515e-01
1.008387836640249668e+00
1.075810276254540954e+00
1.059636900648643243e+00
1.031863691349414358e+00
1.045706726012543664e+00
1.078483625825599201e+00
9.969562804939695599e-01
8.651186808049453614e-01
7.819174603634666543e-01
7.605660254956077004e-01
7.214589810304449236e-01
6.996941648448656847e-01
6.820640896841337897e-01
6.576088420594705664e-01
6.527822456213604463e-01
6.571837130919153669e-01
6.671759925186221407e-01
6.786682547313298564e-01
6.833508773723802054e-01
7.112763008105001949e-01
7.212263134760839023e-01
7.411618876513719201e-01
7.501344142042626340e-01
7.640856651605846261e-01
7.822959108016799279e-01
7.958235501732113804e-01
8.064898135550114810e-01
8.270092396954110692e-01
8.398253401598803070e-01
8.537964286723302987e-01
8.685486574269059012e-01
8.734036102839709548e-01
8.776397707071743604e-01
8.663709079906455335e-01
8.475942798875003570e-01
8.653423554600474521e-01
8.666458159934354866e-01
8.676652784287054443e-01
8.675219736189861974e-01
8.648290276989252234e-01
8.582439184920206410e-01
8.551137013750126359e-01
8.609680257135747805e-01
8.677480951447383850e-01
8.758281622946020306e-01
8.694908695872024529e-01
8.735719980207614643e-01
8.712600750304458908e-01
8.668282279839049087e-01
8.663584968868414116e-01
8.586177348341880178e-01
8.555654289193996842e-01
8.665355537317097623e-01
8.769843049499350673e-01
8.727589098142609636e-01
8.789780780332495658e-01
8.798735759782815302e-01
8.941725555297717065e-01
9.095619099299863120e-01
9.142359631354618488e-01
9.257883441720681228e-01
9.297341474928300098e-01
9.383438720858194859e-01
9.242358822636269622e-01
9.345163155428921620e-01
9.431733993611080002e-01
9.663599103449148631e-01
9.716530171509281111e-01
9.843425441084783234e-01
9.870969572179719709e-01
9.927024703899978153e-01
9.820270829994887096e-01
9.737419131799224248e-01
9.566439991610451443e-01
9.388539844931482747e-01
9.002306327740022818e-01
8.768281666747584913e-01
8.515053218305481675e-01
8.340743411112718775e-01
8.352332829294675243e-01
8.375330355814253336e-01
8.429034972059160635e-01
8.443490386162199046e-01
8.543978735065490548e-01
8.641398476131922912e-01
8.687812937956294057e-01
8.728300508236531696e-01
8.833819581776096719e-01
8.776307853001149573e-01
8.892234128576163021e-01
8.709900931424455761e-01
8.758430916571531277e-01
8.699182878658625606e-01
8.580839746698473158e-01
8.652491200740974886e-01
8.650555344452733886e-01
8.633029163799301742e-01
8.677860322041611729e-01
8.838647056344612896e-01
8.755269947081545379e-01
8.724102327237942545e-01
8.642327973139105612e-01
8.692695919644078950e-01
8.781684612081053221e-01
8.700331203891946696e-01
8.803261029841886742e-01
8.850947418150566515e-01
8.869635540623778125e-01
8.955091415937933563e-01
8.890282359205001761e-01
8.935118424623691435e-01
8.947892480239804103e-01
8.980394833697611379e-01
8.961744032988560038e-01
9.074192833459151508e-01
8.995281535683251617e-01
9.123544473163243129e-01
9.162166260192385892e-01
9.183146940123323443e-01
9.218495601276760487e-01
9.255103742042262160e-01
9.244105958574554416e-01
9.289484561939502782e-01
9.415411911050561855e-01
9.389770414545531851e-01
9.491021942497785968e-01
9.538304945588683692e-01
9.592314404074822054e-01
9.594425407124221872e-01
9.486553709542858703e-01
9.318799974470944880e-01
9.314211229678061033e-01
9.352755374778251030e-01
9.442985822905081150e-01
9.481496977195471576e-01
