20220411 09:49:06,526	c_0_000_20220411_09_49_06,526.bmp	8,301209E-4	1,558096E-2	4,902598E-5	-1,261932E-3
20220411 09:49:12,530	c_0_001_20220411_09_49_12,530.bmp	-4,260751E-3	2,851233E-3	2,594737E-3	1,107786E-5
20220411 09:49:18,534	c_0_002_20220411_09_49_18,534.bmp	1,446472E-1	1,558096E-2	2,594737E-3	2,557098E-3
20220411 09:49:24,539	c_0_003_20220411_09_49_24,539.bmp	3,266459E-1	4,358636E-2	-2,496685E-3	-5,080963E-3
20220411 09:49:30,540	c_0_004_20220411_09_49_30,540.bmp	5,048264E-1	6,013500E-2	-5,042396E-3	-1,261932E-3
20220411 09:49:36,545	c_0_005_20220411_09_49_36,545.bmp	6,817342E-1	8,050256E-2	-3,769540E-3	1,107786E-5
20220411 09:49:42,555	c_0_006_20220411_09_49_42,555.bmp	8,624601E-1	9,705120E-2	-1,223829E-3	2,557098E-3
20220411 09:49:48,556	c_0_007_20220411_09_49_48,556.bmp	1,038095E+0	1,212377E-1	3,867592E-3	2,557098E-3
20220411 09:49:54,561	c_0_008_20220411_09_49_54,561.bmp	1,225185E+0	1,428782E-1	-3,769540E-3	-5,080963E-3
20220411 09:50:00,566	c_0_009_20220411_09_50_00,566.bmp	1,395729E+0	1,581539E-1	2,594737E-3	2,557098E-3
20220411 09:50:06,571	c_0_010_20220411_09_50_06,571.bmp	1,584091E+0	1,797944E-1	3,867592E-3	1,107786E-5
20220411 09:50:12,573	c_0_011_20220411_09_50_12,573.bmp	1,759726E+0	1,976160E-1	1,321881E-3	1,284088E-3
20220411 09:50:18,577	c_0_012_20220411_09_50_18,577.bmp	1,936634E+0	2,243485E-1	-3,769540E-3	-3,807953E-3
20220411 09:50:24,583	c_0_013_20220411_09_50_24,583.bmp	2,100815E+0	2,434431E-1	4,902598E-5	-3,807953E-3
20220411 09:50:30,588	c_0_014_20220411_09_50_30,588.bmp	2,264995E+0	2,625376E-1	4,902598E-5	-3,807953E-3
20220411 09:50:36,592	c_0_015_20220411_09_50_36,592.bmp	2,401176E+0	2,778133E-1	2,594737E-3	2,557098E-3
20220411 09:50:42,596	c_0_016_20220411_09_50_42,596.bmp	2,541175E+0	3,032728E-1	-3,769540E-3	-3,807953E-3
20220411 09:50:48,599	c_0_017_20220411_09_50_48,599.bmp	2,654447E+0	3,236403E-1	-3,769540E-3	-3,807953E-3
20220411 09:50:54,602	c_0_018_20220411_09_50_54,602.bmp	2,724446E+0	3,401890E-1	4,902598E-5	1,107786E-5
20220411 09:51:00,603	c_0_019_20220411_09_51_00,603.bmp	2,738446E+0	3,618295E-1	-3,769540E-3	-3,807953E-3
20220411 09:51:06,610	c_0_020_20220411_09_51_06,610.bmp	2,595902E+0	3,821971E-1	-3,769540E-3	-3,807953E-3
20220411 09:51:12,615	c_0_021_20220411_09_51_12,615.bmp	2,440630E+0	3,974727E-1	1,321881E-3	2,557098E-3
20220411 09:51:18,615	c_0_022_20220411_09_51_18,615.bmp	2,352813E+0	4,203862E-1	-3,769540E-3	1,107786E-5
20220411 09:51:24,618	c_0_023_20220411_09_51_24,618.bmp	2,319722E+0	4,432998E-1	-3,769540E-3	-3,807953E-3
20220411 09:51:30,622	c_0_024_20220411_09_51_30,622.bmp	2,211541E+0	4,623943E-1	-3,769540E-3	-3,807953E-3
20220411 09:51:36,623	c_0_025_20220411_09_51_36,623.bmp	2,002815E+0	4,789430E-1	1,321881E-3	1,107786E-5
20220411 09:51:42,625	c_0_026_20220411_09_51_42,625.bmp	1,824635E+0	4,993105E-1	2,594737E-3	2,557098E-3
20220411 09:51:48,627	c_0_027_20220411_09_51_48,627.bmp	1,711363E+0	5,222241E-1	-5,042396E-3	-3,807953E-3
20220411 09:51:54,629	c_0_028_20220411_09_51_54,629.bmp	1,646454E+0	5,374997E-1	4,902598E-5	2,557098E-3
20220411 09:52:00,630	c_0_029_20220411_09_52_00,630.bmp	1,601909E+0	5,591403E-1	-1,223829E-3	-2,534943E-3
20220411 09:52:06,635	c_0_030_20220411_09_52_06,635.bmp	1,547182E+0	5,769619E-1	2,594737E-3	2,557098E-3
20220411 09:52:12,639	c_0_031_20220411_09_52_12,639.bmp	1,497546E+0	5,998754E-1	-1,223829E-3	1,107786E-5
20220411 09:52:18,643	c_0_032_20220411_09_52_18,643.bmp	1,442819E+0	6,215159E-1	-1,223829E-3	-1,261932E-3
20220411 09:52:24,647	c_0_033_20220411_09_52_24,647.bmp	1,419911E+0	6,393375E-1	4,902598E-5	1,107786E-5
20220411 09:52:30,652	c_0_034_20220411_09_52_30,652.bmp	1,409729E+0	6,609781E-1	-1,223829E-3	1,107786E-5
20220411 09:52:36,654	c_0_035_20220411_09_52_36,654.bmp	1,405911E+0	6,787997E-1	-2,496685E-3	1,107786E-5
20220411 09:52:42,658	c_0_036_20220411_09_52_42,658.bmp	1,390638E+0	6,966213E-1	3,867592E-3	1,284088E-3
20220411 09:52:48,661	c_0_037_20220411_09_52_48,661.bmp	1,403365E+0	7,233537E-1	-1,223829E-3	-3,807953E-3
20220411 09:52:54,666	c_0_038_20220411_09_52_54,666.bmp	1,407183E+0	7,373564E-1	-1,223829E-3	1,107786E-5
20220411 09:53:00,667	c_0_039_20220411_09_53_00,667.bmp	1,408456E+0	7,640888E-1	4,902598E-5	-3,807953E-3
20220411 09:53:06,668	c_0_040_20220411_09_53_06,668.bmp	1,412274E+0	7,793645E-1	-3,769540E-3	-1,261932E-3
20220411 09:53:12,669	c_0_041_20220411_09_53_12,669.bmp	1,417365E+0	7,971861E-1	4,902598E-5	1,284088E-3
20220411 09:53:18,674	c_0_042_20220411_09_53_18,674.bmp	1,428820E+0	8,200996E-1	-1,223829E-3	1,107786E-5
20220411 09:53:24,679	c_0_043_20220411_09_53_24,679.bmp	1,423729E+0	8,404672E-1	1,321881E-3	-1,261932E-3
20220411 09:53:30,684	c_0_044_20220411_09_53_30,684.bmp	1,422456E+0	8,557429E-1	3,867592E-3	2,557098E-3
20220411 09:53:36,689	c_0_045_20220411_09_53_36,689.bmp	1,432638E+0	8,812023E-1	-3,769540E-3	1,107786E-5
20220411 09:53:42,692	c_0_046_20220411_09_53_42,692.bmp	1,427547E+0	9,002969E-1	-2,496685E-3	-1,261932E-3
20220411 09:53:48,695	c_0_047_20220411_09_53_48,695.bmp	1,426274E+0	9,206645E-1	1,321881E-3	1,284088E-3
20220411 09:53:54,700	c_0_048_20220411_09_53_54,700.bmp	1,430092E+0	9,410320E-1	4,902598E-5	1,107786E-5
20220411 09:54:00,701	c_0_049_20220411_09_54_00,701.bmp	1,419911E+0	9,601266E-1	1,321881E-3	-1,261932E-3
20220411 09:54:06,704	c_0_050_20220411_09_54_06,704.bmp	1,407183E+0	9,830401E-1	4,902598E-5	-3,807953E-3
20220411 09:54:12,705	c_0_051_20220411_09_54_12,705.bmp	1,385547E+0	1,004681E+0	4,902598E-5	-3,807953E-3
20220411 09:54:18,709	c_0_052_20220411_09_54_18,709.bmp	1,357547E+0	1,018683E+0	4,902598E-5	1,107786E-5
20220411 09:54:24,714	c_0_053_20220411_09_54_24,714.bmp	1,360093E+0	1,044143E+0	-2,496685E-3	-1,261932E-3
20220411 09:54:30,719	c_0_054_20220411_09_54_30,719.bmp	1,355002E+0	1,059418E+0	-1,223829E-3	1,107786E-5
20220411 09:54:36,722	c_0_055_20220411_09_54_36,722.bmp	1,344820E+0	1,079786E+0	-3,769540E-3	-3,807953E-3
20220411 09:54:42,724	c_0_056_20220411_09_54_42,724.bmp	1,325729E+0	1,100154E+0	-1,223829E-3	1,107786E-5
20220411 09:54:48,726	c_0_057_20220411_09_54_48,726.bmp	1,307911E+0	1,120521E+0	4,902598E-5	1,107786E-5
20220411 09:54:54,731	c_0_058_20220411_09_54_54,731.bmp	1,286275E+0	1,140889E+0	1,321881E-3	1,107786E-5
20220411 09:55:00,733	c_0_059_20220411_09_55_00,733.bmp	1,277366E+0	1,156164E+0	-1,223829E-3	2,557098E-3
20220411 09:55:06,738	c_0_060_20220411_09_55_06,738.bmp	1,272275E+0	1,179078E+0	-2,496685E-3	-1,261932E-3
20220411 09:55:12,740	c_0_061_20220411_09_55_12,740.bmp	1,263366E+0	1,201991E+0	1,321881E-3	-3,807953E-3
20220411 09:55:18,741	c_0_062_20220411_09_55_18,741.bmp	1,262094E+0	1,222359E+0	4,902598E-5	-3,807953E-3
20220411 09:55:24,743	c_0_063_20220411_09_55_24,743.bmp	1,245548E+0	1,237635E+0	1,321881E-3	1,284088E-3
20220411 09:55:30,745	c_0_064_20220411_09_55_30,745.bmp	1,243003E+0	1,256729E+0	-1,223829E-3	3,830109E-3
20220411 09:55:36,750	c_0_065_20220411_09_55_36,750.bmp	1,226457E+0	1,277097E+0	1,321881E-3	3,830109E-3
20220411 09:55:42,755	c_0_066_20220411_09_55_42,755.bmp	1,211185E+0	1,296191E+0	4,902598E-5	2,557098E-3
20220411 09:55:48,759	c_0_067_20220411_09_55_48,759.bmp	1,199730E+0	1,321651E+0	4,902598E-5	1,107786E-5
20220411 09:55:54,764	c_0_068_20220411_09_55_54,764.bmp	1,180640E+0	1,340745E+0	1,321881E-3	1,107786E-5
20220411 09:56:00,768	c_0_069_20220411_09_56_00,768.bmp	1,171731E+0	1,357294E+0	1,321881E-3	3,830109E-3
20220411 09:56:06,769	c_0_070_20220411_09_56_06,769.bmp	1,171731E+0	1,378935E+0	-1,223829E-3	-3,807953E-3
20220411 09:56:12,773	c_0_071_20220411_09_56_12,773.bmp	1,170458E+0	1,405667E+0	-3,769540E-3	-3,807953E-3
20220411 09:56:18,775	c_0_072_20220411_09_56_18,775.bmp	1,161549E+0	1,419670E+0	1,321881E-3	2,557098E-3
20220411 09:56:24,780	c_0_073_20220411_09_56_24,780.bmp	1,160276E+0	1,440037E+0	-2,496685E-3	-1,261932E-3
20220411 09:56:30,784	c_0_074_20220411_09_56_30,784.bmp	1,155185E+0	1,456586E+0	1,321881E-3	3,830109E-3
20220411 09:56:36,784	c_0_075_20220411_09_56_36,784.bmp	1,161549E+0	1,479499E+0	4,902598E-5	2,557098E-3
20220411 09:56:42,786	c_0_076_20220411_09_56_42,786.bmp	1,170458E+0	1,502413E+0	-5,042396E-3	1,107786E-5
20220411 09:56:48,789	c_0_077_20220411_09_56_48,789.bmp	1,167912E+0	1,516416E+0	4,902598E-5	3,830109E-3
20220411 09:56:54,792	c_0_078_20220411_09_56_54,792.bmp	1,167912E+0	1,543148E+0	-3,769540E-3	1,284088E-3
20220411 09:57:00,793	c_0_079_20220411_09_57_00,793.bmp	1,169185E+0	1,557151E+0	3,867592E-3	2,557098E-3
20220411 09:57:06,799	c_0_080_20220411_09_57_06,799.bmp	1,170458E+0	1,577518E+0	2,594737E-3	2,557098E-3
20220411 09:57:12,800	c_0_081_20220411_09_57_12,800.bmp	1,180640E+0	1,601705E+0	-2,496685E-3	-2,534943E-3
20220411 09:57:18,806	c_0_082_20220411_09_57_18,806.bmp	1,183185E+0	1,622072E+0	2,594737E-3	1,107786E-5
20220411 09:57:24,809	c_0_083_20220411_09_57_24,809.bmp	1,183185E+0	1,638621E+0	1,321881E-3	2,557098E-3
20220411 09:57:30,813	c_0_084_20220411_09_57_30,813.bmp	1,194639E+0	1,662807E+0	4,902598E-5	1,107786E-5
20220411 09:57:36,814	c_0_085_20220411_09_57_36,814.bmp	1,189549E+0	1,680629E+0	5,140448E-3	1,107786E-5
20220411 09:57:42,815	c_0_086_20220411_09_57_42,815.bmp	1,189549E+0	1,700997E+0	4,902598E-5	1,107786E-5
20220411 09:57:48,817	c_0_087_20220411_09_57_48,817.bmp	1,184458E+0	1,716272E+0	1,321881E-3	1,284088E-3
20220411 09:57:54,820	c_0_088_20220411_09_57_54,820.bmp	1,175549E+0	1,745551E+0	-2,496685E-3	-3,807953E-3
20220411 09:58:00,824	c_0_089_20220411_09_58_00,824.bmp	1,160276E+0	1,760826E+0	3,867592E-3	1,107786E-5
20220411 09:58:06,825	c_0_090_20220411_09_58_06,825.bmp	1,147549E+0	1,779921E+0	4,902598E-5	-1,261932E-3
20220411 09:58:12,828	c_0_091_20220411_09_58_12,828.bmp	1,127185E+0	1,796470E+0	4,902598E-5	2,557098E-3
20220411 09:58:18,833	c_0_092_20220411_09_58_18,833.bmp	1,103004E+0	1,824475E+0	-3,769540E-3	-3,807953E-3
20220411 09:58:24,838	c_0_093_20220411_09_58_24,838.bmp	1,059731E+0	1,843570E+0	1,321881E-3	-3,807953E-3
20220411 09:58:30,841	c_0_094_20220411_09_58_30,841.bmp	1,029186E+0	1,865210E+0	-2,496685E-3	-3,807953E-3
20220411 09:58:36,849	c_0_095_20220411_09_58_36,849.bmp	9,986409E-1	1,883032E+0	-2,496685E-3	-3,807953E-3
20220411 09:58:42,855	c_0_096_20220411_09_58_42,855.bmp	9,757320E-1	1,900853E+0	4,902598E-5	1,107786E-5
20220411 09:58:48,859	c_0_097_20220411_09_58_48,859.bmp	9,731866E-1	1,919948E+0	1,321881E-3	-1,261932E-3
20220411 09:58:54,863	c_0_098_20220411_09_58_54,863.bmp	9,680957E-1	1,940316E+0	-1,223829E-3	1,107786E-5
20220411 09:59:00,864	c_0_099_20220411_09_59_00,864.bmp	9,680957E-1	1,959410E+0	-1,223829E-3	-1,261932E-3
20220411 09:59:06,869	c_0_100_20220411_09_59_06,869.bmp	9,642776E-1	1,977232E+0	3,867592E-3	2,557098E-3
20220411 09:59:12,874	c_0_101_20220411_09_59_12,874.bmp	9,668230E-1	1,998872E+0	3,867592E-3	2,557098E-3
20220411 09:59:18,878	c_0_102_20220411_09_59_18,878.bmp	9,706411E-1	2,020513E+0	-1,223829E-3	1,107786E-5
20220411 09:59:24,883	c_0_103_20220411_09_59_24,883.bmp	9,693684E-1	2,040880E+0	2,594737E-3	1,107786E-5
20220411 09:59:30,886	c_0_104_20220411_09_59_30,886.bmp	9,680957E-1	2,059975E+0	2,594737E-3	-1,261932E-3
20220411 09:59:36,891	c_0_105_20220411_09_59_36,891.bmp	9,706411E-1	2,082888E+0	-3,769540E-3	-3,807953E-3
20220411 09:59:42,892	c_0_106_20220411_09_59_42,892.bmp	9,642776E-1	2,096891E+0	1,321881E-3	3,830109E-3
20220411 09:59:48,897	c_0_107_20220411_09_59_48,897.bmp	9,719139E-1	2,123624E+0	-3,769540E-3	-5,080963E-3
20220411 09:59:54,903	c_0_108_20220411_09_59_54,903.bmp	9,502777E-1	2,141445E+0	2,594737E-3	1,107786E-5
20220411 10:00:00,906	c_0_109_20220411_10_00_00,906.bmp	9,540958E-1	2,160540E+0	4,902598E-5	1,107786E-5
20220411 10:00:06,908	c_0_110_20220411_10_00_06,908.bmp	9,439141E-1	2,179634E+0	-5,042396E-3	1,107786E-5
20220411 10:00:12,910	c_0_111_20220411_10_00_12,910.bmp	9,311869E-1	2,198729E+0	-1,223829E-3	2,557098E-3
20220411 10:00:18,915	c_0_112_20220411_10_00_18,915.bmp	9,311869E-1	2,224188E+0	-3,769540E-3	-3,807953E-3
20220411 10:00:24,917	c_0_113_20220411_10_00_24,917.bmp	9,273687E-1	2,238191E+0	-1,223829E-3	2,557098E-3
20220411 10:00:30,922	c_0_114_20220411_10_00_30,922.bmp	9,210051E-1	2,259832E+0	2,594737E-3	1,107786E-5
20220411 10:00:36,924	c_0_115_20220411_10_00_36,924.bmp	9,184597E-1	2,281472E+0	4,902598E-5	-1,261932E-3
20220411 10:00:42,929	c_0_116_20220411_10_00_42,929.bmp	9,299142E-1	2,300567E+0	-3,769540E-3	1,107786E-5
20220411 10:00:48,933	c_0_117_20220411_10_00_48,933.bmp	9,184597E-1	2,314569E+0	2,594737E-3	3,830109E-3
20220411 10:00:54,935	c_0_118_20220411_10_00_54,935.bmp	9,159143E-1	2,340029E+0	4,902598E-5	1,107786E-5
20220411 10:01:00,938	c_0_119_20220411_10_01_00,938.bmp	9,044598E-1	2,356578E+0	2,594737E-3	2,557098E-3
20220411 10:01:06,946	c_0_120_20220411_10_01_06,946.bmp	9,044598E-1	2,379491E+0	4,902598E-5	1,107786E-5
20220411 10:01:12,947	c_0_121_20220411_10_01_12,947.bmp	9,082780E-1	2,401132E+0	-3,769540E-3	1,107786E-5
20220411 10:01:18,952	c_0_122_20220411_10_01_18,952.bmp	8,955508E-1	2,416407E+0	2,594737E-3	2,557098E-3
20220411 10:01:24,957	c_0_123_20220411_10_01_24,957.bmp	9,006417E-1	2,436775E+0	4,902598E-5	2,557098E-3
20220411 10:01:30,959	c_0_124_20220411_10_01_30,959.bmp	8,993689E-1	2,460961E+0	4,902598E-5	-3,807953E-3
20220411 10:01:36,963	c_0_125_20220411_10_01_36,963.bmp	8,968235E-1	2,482602E+0	-3,769540E-3	-3,807953E-3
20220411 10:01:42,968	c_0_126_20220411_10_01_42,968.bmp	8,980962E-1	2,502969E+0	4,902598E-5	-3,807953E-3
20220411 10:01:48,970	c_0_127_20220411_10_01_48,970.bmp	8,904599E-1	2,515699E+0	3,867592E-3	2,557098E-3
20220411 10:01:54,973	c_0_128_20220411_10_01_54,973.bmp	8,904599E-1	2,539886E+0	-1,223829E-3	1,284088E-3
20220411 10:02:00,973	c_0_129_20220411_10_02_00,973.bmp	8,866418E-1	2,560253E+0	3,867592E-3	-1,261932E-3
20220411 10:02:06,976	c_0_130_20220411_10_02_06,976.bmp	8,879145E-1	2,575529E+0	4,902598E-5	2,557098E-3
20220411 10:02:12,978	c_0_131_20220411_10_02_12,978.bmp	8,815509E-1	2,598442E+0	-1,223829E-3	1,107786E-5
20220411 10:02:18,981	c_0_132_20220411_10_02_18,981.bmp	8,879145E-1	2,623902E+0	-3,769540E-3	-3,807953E-3
20220411 10:02:24,986	c_0_133_20220411_10_02_24,986.bmp	8,802782E-1	2,635359E+0	1,321881E-3	3,830109E-3
20220411 10:02:30,988	c_0_134_20220411_10_02_30,988.bmp	8,840963E-1	2,663364E+0	-2,496685E-3	-3,807953E-3
20220411 10:02:36,993	c_0_135_20220411_10_02_36,993.bmp	8,828236E-1	2,682459E+0	-7,588107E-3	-3,807953E-3
20220411 10:02:42,998	c_0_136_20220411_10_02_42,998.bmp	8,790055E-1	2,700280E+0	4,902598E-5	1,107786E-5
20220411 10:02:49,002	c_0_137_20220411_10_02_49,002.bmp	8,815509E-1	2,716829E+0	4,902598E-5	2,557098E-3
20220411 10:02:55,006	c_0_138_20220411_10_02_55,006.bmp	8,790055E-1	2,743561E+0	-3,769540E-3	-3,807953E-3
20220411 10:03:01,010	c_0_139_20220411_10_03_01,010.bmp	8,751873E-1	2,756291E+0	2,594737E-3	1,284088E-3
20220411 10:03:07,011	c_0_140_20220411_10_03_07,011.bmp	8,751873E-1	2,777931E+0	2,594737E-3	2,557098E-3
20220411 10:03:13,014	c_0_141_20220411_10_03_13,014.bmp	8,802782E-1	2,803391E+0	4,902598E-5	-3,807953E-3
20220411 10:03:19,019	c_0_142_20220411_10_03_19,019.bmp	8,764600E-1	2,816121E+0	2,594737E-3	3,830109E-3
20220411 10:03:25,021	c_0_143_20220411_10_03_25,021.bmp	8,790055E-1	2,840307E+0	4,902598E-5	1,107786E-5
20220411 10:03:31,026	c_0_144_20220411_10_03_31,026.bmp	8,790055E-1	2,860675E+0	-1,223829E-3	1,107786E-5
20220411 10:03:37,028	c_0_145_20220411_10_03_37,028.bmp	8,790055E-1	2,881042E+0	-1,223829E-3	-1,261932E-3
20220411 10:03:43,033	c_0_146_20220411_10_03_43,033.bmp	8,764600E-1	2,896318E+0	2,594737E-3	1,107786E-5
20220411 10:03:49,036	c_0_147_20220411_10_03_49,036.bmp	8,840963E-1	2,923050E+0	-1,223829E-3	-3,807953E-3
20220411 10:03:55,045	c_0_148_20220411_10_03_55,045.bmp	8,866418E-1	2,943418E+0	-2,496685E-3	-3,807953E-3
20220411 10:04:01,047	c_0_149_20220411_10_04_01,047.bmp	8,840963E-1	2,962513E+0	-1,223829E-3	-3,807953E-3
20220411 10:04:07,048	c_0_150_20220411_10_04_07,048.bmp	8,828236E-1	2,979061E+0	-3,769540E-3	-1,261932E-3
20220411 10:04:13,052	c_0_151_20220411_10_04_13,052.bmp	8,866418E-1	2,996883E+0	-1,223829E-3	1,107786E-5
20220411 10:04:19,056	c_0_152_20220411_10_04_19,056.bmp	8,853690E-1	3,013431E+0	-1,223829E-3	-3,807953E-3
