20220411 09:49:06,545	c_1_000_20220411_09_49_06,545.bmp	-2,988033E-3	2,067285E-2	-3,769540E-3	-3,807953E-3
20220411 09:49:12,558	c_1_001_20220411_09_49_12,558.bmp	2,102839E-3	4,124205E-3	-3,769540E-3	-3,807953E-3
20220411 09:49:18,567	c_1_002_20220411_09_49_18,567.bmp	1,522835E-1	2,067285E-2	-3,769540E-3	1,107786E-5
20220411 09:49:24,578	c_1_003_20220411_09_49_24,578.bmp	3,291913E-1	3,976744E-2	-2,496685E-3	1,107786E-5
20220411 09:49:30,580	c_1_004_20220411_09_49_30,580.bmp	5,022810E-1	6,140797E-2	1,321881E-3	-1,261932E-3
20220411 09:49:36,585	c_1_005_20220411_09_49_36,585.bmp	6,791887E-1	8,432148E-2	-1,223829E-3	-3,807953E-3
20220411 09:49:42,587	c_1_006_20220411_09_49_42,587.bmp	8,599147E-1	9,959715E-2	3,867592E-3	1,107786E-5
20220411 09:49:48,594	c_1_007_20220411_09_49_48,594.bmp	1,045731E+0	1,250566E-1	-2,496685E-3	-3,807953E-3
20220411 09:49:54,600	c_1_008_20220411_09_49_54,600.bmp	1,223912E+0	1,403323E-1	4,902598E-5	2,557098E-3
20220411 09:50:00,609	c_1_009_20220411_09_50_00,609.bmp	1,395729E+0	1,568809E-1	2,594737E-3	2,557098E-3
20220411 09:50:06,613	c_1_010_20220411_09_50_06,613.bmp	1,585364E+0	1,836133E-1	-3,769540E-3	1,107786E-5
20220411 09:50:12,614	c_1_011_20220411_09_50_12,614.bmp	1,760999E+0	2,014350E-1	-1,223829E-3	1,284088E-3
20220411 09:50:18,626	c_1_012_20220411_09_50_18,626.bmp	1,935361E+0	2,167106E-1	4,902598E-5	3,830109E-3
20220411 09:50:24,636	c_1_013_20220411_09_50_24,636.bmp	2,099542E+0	2,370782E-1	2,594737E-3	2,557098E-3
20220411 09:50:30,639	c_1_014_20220411_09_50_30,639.bmp	2,262450E+0	2,599917E-1	4,902598E-5	1,107786E-5
20220411 09:50:36,642	c_1_015_20220411_09_50_36,642.bmp	2,407540E+0	2,803593E-1	-1,223829E-3	-1,261932E-3
20220411 09:50:42,657	c_1_016_20220411_09_50_42,657.bmp	2,536084E+0	3,007268E-1	3,867592E-3	1,107786E-5
20220411 09:50:48,667	c_1_017_20220411_09_50_48,667.bmp	2,654447E+0	3,198214E-1	4,902598E-5	1,107786E-5
20220411 09:50:54,668	c_1_018_20220411_09_50_54,668.bmp	2,726992E+0	3,401890E-1	4,902598E-5	-2,534943E-3
20220411 09:51:00,672	c_1_019_20220411_09_51_00,672.bmp	2,733355E+0	3,567376E-1	4,902598E-5	3,830109E-3
20220411 09:51:06,684	c_1_020_20220411_09_51_06,684.bmp	2,586993E+0	3,809241E-1	4,902598E-5	1,107786E-5
20220411 09:51:12,694	c_1_021_20220411_09_51_12,694.bmp	2,445721E+0	4,012917E-1	-3,769540E-3	-1,261932E-3
20220411 09:51:18,698	c_1_022_20220411_09_51_18,698.bmp	2,347722E+0	4,216592E-1	4,902598E-5	1,107786E-5
20220411 09:51:24,703	c_1_023_20220411_09_51_24,703.bmp	2,320995E+0	4,407538E-1	1,321881E-3	-1,261932E-3
20220411 09:51:30,712	c_1_024_20220411_09_51_30,712.bmp	2,203905E+0	4,623943E-1	1,321881E-3	1,107786E-5
20220411 09:51:36,718	c_1_025_20220411_09_51_36,718.bmp	1,997724E+0	4,789430E-1	5,140448E-3	1,107786E-5
20220411 09:51:42,721	c_1_026_20220411_09_51_42,721.bmp	1,820817E+0	5,005835E-1	1,321881E-3	1,107786E-5
20220411 09:51:48,724	c_1_027_20220411_09_51_48,724.bmp	1,708818E+0	5,222241E-1	1,321881E-3	1,107786E-5
20220411 09:51:54,728	c_1_028_20220411_09_51_54,728.bmp	1,641363E+0	5,387727E-1	-1,223829E-3	-1,261932E-3
20220411 09:52:00,736	c_1_029_20220411_09_52_00,736.bmp	1,601909E+0	5,591403E-1	4,902598E-5	1,107786E-5
20220411 09:52:06,741	c_1_030_20220411_09_52_06,741.bmp	1,549728E+0	5,807808E-1	4,902598E-5	1,107786E-5
20220411 09:52:12,745	c_1_031_20220411_09_52_12,745.bmp	1,492455E+0	5,998754E-1	4,902598E-5	1,107786E-5
20220411 09:52:18,748	c_1_032_20220411_09_52_18,748.bmp	1,446638E+0	6,240619E-1	1,321881E-3	-3,807953E-3
20220411 09:52:24,750	c_1_033_20220411_09_52_24,750.bmp	1,425001E+0	6,406105E-1	-2,496685E-3	-1,261932E-3
20220411 09:52:30,753	c_1_034_20220411_09_52_30,753.bmp	1,411002E+0	6,558862E-1	1,321881E-3	3,830109E-3
20220411 09:52:36,754	c_1_035_20220411_09_52_36,754.bmp	1,400820E+0	6,762537E-1	4,902598E-5	1,107786E-5
20220411 09:52:42,755	c_1_036_20220411_09_52_42,755.bmp	1,399547E+0	7,029862E-1	4,902598E-5	-3,807953E-3
20220411 09:52:48,756	c_1_037_20220411_09_52_48,756.bmp	1,395729E+0	7,182618E-1	3,867592E-3	1,107786E-5
20220411 09:52:54,769	c_1_038_20220411_09_52_54,769.bmp	1,405911E+0	7,373564E-1	2,594737E-3	2,557098E-3
20220411 09:53:00,772	c_1_039_20220411_09_53_00,772.bmp	1,412274E+0	7,640888E-1	-1,223829E-3	-3,807953E-3
20220411 09:53:06,780	c_1_040_20220411_09_53_06,780.bmp	1,407183E+0	7,819105E-1	4,902598E-5	1,107786E-5
20220411 09:53:12,783	c_1_041_20220411_09_53_12,783.bmp	1,416092E+0	7,997321E-1	1,321881E-3	1,107786E-5
20220411 09:53:18,790	c_1_042_20220411_09_53_18,790.bmp	1,422456E+0	8,175537E-1	1,321881E-3	3,830109E-3
20220411 09:53:24,796	c_1_043_20220411_09_53_24,796.bmp	1,425001E+0	8,391942E-1	4,902598E-5	2,557098E-3
20220411 09:53:30,798	c_1_044_20220411_09_53_30,798.bmp	1,427547E+0	8,595618E-1	-1,223829E-3	-1,261932E-3
20220411 09:53:36,799	c_1_045_20220411_09_53_36,799.bmp	1,432638E+0	8,837483E-1	-3,769540E-3	-3,807953E-3
20220411 09:53:42,801	c_1_046_20220411_09_53_42,801.bmp	1,428820E+0	9,002969E-1	4,902598E-5	1,107786E-5
20220411 09:53:48,806	c_1_047_20220411_09_53_48,806.bmp	1,430092E+0	9,168456E-1	4,902598E-5	2,557098E-3
20220411 09:53:54,808	c_1_048_20220411_09_53_54,808.bmp	1,431365E+0	9,423050E-1	-3,769540E-3	1,107786E-5
20220411 09:54:00,810	c_1_049_20220411_09_54_00,810.bmp	1,422456E+0	9,626726E-1	-1,223829E-3	-2,534943E-3
20220411 09:54:06,816	c_1_050_20220411_09_54_06,816.bmp	1,411002E+0	9,792212E-1	-2,496685E-3	2,557098E-3
20220411 09:54:12,822	c_1_051_20220411_09_54_12,822.bmp	1,384274E+0	1,000862E+0	-1,223829E-3	1,107786E-5
20220411 09:54:18,830	c_1_052_20220411_09_54_18,830.bmp	1,362638E+0	1,021229E+0	1,321881E-3	-1,261932E-3
20220411 09:54:24,835	c_1_053_20220411_09_54_24,835.bmp	1,351184E+0	1,040324E+0	2,594737E-3	-1,261932E-3
20220411 09:54:30,837	c_1_054_20220411_09_54_30,837.bmp	1,352457E+0	1,059418E+0	4,902598E-5	-3,807953E-3
20220411 09:54:36,838	c_1_055_20220411_09_54_36,838.bmp	1,334638E+0	1,077240E+0	4,902598E-5	2,557098E-3
20220411 09:54:42,845	c_1_056_20220411_09_54_42,845.bmp	1,321911E+0	1,095062E+0	2,594737E-3	2,557098E-3
20220411 09:54:48,845	c_1_057_20220411_09_54_48,845.bmp	1,310457E+0	1,124340E+0	-3,769540E-3	-3,807953E-3
20220411 09:54:54,854	c_1_058_20220411_09_54_54,854.bmp	1,292639E+0	1,139616E+0	4,902598E-5	-1,261932E-3
20220411 09:55:00,859	c_1_059_20220411_09_55_00,859.bmp	1,279912E+0	1,162529E+0	-3,769540E-3	-3,807953E-3
20220411 09:55:06,864	c_1_060_20220411_09_55_06,864.bmp	1,269730E+0	1,185443E+0	-2,496685E-3	-3,807953E-3
20220411 09:55:12,865	c_1_061_20220411_09_55_12,865.bmp	1,262094E+0	1,200718E+0	4,902598E-5	-1,261932E-3
20220411 09:55:18,867	c_1_062_20220411_09_55_18,867.bmp	1,258275E+0	1,221086E+0	4,902598E-5	-1,261932E-3
20220411 09:55:24,878	c_1_063_20220411_09_55_24,878.bmp	1,253185E+0	1,238908E+0	-1,223829E-3	1,107786E-5
20220411 09:55:30,879	c_1_064_20220411_09_55_30,879.bmp	1,243003E+0	1,261821E+0	-1,223829E-3	1,107786E-5
20220411 09:55:36,881	c_1_065_20220411_09_55_36,881.bmp	1,218821E+0	1,277097E+0	3,867592E-3	2,557098E-3
20220411 09:55:42,886	c_1_066_20220411_09_55_42,886.bmp	1,206094E+0	1,298737E+0	2,594737E-3	2,557098E-3
20220411 09:55:48,891	c_1_067_20220411_09_55_48,891.bmp	1,195912E+0	1,325470E+0	4,902598E-5	-3,807953E-3
20220411 09:55:54,903	c_1_068_20220411_09_55_54,903.bmp	1,183185E+0	1,343291E+0	4,902598E-5	1,107786E-5
20220411 09:56:00,912	c_1_069_20220411_09_56_00,912.bmp	1,171731E+0	1,361113E+0	4,902598E-5	-1,261932E-3
20220411 09:56:06,915	c_1_070_20220411_09_56_06,915.bmp	1,170458E+0	1,382754E+0	1,321881E-3	-1,261932E-3
20220411 09:56:12,917	c_1_071_20220411_09_56_12,917.bmp	1,162822E+0	1,404394E+0	4,902598E-5	-3,807953E-3
20220411 09:56:18,919	c_1_072_20220411_09_56_18,919.bmp	1,164094E+0	1,423489E+0	4,902598E-5	-3,807953E-3
20220411 09:56:24,920	c_1_073_20220411_09_56_24,920.bmp	1,160276E+0	1,441310E+0	1,321881E-3	1,284088E-3
20220411 09:56:30,928	c_1_074_20220411_09_56_30,928.bmp	1,160276E+0	1,459132E+0	4,902598E-5	1,284088E-3
20220411 09:56:36,933	c_1_075_20220411_09_56_36,933.bmp	1,162822E+0	1,480772E+0	-1,223829E-3	-1,261932E-3
20220411 09:56:42,939	c_1_076_20220411_09_56_42,939.bmp	1,165367E+0	1,502413E+0	4,902598E-5	1,107786E-5
20220411 09:56:48,942	c_1_077_20220411_09_56_48,942.bmp	1,166640E+0	1,518962E+0	4,902598E-5	2,557098E-3
20220411 09:56:54,943	c_1_078_20220411_09_56_54,943.bmp	1,164094E+0	1,541875E+0	3,867592E-3	-1,261932E-3
20220411 09:57:00,948	c_1_079_20220411_09_57_00,948.bmp	1,171731E+0	1,559697E+0	-1,223829E-3	1,107786E-5
20220411 09:57:06,961	c_1_080_20220411_09_57_06,961.bmp	1,171731E+0	1,582610E+0	1,321881E-3	1,284088E-3
20220411 09:57:12,969	c_1_081_20220411_09_57_12,969.bmp	1,178094E+0	1,596613E+0	-2,496685E-3	2,557098E-3
20220411 09:57:18,970	c_1_082_20220411_09_57_18,970.bmp	1,187003E+0	1,622072E+0	-3,769540E-3	-3,807953E-3
20220411 09:57:24,974	c_1_083_20220411_09_57_24,974.bmp	1,183185E+0	1,641167E+0	4,902598E-5	-1,261932E-3
20220411 09:57:30,978	c_1_084_20220411_09_57_30,978.bmp	1,193367E+0	1,665353E+0	-3,769540E-3	-3,807953E-3
20220411 09:57:36,986	c_1_085_20220411_09_57_36,986.bmp	1,187003E+0	1,676810E+0	2,594737E-3	3,830109E-3
20220411 09:57:42,990	c_1_086_20220411_09_57_42,990.bmp	1,193367E+0	1,704816E+0	-3,769540E-3	-3,807953E-3
20220411 09:57:48,993	c_1_087_20220411_09_57_48,993.bmp	1,187003E+0	1,723910E+0	-2,496685E-3	-3,807953E-3
20220411 09:57:54,996	c_1_088_20220411_09_57_54,996.bmp	1,173003E+0	1,736640E+0	2,594737E-3	2,557098E-3
20220411 09:58:01,001	c_1_089_20220411_09_58_01,001.bmp	1,162822E+0	1,760826E+0	1,321881E-3	1,107786E-5
20220411 09:58:07,005	c_1_090_20220411_09_58_07,005.bmp	1,150094E+0	1,785013E+0	-3,769540E-3	-3,807953E-3
20220411 09:58:13,006	c_1_091_20220411_09_58_13,006.bmp	1,127185E+0	1,801562E+0	4,902598E-5	1,107786E-5
20220411 09:58:19,013	c_1_092_20220411_09_58_19,013.bmp	1,087731E+0	1,820656E+0	4,902598E-5	-1,261932E-3
20220411 09:58:25,021	c_1_093_20220411_09_58_25,021.bmp	1,054641E+0	1,843570E+0	4,902598E-5	1,107786E-5
20220411 09:58:31,027	c_1_094_20220411_09_58_31,027.bmp	1,026641E+0	1,861391E+0	4,902598E-5	-1,261932E-3
20220411 09:58:37,030	c_1_095_20220411_09_58_37,030.bmp	9,973682E-1	1,883032E+0	-2,496685E-3	1,107786E-5
20220411 09:58:43,042	c_1_096_20220411_09_58_43,042.bmp	9,744593E-1	1,900853E+0	2,594737E-3	-1,261932E-3
20220411 09:58:49,051	c_1_097_20220411_09_58_49,051.bmp	9,731866E-1	1,919948E+0	4,902598E-5	1,107786E-5
20220411 09:58:55,054	c_1_098_20220411_09_58_55,054.bmp	9,642776E-1	1,941588E+0	3,867592E-3	1,107786E-5
20220411 09:59:01,059	c_1_099_20220411_09_59_01,059.bmp	9,668230E-1	1,958137E+0	4,902598E-5	2,557098E-3
20220411 09:59:07,062	c_1_100_20220411_09_59_07,062.bmp	9,668230E-1	1,978505E+0	1,321881E-3	3,830109E-3
20220411 09:59:13,071	c_1_101_20220411_09_59_13,071.bmp	9,604594E-1	1,998872E+0	1,321881E-3	2,557098E-3
20220411 09:59:19,074	c_1_102_20220411_09_59_19,074.bmp	9,630048E-1	2,021786E+0	1,321881E-3	-1,261932E-3
20220411 09:59:25,075	c_1_103_20220411_09_59_25,075.bmp	9,719139E-1	2,040880E+0	4,902598E-5	-3,807953E-3
20220411 09:59:31,076	c_1_104_20220411_09_59_31,076.bmp	9,693684E-1	2,061248E+0	-2,496685E-3	-3,807953E-3
20220411 09:59:37,079	c_1_105_20220411_09_59_37,079.bmp	9,693684E-1	2,085434E+0	-1,223829E-3	-3,807953E-3
20220411 09:59:43,082	c_1_106_20220411_09_59_43,082.bmp	9,642776E-1	2,100710E+0	4,902598E-5	1,107786E-5
20220411 09:59:49,085	c_1_107_20220411_09_59_49,085.bmp	9,642776E-1	2,118532E+0	-2,496685E-3	1,107786E-5
20220411 09:59:55,098	c_1_108_20220411_09_59_55,098.bmp	9,617321E-1	2,143991E+0	-2,496685E-3	-5,080963E-3
20220411 10:00:01,100	c_1_109_20220411_10_00_01,100.bmp	9,566412E-1	2,156721E+0	4,902598E-5	3,830109E-3
20220411 10:00:07,104	c_1_110_20220411_10_00_07,104.bmp	9,413686E-1	2,177088E+0	-1,223829E-3	2,557098E-3
20220411 10:00:13,109	c_1_111_20220411_10_00_13,109.bmp	9,324596E-1	2,202548E+0	4,902598E-5	-1,261932E-3
20220411 10:00:19,113	c_1_112_20220411_10_00_19,113.bmp	9,248233E-1	2,217824E+0	3,867592E-3	1,284088E-3
20220411 10:00:25,117	c_1_113_20220411_10_00_25,117.bmp	9,273687E-1	2,240737E+0	1,321881E-3	-1,261932E-3
20220411 10:00:31,125	c_1_114_20220411_10_00_31,125.bmp	9,273687E-1	2,259832E+0	3,867592E-3	-1,261932E-3
20220411 10:00:37,132	c_1_115_20220411_10_00_37,132.bmp	9,222779E-1	2,281472E+0	1,321881E-3	-1,261932E-3
20220411 10:00:43,137	c_1_116_20220411_10_00_43,137.bmp	9,260960E-1	2,299294E+0	1,321881E-3	1,107786E-5
20220411 10:00:49,139	c_1_117_20220411_10_00_49,139.bmp	9,222779E-1	2,319661E+0	4,902598E-5	-1,261932E-3
20220411 10:00:55,143	c_1_118_20220411_10_00_55,143.bmp	9,133688E-1	2,337483E+0	-1,223829E-3	1,284088E-3
20220411 10:01:01,145	c_1_119_20220411_10_01_01,145.bmp	9,095507E-1	2,361669E+0	4,902598E-5	1,107786E-5
20220411 10:01:07,154	c_1_120_20220411_10_01_07,154.bmp	9,019144E-1	2,380764E+0	-2,496685E-3	1,107786E-5
20220411 10:01:13,162	c_1_121_20220411_10_01_13,162.bmp	9,019144E-1	2,399859E+0	4,902598E-5	1,107786E-5
20220411 10:01:19,164	c_1_122_20220411_10_01_19,164.bmp	9,057325E-1	2,422772E+0	-2,496685E-3	-3,807953E-3
20220411 10:01:25,166	c_1_123_20220411_10_01_25,166.bmp	9,031871E-1	2,440594E+0	-3,769540E-3	-2,534943E-3
20220411 10:01:31,169	c_1_124_20220411_10_01_31,169.bmp	8,980962E-1	2,459688E+0	4,902598E-5	1,107786E-5
20220411 10:01:37,171	c_1_125_20220411_10_01_37,171.bmp	8,917326E-1	2,477510E+0	3,867592E-3	2,557098E-3
20220411 10:01:43,174	c_1_126_20220411_10_01_43,174.bmp	8,980962E-1	2,502969E+0	-3,769540E-3	-1,261932E-3
20220411 10:01:49,181	c_1_127_20220411_10_01_49,181.bmp	9,019144E-1	2,520791E+0	4,902598E-5	1,107786E-5
20220411 10:01:55,184	c_1_128_20220411_10_01_55,184.bmp	8,917326E-1	2,539886E+0	1,321881E-3	-1,261932E-3
20220411 10:02:01,188	c_1_129_20220411_10_02_01,188.bmp	8,942781E-1	2,564072E+0	-2,496685E-3	-3,807953E-3
20220411 10:02:07,192	c_1_130_20220411_10_02_07,192.bmp	8,879145E-1	2,576802E+0	2,594737E-3	2,557098E-3
20220411 10:02:13,193	c_1_131_20220411_10_02_13,193.bmp	8,853690E-1	2,603534E+0	4,902598E-5	-3,807953E-3
20220411 10:02:19,194	c_1_132_20220411_10_02_19,194.bmp	8,904599E-1	2,620083E+0	-3,769540E-3	-1,261932E-3
20220411 10:02:25,197	c_1_133_20220411_10_02_25,197.bmp	8,853690E-1	2,642996E+0	-2,496685E-3	-3,807953E-3
20220411 10:02:31,199	c_1_134_20220411_10_02_31,199.bmp	8,777327E-1	2,658272E+0	2,594737E-3	2,557098E-3
20220411 10:02:37,208	c_1_135_20220411_10_02_37,208.bmp	8,790055E-1	2,678640E+0	1,321881E-3	2,557098E-3
20220411 10:02:43,213	c_1_136_20220411_10_02_43,213.bmp	8,802782E-1	2,699007E+0	-1,223829E-3	2,557098E-3
20220411 10:02:49,214	c_1_137_20220411_10_02_49,214.bmp	8,815509E-1	2,723194E+0	-1,223829E-3	-3,807953E-3
20220411 10:02:55,215	c_1_138_20220411_10_02_55,215.bmp	8,777327E-1	2,738469E+0	-1,223829E-3	1,284088E-3
20220411 10:03:01,218	c_1_139_20220411_10_03_01,218.bmp	8,815509E-1	2,765202E+0	-2,496685E-3	-3,807953E-3
20220411 10:03:07,222	c_1_140_20220411_10_03_07,222.bmp	8,777327E-1	2,783023E+0	2,594737E-3	-1,261932E-3
20220411 10:03:13,233	c_1_141_20220411_10_03_13,233.bmp	8,815509E-1	2,800845E+0	4,902598E-5	1,107786E-5
20220411 10:03:19,239	c_1_142_20220411_10_03_19,239.bmp	8,828236E-1	2,821213E+0	-3,769540E-3	1,107786E-5
20220411 10:03:25,242	c_1_143_20220411_10_03_25,242.bmp	8,828236E-1	2,844126E+0	-3,769540E-3	-3,807953E-3
20220411 10:03:31,244	c_1_144_20220411_10_03_31,244.bmp	8,853690E-1	2,861948E+0	-2,496685E-3	1,107786E-5
20220411 10:03:37,247	c_1_145_20220411_10_03_37,247.bmp	8,815509E-1	2,881042E+0	4,902598E-5	-1,261932E-3
20220411 10:03:43,252	c_1_146_20220411_10_03_43,252.bmp	8,777327E-1	2,901410E+0	1,321881E-3	-1,261932E-3
20220411 10:03:49,256	c_1_147_20220411_10_03_49,256.bmp	8,891872E-1	2,923050E+0	-2,496685E-3	-2,534943E-3
20220411 10:03:55,263	c_1_148_20220411_10_03_55,263.bmp	8,815509E-1	2,940872E+0	-2,496685E-3	-1,261932E-3
20220411 10:04:01,266	c_1_149_20220411_10_04_01,266.bmp	8,840963E-1	2,959967E+0	1,321881E-3	1,107786E-5
20220411 10:04:07,271	c_1_150_20220411_10_04_07,271.bmp	8,879145E-1	2,980334E+0	4,902598E-5	1,107786E-5
20220411 10:04:13,276	c_1_151_20220411_10_04_13,276.bmp	8,879145E-1	3,001975E+0	-3,769540E-3	-3,807953E-3
20220411 10:04:19,280	c_1_152_20220411_10_04_19,280.bmp	8,777327E-1	3,009613E+0	2,594737E-3	-1,261932E-3
