20220411 13:05:55,771	c_0_1229_20220411_13_05_55,771.bmp	-4,260751E-3	-4,170281E-2	6,413303E-3	-1,261932E-3
20220411 13:06:01,785	c_0_1230_20220411_13_06_01,785.bmp	1,228458E-2	7,943123E-3	-1,223829E-3	-3,807953E-3
20220411 13:06:07,795	c_0_1231_20220411_13_06_07,795.bmp	5,682971E-2	2,958366E-2	-5,042396E-3	-5,080963E-3
20220411 13:06:13,798	c_0_1232_20220411_13_06_13,798.bmp	1,675562E-1	4,613230E-2	-1,223829E-3	1,107786E-5
20220411 13:06:19,801	c_0_1233_20220411_13_06_19,801.bmp	3,291913E-1	7,031878E-2	-1,223829E-3	-3,807953E-3
20220411 13:06:25,805	c_0_1234_20220411_13_06_25,805.bmp	4,908265E-1	8,941337E-2	4,902598E-5	1,107786E-5
20220411 13:06:31,809	c_0_1235_20220411_13_06_31,809.bmp	6,524617E-1	1,072350E-1	1,321881E-3	1,107786E-5
20220411 13:06:37,816	c_0_1236_20220411_13_06_37,816.bmp	8,166423E-1	1,237836E-1	1,321881E-3	3,830109E-3
20220411 13:06:43,829	c_0_1237_20220411_13_06_43,829.bmp	9,757320E-1	1,428782E-1	-1,223829E-3	1,107786E-5
20220411 13:06:49,831	c_0_1238_20220411_13_06_49,831.bmp	1,142458E+0	1,696106E-1	-3,769540E-3	-3,807953E-3
20220411 13:06:55,834	c_0_1239_20220411_13_06_55,834.bmp	1,301548E+0	1,861593E-1	4,902598E-5	1,107786E-5
20220411 13:07:01,835	c_0_1240_20220411_13_07_01,835.bmp	1,464456E+0	2,052539E-1	4,902598E-5	-1,261932E-3
20220411 13:07:07,846	c_0_1241_20220411_13_07_07,846.bmp	1,628636E+0	2,256214E-1	-1,223829E-3	1,107786E-5
20220411 13:07:13,848	c_0_1242_20220411_13_07_13,848.bmp	1,785181E+0	2,472620E-1	4,902598E-5	-1,261932E-3
20220411 13:07:19,851	c_0_1243_20220411_13_07_19,851.bmp	1,948088E+0	2,638106E-1	3,867592E-3	2,557098E-3
20220411 13:07:25,854	c_0_1244_20220411_13_07_25,854.bmp	2,108451E+0	2,905430E-1	-2,496685E-3	-3,807953E-3
20220411 13:07:31,856	c_0_1245_20220411_13_07_31,856.bmp	2,267541E+0	3,070917E-1	-5,042396E-3	-2,534943E-3
20220411 13:07:37,860	c_0_1246_20220411_13_07_37,860.bmp	2,413903E+0	3,249133E-1	-3,769540E-3	1,107786E-5
20220411 13:07:43,863	c_0_1247_20220411_13_07_43,863.bmp	2,556448E+0	3,503728E-1	-3,769540E-3	-3,807953E-3
20220411 13:07:49,871	c_0_1248_20220411_13_07_49,871.bmp	2,670992E+0	3,707403E-1	4,902598E-5	1,107786E-5
20220411 13:07:55,877	c_0_1249_20220411_13_07_55,877.bmp	2,774082E+0	3,911079E-1	-3,769540E-3	-3,807953E-3
20220411 13:08:01,881	c_0_1250_20220411_13_08_01,881.bmp	2,868263E+0	4,063835E-1	4,902598E-5	-1,261932E-3
20220411 13:08:07,885	c_0_1251_20220411_13_08_07,885.bmp	2,962445E+0	4,229322E-1	4,902598E-5	2,557098E-3
20220411 13:08:13,888	c_0_1252_20220411_13_08_13,888.bmp	3,048989E+0	4,509376E-1	-1,223829E-3	-3,807953E-3
20220411 13:08:19,890	c_0_1253_20220411_13_08_19,890.bmp	3,132989E+0	4,649403E-1	4,902598E-5	-1,261932E-3
20220411 13:08:25,891	c_0_1254_20220411_13_08_25,891.bmp	3,200443E+0	4,903997E-1	-5,042396E-3	-3,807953E-3
20220411 13:08:31,901	c_0_1255_20220411_13_08_31,901.bmp	3,250079E+0	5,056754E-1	4,902598E-5	1,107786E-5
20220411 13:08:37,902	c_0_1256_20220411_13_08_37,902.bmp	3,244988E+0	5,247700E-1	4,902598E-5	-1,261932E-3
20220411 13:08:43,906	c_0_1257_20220411_13_08_43,906.bmp	3,126625E+0	5,425916E-1	-1,223829E-3	3,830109E-3
20220411 13:08:49,912	c_0_1258_20220411_13_08_49,912.bmp	2,977717E+0	5,629592E-1	2,594737E-3	2,557098E-3
20220411 13:08:55,920	c_0_1259_20220411_13_08_55,920.bmp	2,874627E+0	5,896916E-1	-2,496685E-3	-3,807953E-3
20220411 13:09:01,921	c_0_1260_20220411_13_09_01,921.bmp	2,788082E+0	6,087862E-1	-3,769540E-3	-3,807953E-3
20220411 13:09:07,923	c_0_1261_20220411_13_09_07,923.bmp	2,720628E+0	6,278808E-1	-3,769540E-3	-3,807953E-3
20220411 13:09:13,928	c_0_1262_20220411_13_09_13,928.bmp	2,676083E+0	6,418835E-1	-1,223829E-3	1,284088E-3
20220411 13:09:19,933	c_0_1263_20220411_13_09_19,933.bmp	2,669720E+0	6,686159E-1	-1,223829E-3	-3,807953E-3
20220411 13:09:25,934	c_0_1264_20220411_13_09_25,934.bmp	2,650629E+0	6,877105E-1	4,902598E-5	1,107786E-5
20220411 13:09:31,937	c_0_1265_20220411_13_09_31,937.bmp	2,663356E+0	7,029862E-1	2,594737E-3	2,557098E-3
20220411 13:09:37,939	c_0_1266_20220411_13_09_37,939.bmp	2,691356E+0	7,297186E-1	-3,769540E-3	-3,807953E-3
20220411 13:09:43,943	c_0_1267_20220411_13_09_43,943.bmp	2,716810E+0	7,462672E-1	4,902598E-5	-1,261932E-3
20220411 13:09:49,947	c_0_1268_20220411_13_09_49,947.bmp	2,742264E+0	7,679078E-1	2,594737E-3	-1,261932E-3
20220411 13:09:55,952	c_0_1269_20220411_13_09_55,952.bmp	2,760082E+0	7,857294E-1	-3,769540E-3	-3,807953E-3
20220411 13:10:01,959	c_0_1270_20220411_13_10_01,959.bmp	2,779173E+0	8,035510E-1	-1,223829E-3	1,107786E-5
20220411 13:10:07,963	c_0_1271_20220411_13_10_07,963.bmp	2,809718E+0	8,264645E-1	-1,223829E-3	-1,261932E-3
20220411 13:10:13,969	c_0_1272_20220411_13_10_13,969.bmp	2,836446E+0	8,468321E-1	4,902598E-5	1,107786E-5
20220411 13:10:19,975	c_0_1273_20220411_13_10_19,975.bmp	2,852991E+0	8,710185E-1	-1,223829E-3	-3,807953E-3
20220411 13:10:25,984	c_0_1274_20220411_13_10_25,984.bmp	2,856809E+0	8,862942E-1	3,867592E-3	-1,261932E-3
20220411 13:10:31,991	c_0_1275_20220411_13_10_31,991.bmp	2,761355E+0	9,053888E-1	4,902598E-5	1,107786E-5
20220411 13:10:37,996	c_0_1276_20220411_13_10_37,996.bmp	2,574266E+0	9,270293E-1	4,902598E-5	1,107786E-5
20220411 13:10:44,000	c_0_1277_20220411_13_10_44,000.bmp	2,487721E+0	9,423050E-1	3,867592E-3	3,830109E-3
20220411 13:10:50,005	c_0_1278_20220411_13_10_50,005.bmp	2,481357E+0	9,677645E-1	-2,496685E-3	-1,261932E-3
20220411 13:10:56,007	c_0_1279_20220411_13_10_56,007.bmp	2,472448E+0	9,855861E-1	-1,223829E-3	1,284088E-3
20220411 13:11:02,009	c_0_1280_20220411_13_11_02,009.bmp	2,453357E+0	1,003408E+0	1,321881E-3	1,284088E-3
20220411 13:11:08,025	c_0_1281_20220411_13_11_08,025.bmp	2,410085E+0	1,027594E+0	1,321881E-3	-1,261932E-3
20220411 13:11:14,029	c_0_1282_20220411_13_11_14,029.bmp	2,408812E+0	1,044143E+0	4,902598E-5	1,107786E-5
20220411 13:11:20,034	c_0_1283_20220411_13_11_20,034.bmp	2,397358E+0	1,067056E+0	4,902598E-5	1,107786E-5
20220411 13:11:26,042	c_0_1284_20220411_13_11_26,042.bmp	2,365540E+0	1,087424E+0	-1,223829E-3	1,107786E-5
20220411 13:11:32,049	c_0_1285_20220411_13_11_32,049.bmp	2,296813E+0	1,105246E+0	1,321881E-3	1,284088E-3
20220411 13:11:38,050	c_0_1286_20220411_13_11_38,050.bmp	2,215359E+0	1,130705E+0	-5,042396E-3	-3,807953E-3
20220411 13:11:44,053	c_0_1287_20220411_13_11_44,053.bmp	2,118633E+0	1,142162E+0	1,321881E-3	2,557098E-3
20220411 13:11:50,058	c_0_1288_20220411_13_11_50,058.bmp	2,104633E+0	1,163802E+0	1,321881E-3	2,557098E-3
20220411 13:11:56,064	c_0_1289_20220411_13_11_56,064.bmp	2,110996E+0	1,184170E+0	4,902598E-5	2,557098E-3
20220411 13:12:02,069	c_0_1290_20220411_13_12_02,069.bmp	2,126269E+0	1,208356E+0	-1,223829E-3	1,107786E-5
20220411 13:12:08,075	c_0_1291_20220411_13_12_08,075.bmp	2,141542E+0	1,226178E+0	-1,223829E-3	-1,261932E-3
20220411 13:12:14,078	c_0_1292_20220411_13_12_14,078.bmp	2,160632E+0	1,246545E+0	-1,223829E-3	1,107786E-5
20220411 13:12:20,082	c_0_1293_20220411_13_12_20,082.bmp	2,174632E+0	1,269459E+0	-5,042396E-3	-3,807953E-3
20220411 13:12:26,086	c_0_1294_20220411_13_12_26,086.bmp	2,189905E+0	1,282189E+0	-1,223829E-3	2,557098E-3
20220411 13:12:32,099	c_0_1295_20220411_13_12_32,099.bmp	2,198814E+0	1,310194E+0	4,902598E-5	-3,807953E-3
20220411 13:12:38,105	c_0_1296_20220411_13_12_38,105.bmp	2,208996E+0	1,330562E+0	4,902598E-5	-3,807953E-3
20220411 13:12:44,107	c_0_1297_20220411_13_12_44,107.bmp	2,210268E+0	1,350929E+0	4,902598E-5	-2,534943E-3
20220411 13:12:50,117	c_0_1298_20220411_13_12_50,117.bmp	2,214087E+0	1,368751E+0	4,902598E-5	1,107786E-5
20220411 13:12:56,123	c_0_1299_20220411_13_12_56,123.bmp	2,220450E+0	1,386572E+0	4,902598E-5	1,107786E-5
20220411 13:13:02,125	c_0_1300_20220411_13_13_02,125.bmp	2,217905E+0	1,410759E+0	-2,496685E-3	-3,807953E-3
20220411 13:13:08,133	c_0_1301_20220411_13_13_08,133.bmp	2,202632E+0	1,428581E+0	4,902598E-5	1,107786E-5
20220411 13:13:14,137	c_0_1302_20220411_13_13_14,137.bmp	2,141542E+0	1,447675E+0	2,594737E-3	1,107786E-5
20220411 13:13:20,140	c_0_1303_20220411_13_13_20,140.bmp	2,128814E+0	1,470589E+0	4,902598E-5	1,107786E-5
20220411 13:13:26,142	c_0_1304_20220411_13_13_26,142.bmp	2,130087E+0	1,489683E+0	-2,496685E-3	-3,807953E-3
20220411 13:13:32,146	c_0_1305_20220411_13_13_32,146.bmp	2,123724E+0	1,508778E+0	-3,769540E-3	1,107786E-5
20220411 13:13:38,152	c_0_1306_20220411_13_13_38,152.bmp	2,109724E+0	1,526599E+0	4,902598E-5	-1,261932E-3
20220411 13:13:44,163	c_0_1307_20220411_13_13_44,163.bmp	2,056269E+0	1,544421E+0	-5,042396E-3	-1,261932E-3
20220411 13:13:50,167	c_0_1308_20220411_13_13_50,167.bmp	2,007906E+0	1,568608E+0	4,902598E-5	1,107786E-5
20220411 13:13:56,169	c_0_1309_20220411_13_13_56,169.bmp	1,959543E+0	1,588975E+0	-3,769540E-3	-3,807953E-3
20220411 13:14:02,171	c_0_1310_20220411_13_14_02,171.bmp	1,900998E+0	1,606797E+0	-2,496685E-3	-1,261932E-3
20220411 13:14:08,175	c_0_1311_20220411_13_14_08,175.bmp	1,813180E+0	1,623345E+0	2,594737E-3	2,557098E-3
20220411 13:14:14,182	c_0_1312_20220411_13_14_14,182.bmp	1,762272E+0	1,646259E+0	-1,223829E-3	1,107786E-5
20220411 13:14:20,195	c_0_1313_20220411_13_14_20,195.bmp	1,715181E+0	1,664080E+0	4,902598E-5	2,557098E-3
20220411 13:14:26,196	c_0_1314_20220411_13_14_26,196.bmp	1,677000E+0	1,689540E+0	-2,496685E-3	-1,261932E-3
20220411 13:14:32,199	c_0_1315_20220411_13_14_32,199.bmp	1,641363E+0	1,706089E+0	4,902598E-5	-1,261932E-3
20220411 13:14:38,202	c_0_1316_20220411_13_14_38,202.bmp	1,565000E+0	1,730275E+0	4,902598E-5	-3,807953E-3
20220411 13:14:44,206	c_0_1317_20220411_13_14_44,206.bmp	1,507728E+0	1,748097E+0	-1,223829E-3	1,107786E-5
20220411 13:14:50,216	c_0_1318_20220411_13_14_50,216.bmp	1,497546E+0	1,769737E+0	-5,042396E-3	-3,807953E-3
20220411 13:14:56,223	c_0_1319_20220411_13_14_56,223.bmp	1,500092E+0	1,787559E+0	-3,769540E-3	-1,261932E-3
20220411 13:15:02,227	c_0_1320_20220411_13_15_02,227.bmp	1,491183E+0	1,811745E+0	1,321881E-3	-3,807953E-3
20220411 13:15:08,228	c_0_1321_20220411_13_15_08,228.bmp	1,488637E+0	1,828294E+0	-1,223829E-3	-5,080963E-3
20220411 13:15:14,232	c_0_1322_20220411_13_15_14,232.bmp	1,495001E+0	1,849934E+0	-3,769540E-3	-3,807953E-3
20220411 13:15:20,237	c_0_1323_20220411_13_15_20,237.bmp	1,487365E+0	1,870302E+0	-3,769540E-3	-3,807953E-3
20220411 13:15:26,238	c_0_1324_20220411_13_15_26,238.bmp	1,473365E+0	1,886851E+0	2,594737E-3	1,107786E-5
20220411 13:15:32,240	c_0_1325_20220411_13_15_32,240.bmp	1,460638E+0	1,907218E+0	-2,496685E-3	-1,261932E-3
20220411 13:15:38,244	c_0_1326_20220411_13_15_38,244.bmp	1,451729E+0	1,927586E+0	-1,223829E-3	-1,261932E-3
20220411 13:15:44,248	c_0_1327_20220411_13_15_44,248.bmp	1,445365E+0	1,949226E+0	-3,769540E-3	-3,807953E-3
20220411 13:15:50,250	c_0_1328_20220411_13_15_50,250.bmp	1,446638E+0	1,963229E+0	1,321881E-3	2,557098E-3
20220411 13:15:56,251	c_0_1329_20220411_13_15_56,251.bmp	1,453001E+0	1,989961E+0	-3,769540E-3	-3,807953E-3
20220411 13:16:02,252	c_0_1330_20220411_13_16_02,252.bmp	1,458092E+0	2,007783E+0	4,902598E-5	1,107786E-5
20220411 13:16:08,256	c_0_1331_20220411_13_16_08,256.bmp	1,463183E+0	2,026878E+0	4,902598E-5	1,284088E-3
20220411 13:16:14,257	c_0_1332_20220411_13_16_14,257.bmp	1,468274E+0	2,043426E+0	3,867592E-3	3,830109E-3
20220411 13:16:20,265	c_0_1333_20220411_13_16_20,265.bmp	1,477183E+0	2,066340E+0	1,321881E-3	1,107786E-5
20220411 13:16:26,271	c_0_1334_20220411_13_16_26,271.bmp	1,482274E+0	2,085434E+0	1,321881E-3	2,557098E-3
20220411 13:16:32,276	c_0_1335_20220411_13_16_32,276.bmp	1,500092E+0	2,110894E+0	-3,769540E-3	-3,807953E-3
20220411 13:16:38,278	c_0_1336_20220411_13_16_38,278.bmp	1,511546E+0	2,127442E+0	-2,496685E-3	-1,261932E-3
20220411 13:16:44,280	c_0_1337_20220411_13_16_44,280.bmp	1,520455E+0	2,147810E+0	-2,496685E-3	1,107786E-5
20220411 13:16:50,289	c_0_1338_20220411_13_16_50,289.bmp	1,531910E+0	2,169451E+0	4,902598E-5	-3,807953E-3
20220411 13:16:56,298	c_0_1339_20220411_13_16_56,298.bmp	1,540819E+0	2,191091E+0	-3,769540E-3	-3,807953E-3
20220411 13:17:02,303	c_0_1340_20220411_13_17_02,303.bmp	1,544637E+0	2,205094E+0	2,594737E-3	2,557098E-3
20220411 13:17:08,308	c_0_1341_20220411_13_17_08,308.bmp	1,557364E+0	2,228007E+0	4,902598E-5	-3,807953E-3
20220411 13:17:14,316	c_0_1342_20220411_13_17_14,316.bmp	1,566273E+0	2,245829E+0	4,902598E-5	1,107786E-5
20220411 13:17:20,323	c_0_1343_20220411_13_17_20,323.bmp	1,568819E+0	2,267469E+0	-1,223829E-3	1,107786E-5
20220411 13:17:26,328	c_0_1344_20220411_13_17_26,328.bmp	1,570091E+0	2,290383E+0	-1,223829E-3	-3,807953E-3
20220411 13:17:32,332	c_0_1345_20220411_13_17_32,332.bmp	1,559910E+0	2,308205E+0	-3,769540E-3	1,107786E-5
20220411 13:17:38,336	c_0_1346_20220411_13_17_38,336.bmp	1,545910E+0	2,327299E+0	-3,769540E-3	-3,807953E-3
20220411 13:17:44,340	c_0_1347_20220411_13_17_44,340.bmp	1,543364E+0	2,345121E+0	-3,769540E-3	1,107786E-5
20220411 13:17:50,345	c_0_1348_20220411_13_17_50,345.bmp	1,533182E+0	2,365488E+0	1,321881E-3	-1,261932E-3
20220411 13:17:56,349	c_0_1349_20220411_13_17_56,349.bmp	1,535728E+0	2,385856E+0	-2,496685E-3	1,107786E-5
20220411 13:18:02,352	c_0_1350_20220411_13_18_02,352.bmp	1,538273E+0	2,406223E+0	4,902598E-5	-2,534943E-3
20220411 13:18:08,355	c_0_1351_20220411_13_18_08,355.bmp	1,545910E+0	2,426591E+0	-3,769540E-3	1,107786E-5
20220411 13:18:14,357	c_0_1352_20220411_13_18_14,357.bmp	1,547182E+0	2,450778E+0	-2,496685E-3	-3,807953E-3
20220411 13:18:20,364	c_0_1353_20220411_13_18_20,364.bmp	1,547182E+0	2,467326E+0	2,594737E-3	3,830109E-3
20220411 13:18:26,372	c_0_1354_20220411_13_18_26,372.bmp	1,549728E+0	2,485148E+0	3,867592E-3	1,284088E-3
20220411 13:18:32,377	c_0_1355_20220411_13_18_32,377.bmp	1,557364E+0	2,506788E+0	-1,223829E-3	1,107786E-5
20220411 13:18:38,382	c_0_1356_20220411_13_18_38,382.bmp	1,558637E+0	2,523337E+0	4,902598E-5	2,557098E-3
20220411 13:18:44,388	c_0_1357_20220411_13_18_44,388.bmp	1,557364E+0	2,548796E+0	4,902598E-5	-3,807953E-3
20220411 13:18:50,393	c_0_1358_20220411_13_18_50,393.bmp	1,565000E+0	2,566618E+0	-3,769540E-3	1,107786E-5
20220411 13:18:56,395	c_0_1359_20220411_13_18_56,395.bmp	1,563728E+0	2,581894E+0	1,321881E-3	2,557098E-3
20220411 13:19:02,399	c_0_1360_20220411_13_19_02,399.bmp	1,563728E+0	2,602261E+0	1,321881E-3	3,830109E-3
20220411 13:19:08,401	c_0_1361_20220411_13_19_08,401.bmp	1,568819E+0	2,628994E+0	4,902598E-5	-1,261932E-3
20220411 13:19:14,403	c_0_1362_20220411_13_19_14,403.bmp	1,567546E+0	2,649361E+0	4,902598E-5	-1,261932E-3
20220411 13:19:20,411	c_0_1363_20220411_13_19_20,411.bmp	1,566273E+0	2,663364E+0	1,321881E-3	3,830109E-3
20220411 13:19:26,412	c_0_1364_20220411_13_19_26,412.bmp	1,573909E+0	2,688823E+0	1,321881E-3	-1,261932E-3
20220411 13:19:32,413	c_0_1365_20220411_13_19_32,413.bmp	1,576455E+0	2,702826E+0	2,594737E-3	2,557098E-3
20220411 13:19:38,419	c_0_1366_20220411_13_19_38,419.bmp	1,589182E+0	2,725740E+0	4,902598E-5	-1,261932E-3
20220411 13:19:44,420	c_0_1367_20220411_13_19_44,420.bmp	1,595546E+0	2,749926E+0	4,902598E-5	-1,261932E-3
20220411 13:19:50,423	c_0_1368_20220411_13_19_50,423.bmp	1,607000E+0	2,769021E+0	-3,769540E-3	1,107786E-5
20220411 13:19:56,424	c_0_1369_20220411_13_19_56,424.bmp	1,609546E+0	2,788115E+0	-1,223829E-3	1,107786E-5
20220411 13:20:02,429	c_0_1370_20220411_13_20_02,429.bmp	1,615909E+0	2,807210E+0	-3,769540E-3	1,107786E-5
20220411 13:20:08,435	c_0_1371_20220411_13_20_08,435.bmp	1,617182E+0	2,828850E+0	-3,769540E-3	-3,807953E-3
20220411 13:20:14,439	c_0_1372_20220411_13_20_14,439.bmp	1,612091E+0	2,846672E+0	4,902598E-5	1,107786E-5
20220411 13:20:20,442	c_0_1373_20220411_13_20_20,442.bmp	1,596818E+0	2,869586E+0	-3,769540E-3	-3,807953E-3
20220411 13:20:26,445	c_0_1374_20220411_13_20_26,445.bmp	1,587909E+0	2,883588E+0	3,867592E-3	2,557098E-3
20220411 13:20:32,454	c_0_1375_20220411_13_20_32,454.bmp	1,589182E+0	2,906502E+0	4,902598E-5	1,107786E-5
20220411 13:20:38,461	c_0_1376_20220411_13_20_38,461.bmp	1,593000E+0	2,926869E+0	-2,496685E-3	1,107786E-5
20220411 13:20:44,464	c_0_1377_20220411_13_20_44,464.bmp	1,595546E+0	2,943418E+0	2,594737E-3	2,557098E-3
20220411 13:20:50,469	c_0_1378_20220411_13_20_50,469.bmp	1,599364E+0	2,966331E+0	3,867592E-3	-1,261932E-3
20220411 13:20:56,476	c_0_1379_20220411_13_20_56,476.bmp	1,601909E+0	2,986699E+0	3,867592E-3	-1,261932E-3
20220411 13:21:02,484	c_0_1380_20220411_13_21_02,484.bmp	1,607000E+0	3,005794E+0	4,902598E-5	1,284088E-3
20220411 13:21:08,488	c_0_1381_20220411_13_21_08,488.bmp	1,607000E+0	3,031253E+0	4,902598E-5	-3,807953E-3
20220411 13:21:14,492	c_0_1382_20220411_13_21_14,492.bmp	1,608273E+0	3,045256E+0	1,321881E-3	-1,261932E-3
20220411 13:21:20,496	c_0_1383_20220411_13_21_20,496.bmp	1,609546E+0	3,063077E+0	2,594737E-3	2,557098E-3
20220411 13:21:26,498	c_0_1384_20220411_13_21_26,498.bmp	1,608273E+0	3,083445E+0	2,594737E-3	2,557098E-3
20220411 13:21:32,500	c_0_1385_20220411_13_21_32,500.bmp	1,608273E+0	3,105085E+0	2,594737E-3	2,557098E-3
20220411 13:21:38,504	c_0_1386_20220411_13_21_38,504.bmp	1,607000E+0	3,131818E+0	-3,769540E-3	1,107786E-5
20220411 13:21:44,513	c_0_1387_20220411_13_21_44,513.bmp	1,604455E+0	3,145821E+0	4,902598E-5	1,107786E-5
20220411 13:21:50,519	c_0_1388_20220411_13_21_50,519.bmp	1,608273E+0	3,163642E+0	4,902598E-5	2,557098E-3
20220411 13:21:56,522	c_0_1389_20220411_13_21_56,522.bmp	1,607000E+0	3,190375E+0	-1,223829E-3	-3,807953E-3
20220411 13:22:02,525	c_0_1390_20220411_13_22_02,525.bmp	1,600636E+0	3,206923E+0	3,867592E-3	-1,261932E-3
20220411 13:22:08,530	c_0_1391_20220411_13_22_08,530.bmp	1,599364E+0	3,226018E+0	-1,223829E-3	2,557098E-3
20220411 13:22:14,533	c_0_1392_20220411_13_22_14,533.bmp	1,596818E+0	3,251477E+0	-3,769540E-3	-3,807953E-3
20220411 13:22:20,535	c_0_1393_20220411_13_22_20,535.bmp	1,593000E+0	3,264207E+0	-1,223829E-3	2,557098E-3
20220411 13:22:26,540	c_0_1394_20220411_13_22_26,540.bmp	1,587909E+0	3,284575E+0	2,594737E-3	2,557098E-3
20220411 13:22:32,541	c_0_1395_20220411_13_22_32,541.bmp	1,593000E+0	3,307488E+0	4,902598E-5	-1,261932E-3
20220411 13:22:38,546	c_0_1396_20220411_13_22_38,546.bmp	1,590455E+0	3,326583E+0	4,902598E-5	-1,261932E-3
20220411 13:22:44,547	c_0_1397_20220411_13_22_44,547.bmp	1,598091E+0	3,346950E+0	-2,496685E-3	1,107786E-5
20220411 13:22:50,554	c_0_1398_20220411_13_22_50,554.bmp	1,596818E+0	3,367318E+0	4,902598E-5	1,107786E-5
20220411 13:22:56,561	c_0_1399_20220411_13_22_56,561.bmp	1,609546E+0	3,383866E+0	-1,223829E-3	2,557098E-3
20220411 13:23:02,567	c_0_1400_20220411_13_23_02,567.bmp	1,601909E+0	3,406780E+0	1,321881E-3	2,557098E-3
20220411 13:23:08,572	c_0_1401_20220411_13_23_08,572.bmp	1,609546E+0	3,425875E+0	4,902598E-5	1,107786E-5
20220411 13:23:14,573	c_0_1402_20220411_13_23_14,573.bmp	1,614636E+0	3,450061E+0	-5,042396E-3	-3,807953E-3
20220411 13:23:20,578	c_0_1403_20220411_13_23_20,578.bmp	1,621000E+0	3,466610E+0	-1,223829E-3	1,284088E-3
20220411 13:23:26,580	c_0_1404_20220411_13_23_26,580.bmp	1,624818E+0	3,485704E+0	-1,223829E-3	1,107786E-5
20220411 13:23:32,582	c_0_1405_20220411_13_23_32,582.bmp	1,636273E+0	3,508618E+0	-5,042396E-3	-5,080963E-3
20220411 13:23:38,585	c_0_1406_20220411_13_23_38,585.bmp	1,640091E+0	3,523893E+0	-1,223829E-3	2,557098E-3
20220411 13:23:44,588	c_0_1407_20220411_13_23_44,588.bmp	1,646454E+0	3,544261E+0	4,902598E-5	2,557098E-3
20220411 13:23:50,589	c_0_1408_20220411_13_23_50,589.bmp	1,654091E+0	3,567175E+0	-3,769540E-3	1,107786E-5
20220411 13:23:56,591	c_0_1409_20220411_13_23_56,591.bmp	1,657909E+0	3,586269E+0	4,902598E-5	-1,261932E-3
20220411 13:24:02,602	c_0_1410_20220411_13_24_02,602.bmp	1,660454E+0	3,604091E+0	2,594737E-3	2,557098E-3
20220411 13:24:08,610	c_0_1411_20220411_13_24_08,610.bmp	1,669363E+0	3,629550E+0	4,902598E-5	-3,807953E-3
20220411 13:24:14,618	c_0_1412_20220411_13_24_14,618.bmp	1,666818E+0	3,646099E+0	-1,223829E-3	-1,261932E-3
20220411 13:24:20,623	c_0_1413_20220411_13_24_20,623.bmp	1,680818E+0	3,666466E+0	-1,223829E-3	-1,261932E-3
20220411 13:24:26,626	c_0_1414_20220411_13_24_26,626.bmp	1,685909E+0	3,689380E+0	-1,223829E-3	1,107786E-5
20220411 13:24:32,627	c_0_1415_20220411_13_24_32,627.bmp	1,687181E+0	3,705929E+0	-3,769540E-3	-1,261932E-3
20220411 13:24:38,637	c_0_1416_20220411_13_24_38,637.bmp	1,688454E+0	3,723750E+0	2,594737E-3	2,557098E-3
20220411 13:24:44,639	c_0_1417_20220411_13_24_44,639.bmp	1,692272E+0	3,746664E+0	-1,223829E-3	-1,261932E-3
20220411 13:24:50,643	c_0_1418_20220411_13_24_50,643.bmp	1,689727E+0	3,763212E+0	1,321881E-3	1,284088E-3
20220411 13:24:56,650	c_0_1419_20220411_13_24_56,650.bmp	1,698636E+0	3,789945E+0	-2,496685E-3	-3,807953E-3
20220411 13:25:02,659	c_0_1420_20220411_13_25_02,659.bmp	1,699908E+0	3,806493E+0	4,902598E-5	-1,261932E-3
20220411 13:25:08,665	c_0_1421_20220411_13_25_08,665.bmp	1,703727E+0	3,829407E+0	-3,769540E-3	-3,807953E-3
20220411 13:25:14,670	c_0_1422_20220411_13_25_14,670.bmp	1,706272E+0	3,844683E+0	-2,496685E-3	1,107786E-5
20220411 13:25:20,674	c_0_1423_20220411_13_25_20,674.bmp	1,701181E+0	3,868869E+0	-1,223829E-3	-3,807953E-3
20220411 13:25:26,679	c_0_1424_20220411_13_25_26,679.bmp	1,680818E+0	3,890510E+0	4,902598E-5	-3,807953E-3
20220411 13:25:32,684	c_0_1425_20220411_13_25_32,684.bmp	1,678272E+0	3,905785E+0	-1,223829E-3	1,107786E-5
20220411 13:25:38,688	c_0_1426_20220411_13_25_38,688.bmp	1,677000E+0	3,926153E+0	-1,223829E-3	1,107786E-5
20220411 13:25:44,691	c_0_1427_20220411_13_25_44,691.bmp	1,659182E+0	3,950339E+0	-5,042396E-3	-3,807953E-3
20220411 13:25:50,694	c_0_1428_20220411_13_25_50,694.bmp	1,509001E+0	3,968161E+0	4,902598E-5	-1,261932E-3
20220411 13:25:56,698	c_0_1429_20220411_13_25_56,698.bmp	1,414820E+0	3,987255E+0	-6,315251E-3	1,107786E-5
20220411 13:26:02,699	c_0_1430_20220411_13_26_02,699.bmp	1,386820E+0	4,002531E+0	4,902598E-5	2,557098E-3
20220411 13:26:08,701	c_0_1431_20220411_13_26_08,701.bmp	1,370275E+0	4,025445E+0	3,867592E-3	2,557098E-3
20220411 13:26:14,707	c_0_1432_20220411_13_26_14,707.bmp	1,374093E+0	4,043266E+0	1,321881E-3	3,830109E-3
20220411 13:26:20,717	c_0_1433_20220411_13_26_20,717.bmp	1,371547E+0	4,064907E+0	3,867592E-3	2,557098E-3
20220411 13:26:26,722	c_0_1434_20220411_13_26_26,722.bmp	1,383002E+0	4,090366E+0	-3,769540E-3	-3,807953E-3
20220411 13:26:32,723	c_0_1435_20220411_13_26_32,723.bmp	1,379184E+0	4,108188E+0	4,902598E-5	1,107786E-5
20220411 13:26:38,735	c_0_1436_20220411_13_26_38,735.bmp	1,383002E+0	4,129828E+0	-3,769540E-3	-3,807953E-3
20220411 13:26:44,744	c_0_1437_20220411_13_26_44,744.bmp	1,377911E+0	4,146377E+0	6,413303E-3	-1,261932E-3
20220411 13:26:50,746	c_0_1438_20220411_13_26_50,746.bmp	1,372820E+0	4,166745E+0	-5,042396E-3	-3,807953E-3
20220411 13:26:56,751	c_0_1439_20220411_13_26_56,751.bmp	1,349911E+0	4,183293E+0	3,867592E-3	2,557098E-3
20220411 13:27:02,760	c_0_1440_20220411_13_27_02,760.bmp	1,339729E+0	4,206207E+0	4,902598E-5	-1,261932E-3
20220411 13:27:08,767	c_0_1441_20220411_13_27_08,767.bmp	1,311730E+0	4,227847E+0	-1,223829E-3	1,107786E-5
20220411 13:27:14,772	c_0_1442_20220411_13_27_14,772.bmp	1,248094E+0	4,244396E+0	2,594737E-3	1,284088E-3
20220411 13:27:20,773	c_0_1443_20220411_13_27_20,773.bmp	1,245548E+0	4,266036E+0	-1,223829E-3	1,107786E-5
20220411 13:27:26,774	c_0_1444_20220411_13_27_26,774.bmp	1,246821E+0	4,291496E+0	-5,042396E-3	-3,807953E-3
20220411 13:27:32,778	c_0_1445_20220411_13_27_32,778.bmp	1,248094E+0	4,310591E+0	-2,496685E-3	-3,807953E-3
20220411 13:27:38,781	c_0_1446_20220411_13_27_38,781.bmp	1,244275E+0	4,325866E+0	2,594737E-3	3,830109E-3
20220411 13:27:44,782	c_0_1447_20220411_13_27_44,782.bmp	1,246821E+0	4,344961E+0	2,594737E-3	3,830109E-3
20220411 13:27:50,788	c_0_1448_20220411_13_27_50,788.bmp	1,257003E+0	4,365328E+0	-1,223829E-3	1,107786E-5
20220411 13:27:56,793	c_0_1449_20220411_13_27_56,793.bmp	1,262094E+0	4,385696E+0	4,902598E-5	1,107786E-5
20220411 13:28:02,797	c_0_1450_20220411_13_28_02,797.bmp	1,267184E+0	4,403518E+0	-3,769540E-3	3,830109E-3
20220411 13:28:08,804	c_0_1451_20220411_13_28_08,804.bmp	1,272275E+0	4,425158E+0	3,867592E-3	2,557098E-3
20220411 13:28:14,807	c_0_1452_20220411_13_28_14,807.bmp	1,276093E+0	4,448072E+0	-3,769540E-3	-5,080963E-3
20220411 13:28:20,813	c_0_1453_20220411_13_28_20,813.bmp	1,282457E+0	4,467166E+0	1,321881E-3	-1,261932E-3
20220411 13:28:26,815	c_0_1454_20220411_13_28_26,815.bmp	1,288821E+0	4,486261E+0	4,902598E-5	-1,261932E-3
20220411 13:28:32,819	c_0_1455_20220411_13_28_32,819.bmp	1,295184E+0	4,506628E+0	-3,769540E-3	-1,261932E-3
20220411 13:28:38,827	c_0_1456_20220411_13_28_38,827.bmp	1,295184E+0	4,523177E+0	3,867592E-3	2,557098E-3
20220411 13:28:44,832	c_0_1457_20220411_13_28_44,832.bmp	1,304093E+0	4,544817E+0	-1,223829E-3	-1,261932E-3
20220411 13:28:50,837	c_0_1458_20220411_13_28_50,837.bmp	1,311730E+0	4,566458E+0	-3,769540E-3	1,107786E-5
20220411 13:28:56,838	c_0_1459_20220411_13_28_56,838.bmp	1,310457E+0	4,589372E+0	1,321881E-3	1,284088E-3
20220411 13:29:02,841	c_0_1460_20220411_13_29_02,841.bmp	1,320639E+0	4,609739E+0	-3,769540E-3	-3,807953E-3
20220411 13:29:08,847	c_0_1461_20220411_13_29_08,847.bmp	1,325729E+0	4,628834E+0	4,902598E-5	-3,807953E-3
20220411 13:29:14,855	c_0_1462_20220411_13_29_14,855.bmp	1,332093E+0	4,650474E+0	4,902598E-5	-3,807953E-3
20220411 13:29:20,862	c_0_1463_20220411_13_29_20,862.bmp	1,335911E+0	4,668296E+0	4,902598E-5	-1,261932E-3
20220411 13:29:26,867	c_0_1464_20220411_13_29_26,867.bmp	1,346093E+0	4,687390E+0	-5,042396E-3	-3,807953E-3
20220411 13:29:32,869	c_0_1465_20220411_13_29_32,869.bmp	1,351184E+0	4,703939E+0	4,902598E-5	2,557098E-3
20220411 13:29:38,870	c_0_1466_20220411_13_29_38,870.bmp	1,355002E+0	4,723034E+0	4,902598E-5	2,557098E-3
20220411 13:29:44,877	c_0_1467_20220411_13_29_44,877.bmp	1,353729E+0	4,743401E+0	2,594737E-3	2,557098E-3
20220411 13:29:50,881	c_0_1468_20220411_13_29_50,881.bmp	1,365184E+0	4,768861E+0	-1,223829E-3	1,107786E-5
20220411 13:29:56,885	c_0_1469_20220411_13_29_56,885.bmp	1,370275E+0	4,784136E+0	1,321881E-3	2,557098E-3
20220411 13:30:02,889	c_0_1470_20220411_13_30_02,889.bmp	1,372820E+0	4,807050E+0	-1,223829E-3	-1,261932E-3
20220411 13:30:08,894	c_0_1471_20220411_13_30_08,894.bmp	1,377911E+0	4,826144E+0	-2,496685E-3	-1,261932E-3
20220411 13:30:14,898	c_0_1472_20220411_13_30_14,898.bmp	1,381729E+0	4,847785E+0	4,902598E-5	1,107786E-5
20220411 13:30:20,905	c_0_1473_20220411_13_30_20,905.bmp	1,389365E+0	4,868153E+0	-2,496685E-3	1,107786E-5
20220411 13:30:26,912	c_0_1474_20220411_13_30_26,912.bmp	1,391911E+0	4,883428E+0	4,902598E-5	2,557098E-3
20220411 13:30:32,916	c_0_1475_20220411_13_30_32,916.bmp	1,399547E+0	4,908888E+0	-3,769540E-3	-5,080963E-3
20220411 13:30:38,919	c_0_1476_20220411_13_30_38,919.bmp	1,393183E+0	4,924163E+0	2,594737E-3	1,284088E-3
20220411 13:30:44,920	c_0_1477_20220411_13_30_44,920.bmp	1,400820E+0	4,948350E+0	-1,223829E-3	1,107786E-5
20220411 13:30:50,926	c_0_1478_20220411_13_30_50,926.bmp	1,398274E+0	4,964898E+0	2,594737E-3	2,557098E-3
20220411 13:30:56,931	c_0_1479_20220411_13_30_56,931.bmp	1,402093E+0	4,986539E+0	1,321881E-3	1,107786E-5
20220411 13:31:02,936	c_0_1480_20220411_13_31_02,936.bmp	1,398274E+0	5,005634E+0	1,321881E-3	1,107786E-5
20220411 13:31:08,945	c_0_1481_20220411_13_31_08,945.bmp	1,391911E+0	5,028547E+0	-3,769540E-3	-2,534943E-3
20220411 13:31:14,956	c_0_1482_20220411_13_31_14,956.bmp	1,253185E+0	5,041277E+0	3,867592E-3	-1,261932E-3
20220411 13:31:20,957	c_0_1483_20220411_13_31_20,957.bmp	1,123367E+0	5,061644E+0	1,321881E-3	1,284088E-3
20220411 13:31:26,963	c_0_1484_20220411_13_31_26,963.bmp	1,118276E+0	5,089650E+0	4,902598E-5	-3,807953E-3
20220411 13:31:32,967	c_0_1485_20220411_13_31_32,967.bmp	1,109367E+0	5,106198E+0	3,867592E-3	2,557098E-3
20220411 13:31:38,970	c_0_1486_20220411_13_31_38,970.bmp	1,111913E+0	5,126566E+0	4,902598E-5	1,107786E-5
20220411 13:31:44,973	c_0_1487_20220411_13_31_44,973.bmp	1,106822E+0	5,148206E+0	1,321881E-3	1,107786E-5
20220411 13:31:50,978	c_0_1488_20220411_13_31_50,978.bmp	1,104277E+0	5,167301E+0	-1,223829E-3	-1,261932E-3
20220411 13:31:56,979	c_0_1489_20220411_13_31_56,979.bmp	1,105549E+0	5,188942E+0	4,902598E-5	-3,807953E-3
20220411 13:32:02,983	c_0_1490_20220411_13_32_02,983.bmp	1,109367E+0	5,205490E+0	-1,223829E-3	1,107786E-5
20220411 13:32:08,987	c_0_1491_20220411_13_32_08,987.bmp	1,105549E+0	5,225858E+0	4,902598E-5	1,107786E-5
20220411 13:32:14,994	c_0_1492_20220411_13_32_14,994.bmp	1,103004E+0	5,247498E+0	-3,769540E-3	-3,807953E-3
20220411 13:32:21,004	c_0_1493_20220411_13_32_21,004.bmp	1,101731E+0	5,266593E+0	-1,223829E-3	-1,261932E-3
20220411 13:32:27,011	c_0_1494_20220411_13_32_27,011.bmp	1,080095E+0	5,283142E+0	3,867592E-3	1,107786E-5
20220411 13:32:33,017	c_0_1495_20220411_13_32_33,017.bmp	1,062277E+0	5,306055E+0	-1,223829E-3	1,107786E-5
20220411 13:32:39,021	c_0_1496_20220411_13_32_39,021.bmp	1,034277E+0	5,326423E+0	-3,769540E-3	-1,261932E-3
20220411 13:32:45,026	c_0_1497_20220411_13_32_45,026.bmp	1,025368E+0	5,350609E+0	4,902598E-5	-2,534943E-3
20220411 13:32:51,027	c_0_1498_20220411_13_32_51,027.bmp	1,026641E+0	5,368431E+0	-3,769540E-3	-3,807953E-3
20220411 13:32:57,032	c_0_1499_20220411_13_32_57,032.bmp	1,021550E+0	5,382433E+0	-1,223829E-3	2,557098E-3
20220411 13:33:03,033	c_0_1500_20220411_13_33_03,033.bmp	1,019004E+0	5,406620E+0	4,902598E-5	-1,261932E-3
20220411 13:33:09,036	c_0_1501_20220411_13_33_09,036.bmp	1,020277E+0	5,425714E+0	4,902598E-5	-1,261932E-3
20220411 13:33:15,041	c_0_1502_20220411_13_33_15,041.bmp	1,015186E+0	5,444809E+0	-1,223829E-3	1,107786E-5
20220411 13:33:21,044	c_0_1503_20220411_13_33_21,044.bmp	1,020277E+0	5,466450E+0	-6,315251E-3	1,107786E-5
20220411 13:33:27,052	c_0_1504_20220411_13_33_27,052.bmp	1,017732E+0	5,486817E+0	4,902598E-5	1,107786E-5
20220411 13:33:33,060	c_0_1505_20220411_13_33_33,060.bmp	1,012641E+0	5,507185E+0	-3,769540E-3	-3,807953E-3
20220411 13:33:39,066	c_0_1506_20220411_13_33_39,066.bmp	1,003732E+0	5,528825E+0	-3,769540E-3	-3,807953E-3
20220411 13:33:45,070	c_0_1507_20220411_13_33_45,070.bmp	9,910046E-1	5,546647E+0	4,902598E-5	1,107786E-5
20220411 13:33:51,073	c_0_1508_20220411_13_33_51,073.bmp	9,706411E-1	5,564469E+0	-1,223829E-3	2,557098E-3
20220411 13:33:57,078	c_0_1509_20220411_13_33_57,078.bmp	9,235506E-1	5,584836E+0	2,594737E-3	2,557098E-3
20220411 13:34:03,080	c_0_1510_20220411_13_34_03,080.bmp	8,993689E-1	5,607750E+0	4,902598E-5	-3,807953E-3
20220411 13:34:09,085	c_0_1511_20220411_13_34_09,085.bmp	8,879145E-1	5,625571E+0	4,902598E-5	-1,261932E-3
20220411 13:34:15,086	c_0_1512_20220411_13_34_15,086.bmp	8,828236E-1	5,647212E+0	-1,223829E-3	-1,261932E-3
20220411 13:34:21,089	c_0_1513_20220411_13_34_21,089.bmp	8,828236E-1	5,667579E+0	4,902598E-5	-1,261932E-3
20220411 13:34:27,090	c_0_1514_20220411_13_34_27,090.bmp	8,777327E-1	5,682855E+0	2,594737E-3	2,557098E-3
20220411 13:34:33,093	c_0_1515_20220411_13_34_33,093.bmp	8,802782E-1	5,708314E+0	4,902598E-5	-3,807953E-3
20220411 13:34:39,102	c_0_1516_20220411_13_34_39,102.bmp	8,790055E-1	5,723590E+0	2,594737E-3	2,557098E-3
20220411 13:34:45,109	c_0_1517_20220411_13_34_45,109.bmp	8,802782E-1	5,747777E+0	3,867592E-3	1,284088E-3
20220411 13:34:51,113	c_0_1518_20220411_13_34_51,113.bmp	8,840963E-1	5,769417E+0	4,902598E-5	-3,807953E-3
20220411 13:34:57,117	c_0_1519_20220411_13_34_57,117.bmp	8,866418E-1	5,782147E+0	4,902598E-5	2,557098E-3
20220411 13:35:03,122	c_0_1520_20220411_13_35_03,122.bmp	8,879145E-1	5,807606E+0	-2,496685E-3	1,107786E-5
20220411 13:35:09,123	c_0_1521_20220411_13_35_09,123.bmp	8,879145E-1	5,822882E+0	2,594737E-3	3,830109E-3
20220411 13:35:15,126	c_0_1522_20220411_13_35_15,126.bmp	8,968235E-1	5,850887E+0	-3,769540E-3	-3,807953E-3
20220411 13:35:21,129	c_0_1523_20220411_13_35_21,129.bmp	8,955508E-1	5,863617E+0	2,594737E-3	2,557098E-3
20220411 13:35:27,134	c_0_1524_20220411_13_35_27,134.bmp	9,019144E-1	5,889077E+0	-5,042396E-3	1,107786E-5
20220411 13:35:33,137	c_0_1525_20220411_13_35_33,137.bmp	9,070052E-1	5,905625E+0	-5,042396E-3	-1,261932E-3
20220411 13:35:39,139	c_0_1526_20220411_13_35_39,139.bmp	9,006417E-1	5,922174E+0	2,594737E-3	2,557098E-3
20220411 13:35:45,143	c_0_1527_20220411_13_35_45,143.bmp	9,120961E-1	5,950179E+0	-2,496685E-3	-3,807953E-3
20220411 13:35:51,152	c_0_1528_20220411_13_35_51,152.bmp	9,070052E-1	5,965455E+0	5,140448E-3	1,107786E-5
20220411 13:35:57,157	c_0_1529_20220411_13_35_57,157.bmp	9,095507E-1	5,985822E+0	4,902598E-5	-1,261932E-3
20220411 13:36:03,158	c_0_1530_20220411_13_36_03,158.bmp	9,120961E-1	6,007463E+0	4,902598E-5	1,107786E-5
20220411 13:36:09,162	c_0_1531_20220411_13_36_09,162.bmp	9,120961E-1	6,022739E+0	2,594737E-3	2,557098E-3
20220411 13:36:15,165	c_0_1532_20220411_13_36_15,165.bmp	9,159143E-1	6,043106E+0	2,594737E-3	2,557098E-3
20220411 13:36:21,170	c_0_1533_20220411_13_36_21,170.bmp	9,235506E-1	6,067293E+0	-3,769540E-3	1,107786E-5
20220411 13:36:27,175	c_0_1534_20220411_13_36_27,175.bmp	9,222779E-1	6,088933E+0	-3,769540E-3	-3,807953E-3
20220411 13:36:33,177	c_0_1535_20220411_13_36_33,177.bmp	9,222779E-1	6,106755E+0	4,902598E-5	-1,261932E-3
20220411 13:36:39,180	c_0_1536_20220411_13_36_39,180.bmp	9,184597E-1	6,123303E+0	2,594737E-3	2,557098E-3
20220411 13:36:45,185	c_0_1537_20220411_13_36_45,185.bmp	9,260960E-1	6,147490E+0	4,902598E-5	1,107786E-5
20220411 13:36:51,190	c_0_1538_20220411_13_36_51,190.bmp	9,311869E-1	6,170403E+0	-5,042396E-3	-3,807953E-3
20220411 13:36:57,193	c_0_1539_20220411_13_36_57,193.bmp	9,299142E-1	6,189498E+0	4,902598E-5	-3,807953E-3
20220411 13:37:03,202	c_0_1540_20220411_13_37_03,202.bmp	9,273687E-1	6,200955E+0	2,594737E-3	2,557098E-3
