20220411 13:05:55,745	c_1_1229_20220411_13_05_55,745.bmp	-1,715315E-3	-4,552173E-2	3,867592E-3	2,557098E-3
20220411 13:06:01,754	c_1_1230_20220411_13_06_01,754.bmp	1,228458E-2	5,397178E-3	4,902598E-5	1,107786E-5
20220411 13:06:07,762	c_1_1231_20220411_13_06_07,762.bmp	5,682971E-2	2,703771E-2	-2,496685E-3	1,107786E-5
20220411 13:06:13,764	c_1_1232_20220411_13_06_13,764.bmp	1,688289E-1	5,122419E-2	4,902598E-5	-3,807953E-3
20220411 13:06:19,765	c_1_1233_20220411_13_06_19,765.bmp	3,228277E-1	6,268094E-2	2,594737E-3	1,284088E-3
20220411 13:06:25,769	c_1_1234_20220411_13_06_25,769.bmp	4,857356E-1	8,559445E-2	2,594737E-3	1,107786E-5
20220411 13:06:31,773	c_1_1235_20220411_13_06_31,773.bmp	6,511890E-1	1,059620E-1	4,902598E-5	-1,261932E-3
20220411 13:06:37,783	c_1_1236_20220411_13_06_37,783.bmp	8,166423E-1	1,288755E-1	-1,223829E-3	-3,807953E-3
20220411 13:06:43,792	c_1_1237_20220411_13_06_43,792.bmp	9,820956E-1	1,466971E-1	-3,769540E-3	1,107786E-5
20220411 13:06:49,798	c_1_1238_20220411_13_06_49,798.bmp	1,139913E+0	1,632458E-1	-1,223829E-3	1,284088E-3
20220411 13:06:55,799	c_1_1239_20220411_13_06_55,799.bmp	1,296457E+0	1,823404E-1	1,321881E-3	2,557098E-3
20220411 13:07:01,804	c_1_1240_20220411_13_07_01,804.bmp	1,461910E+0	2,065268E-1	4,902598E-5	-3,807953E-3
20220411 13:07:07,809	c_1_1241_20220411_13_07_07,809.bmp	1,629909E+0	2,294404E-1	-2,496685E-3	-3,807953E-3
20220411 13:07:13,814	c_1_1242_20220411_13_07_13,814.bmp	1,790271E+0	2,459890E-1	-1,223829E-3	-1,261932E-3
20220411 13:07:19,819	c_1_1243_20220411_13_07_19,819.bmp	1,948088E+0	2,663566E-1	1,321881E-3	1,107786E-5
20220411 13:07:25,822	c_1_1244_20220411_13_07_25,822.bmp	2,108451E+0	2,867241E-1	1,321881E-3	-3,807953E-3
20220411 13:07:31,826	c_1_1245_20220411_13_07_31,826.bmp	2,263723E+0	3,070917E-1	1,321881E-3	-1,261932E-3
20220411 13:07:37,828	c_1_1246_20220411_13_07_37,828.bmp	2,408812E+0	3,274592E-1	4,902598E-5	1,107786E-5
20220411 13:07:43,829	c_1_1247_20220411_13_07_43,829.bmp	2,557720E+0	3,503728E-1	-2,496685E-3	-3,807953E-3
20220411 13:07:49,838	c_1_1248_20220411_13_07_49,838.bmp	2,673538E+0	3,618295E-1	4,902598E-5	1,284088E-3
20220411 13:07:55,843	c_1_1249_20220411_13_07_55,843.bmp	2,775355E+0	3,898349E-1	-3,769540E-3	-3,807953E-3
20220411 13:08:01,844	c_1_1250_20220411_13_08_01,844.bmp	2,863173E+0	4,051106E-1	2,594737E-3	-1,261932E-3
20220411 13:08:07,848	c_1_1251_20220411_13_08_07,848.bmp	2,964990E+0	4,292971E-1	-3,769540E-3	-3,807953E-3
20220411 13:08:13,849	c_1_1252_20220411_13_08_13,849.bmp	3,052808E+0	4,483916E-1	4,902598E-5	1,107786E-5
20220411 13:08:19,852	c_1_1253_20220411_13_08_19,852.bmp	3,127898E+0	4,674862E-1	1,321881E-3	1,107786E-5
20220411 13:08:25,857	c_1_1254_20220411_13_08_25,857.bmp	3,199170E+0	4,903997E-1	-1,223829E-3	-3,807953E-3
20220411 13:08:31,863	c_1_1255_20220411_13_08_31,863.bmp	3,246261E+0	5,069484E-1	-1,223829E-3	1,107786E-5
20220411 13:08:37,870	c_1_1256_20220411_13_08_37,870.bmp	3,243715E+0	5,222241E-1	2,594737E-3	2,557098E-3
20220411 13:08:43,871	c_1_1257_20220411_13_08_43,871.bmp	3,126625E+0	5,464105E-1	-1,223829E-3	1,107786E-5
20220411 13:08:49,873	c_1_1258_20220411_13_08_49,873.bmp	2,987899E+0	5,655051E-1	-3,769540E-3	-1,261932E-3
20220411 13:08:55,875	c_1_1259_20220411_13_08_55,875.bmp	2,869536E+0	5,858727E-1	4,902598E-5	1,107786E-5
20220411 13:09:01,876	c_1_1260_20220411_13_09_01,876.bmp	2,790628E+0	6,062402E-1	-2,496685E-3	1,107786E-5
20220411 13:09:07,881	c_1_1261_20220411_13_09_07,881.bmp	2,724446E+0	6,291538E-1	-3,769540E-3	-3,807953E-3
20220411 13:09:13,884	c_1_1262_20220411_13_09_13,884.bmp	2,676083E+0	6,444294E-1	4,902598E-5	-1,261932E-3
20220411 13:09:19,890	c_1_1263_20220411_13_09_19,890.bmp	2,669720E+0	6,673429E-1	4,902598E-5	2,557098E-3
20220411 13:09:25,896	c_1_1264_20220411_13_09_25,896.bmp	2,654447E+0	6,864375E-1	1,321881E-3	-1,261932E-3
20220411 13:09:31,900	c_1_1265_20220411_13_09_31,900.bmp	2,664629E+0	7,042591E-1	4,902598E-5	1,284088E-3
20220411 13:09:37,903	c_1_1266_20220411_13_09_37,903.bmp	2,683719E+0	7,233537E-1	3,867592E-3	3,830109E-3
20220411 13:09:43,905	c_1_1267_20220411_13_09_43,905.bmp	2,715537E+0	7,513591E-1	-1,223829E-3	-3,807953E-3
20220411 13:09:49,908	c_1_1268_20220411_13_09_49,908.bmp	2,742264E+0	7,691807E-1	3,867592E-3	-2,534943E-3
20220411 13:09:55,919	c_1_1269_20220411_13_09_55,919.bmp	2,752446E+0	7,857294E-1	4,902598E-5	-1,261932E-3
20220411 13:10:01,926	c_1_1270_20220411_13_10_01,926.bmp	2,779173E+0	8,048240E-1	2,594737E-3	1,107786E-5
20220411 13:10:07,931	c_1_1271_20220411_13_10_07,931.bmp	2,814809E+0	8,277375E-1	-3,769540E-3	-3,807953E-3
20220411 13:10:13,935	c_1_1272_20220411_13_10_13,935.bmp	2,837718E+0	8,493780E-1	-2,496685E-3	1,107786E-5
20220411 13:10:19,939	c_1_1273_20220411_13_10_19,939.bmp	2,855536E+0	8,697456E-1	-3,769540E-3	-3,807953E-3
20220411 13:10:25,948	c_1_1274_20220411_13_10_25,948.bmp	2,855536E+0	8,862942E-1	4,902598E-5	1,107786E-5
20220411 13:10:31,954	c_1_1275_20220411_13_10_31,954.bmp	2,756264E+0	9,053888E-1	3,867592E-3	3,830109E-3
20220411 13:10:37,957	c_1_1276_20220411_13_10_37,957.bmp	2,572993E+0	9,257564E-1	3,867592E-3	1,107786E-5
20220411 13:10:43,961	c_1_1277_20220411_13_10_43,961.bmp	2,487721E+0	9,499428E-1	-2,496685E-3	-3,807953E-3
20220411 13:10:49,964	c_1_1278_20220411_13_10_49,964.bmp	2,480085E+0	9,664915E-1	4,902598E-5	1,107786E-5
20220411 13:10:55,969	c_1_1279_20220411_13_10_55,969.bmp	2,469903E+0	9,894050E-1	-3,769540E-3	-3,807953E-3
20220411 13:11:01,977	c_1_1280_20220411_13_11_01,977.bmp	2,454630E+0	1,008500E+0	-3,769540E-3	-3,807953E-3
20220411 13:11:07,986	c_1_1281_20220411_13_11_07,986.bmp	2,418994E+0	1,027594E+0	-3,769540E-3	1,107786E-5
20220411 13:11:13,990	c_1_1282_20220411_13_11_13,990.bmp	2,408812E+0	1,046689E+0	-3,769540E-3	1,284088E-3
20220411 13:11:19,994	c_1_1283_20220411_13_11_19,994.bmp	2,393540E+0	1,069602E+0	-3,769540E-3	-3,807953E-3
20220411 13:11:26,007	c_1_1284_20220411_13_11_26,007.bmp	2,362995E+0	1,089970E+0	-1,223829E-3	-2,534943E-3
20220411 13:11:32,012	c_1_1285_20220411_13_11_32,012.bmp	2,294268E+0	1,106518E+0	2,594737E-3	2,557098E-3
20220411 13:11:38,015	c_1_1286_20220411_13_11_38,015.bmp	2,217905E+0	1,125613E+0	-2,496685E-3	-1,261932E-3
20220411 13:11:44,021	c_1_1287_20220411_13_11_44,021.bmp	2,128814E+0	1,147254E+0	-2,496685E-3	1,107786E-5
20220411 13:11:50,024	c_1_1288_20220411_13_11_50,024.bmp	2,104633E+0	1,165075E+0	-2,496685E-3	-1,261932E-3
20220411 13:11:56,033	c_1_1289_20220411_13_11_56,033.bmp	2,113542E+0	1,184170E+0	1,321881E-3	2,557098E-3
20220411 13:12:02,034	c_1_1290_20220411_13_12_02,034.bmp	2,123724E+0	1,207083E+0	-1,223829E-3	1,107786E-5
20220411 13:12:08,039	c_1_1291_20220411_13_12_08,039.bmp	2,136451E+0	1,226178E+0	-2,496685E-3	1,107786E-5
20220411 13:12:14,045	c_1_1292_20220411_13_12_14,045.bmp	2,154269E+0	1,244000E+0	3,867592E-3	2,557098E-3
20220411 13:12:20,049	c_1_1293_20220411_13_12_20,049.bmp	2,170814E+0	1,269459E+0	-2,496685E-3	-3,807953E-3
20220411 13:12:26,050	c_1_1294_20220411_13_12_26,050.bmp	2,186087E+0	1,286008E+0	4,902598E-5	1,107786E-5
20220411 13:12:32,060	c_1_1295_20220411_13_12_32,060.bmp	2,197541E+0	1,306375E+0	4,902598E-5	1,107786E-5
20220411 13:12:38,069	c_1_1296_20220411_13_12_38,069.bmp	2,201359E+0	1,326743E+0	1,321881E-3	1,107786E-5
20220411 13:12:44,075	c_1_1297_20220411_13_12_44,075.bmp	2,214087E+0	1,344564E+0	4,902598E-5	2,557098E-3
20220411 13:12:50,080	c_1_1298_20220411_13_12_50,080.bmp	2,214087E+0	1,368751E+0	2,594737E-3	-1,261932E-3
20220411 13:12:56,090	c_1_1299_20220411_13_12_56,090.bmp	2,221723E+0	1,385299E+0	4,902598E-5	-1,261932E-3
20220411 13:13:02,091	c_1_1300_20220411_13_13_02,091.bmp	2,211541E+0	1,408213E+0	2,594737E-3	1,107786E-5
20220411 13:13:08,095	c_1_1301_20220411_13_13_08,095.bmp	2,196268E+0	1,424762E+0	2,594737E-3	2,557098E-3
20220411 13:13:14,097	c_1_1302_20220411_13_13_14,097.bmp	2,147905E+0	1,443856E+0	1,321881E-3	2,557098E-3
20220411 13:13:20,100	c_1_1303_20220411_13_13_20,100.bmp	2,130087E+0	1,470589E+0	-3,769540E-3	-2,534943E-3
20220411 13:13:26,104	c_1_1304_20220411_13_13_26,104.bmp	2,126269E+0	1,488410E+0	-5,042396E-3	-1,261932E-3
20220411 13:13:32,108	c_1_1305_20220411_13_13_32,108.bmp	2,118633E+0	1,507505E+0	4,902598E-5	1,107786E-5
20220411 13:13:38,120	c_1_1306_20220411_13_13_38,120.bmp	2,109724E+0	1,530418E+0	-5,042396E-3	-3,807953E-3
20220411 13:13:44,127	c_1_1307_20220411_13_13_44,127.bmp	2,052451E+0	1,548240E+0	1,321881E-3	1,107786E-5
20220411 13:13:50,130	c_1_1308_20220411_13_13_50,130.bmp	2,012997E+0	1,569881E+0	-3,769540E-3	-3,807953E-3
20220411 13:13:56,135	c_1_1309_20220411_13_13_56,135.bmp	1,955725E+0	1,591521E+0	-3,769540E-3	-3,807953E-3
20220411 13:14:02,139	c_1_1310_20220411_13_14_02,139.bmp	1,902271E+0	1,606797E+0	1,321881E-3	-3,807953E-3
20220411 13:14:08,140	c_1_1311_20220411_13_14_08,140.bmp	1,815726E+0	1,623345E+0	1,321881E-3	2,557098E-3
20220411 13:14:14,147	c_1_1312_20220411_13_14_14,147.bmp	1,763544E+0	1,647532E+0	4,902598E-5	1,107786E-5
20220411 13:14:20,154	c_1_1313_20220411_13_14_20,154.bmp	1,713908E+0	1,667899E+0	-1,223829E-3	1,107786E-5
20220411 13:14:26,155	c_1_1314_20220411_13_14_26,155.bmp	1,677000E+0	1,690813E+0	-3,769540E-3	-2,534943E-3
20220411 13:14:32,156	c_1_1315_20220411_13_14_32,156.bmp	1,641363E+0	1,709907E+0	-5,042396E-3	-3,807953E-3
20220411 13:14:38,161	c_1_1316_20220411_13_14_38,161.bmp	1,565000E+0	1,727729E+0	4,902598E-5	-1,261932E-3
20220411 13:14:44,163	c_1_1317_20220411_13_14_44,163.bmp	1,505183E+0	1,744278E+0	1,321881E-3	2,557098E-3
20220411 13:14:50,165	c_1_1318_20220411_13_14_50,165.bmp	1,497546E+0	1,764645E+0	-1,223829E-3	2,557098E-3
20220411 13:14:56,168	c_1_1319_20220411_13_14_56,168.bmp	1,500092E+0	1,790105E+0	-3,769540E-3	-3,807953E-3
20220411 13:15:02,174	c_1_1320_20220411_13_15_02,174.bmp	1,489910E+0	1,806653E+0	-1,223829E-3	1,107786E-5
20220411 13:15:08,181	c_1_1321_20220411_13_15_08,181.bmp	1,489910E+0	1,828294E+0	-2,496685E-3	-3,807953E-3
20220411 13:15:14,182	c_1_1322_20220411_13_15_14,182.bmp	1,486092E+0	1,843570E+0	2,594737E-3	2,557098E-3
20220411 13:15:20,185	c_1_1323_20220411_13_15_20,185.bmp	1,487365E+0	1,866483E+0	4,902598E-5	1,107786E-5
20220411 13:15:26,190	c_1_1324_20220411_13_15_26,190.bmp	1,474637E+0	1,886851E+0	1,321881E-3	-1,261932E-3
20220411 13:15:32,194	c_1_1325_20220411_13_15_32,194.bmp	1,460638E+0	1,909764E+0	-5,042396E-3	-3,807953E-3
20220411 13:15:38,200	c_1_1326_20220411_13_15_38,200.bmp	1,444092E+0	1,928859E+0	4,902598E-5	-1,261932E-3
20220411 13:15:44,206	c_1_1327_20220411_13_15_44,206.bmp	1,449183E+0	1,946680E+0	1,321881E-3	1,107786E-5
20220411 13:15:50,209	c_1_1328_20220411_13_15_50,209.bmp	1,444092E+0	1,965775E+0	3,867592E-3	-1,261932E-3
20220411 13:15:56,213	c_1_1329_20220411_13_15_56,213.bmp	1,450456E+0	1,991234E+0	4,902598E-5	-3,807953E-3
20220411 13:16:02,215	c_1_1330_20220411_13_16_02,215.bmp	1,458092E+0	2,007783E+0	4,902598E-5	1,107786E-5
20220411 13:16:08,218	c_1_1331_20220411_13_16_08,218.bmp	1,461910E+0	2,030697E+0	-1,223829E-3	-3,807953E-3
20220411 13:16:14,227	c_1_1332_20220411_13_16_14,227.bmp	1,470819E+0	2,044699E+0	4,902598E-5	2,557098E-3
20220411 13:16:20,228	c_1_1333_20220411_13_16_20,228.bmp	1,473365E+0	2,063794E+0	1,321881E-3	2,557098E-3
20220411 13:16:26,233	c_1_1334_20220411_13_16_26,233.bmp	1,493728E+0	2,089253E+0	-3,769540E-3	-3,807953E-3
20220411 13:16:32,239	c_1_1335_20220411_13_16_32,239.bmp	1,497546E+0	2,110894E+0	4,902598E-5	-1,261932E-3
20220411 13:16:38,244	c_1_1336_20220411_13_16_38,244.bmp	1,503910E+0	2,123624E+0	2,594737E-3	2,557098E-3
20220411 13:16:44,248	c_1_1337_20220411_13_16_44,248.bmp	1,520455E+0	2,150356E+0	-5,042396E-3	-3,807953E-3
20220411 13:16:50,256	c_1_1338_20220411_13_16_50,256.bmp	1,526819E+0	2,163086E+0	2,594737E-3	1,284088E-3
20220411 13:16:56,263	c_1_1339_20220411_13_16_56,263.bmp	1,538273E+0	2,182180E+0	2,594737E-3	2,557098E-3
20220411 13:17:02,267	c_1_1340_20220411_13_17_02,267.bmp	1,553546E+0	2,208913E+0	-3,769540E-3	-3,807953E-3
20220411 13:17:08,269	c_1_1341_20220411_13_17_08,269.bmp	1,557364E+0	2,229280E+0	4,902598E-5	-2,534943E-3
20220411 13:17:14,273	c_1_1342_20220411_13_17_14,273.bmp	1,561182E+0	2,247102E+0	2,594737E-3	1,107786E-5
20220411 13:17:20,276	c_1_1343_20220411_13_17_20,276.bmp	1,566273E+0	2,268742E+0	4,902598E-5	-3,807953E-3
20220411 13:17:26,278	c_1_1344_20220411_13_17_26,278.bmp	1,565000E+0	2,287837E+0	4,902598E-5	1,107786E-5
20220411 13:17:32,284	c_1_1345_20220411_13_17_32,284.bmp	1,556091E+0	2,306932E+0	4,902598E-5	1,107786E-5
20220411 13:17:38,289	c_1_1346_20220411_13_17_38,289.bmp	1,547182E+0	2,326026E+0	-3,769540E-3	-1,261932E-3
20220411 13:17:44,290	c_1_1347_20220411_13_17_44,290.bmp	1,542091E+0	2,347667E+0	-1,223829E-3	1,107786E-5
20220411 13:17:50,293	c_1_1348_20220411_13_17_50,293.bmp	1,542091E+0	2,368034E+0	-3,769540E-3	1,107786E-5
20220411 13:17:56,296	c_1_1349_20220411_13_17_56,296.bmp	1,540819E+0	2,389675E+0	-3,769540E-3	-3,807953E-3
20220411 13:18:02,301	c_1_1350_20220411_13_18_02,301.bmp	1,537001E+0	2,403678E+0	3,867592E-3	2,557098E-3
20220411 13:18:08,302	c_1_1351_20220411_13_18_08,302.bmp	1,540819E+0	2,429137E+0	-1,223829E-3	-3,807953E-3
20220411 13:18:14,310	c_1_1352_20220411_13_18_14,310.bmp	1,542091E+0	2,444413E+0	4,902598E-5	2,557098E-3
20220411 13:18:20,319	c_1_1353_20220411_13_18_20,319.bmp	1,553546E+0	2,468599E+0	-3,769540E-3	-5,080963E-3
20220411 13:18:26,325	c_1_1354_20220411_13_18_26,325.bmp	1,551000E+0	2,487694E+0	3,867592E-3	-2,534943E-3
20220411 13:18:32,330	c_1_1355_20220411_13_18_32,330.bmp	1,554819E+0	2,505515E+0	4,902598E-5	-1,261932E-3
20220411 13:18:38,331	c_1_1356_20220411_13_18_38,331.bmp	1,558637E+0	2,525883E+0	1,321881E-3	1,107786E-5
20220411 13:18:44,339	c_1_1357_20220411_13_18_44,339.bmp	1,556091E+0	2,546250E+0	-1,223829E-3	1,107786E-5
20220411 13:18:50,340	c_1_1358_20220411_13_18_50,340.bmp	1,563728E+0	2,569164E+0	-2,496685E-3	-3,807953E-3
20220411 13:18:56,346	c_1_1359_20220411_13_18_56,346.bmp	1,563728E+0	2,586986E+0	3,867592E-3	-1,261932E-3
20220411 13:19:02,351	c_1_1360_20220411_13_19_02,351.bmp	1,567546E+0	2,609899E+0	4,902598E-5	-3,807953E-3
20220411 13:19:08,353	c_1_1361_20220411_13_19_08,353.bmp	1,568819E+0	2,627721E+0	-3,769540E-3	1,107786E-5
20220411 13:19:14,354	c_1_1362_20220411_13_19_14,354.bmp	1,573909E+0	2,651907E+0	-3,769540E-3	1,107786E-5
20220411 13:19:20,355	c_1_1363_20220411_13_19_20,355.bmp	1,573909E+0	2,663364E+0	-1,223829E-3	2,557098E-3
20220411 13:19:26,359	c_1_1364_20220411_13_19_26,359.bmp	1,579000E+0	2,685004E+0	4,902598E-5	2,557098E-3
20220411 13:19:32,368	c_1_1365_20220411_13_19_32,368.bmp	1,590455E+0	2,710464E+0	-3,769540E-3	-1,261932E-3
20220411 13:19:38,374	c_1_1366_20220411_13_19_38,374.bmp	1,593000E+0	2,727013E+0	-2,496685E-3	1,107786E-5
20220411 13:19:44,380	c_1_1367_20220411_13_19_44,380.bmp	1,594273E+0	2,744834E+0	1,321881E-3	1,284088E-3
20220411 13:19:50,381	c_1_1368_20220411_13_19_50,381.bmp	1,599364E+0	2,769021E+0	3,867592E-3	1,107786E-5
20220411 13:19:56,385	c_1_1369_20220411_13_19_56,385.bmp	1,605727E+0	2,784296E+0	3,867592E-3	2,557098E-3
20220411 13:20:02,393	c_1_1370_20220411_13_20_02,393.bmp	1,613364E+0	2,805937E+0	4,902598E-5	1,284088E-3
20220411 13:20:08,399	c_1_1371_20220411_13_20_08,399.bmp	1,615909E+0	2,827577E+0	4,902598E-5	1,284088E-3
20220411 13:20:14,406	c_1_1372_20220411_13_20_14,406.bmp	1,613364E+0	2,846672E+0	4,902598E-5	1,107786E-5
20220411 13:20:20,409	c_1_1373_20220411_13_20_20,409.bmp	1,599364E+0	2,868313E+0	-3,769540E-3	-3,807953E-3
20220411 13:20:26,412	c_1_1374_20220411_13_20_26,412.bmp	1,587909E+0	2,883588E+0	2,594737E-3	2,557098E-3
20220411 13:20:32,423	c_1_1375_20220411_13_20_32,423.bmp	1,594273E+0	2,910321E+0	-5,042396E-3	-2,534943E-3
20220411 13:20:38,431	c_1_1376_20220411_13_20_38,431.bmp	1,589182E+0	2,923050E+0	2,594737E-3	2,557098E-3
20220411 13:20:44,432	c_1_1377_20220411_13_20_44,432.bmp	1,595546E+0	2,943418E+0	4,902598E-5	2,557098E-3
20220411 13:20:50,436	c_1_1378_20220411_13_20_50,436.bmp	1,600636E+0	2,967604E+0	1,321881E-3	-1,261932E-3
20220411 13:20:56,440	c_1_1379_20220411_13_20_56,440.bmp	1,604455E+0	2,989245E+0	4,902598E-5	-3,807953E-3
20220411 13:21:02,450	c_1_1380_20220411_13_21_02,450.bmp	1,607000E+0	3,009613E+0	-3,769540E-3	-3,807953E-3
20220411 13:21:08,451	c_1_1381_20220411_13_21_08,451.bmp	1,607000E+0	3,026161E+0	2,594737E-3	1,107786E-5
20220411 13:21:14,455	c_1_1382_20220411_13_21_14,455.bmp	1,608273E+0	3,043983E+0	3,867592E-3	2,557098E-3
20220411 13:21:20,460	c_1_1383_20220411_13_21_20,460.bmp	1,612091E+0	3,066896E+0	4,902598E-5	1,107786E-5
20220411 13:21:26,463	c_1_1384_20220411_13_21_26,463.bmp	1,608273E+0	3,082172E+0	1,321881E-3	2,557098E-3
20220411 13:21:32,468	c_1_1385_20220411_13_21_32,468.bmp	1,610818E+0	3,107631E+0	4,902598E-5	-3,807953E-3
20220411 13:21:38,470	c_1_1386_20220411_13_21_38,470.bmp	1,608273E+0	3,126726E+0	-1,223829E-3	1,107786E-5
20220411 13:21:44,481	c_1_1387_20220411_13_21_44,481.bmp	1,604455E+0	3,145821E+0	1,321881E-3	-1,261932E-3
20220411 13:21:50,484	c_1_1388_20220411_13_21_50,484.bmp	1,608273E+0	3,170007E+0	1,321881E-3	-3,807953E-3
20220411 13:21:56,488	c_1_1389_20220411_13_21_56,488.bmp	1,608273E+0	3,186556E+0	4,902598E-5	1,107786E-5
20220411 13:22:02,490	c_1_1390_20220411_13_22_02,490.bmp	1,603182E+0	3,208196E+0	-1,223829E-3	-3,807953E-3
20220411 13:22:08,491	c_1_1391_20220411_13_22_08,491.bmp	1,599364E+0	3,224745E+0	4,902598E-5	1,107786E-5
20220411 13:22:14,493	c_1_1392_20220411_13_22_14,493.bmp	1,595546E+0	3,248931E+0	-3,769540E-3	-3,807953E-3
20220411 13:22:20,496	c_1_1393_20220411_13_22_20,496.bmp	1,589182E+0	3,270572E+0	4,902598E-5	-3,807953E-3
20220411 13:22:26,497	c_1_1394_20220411_13_22_26,497.bmp	1,594273E+0	3,289666E+0	4,902598E-5	-3,807953E-3
20220411 13:22:32,502	c_1_1395_20220411_13_22_32,502.bmp	1,590455E+0	3,307488E+0	4,902598E-5	-1,261932E-3
20220411 13:22:38,504	c_1_1396_20220411_13_22_38,504.bmp	1,589182E+0	3,322764E+0	3,867592E-3	2,557098E-3
20220411 13:22:44,508	c_1_1397_20220411_13_22_44,508.bmp	1,591727E+0	3,343131E+0	4,902598E-5	2,557098E-3
20220411 13:22:50,513	c_1_1398_20220411_13_22_50,513.bmp	1,595546E+0	3,362226E+0	1,321881E-3	1,284088E-3
20220411 13:22:56,515	c_1_1399_20220411_13_22_56,515.bmp	1,603182E+0	3,386412E+0	4,902598E-5	-1,261932E-3
20220411 13:23:02,517	c_1_1400_20220411_13_23_02,517.bmp	1,604455E+0	3,408053E+0	-3,769540E-3	-3,807953E-3
20220411 13:23:08,521	c_1_1401_20220411_13_23_08,521.bmp	1,607000E+0	3,425875E+0	-1,223829E-3	1,107786E-5
20220411 13:23:14,532	c_1_1402_20220411_13_23_14,532.bmp	1,614636E+0	3,443696E+0	2,594737E-3	1,107786E-5
20220411 13:23:20,537	c_1_1403_20220411_13_23_20,537.bmp	1,623545E+0	3,467883E+0	-3,769540E-3	-1,261932E-3
20220411 13:23:26,540	c_1_1404_20220411_13_23_26,540.bmp	1,627364E+0	3,485704E+0	4,902598E-5	1,107786E-5
20220411 13:23:32,541	c_1_1405_20220411_13_23_32,541.bmp	1,629909E+0	3,503526E+0	3,867592E-3	1,107786E-5
20220411 13:23:38,546	c_1_1406_20220411_13_23_38,546.bmp	1,642636E+0	3,530258E+0	-3,769540E-3	-3,807953E-3
20220411 13:23:44,548	c_1_1407_20220411_13_23_44,548.bmp	1,642636E+0	3,549353E+0	4,902598E-5	-2,534943E-3
20220411 13:23:50,551	c_1_1408_20220411_13_23_50,551.bmp	1,655363E+0	3,568447E+0	-3,769540E-3	-3,807953E-3
20220411 13:23:56,558	c_1_1409_20220411_13_23_56,558.bmp	1,660454E+0	3,584996E+0	-1,223829E-3	-2,534943E-3
20220411 13:24:02,566	c_1_1410_20220411_13_24_02,566.bmp	1,663000E+0	3,604091E+0	4,902598E-5	2,557098E-3
20220411 13:24:08,571	c_1_1411_20220411_13_24_08,571.bmp	1,663000E+0	3,623185E+0	3,867592E-3	2,557098E-3
20220411 13:24:14,576	c_1_1412_20220411_13_24_14,576.bmp	1,674454E+0	3,649918E+0	4,902598E-5	1,107786E-5
20220411 13:24:20,579	c_1_1413_20220411_13_24_20,579.bmp	1,678272E+0	3,666466E+0	4,902598E-5	-3,807953E-3
20220411 13:24:26,589	c_1_1414_20220411_13_24_26,589.bmp	1,684636E+0	3,686834E+0	-3,769540E-3	-3,807953E-3
20220411 13:24:32,591	c_1_1415_20220411_13_24_32,591.bmp	1,683363E+0	3,705929E+0	-1,223829E-3	-1,261932E-3
20220411 13:24:38,597	c_1_1416_20220411_13_24_38,597.bmp	1,685909E+0	3,727569E+0	1,321881E-3	1,284088E-3
20220411 13:24:44,601	c_1_1417_20220411_13_24_44,601.bmp	1,692272E+0	3,747937E+0	4,902598E-5	1,107786E-5
20220411 13:24:50,606	c_1_1418_20220411_13_24_50,606.bmp	1,693545E+0	3,768304E+0	1,321881E-3	1,107786E-5
20220411 13:24:56,618	c_1_1419_20220411_13_24_56,618.bmp	1,699908E+0	3,787399E+0	4,902598E-5	-1,261932E-3
20220411 13:25:02,619	c_1_1420_20220411_13_25_02,619.bmp	1,702454E+0	3,805220E+0	4,902598E-5	1,107786E-5
20220411 13:25:08,626	c_1_1421_20220411_13_25_08,626.bmp	1,702454E+0	3,824315E+0	4,902598E-5	1,107786E-5
20220411 13:25:14,631	c_1_1422_20220411_13_25_14,631.bmp	1,702454E+0	3,843410E+0	-1,223829E-3	3,830109E-3
20220411 13:25:20,634	c_1_1423_20220411_13_25_20,634.bmp	1,703727E+0	3,868869E+0	-2,496685E-3	-3,807953E-3
20220411 13:25:26,644	c_1_1424_20220411_13_25_26,644.bmp	1,680818E+0	3,882872E+0	2,594737E-3	2,557098E-3
20220411 13:25:32,649	c_1_1425_20220411_13_25_32,649.bmp	1,683363E+0	3,910877E+0	-3,769540E-3	-3,807953E-3
20220411 13:25:38,651	c_1_1426_20220411_13_25_38,651.bmp	1,680818E+0	3,932518E+0	-5,042396E-3	-3,807953E-3
20220411 13:25:44,652	c_1_1427_20220411_13_25_44,652.bmp	1,655363E+0	3,946520E+0	-2,496685E-3	1,107786E-5
20220411 13:25:50,653	c_1_1428_20220411_13_25_50,653.bmp	1,506455E+0	3,966888E+0	1,321881E-3	1,107786E-5
20220411 13:25:56,658	c_1_1429_20220411_13_25_56,658.bmp	1,411002E+0	3,985982E+0	1,321881E-3	1,107786E-5
20220411 13:26:02,663	c_1_1430_20220411_13_26_02,663.bmp	1,384274E+0	4,003804E+0	2,594737E-3	2,557098E-3
20220411 13:26:08,673	c_1_1431_20220411_13_26_08,673.bmp	1,376638E+0	4,024172E+0	-1,223829E-3	1,284088E-3
20220411 13:26:14,679	c_1_1432_20220411_13_26_14,679.bmp	1,371547E+0	4,044539E+0	1,321881E-3	2,557098E-3
20220411 13:26:20,682	c_1_1433_20220411_13_26_20,682.bmp	1,379184E+0	4,067453E+0	-3,769540E-3	1,107786E-5
20220411 13:26:26,686	c_1_1434_20220411_13_26_26,686.bmp	1,377911E+0	4,087820E+0	-1,223829E-3	1,107786E-5
20220411 13:26:32,691	c_1_1435_20220411_13_26_32,691.bmp	1,379184E+0	4,104369E+0	5,140448E-3	2,557098E-3
20220411 13:26:38,700	c_1_1436_20220411_13_26_38,700.bmp	1,376638E+0	4,123464E+0	2,594737E-3	3,830109E-3
20220411 13:26:44,709	c_1_1437_20220411_13_26_44,709.bmp	1,374093E+0	4,147650E+0	-2,496685E-3	1,107786E-5
20220411 13:26:50,711	c_1_1438_20220411_13_26_50,711.bmp	1,360093E+0	4,162926E+0	5,140448E-3	2,557098E-3
20220411 13:26:56,712	c_1_1439_20220411_13_26_56,712.bmp	1,356275E+0	4,182020E+0	1,321881E-3	1,284088E-3
20220411 13:27:02,716	c_1_1440_20220411_13_27_02,716.bmp	1,343547E+0	4,206207E+0	-3,769540E-3	-1,261932E-3
20220411 13:27:08,717	c_1_1441_20220411_13_27_08,717.bmp	1,311730E+0	4,224028E+0	2,594737E-3	3,830109E-3
20220411 13:27:14,719	c_1_1442_20220411_13_27_14,719.bmp	1,253185E+0	4,249488E+0	-3,769540E-3	-3,807953E-3
20220411 13:27:20,725	c_1_1443_20220411_13_27_20,725.bmp	1,244275E+0	4,266036E+0	1,321881E-3	-1,261932E-3
20220411 13:27:26,733	c_1_1444_20220411_13_27_26,733.bmp	1,243003E+0	4,287677E+0	2,594737E-3	1,107786E-5
20220411 13:27:32,738	c_1_1445_20220411_13_27_32,738.bmp	1,244275E+0	4,306772E+0	-1,223829E-3	1,107786E-5
20220411 13:27:38,739	c_1_1446_20220411_13_27_38,739.bmp	1,248094E+0	4,329685E+0	4,902598E-5	-3,807953E-3
20220411 13:27:44,741	c_1_1447_20220411_13_27_44,741.bmp	1,255730E+0	4,348780E+0	-2,496685E-3	-3,807953E-3
20220411 13:27:50,746	c_1_1448_20220411_13_27_50,746.bmp	1,253185E+0	4,366601E+0	2,594737E-3	1,284088E-3
20220411 13:27:56,757	c_1_1449_20220411_13_27_56,757.bmp	1,263366E+0	4,390788E+0	4,902598E-5	-3,807953E-3
20220411 13:28:02,765	c_1_1450_20220411_13_28_02,765.bmp	1,267184E+0	4,411155E+0	4,902598E-5	-3,807953E-3
20220411 13:28:08,770	c_1_1451_20220411_13_28_08,770.bmp	1,272275E+0	4,425158E+0	4,902598E-5	1,107786E-5
20220411 13:28:14,773	c_1_1452_20220411_13_28_14,773.bmp	1,281184E+0	4,446799E+0	-3,769540E-3	-1,261932E-3
20220411 13:28:20,774	c_1_1453_20220411_13_28_20,774.bmp	1,278639E+0	4,465893E+0	4,902598E-5	1,107786E-5
20220411 13:28:26,775	c_1_1454_20220411_13_28_26,775.bmp	1,286275E+0	4,490080E+0	4,902598E-5	-3,807953E-3
20220411 13:28:32,784	c_1_1455_20220411_13_28_32,784.bmp	1,299002E+0	4,510447E+0	-3,769540E-3	-3,807953E-3
20220411 13:28:38,790	c_1_1456_20220411_13_28_38,790.bmp	1,302821E+0	4,532088E+0	-3,769540E-3	-3,807953E-3
20220411 13:28:44,795	c_1_1457_20220411_13_28_44,795.bmp	1,299002E+0	4,542272E+0	2,594737E-3	2,557098E-3
20220411 13:28:50,797	c_1_1458_20220411_13_28_50,797.bmp	1,307911E+0	4,567731E+0	4,902598E-5	1,107786E-5
20220411 13:28:56,798	c_1_1459_20220411_13_28_56,798.bmp	1,309184E+0	4,586826E+0	1,321881E-3	1,107786E-5
20220411 13:29:02,799	c_1_1460_20220411_13_29_02,799.bmp	1,310457E+0	4,607193E+0	3,867592E-3	1,284088E-3
20220411 13:29:08,802	c_1_1461_20220411_13_29_08,802.bmp	1,321911E+0	4,627561E+0	2,594737E-3	2,557098E-3
20220411 13:29:14,803	c_1_1462_20220411_13_29_14,803.bmp	1,327002E+0	4,644109E+0	2,594737E-3	2,557098E-3
20220411 13:29:20,813	c_1_1463_20220411_13_29_20,813.bmp	1,338457E+0	4,667023E+0	4,902598E-5	-1,261932E-3
20220411 13:29:26,820	c_1_1464_20220411_13_29_26,820.bmp	1,344820E+0	4,687390E+0	-3,769540E-3	-1,261932E-3
20220411 13:29:32,828	c_1_1465_20220411_13_29_32,828.bmp	1,347366E+0	4,710304E+0	1,321881E-3	-3,807953E-3
20220411 13:29:38,831	c_1_1466_20220411_13_29_38,831.bmp	1,353729E+0	4,728126E+0	1,321881E-3	1,107786E-5
20220411 13:29:44,842	c_1_1467_20220411_13_29_44,842.bmp	1,355002E+0	4,747220E+0	3,867592E-3	-1,261932E-3
20220411 13:29:50,844	c_1_1468_20220411_13_29_50,844.bmp	1,362638E+0	4,763769E+0	1,321881E-3	1,284088E-3
20220411 13:29:56,846	c_1_1469_20220411_13_29_56,846.bmp	1,369002E+0	4,790501E+0	1,321881E-3	-2,534943E-3
20220411 13:30:02,849	c_1_1470_20220411_13_30_02,849.bmp	1,370275E+0	4,803231E+0	3,867592E-3	2,557098E-3
20220411 13:30:08,853	c_1_1471_20220411_13_30_08,853.bmp	1,377911E+0	4,828690E+0	1,321881E-3	-3,807953E-3
20220411 13:30:14,857	c_1_1472_20220411_13_30_14,857.bmp	1,379184E+0	4,846512E+0	2,594737E-3	1,107786E-5
20220411 13:30:20,868	c_1_1473_20220411_13_30_20,868.bmp	1,383002E+0	4,863061E+0	5,140448E-3	2,557098E-3
20220411 13:30:26,873	c_1_1474_20220411_13_30_26,873.bmp	1,386820E+0	4,883428E+0	2,594737E-3	2,557098E-3
20220411 13:30:32,875	c_1_1475_20220411_13_30_32,875.bmp	1,398274E+0	4,908888E+0	-5,042396E-3	-3,807953E-3
20220411 13:30:38,879	c_1_1476_20220411_13_30_38,879.bmp	1,400820E+0	4,930528E+0	-3,769540E-3	-3,807953E-3
20220411 13:30:44,882	c_1_1477_20220411_13_30_44,882.bmp	1,398274E+0	4,948350E+0	4,902598E-5	-1,261932E-3
20220411 13:30:50,884	c_1_1478_20220411_13_30_50,884.bmp	1,395729E+0	4,967444E+0	2,594737E-3	-1,261932E-3
20220411 13:30:56,893	c_1_1479_20220411_13_30_56,893.bmp	1,398274E+0	4,981447E+0	3,867592E-3	2,557098E-3
20220411 13:31:02,901	c_1_1480_20220411_13_31_02,901.bmp	1,395729E+0	5,005634E+0	-3,769540E-3	1,107786E-5
20220411 13:31:08,909	c_1_1481_20220411_13_31_08,909.bmp	1,395729E+0	5,029820E+0	-5,042396E-3	-2,534943E-3
20220411 13:31:14,911	c_1_1482_20220411_13_31_14,911.bmp	1,262094E+0	5,041277E+0	4,902598E-5	1,107786E-5
20220411 13:31:20,912	c_1_1483_20220411_13_31_20,912.bmp	1,127185E+0	5,062917E+0	3,867592E-3	1,107786E-5
20220411 13:31:26,917	c_1_1484_20220411_13_31_26,917.bmp	1,118276E+0	5,087104E+0	-3,769540E-3	1,107786E-5
20220411 13:31:32,921	c_1_1485_20220411_13_31_32,921.bmp	1,114458E+0	5,106198E+0	1,321881E-3	-1,261932E-3
20220411 13:31:38,929	c_1_1486_20220411_13_31_38,929.bmp	1,109367E+0	5,121474E+0	2,594737E-3	2,557098E-3
20220411 13:31:44,934	c_1_1487_20220411_13_31_44,934.bmp	1,113186E+0	5,143115E+0	4,902598E-5	3,830109E-3
20220411 13:31:50,938	c_1_1488_20220411_13_31_50,938.bmp	1,110640E+0	5,167301E+0	4,902598E-5	1,107786E-5
20220411 13:31:56,941	c_1_1489_20220411_13_31_56,941.bmp	1,105549E+0	5,187669E+0	4,902598E-5	-1,261932E-3
20220411 13:32:02,942	c_1_1490_20220411_13_32_02,942.bmp	1,101731E+0	5,204217E+0	5,140448E-3	3,830109E-3
20220411 13:32:08,948	c_1_1491_20220411_13_32_08,948.bmp	1,101731E+0	5,223312E+0	2,594737E-3	2,557098E-3
20220411 13:32:14,961	c_1_1492_20220411_13_32_14,961.bmp	1,099186E+0	5,246225E+0	4,902598E-5	1,107786E-5
20220411 13:32:20,962	c_1_1493_20220411_13_32_20,962.bmp	1,090277E+0	5,262774E+0	3,867592E-3	2,557098E-3
20220411 13:32:26,967	c_1_1494_20220411_13_32_26,967.bmp	1,083913E+0	5,285688E+0	4,902598E-5	1,107786E-5
20220411 13:32:32,972	c_1_1495_20220411_13_32_32,972.bmp	1,054641E+0	5,307328E+0	3,867592E-3	1,107786E-5
20220411 13:32:38,980	c_1_1496_20220411_13_32_38,980.bmp	1,030459E+0	5,325150E+0	-1,223829E-3	1,107786E-5
20220411 13:32:44,987	c_1_1497_20220411_13_32_44,987.bmp	1,021550E+0	5,345517E+0	-1,223829E-3	2,557098E-3
20220411 13:32:50,992	c_1_1498_20220411_13_32_50,992.bmp	1,024095E+0	5,365885E+0	-3,769540E-3	1,107786E-5
20220411 13:32:56,993	c_1_1499_20220411_13_32_56,993.bmp	1,019004E+0	5,386252E+0	-1,223829E-3	-1,261932E-3
20220411 13:33:02,993	c_1_1500_20220411_13_33_02,993.bmp	1,020277E+0	5,402801E+0	2,594737E-3	2,557098E-3
20220411 13:33:08,998	c_1_1501_20220411_13_33_08,998.bmp	1,020277E+0	5,426987E+0	4,902598E-5	1,107786E-5
20220411 13:33:15,008	c_1_1502_20220411_13_33_15,008.bmp	1,020277E+0	5,442263E+0	4,902598E-5	2,557098E-3
20220411 13:33:21,011	c_1_1503_20220411_13_33_21,011.bmp	1,013914E+0	5,466450E+0	3,867592E-3	1,107786E-5
20220411 13:33:27,015	c_1_1504_20220411_13_33_27,015.bmp	1,017732E+0	5,485544E+0	4,902598E-5	1,107786E-5
20220411 13:33:33,020	c_1_1505_20220411_13_33_33,020.bmp	1,010095E+0	5,509731E+0	-3,769540E-3	-3,807953E-3
20220411 13:33:39,024	c_1_1506_20220411_13_33_39,024.bmp	9,986409E-1	5,523733E+0	3,867592E-3	2,557098E-3
20220411 13:33:45,026	c_1_1507_20220411_13_33_45,026.bmp	9,910046E-1	5,545374E+0	-3,769540E-3	1,107786E-5
20220411 13:33:51,033	c_1_1508_20220411_13_33_51,033.bmp	9,706411E-1	5,563196E+0	1,321881E-3	2,557098E-3
20220411 13:33:57,034	c_1_1509_20220411_13_33_57,034.bmp	9,235506E-1	5,584836E+0	4,902598E-5	1,107786E-5
20220411 13:34:03,040	c_1_1510_20220411_13_34_03,040.bmp	8,968235E-1	5,606477E+0	4,902598E-5	1,107786E-5
20220411 13:34:09,044	c_1_1511_20220411_13_34_09,044.bmp	8,828236E-1	5,625571E+0	3,867592E-3	1,107786E-5
20220411 13:34:15,049	c_1_1512_20220411_13_34_15,049.bmp	8,853690E-1	5,647212E+0	-2,496685E-3	-1,261932E-3
20220411 13:34:21,051	c_1_1513_20220411_13_34_21,051.bmp	8,853690E-1	5,666306E+0	-3,769540E-3	-1,261932E-3
20220411 13:34:27,052	c_1_1514_20220411_13_34_27,052.bmp	8,840963E-1	5,686674E+0	-1,223829E-3	1,107786E-5
20220411 13:34:33,054	c_1_1515_20220411_13_34_33,054.bmp	8,828236E-1	5,708314E+0	-2,496685E-3	-3,807953E-3
20220411 13:34:39,063	c_1_1516_20220411_13_34_39,063.bmp	8,879145E-1	5,728682E+0	-3,769540E-3	-3,807953E-3
20220411 13:34:45,071	c_1_1517_20220411_13_34_45,071.bmp	8,802782E-1	5,742685E+0	3,867592E-3	2,557098E-3
20220411 13:34:51,072	c_1_1518_20220411_13_34_51,072.bmp	8,853690E-1	5,764325E+0	4,902598E-5	2,557098E-3
20220411 13:34:57,075	c_1_1519_20220411_13_34_57,075.bmp	8,879145E-1	5,782147E+0	1,321881E-3	2,557098E-3
20220411 13:35:03,076	c_1_1520_20220411_13_35_03,076.bmp	8,904599E-1	5,808879E+0	-2,496685E-3	-3,807953E-3
20220411 13:35:09,077	c_1_1521_20220411_13_35_09,077.bmp	8,879145E-1	5,822882E+0	2,594737E-3	1,107786E-5
20220411 13:35:15,082	c_1_1522_20220411_13_35_15,082.bmp	9,031871E-1	5,848341E+0	-2,496685E-3	1,107786E-5
20220411 13:35:21,089	c_1_1523_20220411_13_35_21,089.bmp	9,006417E-1	5,868709E+0	-2,496685E-3	1,107786E-5
20220411 13:35:27,094	c_1_1524_20220411_13_35_27,094.bmp	8,968235E-1	5,889077E+0	-1,223829E-3	-3,807953E-3
20220411 13:35:33,099	c_1_1525_20220411_13_35_33,099.bmp	9,006417E-1	5,905625E+0	2,594737E-3	1,107786E-5
20220411 13:35:39,100	c_1_1526_20220411_13_35_39,100.bmp	8,993689E-1	5,925993E+0	2,594737E-3	1,107786E-5
20220411 13:35:45,103	c_1_1527_20220411_13_35_45,103.bmp	9,044598E-1	5,942541E+0	1,321881E-3	1,107786E-5
20220411 13:35:51,106	c_1_1528_20220411_13_35_51,106.bmp	9,082780E-1	5,969274E+0	-3,769540E-3	-3,807953E-3
20220411 13:35:57,116	c_1_1529_20220411_13_35_57,116.bmp	9,057325E-1	5,983276E+0	3,867592E-3	1,107786E-5
20220411 13:36:03,117	c_1_1530_20220411_13_36_03,117.bmp	9,120961E-1	6,007463E+0	-2,496685E-3	2,557098E-3
20220411 13:36:09,120	c_1_1531_20220411_13_36_09,120.bmp	9,133688E-1	6,024012E+0	4,902598E-5	1,107786E-5
20220411 13:36:15,122	c_1_1532_20220411_13_36_15,122.bmp	9,133688E-1	6,046925E+0	3,867592E-3	-1,261932E-3
20220411 13:36:21,126	c_1_1533_20220411_13_36_21,126.bmp	9,197324E-1	6,063474E+0	3,867592E-3	3,830109E-3
20220411 13:36:27,127	c_1_1534_20220411_13_36_27,127.bmp	9,235506E-1	6,085114E+0	-3,769540E-3	1,107786E-5
20220411 13:36:33,129	c_1_1535_20220411_13_36_33,129.bmp	9,273687E-1	6,108028E+0	-3,769540E-3	-3,807953E-3
20220411 13:36:39,130	c_1_1536_20220411_13_36_39,130.bmp	9,260960E-1	6,125849E+0	1,321881E-3	1,107786E-5
20220411 13:36:45,141	c_1_1537_20220411_13_36_45,141.bmp	9,273687E-1	6,146217E+0	1,321881E-3	1,107786E-5
20220411 13:36:51,148	c_1_1538_20220411_13_36_51,148.bmp	9,286415E-1	6,165312E+0	-5,042396E-3	1,107786E-5
20220411 13:36:57,154	c_1_1539_20220411_13_36_57,154.bmp	9,324596E-1	6,189498E+0	-3,769540E-3	-3,807953E-3
20220411 13:37:03,155	c_1_1540_20220411_13_37_03,155.bmp	9,286415E-1	6,200955E+0	4,902598E-5	2,557098E-3
