1.754504171263383079e-04
9.617007117025777965e-05
1.656973944480806668e-03
7.603978456477688934e-03
2.272916043751585166e-02
4.309175521860702379e-02
6.857175444021974819e-02
9.888721238037204153e-02
1.361239825397398406e-01
1.892044565741824724e-01
2.361443318447740414e-01
2.924127515391259369e-01
3.574644701438743355e-01
4.286133007093544389e-01
4.981105632818710327e-01
5.937434997456819685e-01
6.736721125006461808e-01
7.573811974318812590e-01
8.633718805962150578e-01
9.544934160584449545e-01
1.043881573109501915e+00
1.119429209544875681e+00
1.203268771026063222e+00
1.318018790162228671e+00
1.393845049077451881e+00
1.501822919542546320e+00
1.569765417242547256e+00
1.623540464853452825e+00
1.629260242871683584e+00
1.615812241256026960e+00
1.625008873917513252e+00
1.633073345628874407e+00
1.637554117948176957e+00
1.532165720797126651e+00
1.488668155257558690e+00
1.429559504593612695e+00
1.407468034777668020e+00
1.453496826989846724e+00
1.526290928089858445e+00
1.536870126606966869e+00
1.605027627100459986e+00
1.655114759431873805e+00
1.718598629374625153e+00
1.680734816810841581e+00
1.727331693216704211e+00
1.757654361733021808e+00
1.675807850634263074e+00
1.573538165612505146e+00
1.522784873975717934e+00
1.537144606514965872e+00
1.541074880153019411e+00
1.545675359529605331e+00
1.525866603931511412e+00
1.540597480124478613e+00
1.554247615750134148e+00
1.552134982595885448e+00
1.509230116156769386e+00
1.470948287260078979e+00
1.409958508543489364e+00
1.420882195069499199e+00
1.445337902898173432e+00
1.487163556656972530e+00
1.508317753960675356e+00
1.541987667761598235e+00
1.560128029017869844e+00
1.556730413116556466e+00
1.597203260050039875e+00
1.626115857096023687e+00
1.643314434226346599e+00
1.657464162667652507e+00
1.682120318706031847e+00
1.693666627113373568e+00
1.698009563364253571e+00
1.649290115764755038e+00
1.657057325348504584e+00
1.671166877527682892e+00
1.665846615918174178e+00
1.656400822649160443e+00
1.628501923029816778e+00
1.591823460179926375e+00
1.569129408986613239e+00
1.523267088367211253e+00
1.459558065129757498e+00
1.433197224825254024e+00
1.398180101354161486e+00
1.382819462197090843e+00
1.361636647771431008e+00
1.304630993030603259e+00
1.253754354208307165e+00
1.256158584725055816e+00
1.262998331067840985e+00
1.266812115674152750e+00
1.275064086007884789e+00
1.289926399144674996e+00
1.294024916031956796e+00
1.289764695230548597e+00
1.287881107210378406e+00
1.294833937346304920e+00
1.302484518449568807e+00
1.310692580488825643e+00
1.330879553064733933e+00
1.346325468954146842e+00
1.357938250700606142e+00
1.367834090760535304e+00
1.389156660985119141e+00
1.406825017034989411e+00
1.437386337352136056e+00
1.458456970243547479e+00
1.476007291548127265e+00
1.499534179370862308e+00
1.518090091814512821e+00
1.532888305729332767e+00
1.556251194777941826e+00
1.576329360962707371e+00
1.599556939615859097e+00
1.606046482595755887e+00
1.603962285039327584e+00
1.586590144900718480e+00
1.589443396608949621e+00
1.580791116526345963e+00
1.557047844006617998e+00
1.556591836613769653e+00
1.576300916646101946e+00
1.594596603788036582e+00
1.602800382182516969e+00
1.620916305701238791e+00
1.636539092299707399e+00
1.635652735603611241e+00
1.649501815526542181e+00
1.679797816624095663e+00
1.683069114549821554e+00
1.680363201263672890e+00
1.701816301834476963e+00
1.713608774301107696e+00
1.719917619627145733e+00
1.738011162554906175e+00
1.749888570466872739e+00
1.778970690991210857e+00
1.797731745491660149e+00
1.823209927644048767e+00
1.834403293888457798e+00
1.847090240190410348e+00
1.862795284224485481e+00
1.862860934722389894e+00
1.838776965287243659e+00
1.824908786853652209e+00
1.838099021884430861e+00
1.848433328238794138e+00
1.854864798218631927e+00
1.869565184633161126e+00
1.886811465110304731e+00
1.892140296265170551e+00
1.902498752761278444e+00
1.912801469426605339e+00
1.919815663628927194e+00
1.928197799685346103e+00
1.940295682838445890e+00
1.952566578338540415e+00
1.955306111560944249e+00
1.968162742391345699e+00
1.983222829189444925e+00
1.979790420610442636e+00
1.989996022108168283e+00
2.001040354408567534e+00
2.004071485422896259e+00
2.005722464744765787e+00
2.021754845067269546e+00
2.030178336135432193e+00
2.046442736013883046e+00
2.054267576861347866e+00
2.082330203602784202e+00
2.081943315871538136e+00
2.095992119576022272e+00
2.111360756405740613e+00
2.129850108178328316e+00
2.146625412494882479e+00
2.174402962139932782e+00
2.182677875048551819e+00
2.205394293785611914e+00
2.225151323797855074e+00
2.240618912832509579e+00
2.248765177226156986e+00
2.271931354054987473e+00
2.278810838643353431e+00
2.305855586830753090e+00
2.323987453975826512e+00
2.332858606493569020e+00
2.339207714162530927e+00
2.355591372526180560e+00
2.364107161175609484e+00
2.386705842812057998e+00
2.397232141186861565e+00
2.413680409808045990e+00
2.428637125223458426e+00
2.434909258654415876e+00
2.415821892772892721e+00
2.421633235959336439e+00
2.422208159360320856e+00
2.399486518651089639e+00
2.147302230186502126e+00
2.021592189329412648e+00
1.966398525107412310e+00
1.914094976237551426e+00
1.926654520694865314e+00
1.921972442103507595e+00
1.948885191507816694e+00
1.945600804883440116e+00
1.956155051136396761e+00
1.926653064814593863e+00
1.943920494199220084e+00
1.919072570347881923e+00
1.913793396657046619e+00
1.874962297060113192e+00
1.785247309145895356e+00
1.786111170757399780e+00
1.795165180466572252e+00
1.802693896823061026e+00
1.802398085043483089e+00
1.814058426598768481e+00
1.836276410830138817e+00
1.849961860194857310e+00
1.863786286195674879e+00
1.881665070924513739e+00
1.895879759544961907e+00
1.908665119742572580e+00
1.926335700670380513e+00
1.945867248272348027e+00
1.951775611507098329e+00
1.973352992904789938e+00
1.991838930627540583e+00
1.998627397845692544e+00
2.023094898187633550e+00
2.040594258803490657e+00
2.058673938561173422e+00
2.071177820348336862e+00
2.095499832818876751e+00
2.109519282405518670e+00
2.117386630077859433e+00
2.124519549082461989e+00
2.151289958790396195e+00
2.166228910711304856e+00
2.125884969518302636e+00
2.142244159967970685e+00
2.156491854068844027e+00
2.124208219584507340e+00
2.134778241524080133e+00
2.156392757452332720e+00
2.151982507366198227e+00
2.174407280281637878e+00
2.176415517451047332e+00
2.190566526399601255e+00
2.191659788028416322e+00
2.191672941780296036e+00
1.958411844127251333e+00
1.721041912176503264e+00
1.688707305741943943e+00
1.679752996336526971e+00
1.689371253338385559e+00
1.688734743260194682e+00
1.684456654770117190e+00
1.691560819293697948e+00
1.701861623010646030e+00
1.702640605093442394e+00
1.700039834668160665e+00
1.701406383089069774e+00
1.673235114360222875e+00
1.643605862946900364e+00
1.601984849413157885e+00
1.595397325678129530e+00
1.567172487737329423e+00
1.562623473486077108e+00
1.565733409856860492e+00
1.578343036754997541e+00
1.572584357035313962e+00
1.581619037086443802e+00
1.574215170833899169e+00
1.570471426471699239e+00
1.547853557361863253e+00
1.529907463756096542e+00
1.486762447884627303e+00
1.414627466123326682e+00
1.364736274346495470e+00
1.350941670012282048e+00
1.347670103199138492e+00
1.352530554160047860e+00
1.344210236823652371e+00
1.349997699125492945e+00
1.350963285952859971e+00
1.350363292138603732e+00
1.360635955986517986e+00
1.366871084686601900e+00
1.382569726682818967e+00
1.363272518699461200e+00
1.382880195377946597e+00
1.364773684836891210e+00
1.379757663511968602e+00
1.390757635999198438e+00
1.384186721379959240e+00
1.408419709404775233e+00
1.403461732708338516e+00
1.411509485446222012e+00
1.420577048886185523e+00
1.423487650199326549e+00
1.433574246233524363e+00
1.451312051920722546e+00
1.453765365813134203e+00
1.457303160735413217e+00
1.462397167505703477e+00
1.476001945044143060e+00
1.487447711925571125e+00
1.489278482113819857e+00
1.487950972620273982e+00
