7.084421900233585367e-02
8.556201143924867247e-02
1.076072918552337387e-01
1.283032795461591935e-01
1.535240284171527914e-01
1.678319786039038364e-01
1.867291812208048962e-01
2.044303770397450370e-01
2.182081259753106406e-01
2.327711746816222005e-01
2.314205583987301029e-01
2.323543611635281170e-01
2.507814972306136592e-01
2.561098946386931585e-01
2.706228227797331520e-01
2.802010255408143302e-01
2.849094299305668931e-01
2.883757278509778699e-01
2.981140666896991420e-01
2.837428663480588420e-01
2.712612135107054234e-01
2.724948405777943283e-01
2.769144459780529255e-01
2.931016612086400075e-01
3.028684248945424651e-01
3.123122565290410990e-01
3.296932185331587495e-01
3.431217937728742728e-01
3.521034152025282471e-01
3.332610610997598921e-01
3.353235277217002097e-01
3.479468051643772042e-01
3.596620986886475135e-01
3.810891241407232677e-01
3.890728819833861318e-01
4.101151539666222923e-01
4.307349814797331589e-01
4.480385805860477855e-01
4.662379375066768028e-01
4.888283290404045189e-01
5.108781298853303232e-01
5.300703305828258216e-01
5.520727186496605654e-01
5.774436253601762381e-01
6.002247016060717755e-01
6.256281780266775838e-01
6.498203452583557471e-01
6.689233905887277398e-01
6.962935938206848974e-01
7.168057990672910273e-01
7.430687144836189972e-01
7.652935462149919044e-01
7.886862421480467233e-01
8.171019364685857544e-01
8.335516249849053150e-01
7.121389139698068860e-01
6.499546987735225212e-01
6.611131954892730533e-01
6.750722695602886514e-01
6.949877369171078012e-01
7.054355932295793830e-01
7.246599357155344423e-01
7.363010322648679828e-01
7.461612432228802438e-01
7.650527872824887110e-01
7.776208063363070355e-01
7.939906226298827363e-01
8.108779104394876480e-01
8.345081617102994009e-01
8.617532940734666802e-01
8.687963823402177210e-01
8.949522538369880653e-01
9.150726213689137634e-01
9.410921259871266598e-01
9.632233459603882775e-01
9.845981279416556875e-01
1.000368912761998352e+00
1.029727221787706704e+00
1.048487404703666082e+00
1.071774058912472904e+00
1.093965620953521789e+00
1.100627337024712382e+00
1.121435283167487196e+00
1.077287112833863469e+00
8.491651793364584089e-01
7.970949326624745535e-01
8.010095518906602541e-01
8.096684239003089090e-01
8.257316500947911031e-01
8.507334511374363695e-01
8.638518463704347727e-01
8.775327406525368357e-01
8.998259440724661884e-01
9.183201589699147016e-01
9.364108714691985469e-01
9.483476122592597868e-01
9.631886660039857828e-01
9.780505949710700531e-01
9.993161993742067928e-01
1.017496920454493026e+00
1.040232610378354128e+00
1.055525511324050036e+00
1.077807629646763132e+00
1.089948657959854073e+00
1.116752645180140835e+00
1.134153280421783760e+00
1.156381519176692629e+00
1.183600784356131808e+00
1.205388760871476173e+00
1.227784022273720854e+00
1.242778480537075181e+00
1.255899253709378938e+00
1.273336191093560554e+00
1.285674893377154460e+00
1.296609730597196197e+00
9.962837050315627163e-01
9.001124608179665865e-01
8.782369656427730931e-01
8.910587550481634533e-01
9.058331690452112728e-01
9.142900201483548095e-01
9.276412638406005273e-01
9.421449427359566142e-01
9.549260585669713253e-01
9.808680159072964422e-01
9.959934343549901037e-01
9.987114144196129750e-01
1.019246180443990069e+00
1.033872879451509741e+00
1.054983157674249883e+00
1.073781366797061487e+00
1.084991250809986596e+00
1.099413208319785618e+00
1.115886049334784635e+00
1.132044487832321256e+00
1.139434634055682682e+00
1.151457814453028305e+00
1.164201429848195524e+00
1.176288858109973079e+00
1.177954361085065127e+00
1.182483253846395632e+00
1.173510240187587206e+00
1.169207967405047066e+00
1.179564314330296515e+00
1.183169261948449069e+00
1.196296282246812837e+00
1.200888508358679552e+00
1.211754837186695521e+00
1.215017042094568955e+00
1.065527557817775417e+00
9.984506396978076737e-01
9.738416918989478699e-01
9.816720940381147287e-01
9.869462406462101711e-01
1.000052772540856783e+00
1.003930460861662155e+00
1.020550106277470004e+00
1.025732543989996914e+00
1.035397188425195125e+00
1.044807277567513237e+00
1.056809258840273102e+00
1.065792773369169000e+00
1.085602524140208081e+00
1.090728433133478559e+00
1.102953826890330280e+00
1.118335800153420490e+00
1.126981035180255830e+00
1.128537409529084323e+00
1.133699257555699669e+00
1.138972254191481071e+00
1.118571391057851416e+00
1.111974063856882688e+00
1.090809567839007066e+00
9.124419981494766851e-01
8.917008147441842780e-01
8.805835898889371460e-01
8.790020197825063608e-01
8.996201964039348686e-01
9.091501414412109794e-01
9.118964441783292685e-01
9.200349080616564423e-01
9.279588142254558969e-01
9.490537623421502200e-01
9.610208993846769410e-01
9.681429615382579623e-01
9.812530737441323980e-01
9.948827853800109589e-01
1.011565375501458863e+00
1.013182801485858153e+00
1.031031952711717103e+00
1.033020296932919857e+00
1.048626627942527145e+00
1.056241231296850103e+00
1.063403656438620226e+00
1.073350714842713716e+00
1.061317328514100433e+00
1.071273415925405814e+00
1.089473358287279758e+00
1.090742523782385121e+00
1.111216022033281625e+00
1.088302259307197151e+00
9.867836460134806753e-01
9.775974333356876045e-01
9.919558626421152159e-01
1.008249123228508237e+00
1.020399286617410750e+00
1.021988145677214632e+00
1.034848929927841388e+00
1.044005558205062911e+00
1.063507063545029441e+00
1.076327956521428542e+00
1.076145322152160855e+00
1.080508572951304203e+00
1.076646650102530245e+00
1.084083335647116897e+00
1.083887699551773443e+00
1.048292459337033744e+00
1.030490465880238071e+00
1.033046988345506012e+00
1.033240193132194396e+00
1.045283199731670942e+00
1.044156990862596945e+00
1.063419261882738720e+00
1.063886087885937082e+00
1.080376524614669487e+00
1.083231584458753005e+00
1.099722114787909266e+00
1.107798240625529562e+00
1.116557704512540328e+00
1.134087049555726479e+00
1.141252178886723812e+00
1.149792637788750405e+00
1.171038649240192964e+00
1.184261828442168207e+00
1.179117191824067046e+00
1.206126188893280160e+00
1.214911032107751643e+00
1.229706256581795332e+00
1.251311798767013928e+00
1.248137541381594273e+00
1.261910240238298675e+00
1.275741960017412469e+00
1.289962445396743984e+00
1.305157127734798639e+00
1.314372054728393913e+00
1.333258127167415319e+00
1.345315623813843509e+00
1.344263332393325072e+00
1.360480797203790893e+00
1.381689871355744836e+00
1.390442784751710681e+00
1.410099104894625865e+00
1.420610341730699666e+00
1.428065002503287051e+00
1.446149956216919552e+00
1.453284891541002377e+00
1.469365207030417508e+00
1.475420612396793452e+00
1.495199137621642915e+00
1.500273103809203867e+00
1.525980644063995584e+00
1.528562840449939175e+00
1.542759719775736338e+00
1.555212822795629668e+00
1.570272515928566648e+00
1.575715543209616598e+00
1.588212005480484246e+00
1.608051172997607026e+00
1.615129921860410267e+00
1.629189982263803405e+00
1.631519253622522481e+00
1.659400129354615228e+00
1.673992364034338820e+00
1.691237702542286891e+00
1.717549843417400579e+00
1.732712720995432720e+00
1.760822428765633330e+00
1.775731990797604354e+00
1.799830808496205137e+00
1.814858245904665823e+00
1.851446683232949031e+00
1.859027961864057721e+00
1.844782420506075882e+00
1.267459320326533634e+00
1.231942256784511969e+00
1.198458310038431840e+00
1.156837623767158929e+00
