0.000000000000000000e+00 3.468869123252860034e-03
1.000000000000000000e+00 3.557814485387548586e-03
2.000000000000000000e+00 3.646759847522237138e-03
3.000000000000000000e+00 3.646759847522237138e-03
4.000000000000000000e+00 3.735705209656926123e-03
5.000000000000000000e+00 3.824650571791614675e-03
6.000000000000000000e+00 3.913595933926303228e-03
7.000000000000000000e+00 4.002541296060991780e-03
8.000000000000000000e+00 4.002541296060991780e-03
9.000000000000000000e+00 4.091486658195681199e-03
1.000000000000000000e+01 7.738246505717917903e-03
1.100000000000000000e+01 9.961880559085135173e-03
1.200000000000000000e+01 9.961880559085135173e-03
1.300000000000000000e+01 1.138500635324015547e-02
1.400000000000000000e+01 1.147395171537484403e-02
1.500000000000000000e+01 1.156289707750953258e-02
1.600000000000000000e+01 1.254129606099110839e-02
1.700000000000000000e+01 1.307496823379924143e-02
1.800000000000000000e+01 1.325285895806861854e-02
1.900000000000000000e+01 1.689961880559085611e-02
2.000000000000000000e+01 1.903430749682338483e-02
2.100000000000000000e+01 2.045743329097840513e-02
2.200000000000000000e+01 2.081321473951715934e-02
2.300000000000000000e+01 2.081321473951715934e-02
2.400000000000000000e+01 2.081321473951715934e-02
2.500000000000000000e+01 2.090216010165184962e-02
2.600000000000000000e+01 2.090216010165184962e-02
2.700000000000000000e+01 2.099110546378653644e-02
2.800000000000000000e+01 2.099110546378653644e-02
2.900000000000000000e+01 2.108005082592122673e-02
3.000000000000000000e+01 2.116899618805591354e-02
3.100000000000000000e+01 2.116899618805591354e-02
3.200000000000000000e+01 2.125794155019060383e-02
3.300000000000000000e+01 2.134688691232529065e-02
3.400000000000000000e+01 2.196950444726811225e-02
3.500000000000000000e+01 2.196950444726811225e-02
3.600000000000000000e+01 2.188055908513342543e-02
3.700000000000000000e+01 2.188055908513342543e-02
3.800000000000000000e+01 2.232528589580686645e-02
3.900000000000000000e+01 2.241423125794155674e-02
4.000000000000000000e+01 2.232528589580686645e-02
4.100000000000000000e+01 2.232528589580686645e-02
4.200000000000000000e+01 2.241423125794155674e-02
4.300000000000000000e+01 2.241423125794155674e-02
4.400000000000000000e+01 2.241423125794155674e-02
4.500000000000000000e+01 2.232528589580686645e-02
4.600000000000000000e+01 2.232528589580686645e-02
4.700000000000000000e+01 2.268106734434562066e-02
4.800000000000000000e+01 2.268106734434562066e-02
4.900000000000000000e+01 2.268106734434562066e-02
5.000000000000000000e+01 2.259212198221093384e-02
5.100000000000000000e+01 2.268106734434562066e-02
5.200000000000000000e+01 2.268106734434562066e-02
5.300000000000000000e+01 2.294790343074968805e-02
5.400000000000000000e+01 2.357052096569250965e-02
5.500000000000000000e+01 2.712833545108005867e-02
5.600000000000000000e+01 3.068614993646760769e-02
5.700000000000000000e+01 3.077509529860229451e-02
5.800000000000000000e+01 3.077509529860229451e-02
5.900000000000000000e+01 3.077509529860229451e-02
6.000000000000000000e+01 3.077509529860229451e-02
6.100000000000000000e+01 3.077509529860229451e-02
6.200000000000000000e+01 3.086404066073698479e-02
6.300000000000000000e+01 3.104193138500636190e-02
6.400000000000000000e+01 3.095298602287167161e-02
6.500000000000000000e+01 3.104193138500636190e-02
6.600000000000000000e+01 3.139771283354511611e-02
6.700000000000000000e+01 3.148665819567980639e-02
6.800000000000000000e+01 3.148665819567980639e-02
6.900000000000000000e+01 3.095298602287167161e-02
7.000000000000000000e+01 3.148665819567980639e-02
7.100000000000000000e+01 3.148665819567980639e-02
7.200000000000000000e+01 3.148665819567980639e-02
7.300000000000000000e+01 3.157560355781449668e-02
7.400000000000000000e+01 3.157560355781449668e-02
7.500000000000000000e+01 3.157560355781449668e-02
7.600000000000000000e+01 3.166454891994918003e-02
7.700000000000000000e+01 3.166454891994918003e-02
7.800000000000000000e+01 3.157560355781449668e-02
7.900000000000000000e+01 3.193138500635325089e-02
8.000000000000000000e+01 3.193138500635325089e-02
8.100000000000000000e+01 3.219822109275731481e-02
8.200000000000000000e+01 3.228716645489200510e-02
8.300000000000000000e+01 3.406607369758577614e-02
8.400000000000000000e+01 3.771283354510801544e-02
8.500000000000000000e+01 4.064803049555273939e-02
8.600000000000000000e+01 4.073697585768742968e-02
8.700000000000000000e+01 4.073697585768742968e-02
8.800000000000000000e+01 4.064803049555273939e-02
8.900000000000000000e+01 4.064803049555273939e-02
9.000000000000000000e+01 4.064803049555273939e-02
9.100000000000000000e+01 4.073697585768742968e-02
9.200000000000000000e+01 4.064803049555273939e-02
9.300000000000000000e+01 4.064803049555273939e-02
9.400000000000000000e+01 4.064803049555273939e-02
9.500000000000000000e+01 4.144853875476493810e-02
9.600000000000000000e+01 4.144853875476493810e-02
9.700000000000000000e+01 4.135959339263025475e-02
9.800000000000000000e+01 4.135959339263025475e-02
9.900000000000000000e+01 4.135959339263025475e-02
1.000000000000000000e+02 4.144853875476493810e-02
1.010000000000000000e+02 4.144853875476493810e-02
1.020000000000000000e+02 4.135959339263025475e-02
1.030000000000000000e+02 4.135959339263025475e-02
1.040000000000000000e+02 4.135959339263025475e-02
1.050000000000000000e+02 4.135959339263025475e-02
1.060000000000000000e+02 4.127064803049556446e-02
1.070000000000000000e+02 4.127064803049556446e-02
1.080000000000000000e+02 4.127064803049556446e-02
1.090000000000000000e+02 4.127064803049556446e-02
1.100000000000000000e+02 4.127064803049556446e-02
1.110000000000000000e+02 4.135959339263025475e-02
1.120000000000000000e+02 4.144853875476493810e-02
1.130000000000000000e+02 4.162642947903431867e-02
1.140000000000000000e+02 4.162642947903431867e-02
1.150000000000000000e+02 4.509529860228717740e-02
1.160000000000000000e+02 4.865311308767472642e-02
1.170000000000000000e+02 5.123252858958070310e-02
1.180000000000000000e+02 5.123252858958070310e-02
1.190000000000000000e+02 5.132147395171538645e-02
1.200000000000000000e+02 5.132147395171538645e-02
1.210000000000000000e+02 5.141041931385007674e-02
1.220000000000000000e+02 5.141041931385007674e-02
1.230000000000000000e+02 5.141041931385007674e-02
1.240000000000000000e+02 5.141041931385007674e-02
1.250000000000000000e+02 5.132147395171538645e-02
1.260000000000000000e+02 5.141041931385007674e-02
1.270000000000000000e+02 5.141041931385007674e-02
1.280000000000000000e+02 5.185514612452352123e-02
1.290000000000000000e+02 5.185514612452352123e-02
1.300000000000000000e+02 5.176620076238883095e-02
1.310000000000000000e+02 5.176620076238883095e-02
1.320000000000000000e+02 5.176620076238883095e-02
1.330000000000000000e+02 5.176620076238883095e-02
1.340000000000000000e+02 5.185514612452352123e-02
1.350000000000000000e+02 5.176620076238883095e-02
1.360000000000000000e+02 5.176620076238883095e-02
1.370000000000000000e+02 5.194409148665821152e-02
1.380000000000000000e+02 5.194409148665821152e-02
1.390000000000000000e+02 5.238881829733165602e-02
1.400000000000000000e+02 5.256670902160102965e-02
1.410000000000000000e+02 5.283354510800509357e-02
1.420000000000000000e+02 5.301143583227447414e-02
1.430000000000000000e+02 5.327827191867853807e-02
1.440000000000000000e+02 5.336721728081322835e-02
1.450000000000000000e+02 5.327827191867853807e-02
1.460000000000000000e+02 5.336721728081322835e-02
1.470000000000000000e+02 5.398983481575604648e-02
1.480000000000000000e+02 5.398983481575604648e-02
1.490000000000000000e+02 5.754764930114359550e-02
1.500000000000000000e+02 6.066073697585770003e-02
1.510000000000000000e+02 6.190597204574334322e-02
1.520000000000000000e+02 6.226175349428209743e-02
1.530000000000000000e+02 6.252858958068616135e-02
1.540000000000000000e+02 6.252858958068616135e-02
1.550000000000000000e+02 6.279542566709023221e-02
1.560000000000000000e+02 6.279542566709023221e-02
1.570000000000000000e+02 6.279542566709023221e-02
1.580000000000000000e+02 6.279542566709023221e-02
1.590000000000000000e+02 6.306226175349430307e-02
1.600000000000000000e+02 6.306226175349430307e-02
1.610000000000000000e+02 6.306226175349430307e-02
1.620000000000000000e+02 6.306226175349430307e-02
1.630000000000000000e+02 6.297331639135961279e-02
1.640000000000000000e+02 6.270648030495554193e-02
1.650000000000000000e+02 6.297331639135961279e-02
1.660000000000000000e+02 6.288437102922492250e-02
1.670000000000000000e+02 6.297331639135961279e-02
1.680000000000000000e+02 6.288437102922492250e-02
1.690000000000000000e+02 6.324015247776366977e-02
1.700000000000000000e+02 6.332909783989836006e-02
1.710000000000000000e+02 6.332909783989836006e-02
1.720000000000000000e+02 6.297331639135961279e-02
1.730000000000000000e+02 6.306226175349430307e-02
1.740000000000000000e+02 6.653113087674715487e-02
1.750000000000000000e+02 6.982210927573063997e-02
1.760000000000000000e+02 7.026683608640409140e-02
1.770000000000000000e+02 6.955527318932656911e-02
1.780000000000000000e+02 7.008894536213471083e-02
1.790000000000000000e+02 7.017789072426940111e-02
1.800000000000000000e+02 7.035578144853876781e-02
1.810000000000000000e+02 7.044472681067345810e-02
1.820000000000000000e+02 7.008894536213471083e-02
1.830000000000000000e+02 7.017789072426940111e-02
1.840000000000000000e+02 7.026683608640409140e-02
1.850000000000000000e+02 7.000000000000002054e-02
1.860000000000000000e+02 7.000000000000002054e-02
1.870000000000000000e+02 7.008894536213471083e-02
1.880000000000000000e+02 7.035578144853876781e-02
1.890000000000000000e+02 7.044472681067345810e-02
1.900000000000000000e+02 7.097839898348159982e-02
1.910000000000000000e+02 7.017789072426940111e-02
1.920000000000000000e+02 7.035578144853876781e-02
1.930000000000000000e+02 7.088945362134690953e-02
1.940000000000000000e+02 7.222363405336723607e-02
1.950000000000000000e+02 7.329097839898350564e-02
1.960000000000000000e+02 7.320203303684881535e-02
1.970000000000000000e+02 7.320203303684881535e-02
1.980000000000000000e+02 7.320203303684881535e-02
1.990000000000000000e+02 7.320203303684881535e-02
2.000000000000000000e+02 7.311308767471412506e-02
2.010000000000000000e+02 7.675984752223635743e-02
2.020000000000000000e+02 7.800508259212200757e-02
2.030000000000000000e+02 7.809402795425669785e-02
2.040000000000000000e+02 7.791613722998731728e-02
2.050000000000000000e+02 7.782719186785262699e-02
2.060000000000000000e+02 7.782719186785262699e-02
2.070000000000000000e+02 7.773824650571793671e-02
2.080000000000000000e+02 7.773824650571793671e-02
2.090000000000000000e+02 7.773824650571793671e-02
2.100000000000000000e+02 7.764930114358324642e-02
2.110000000000000000e+02 7.764930114358324642e-02
2.120000000000000000e+02 7.907242693773826325e-02
2.130000000000000000e+02 7.925031766200764383e-02
2.140000000000000000e+02 7.996188055908515224e-02
2.150000000000000000e+02 8.031766200762391339e-02
2.160000000000000000e+02 8.058449809402797037e-02
2.170000000000000000e+02 8.076238881829735095e-02
2.180000000000000000e+02 8.094027954256673152e-02
2.190000000000000000e+02 8.138500635324016907e-02
2.200000000000000000e+02 8.138500635324016907e-02
2.210000000000000000e+02 8.138500635324016907e-02
2.220000000000000000e+02 8.138500635324016907e-02
2.230000000000000000e+02 8.138500635324016907e-02
2.240000000000000000e+02 8.129606099110547879e-02
2.250000000000000000e+02 8.129606099110547879e-02
2.260000000000000000e+02 8.129606099110547879e-02
2.270000000000000000e+02 8.129606099110547879e-02
2.280000000000000000e+02 8.120711562897080238e-02
2.290000000000000000e+02 8.111817026683611209e-02
2.300000000000000000e+02 8.111817026683611209e-02
2.310000000000000000e+02 8.111817026683611209e-02
2.320000000000000000e+02 8.111817026683611209e-02
2.330000000000000000e+02 8.094027954256673152e-02
2.340000000000000000e+02 8.094027954256673152e-02
2.350000000000000000e+02 8.085133418043204123e-02
2.360000000000000000e+02 8.085133418043204123e-02
2.370000000000000000e+02 8.067344345616266066e-02
2.380000000000000000e+02 8.067344345616266066e-02
2.390000000000000000e+02 8.067344345616266066e-02
2.400000000000000000e+02 8.076238881829735095e-02
2.410000000000000000e+02 8.085133418043204123e-02
2.420000000000000000e+02 8.094027954256673152e-02
2.430000000000000000e+02 8.094027954256673152e-02
2.440000000000000000e+02 8.102922490470142181e-02
2.450000000000000000e+02 8.111817026683611209e-02
2.460000000000000000e+02 8.120711562897080238e-02
2.470000000000000000e+02 8.129606099110547879e-02
2.480000000000000000e+02 8.129606099110547879e-02
2.490000000000000000e+02 8.138500635324016907e-02
2.500000000000000000e+02 8.147395171537485936e-02
2.510000000000000000e+02 8.156289707750954965e-02
2.520000000000000000e+02 8.156289707750954965e-02
2.530000000000000000e+02 8.165184243964423993e-02
2.540000000000000000e+02 8.174078780177893022e-02
2.550000000000000000e+02 8.182973316391362051e-02
2.560000000000000000e+02 8.191867852604831080e-02
2.570000000000000000e+02 8.191867852604831080e-02
2.580000000000000000e+02 8.200762388818300108e-02
2.590000000000000000e+02 8.209656925031767749e-02
2.600000000000000000e+02 8.218551461245236778e-02
2.610000000000000000e+02 8.227445997458705806e-02
2.620000000000000000e+02 8.227445997458705806e-02
2.630000000000000000e+02 8.236340533672174835e-02
2.640000000000000000e+02 8.245235069885643864e-02
2.650000000000000000e+02 8.405336721728083604e-02
2.660000000000000000e+02 8.405336721728083604e-02
2.670000000000000000e+02 8.414231257941552633e-02
2.680000000000000000e+02 8.423125794155021662e-02
2.690000000000000000e+02 8.432020330368490690e-02
2.700000000000000000e+02 8.440914866581958331e-02
2.710000000000000000e+02 8.440914866581958331e-02
2.720000000000000000e+02 8.449809402795427360e-02
2.730000000000000000e+02 8.458703939008896389e-02
2.740000000000000000e+02 8.467598475222365417e-02
2.750000000000000000e+02 8.476493011435834446e-02
2.760000000000000000e+02 8.476493011435834446e-02
2.770000000000000000e+02 8.485387547649303475e-02
2.780000000000000000e+02 8.494282083862772503e-02
2.790000000000000000e+02 8.503176620076241532e-02
2.800000000000000000e+02 8.503176620076241532e-02
2.810000000000000000e+02 8.512071156289710561e-02
2.820000000000000000e+02 8.520965692503178202e-02
2.830000000000000000e+02 8.841168996188057683e-02
2.840000000000000000e+02 9.205844980940282307e-02
2.850000000000000000e+02 9.401524777636596775e-02
2.860000000000000000e+02 9.454891994917410947e-02
