20220916 11:06:30,698	c_0_000_20220916_11_06_30,698.bmp	5,203074E-1	1,415322E-1	4,973106E-3	1,094073E-2	8,454256E-4	7,286736E-3	1,385405E+0	1,385905E+0
20220916 11:06:36,699	c_0_001_20220916_11_06_36,699.bmp	5,775656E-1	1,542638E-1	1,006456E-2	1,349272E-2	-1,187515E-2	-1,311118E-2	1,398148E+0	1,396136E+0
20220916 11:06:42,702	c_0_002_20220916_11_06_42,702.bmp	6,335513E-1	1,771807E-1	6,245971E-3	1,094073E-2	-4,242803E-3	-1,056144E-2	1,387954E+0	1,388463E+0
20220916 11:06:48,707	c_0_003_20220916_11_06_48,707.bmp	6,819027E-1	1,962781E-1	8,791700E-3	1,221673E-2	-6,786918E-3	1,238622E-2	1,390502E+0	1,396136E+0
20220916 11:06:54,707	c_0_004_20220916_11_06_54,707.bmp	7,277092E-1	2,204681E-1	3,700242E-3	1,094073E-2	-6,786918E-3	-1,056144E-2	1,382857E+0	1,388463E+0
20220916 11:07:00,711	c_0_005_20220916_11_07_00,711.bmp	7,493400E-1	2,344728E-1	8,791700E-3	1,094073E-2	-6,786918E-3	-3,624835E-4	1,398148E+0	1,385905E+0
20220916 11:07:06,715	c_0_006_20220916_11_07_06,715.bmp	7,646089E-1	2,561165E-1	7,518835E-3	1,094073E-2	-1,696338E-2	-8,011703E-3	1,387954E+0	1,388463E+0
20220916 11:07:12,716	c_0_007_20220916_11_07_12,716.bmp	7,696985E-1	2,790334E-1	3,700242E-3	8,388745E-3	-4,242803E-3	2,187256E-3	1,382857E+0	1,383347E+0
20220916 11:07:18,717	c_0_008_20220916_11_07_18,717.bmp	7,722433E-1	2,968576E-1	7,518835E-3	1,094073E-2	3,389540E-3	-5,461963E-3	1,390502E+0	1,388463E+0
20220916 11:07:24,721	c_0_009_20220916_11_07_24,721.bmp	7,722433E-1	3,172282E-1	8,791700E-3	9,664739E-3	-1,187515E-2	-8,011703E-3	1,387954E+0	1,385905E+0
20220916 11:07:30,722	c_0_010_20220916_11_07_30,722.bmp	7,735157E-1	3,375987E-1	6,245971E-3	1,094073E-2	-4,242803E-3	-8,011703E-3	1,390502E+0	1,388463E+0
20220916 11:07:36,722	c_0_011_20220916_11_07_36,722.bmp	7,735157E-1	3,528766E-1	1,006456E-2	1,349272E-2	-9,331032E-3	-3,624835E-4	1,398148E+0	1,388463E+0
20220916 11:07:42,728	c_0_012_20220916_11_07_42,728.bmp	7,760605E-1	3,796130E-1	7,518835E-3	7,112750E-3	-9,331032E-3	2,187256E-3	1,382857E+0	1,383347E+0
20220916 11:07:48,730	c_0_013_20220916_11_07_48,730.bmp	7,786053E-1	3,961640E-1	3,700242E-3	9,664739E-3	-9,331032E-3	-2,912223E-3	1,387954E+0	1,388463E+0
20220916 11:07:54,730	c_0_014_20220916_11_07_54,730.bmp	7,836949E-1	4,165346E-1	6,245971E-3	1,094073E-2	-1,187515E-2	-1,311118E-2	1,387954E+0	1,388463E+0
20220916 11:08:00,732	c_0_015_20220916_11_08_00,732.bmp	7,747881E-1	4,369051E-1	7,518835E-3	7,112750E-3	8,454256E-4	-8,011703E-3	1,387954E+0	1,383347E+0
20220916 11:08:06,732	c_0_016_20220916_11_08_06,732.bmp	7,696985E-1	4,547293E-1	7,518835E-3	1,349272E-2	-1,696338E-2	-1,566092E-2	1,398148E+0	1,393578E+0
20220916 11:08:12,735	c_0_017_20220916_11_08_12,735.bmp	7,544297E-1	4,738267E-1	8,791700E-3	1,476871E-2	-1,950749E-2	-8,011703E-3	1,395599E+0	1,385905E+0
20220916 11:08:18,738	c_0_018_20220916_11_08_18,738.bmp	7,480676E-1	4,954704E-1	6,245971E-3	1,094073E-2	-3,731629E-2	-3,624835E-4	1,390502E+0	1,388463E+0
20220916 11:08:24,738	c_0_019_20220916_11_08_24,738.bmp	7,238920E-1	5,171141E-1	6,245971E-3	1,094073E-2	1,356600E-2	-1,311118E-2	1,387954E+0	1,388463E+0
20220916 11:08:30,739	c_0_020_20220916_11_08_30,739.bmp	6,882647E-1	5,374847E-1	4,973106E-3	1,349272E-2	-1,441926E-2	-1,566092E-2	1,390502E+0	1,396136E+0
20220916 11:08:36,742	c_0_021_20220916_11_08_36,742.bmp	6,806303E-1	5,578552E-1	6,245971E-3	1,349272E-2	-1,698689E-3	-1,056144E-2	1,390502E+0	1,393578E+0
20220916 11:08:42,743	c_0_022_20220916_11_08_42,743.bmp	6,768130E-1	5,731331E-1	1,006456E-2	9,664739E-3	-1,187515E-2	-1,311118E-2	1,395599E+0	1,388463E+0
20220916 11:08:48,750	c_0_023_20220916_11_08_48,750.bmp	6,844475E-1	5,998694E-1	3,700242E-3	7,112750E-3	5,933654E-3	-3,624835E-4	1,385405E+0	1,385905E+0
20220916 11:08:54,752	c_0_024_20220916_11_08_54,752.bmp	6,882647E-1	6,164205E-1	7,518835E-3	1,094073E-2	-1,698689E-3	-3,095936E-2	1,387954E+0	1,385905E+0
20220916 11:09:00,754	c_0_025_20220916_11_09_00,754.bmp	6,920819E-1	6,329716E-1	1,006456E-2	1,349272E-2	-1,187515E-2	-8,011703E-3	1,398148E+0	1,393578E+0
20220916 11:09:06,757	c_0_026_20220916_11_09_06,757.bmp	7,009887E-1	6,597079E-1	7,518835E-3	7,112750E-3	-9,331032E-3	-1,056144E-2	1,385405E+0	1,385905E+0
20220916 11:09:12,758	c_0_027_20220916_11_09_12,758.bmp	7,086231E-1	6,800785E-1	6,245971E-3	5,836756E-3	3,389540E-3	2,187256E-3	1,385405E+0	1,383347E+0
20220916 11:09:18,758	c_0_028_20220916_11_09_18,758.bmp	7,098955E-1	6,966295E-1	2,427377E-3	1,094073E-2	3,389540E-3	-5,461963E-3	1,387954E+0	1,388463E+0
20220916 11:09:24,761	c_0_029_20220916_11_09_24,761.bmp	6,513650E-1	7,195464E-1	3,700242E-3	1,094073E-2	5,933654E-3	-5,461963E-3	1,385405E+0	1,388463E+0
20220916 11:09:30,762	c_0_030_20220916_11_09_30,762.bmp	6,437306E-1	7,335511E-1	1,006456E-2	1,349272E-2	-1,696338E-2	-1,566092E-2	1,395599E+0	1,396136E+0
20220916 11:09:36,762	c_0_031_20220916_11_09_36,762.bmp	6,488202E-1	7,551948E-1	4,973106E-3	1,094073E-2	-6,786918E-3	-1,566092E-2	1,390502E+0	1,388463E+0
20220916 11:09:42,765	c_0_032_20220916_11_09_42,765.bmp	6,539098E-1	7,755654E-1	1,006456E-2	1,094073E-2	8,454256E-4	-5,461963E-3	1,390502E+0	1,385905E+0
20220916 11:09:48,765	c_0_033_20220916_11_09_48,765.bmp	6,717234E-1	8,010286E-1	2,427377E-3	7,112750E-3	3,389540E-3	-5,461963E-3	1,382857E+0	1,388463E+0
20220916 11:09:54,767	c_0_034_20220916_11_09_54,767.bmp	6,780855E-1	8,175796E-1	8,791700E-3	1,094073E-2	-4,242803E-3	-5,461963E-3	1,387954E+0	1,383347E+0
20220916 11:10:00,768	c_0_035_20220916_11_10_00,768.bmp	6,984439E-1	8,366770E-1	7,518835E-3	1,094073E-2	8,454256E-4	-2,331014E-2	1,390502E+0	1,396136E+0
20220916 11:10:06,769	c_0_036_20220916_11_10_06,769.bmp	7,162576E-1	8,557744E-1	4,973106E-3	1,349272E-2	-6,786918E-3	-1,056144E-2	1,390502E+0	1,396136E+0
20220916 11:10:12,770	c_0_037_20220916_11_10_12,770.bmp	7,277092E-1	8,761449E-1	6,245971E-3	1,094073E-2	-6,786918E-3	-8,011703E-3	1,387954E+0	1,385905E+0
20220916 11:10:18,773	c_0_038_20220916_11_10_18,773.bmp	7,480676E-1	8,926960E-1	1,006456E-2	1,221673E-2	-9,331032E-3	-1,056144E-2	1,395599E+0	1,393578E+0
20220916 11:10:24,777	c_0_039_20220916_11_10_24,777.bmp	7,646089E-1	9,168860E-1	7,518835E-3	1,094073E-2	-2,459572E-2	-1,311118E-2	1,390502E+0	1,393578E+0
20220916 11:10:30,778	c_0_040_20220916_11_10_30,778.bmp	7,786053E-1	9,398029E-1	7,518835E-3	7,112750E-3	1,356600E-2	-3,624835E-4	1,382857E+0	1,383347E+0
20220916 11:10:36,779	c_0_041_20220916_11_10_36,779.bmp	7,938742E-1	9,563539E-1	8,791700E-3	1,094073E-2	-1,187515E-2	-5,461963E-3	1,387954E+0	1,388463E+0
20220916 11:10:42,782	c_0_042_20220916_11_10_42,782.bmp	8,116878E-1	9,754513E-1	8,791700E-3	1,094073E-2	-1,696338E-2	2,187256E-3	1,398148E+0	1,388463E+0
20220916 11:10:48,783	c_0_043_20220916_11_10_48,783.bmp	8,295015E-1	9,983682E-1	7,518835E-3	1,094073E-2	3,389540E-3	-1,056144E-2	1,387954E+0	1,396136E+0
20220916 11:10:54,785	c_0_044_20220916_11_10_54,785.bmp	8,460427E-1	1,017466E+0	6,245971E-3	1,349272E-2	-6,786918E-3	-1,056144E-2	1,390502E+0	1,396136E+0
20220916 11:11:00,788	c_0_045_20220916_11_11_00,788.bmp	8,613116E-1	1,040382E+0	4,973106E-3	7,112750E-3	-4,242803E-3	9,836476E-3	1,382857E+0	1,383347E+0
20220916 11:11:06,788	c_0_046_20220916_11_11_06,788.bmp	8,816700E-1	1,055660E+0	7,518835E-3	1,094073E-2	-1,187515E-2	-1,056144E-2	1,387954E+0	1,388463E+0
20220916 11:11:12,789	c_0_047_20220916_11_11_12,789.bmp	8,918492E-1	1,079850E+0	6,245971E-3	7,112750E-3	-9,331032E-3	-3,624835E-4	1,382857E+0	1,385905E+0
20220916 11:11:18,790	c_0_048_20220916_11_11_18,790.bmp	9,122077E-1	1,098948E+0	3,700242E-3	7,112750E-3	5,933654E-3	4,736996E-3	1,382857E+0	1,383347E+0
20220916 11:11:24,792	c_0_049_20220916_11_11_24,792.bmp	9,262041E-1	1,114226E+0	7,518835E-3	1,349272E-2	8,454256E-4	-1,056144E-2	1,398148E+0	1,396136E+0
20220916 11:11:30,793	c_0_050_20220916_11_11_30,793.bmp	9,427454E-1	1,133323E+0	7,518835E-3	1,349272E-2	1,865423E-2	-1,821066E-2	1,398148E+0	1,396136E+0
20220916 11:11:36,793	c_0_051_20220916_11_11_36,793.bmp	9,529246E-1	1,156240E+0	1,006456E-2	1,094073E-2	-6,786918E-3	-2,912223E-3	1,387954E+0	1,388463E+0
20220916 11:11:42,794	c_0_052_20220916_11_11_42,794.bmp	9,681934E-1	1,172791E+0	8,791700E-3	9,664739E-3	-4,242803E-3	-2,912223E-3	1,395599E+0	1,385905E+0
20220916 11:11:48,797	c_0_053_20220916_11_11_48,797.bmp	9,834623E-1	1,200800E+0	7,518835E-3	8,388745E-3	-1,950749E-2	-3,624835E-4	1,385405E+0	1,383347E+0
20220916 11:11:54,800	c_0_054_20220916_11_11_54,800.bmp	9,974587E-1	1,218625E+0	7,518835E-3	1,094073E-2	-6,786918E-3	-3,350910E-2	1,390502E+0	1,388463E+0
20220916 11:12:00,803	c_0_055_20220916_11_12_00,803.bmp	8,816700E-1	1,237722E+0	3,700242E-3	1,094073E-2	-1,698689E-3	-8,011703E-3	1,387954E+0	1,388463E+0
20220916 11:12:06,804	c_0_056_20220916_11_12_06,804.bmp	8,333187E-1	1,253000E+0	8,791700E-3	1,094073E-2	-1,187515E-2	-3,624835E-4	1,398148E+0	1,385905E+0
20220916 11:12:12,804	c_0_057_20220916_11_12_12,804.bmp	8,358635E-1	1,272097E+0	7,518835E-3	1,349272E-2	-4,242803E-3	-1,821066E-2	1,398148E+0	1,393578E+0
20220916 11:12:18,808	c_0_058_20220916_11_12_18,808.bmp	8,384083E-1	1,295014E+0	8,791700E-3	1,094073E-2	8,477769E-3	-8,011703E-3	1,390502E+0	1,388463E+0
20220916 11:12:24,808	c_0_059_20220916_11_12_24,808.bmp	8,473151E-1	1,319204E+0	3,700242E-3	1,094073E-2	-6,786918E-3	-5,461963E-3	1,382857E+0	1,388463E+0
20220916 11:12:30,808	c_0_060_20220916_11_12_30,808.bmp	8,485875E-1	1,337028E+0	6,245971E-3	7,112750E-3	-1,187515E-2	-3,624835E-4	1,390502E+0	1,380789E+0
20220916 11:12:36,812	c_0_061_20220916_11_12_36,812.bmp	8,562219E-1	1,361218E+0	1,154512E-3	8,388745E-3	8,454256E-4	-8,011703E-3	1,385405E+0	1,385905E+0
20220916 11:12:42,813	c_0_062_20220916_11_12_42,813.bmp	8,613116E-1	1,376496E+0	6,245971E-3	1,094073E-2	-9,331032E-3	-3,095936E-2	1,390502E+0	1,388463E+0
20220916 11:12:48,815	c_0_063_20220916_11_12_48,815.bmp	8,613116E-1	1,398140E+0	1,006456E-2	1,094073E-2	-4,242803E-3	-2,912223E-3	1,387954E+0	1,383347E+0
20220916 11:12:54,819	c_0_064_20220916_11_12_54,819.bmp	8,702184E-1	1,417237E+0	8,791700E-3	1,094073E-2	-6,786918E-3	-5,461963E-3	1,387954E+0	1,385905E+0
20220916 11:13:00,820	c_0_065_20220916_11_13_00,820.bmp	8,753080E-1	1,433789E+0	8,791700E-3	1,349272E-2	-1,187515E-2	-2,840962E-2	1,398148E+0	1,396136E+0
20220916 11:13:06,824	c_0_066_20220916_11_13_06,824.bmp	8,829424E-1	1,457979E+0	1,006456E-2	9,664739E-3	-1,950749E-2	-1,821066E-2	1,390502E+0	1,385905E+0
20220916 11:13:12,827	c_0_067_20220916_11_13_12,827.bmp	8,918492E-1	1,475803E+0	1,006456E-2	1,094073E-2	-6,786918E-3	-2,912223E-3	1,398148E+0	1,388463E+0
20220916 11:13:18,827	c_0_068_20220916_11_13_18,827.bmp	9,045733E-1	1,497446E+0	7,518835E-3	1,094073E-2	-6,786918E-3	-8,011703E-3	1,387954E+0	1,388463E+0
20220916 11:13:24,831	c_0_069_20220916_11_13_24,831.bmp	9,160249E-1	1,516544E+0	4,973106E-3	1,094073E-2	-1,187515E-2	-1,311118E-2	1,390502E+0	1,388463E+0
20220916 11:13:30,832	c_0_070_20220916_11_13_30,832.bmp	9,198421E-1	1,533095E+0	1,006456E-2	1,349272E-2	-1,696338E-2	-3,624835E-4	1,395599E+0	1,391021E+0
20220916 11:13:36,832	c_0_071_20220916_11_13_36,832.bmp	9,312937E-1	1,559831E+0	7,518835E-3	7,112750E-3	-6,786918E-3	9,836476E-3	1,382857E+0	1,383347E+0
20220916 11:13:42,835	c_0_072_20220916_11_13_42,835.bmp	9,414730E-1	1,577655E+0	7,518835E-3	1,094073E-2	-9,331032E-3	-8,011703E-3	1,387954E+0	1,383347E+0
20220916 11:13:48,836	c_0_073_20220916_11_13_48,836.bmp	9,554694E-1	1,600572E+0	3,700242E-3	1,094073E-2	-6,786918E-3	2,187256E-3	1,382857E+0	1,388463E+0
20220916 11:13:54,837	c_0_074_20220916_11_13_54,837.bmp	9,656486E-1	1,620943E+0	3,700242E-3	1,094073E-2	-4,242803E-3	-8,011703E-3	1,382857E+0	1,388463E+0
20220916 11:14:00,840	c_0_075_20220916_11_14_00,840.bmp	9,771003E-1	1,637494E+0	2,427377E-3	1,094073E-2	-4,242803E-3	-2,912223E-3	1,390502E+0	1,388463E+0
20220916 11:14:06,841	c_0_076_20220916_11_14_06,841.bmp	9,809175E-1	1,659138E+0	1,006456E-2	9,664739E-3	-1,441926E-2	-5,461963E-3	1,387954E+0	1,388463E+0
20220916 11:14:12,845	c_0_077_20220916_11_14_12,845.bmp	9,974587E-1	1,679508E+0	3,700242E-3	1,094073E-2	8,454256E-4	-8,011703E-3	1,382857E+0	1,388463E+0
20220916 11:14:18,845	c_0_078_20220916_11_14_18,845.bmp	1,003821E+0	1,697332E+0	6,245971E-3	1,476871E-2	-4,242803E-3	-1,056144E-2	1,387954E+0	1,393578E+0
20220916 11:14:24,852	c_0_079_20220916_11_14_24,852.bmp	1,017817E+0	1,718976E+0	3,700242E-3	1,094073E-2	-4,242803E-3	-8,011703E-3	1,382857E+0	1,388463E+0
20220916 11:14:30,852	c_0_080_20220916_11_14_30,852.bmp	1,026724E+0	1,739347E+0	3,700242E-3	8,388745E-3	-4,242803E-3	-8,011703E-3	1,382857E+0	1,388463E+0
20220916 11:14:36,852	c_0_081_20220916_11_14_36,852.bmp	1,026724E+0	1,755898E+0	1,006456E-2	1,094073E-2	-1,698689E-3	-2,912223E-3	1,387954E+0	1,388463E+0
20220916 11:14:42,853	c_0_082_20220916_11_14_42,853.bmp	1,033086E+0	1,780088E+0	7,518835E-3	7,112750E-3	8,454256E-4	-8,011703E-3	1,385405E+0	1,385905E+0
20220916 11:14:48,857	c_0_083_20220916_11_14_48,857.bmp	1,007638E+0	1,792819E+0	1,006456E-2	1,476871E-2	-1,187515E-2	-8,011703E-3	1,398148E+0	1,396136E+0
20220916 11:14:54,861	c_0_084_20220916_11_14_54,861.bmp	8,180498E-1	1,819556E+0	3,700242E-3	8,388745E-3	8,454256E-4	2,187256E-3	1,385405E+0	1,383347E+0
20220916 11:15:00,862	c_0_085_20220916_11_15_00,862.bmp	7,875122E-1	1,836107E+0	6,245971E-3	1,094073E-2	-6,786918E-3	-3,624835E-4	1,390502E+0	1,388463E+0
20220916 11:15:06,862	c_0_086_20220916_11_15_06,862.bmp	7,824225E-1	1,859024E+0	7,518835E-3	8,388745E-3	-4,242803E-3	-5,461963E-3	1,382857E+0	1,388463E+0
20220916 11:15:12,866	c_0_087_20220916_11_15_12,866.bmp	7,849673E-1	1,873028E+0	8,791700E-3	1,476871E-2	-6,786918E-3	-3,624835E-4	1,395599E+0	1,396136E+0
20220916 11:15:18,867	c_0_088_20220916_11_15_18,867.bmp	7,900570E-1	1,895945E+0	8,791700E-3	1,094073E-2	8,454256E-4	-3,624835E-4	1,390502E+0	1,388463E+0
20220916 11:15:24,871	c_0_089_20220916_11_15_24,871.bmp	8,053258E-1	1,916316E+0	4,973106E-3	9,664739E-3	-4,242803E-3	-2,912223E-3	1,390502E+0	1,393578E+0
20220916 11:15:30,872	c_0_090_20220916_11_15_30,872.bmp	8,091430E-1	1,936686E+0	6,245971E-3	9,664739E-3	-1,441926E-2	-2,912223E-3	1,387954E+0	1,385905E+0
20220916 11:15:36,876	c_0_091_20220916_11_15_36,876.bmp	8,142326E-1	1,957057E+0	7,518835E-3	8,388745E-3	-4,242803E-3	4,736996E-3	1,390502E+0	1,383347E+0
20220916 11:15:42,877	c_0_092_20220916_11_15_42,877.bmp	8,244119E-1	1,979974E+0	3,700242E-3	8,388745E-3	-1,698689E-3	2,187256E-3	1,382857E+0	1,383347E+0
20220916 11:15:48,881	c_0_093_20220916_11_15_48,881.bmp	8,333187E-1	1,999071E+0	3,700242E-3	1,094073E-2	3,389540E-3	-5,461963E-3	1,382857E+0	1,388463E+0
20220916 11:15:54,885	c_0_094_20220916_11_15_54,885.bmp	8,422255E-1	2,016895E+0	8,791700E-3	1,094073E-2	-6,786918E-3	-1,821066E-2	1,390502E+0	1,388463E+0
20220916 11:16:00,889	c_0_095_20220916_11_16_00,889.bmp	8,511323E-1	2,039812E+0	3,700242E-3	1,094073E-2	-1,441926E-2	-5,461963E-3	1,382857E+0	1,388463E+0
20220916 11:16:06,892	c_0_096_20220916_11_16_06,892.bmp	8,574943E-1	2,056363E+0	4,973106E-3	1,094073E-2	-9,331032E-3	-5,461963E-3	1,387954E+0	1,385905E+0
20220916 11:16:12,896	c_0_097_20220916_11_16_12,896.bmp	8,613116E-1	2,076734E+0	8,791700E-3	1,094073E-2	-6,786918E-3	2,187256E-3	1,390502E+0	1,385905E+0
20220916 11:16:18,896	c_0_098_20220916_11_16_18,896.bmp	8,714908E-1	2,097104E+0	6,245971E-3	1,476871E-2	-1,441926E-2	-1,566092E-2	1,387954E+0	1,396136E+0
20220916 11:16:24,897	c_0_099_20220916_11_16_24,897.bmp	8,803976E-1	2,113655E+0	6,245971E-3	1,349272E-2	-1,698689E-3	-2,076040E-2	1,387954E+0	1,396136E+0
20220916 11:16:30,903	c_0_100_20220916_11_16_30,903.bmp	8,918492E-1	2,135299E+0	6,245971E-3	1,094073E-2	-9,331032E-3	-8,011703E-3	1,390502E+0	1,388463E+0
20220916 11:16:36,908	c_0_101_20220916_11_16_36,908.bmp	8,969389E-1	2,154396E+0	8,791700E-3	1,349272E-2	-1,187515E-2	-1,056144E-2	1,395599E+0	1,393578E+0
20220916 11:16:42,913	c_0_102_20220916_11_16_42,913.bmp	9,058457E-1	2,176040E+0	6,245971E-3	1,094073E-2	-1,441926E-2	-1,821066E-2	1,387954E+0	1,396136E+0
20220916 11:16:48,916	c_0_103_20220916_11_16_48,916.bmp	9,096629E-1	2,191318E+0	8,791700E-3	1,094073E-2	-1,441926E-2	-5,461963E-3	1,398148E+0	1,388463E+0
20220916 11:16:54,917	c_0_104_20220916_11_16_54,917.bmp	9,223869E-1	2,214235E+0	8,791700E-3	1,221673E-2	-1,441926E-2	-8,011703E-3	1,398148E+0	1,396136E+0
20220916 11:17:00,922	c_0_105_20220916_11_17_00,922.bmp	9,287489E-1	2,233332E+0	1,006456E-2	1,094073E-2	-1,950749E-2	-1,056144E-2	1,398148E+0	1,385905E+0
20220916 11:17:06,922	c_0_106_20220916_11_17_06,922.bmp	9,363834E-1	2,256249E+0	6,245971E-3	1,094073E-2	-4,242803E-3	-8,011703E-3	1,387954E+0	1,385905E+0
20220916 11:17:12,925	c_0_107_20220916_11_17_12,925.bmp	9,503798E-1	2,275347E+0	3,700242E-3	1,094073E-2	-9,331032E-3	-5,461963E-3	1,390502E+0	1,393578E+0
20220916 11:17:18,928	c_0_108_20220916_11_17_18,928.bmp	9,592866E-1	2,295717E+0	3,700242E-3	1,094073E-2	-6,786918E-3	-1,056144E-2	1,387954E+0	1,385905E+0
20220916 11:17:24,932	c_0_109_20220916_11_17_24,932.bmp	9,669210E-1	2,319907E+0	3,700242E-3	1,094073E-2	-4,242803E-3	2,187256E-3	1,385405E+0	1,388463E+0
20220916 11:17:30,935	c_0_110_20220916_11_17_30,935.bmp	9,707383E-1	2,339005E+0	7,518835E-3	7,112750E-3	-1,441926E-2	-3,624835E-4	1,385405E+0	1,383347E+0
20220916 11:17:36,936	c_0_111_20220916_11_17_36,936.bmp	9,745555E-1	2,356829E+0	8,791700E-3	1,094073E-2	-1,187515E-2	-8,011703E-3	1,387954E+0	1,388463E+0
20220916 11:17:42,936	c_0_112_20220916_11_17_42,936.bmp	9,821899E-1	2,373380E+0	7,518835E-3	1,349272E-2	-1,696338E-2	-1,311118E-2	1,398148E+0	1,393578E+0
20220916 11:17:48,940	c_0_113_20220916_11_17_48,940.bmp	9,847347E-1	2,395024E+0	7,518835E-3	1,094073E-2	-1,441926E-2	2,187256E-3	1,387954E+0	1,388463E+0
20220916 11:17:54,942	c_0_114_20220916_11_17_54,942.bmp	9,847347E-1	2,415394E+0	6,245971E-3	9,664739E-3	-9,331032E-3	-1,056144E-2	1,387954E+0	1,383347E+0
20220916 11:18:00,942	c_0_115_20220916_11_18_00,942.bmp	7,798777E-1	2,435765E+0	7,518835E-3	9,664739E-3	-4,242803E-3	-8,011703E-3	1,387954E+0	1,388463E+0
20220916 11:18:06,946	c_0_116_20220916_11_18_06,946.bmp	7,251644E-1	2,458681E+0	3,700242E-3	8,388745E-3	-1,698689E-3	-3,624835E-4	1,385405E+0	1,385905E+0
20220916 11:18:12,947	c_0_117_20220916_11_18_12,947.bmp	7,226196E-1	2,472686E+0	7,518835E-3	1,349272E-2	-1,187515E-2	-1,821066E-2	1,398148E+0	1,393578E+0
20220916 11:18:18,953	c_0_118_20220916_11_18_18,953.bmp	7,264368E-1	2,495603E+0	7,518835E-3	1,476871E-2	-1,950749E-2	-5,461963E-3	1,390502E+0	1,393578E+0
20220916 11:18:24,958	c_0_119_20220916_11_18_24,958.bmp	7,327988E-1	2,517247E+0	4,973106E-3	7,112750E-3	-1,698689E-3	-8,011703E-3	1,382857E+0	1,383347E+0
20220916 11:18:30,963	c_0_120_20220916_11_18_30,963.bmp	7,340712E-1	2,536344E+0	6,245971E-3	1,094073E-2	-9,331032E-3	2,187256E-3	1,387954E+0	1,383347E+0
20220916 11:18:36,966	c_0_121_20220916_11_18_36,966.bmp	7,391608E-1	2,557988E+0	7,518835E-3	8,388745E-3	-1,950749E-2	2,187256E-3	1,385405E+0	1,383347E+0
20220916 11:18:42,967	c_0_122_20220916_11_18_42,967.bmp	7,455228E-1	2,575812E+0	6,245971E-3	1,349272E-2	-9,331032E-3	-1,056144E-2	1,387954E+0	1,396136E+0
20220916 11:18:48,972	c_0_123_20220916_11_18_48,972.bmp	7,493400E-1	2,597456E+0	6,245971E-3	1,094073E-2	-1,187515E-2	-8,011703E-3	1,387954E+0	1,383347E+0
20220916 11:18:54,972	c_0_124_20220916_11_18_54,972.bmp	7,633365E-1	2,619099E+0	3,700242E-3	8,388745E-3	-1,187515E-2	-3,624835E-4	1,382857E+0	1,388463E+0
20220916 11:19:00,973	c_0_125_20220916_11_19_00,973.bmp	7,684261E-1	2,639470E+0	3,700242E-3	1,094073E-2	8,454256E-4	9,836476E-3	1,382857E+0	1,388463E+0
20220916 11:19:06,977	c_0_126_20220916_11_19_06,977.bmp	7,671537E-1	2,653475E+0	8,791700E-3	9,664739E-3	-1,441926E-2	-1,566092E-2	1,393051E+0	1,391021E+0
20220916 11:19:12,981	c_0_127_20220916_11_19_12,981.bmp	7,773329E-1	2,672572E+0	6,245971E-3	1,349272E-2	-9,331032E-3	-1,056144E-2	1,398148E+0	1,396136E+0
20220916 11:19:18,982	c_0_128_20220916_11_19_18,982.bmp	7,849673E-1	2,696762E+0	7,518835E-3	1,094073E-2	-9,331032E-3	-2,076040E-2	1,390502E+0	1,396136E+0
20220916 11:19:24,984	c_0_129_20220916_11_19_24,984.bmp	7,938742E-1	2,720952E+0	3,700242E-3	7,112750E-3	8,454256E-4	-3,624835E-4	1,382857E+0	1,380789E+0
20220916 11:19:30,987	c_0_130_20220916_11_19_30,987.bmp	8,027810E-1	2,736230E+0	3,700242E-3	1,094073E-2	-1,950749E-2	-8,011703E-3	1,387954E+0	1,388463E+0
20220916 11:19:36,992	c_0_131_20220916_11_19_36,992.bmp	8,040534E-1	2,760420E+0	2,427377E-3	7,112750E-3	-6,786918E-3	-2,912223E-3	1,385405E+0	1,383347E+0
20220916 11:19:42,996	c_0_132_20220916_11_19_42,996.bmp	8,091430E-1	2,779518E+0	7,518835E-3	8,388745E-3	8,454256E-4	2,187256E-3	1,382857E+0	1,380789E+0
20220916 11:19:48,996	c_0_133_20220916_11_19_48,996.bmp	8,167774E-1	2,794795E+0	2,427377E-3	1,094073E-2	3,389540E-3	2,187256E-3	1,390502E+0	1,388463E+0
20220916 11:19:54,997	c_0_134_20220916_11_19_54,997.bmp	8,218670E-1	2,820259E+0	3,700242E-3	1,094073E-2	-1,698689E-3	-1,311118E-2	1,382857E+0	1,388463E+0
20220916 11:20:00,998	c_0_135_20220916_11_20_00,998.bmp	8,231394E-1	2,831717E+0	7,518835E-3	1,349272E-2	-6,786918E-3	-1,566092E-2	1,398148E+0	1,393578E+0
20220916 11:20:07,003	c_0_136_20220916_11_20_07,003.bmp	8,244119E-1	2,857180E+0	4,973106E-3	1,094073E-2	8,454256E-4	-2,912223E-3	1,387954E+0	1,383347E+0
20220916 11:20:13,009	c_0_137_20220916_11_20_13,009.bmp	8,295015E-1	2,876278E+0	8,791700E-3	1,094073E-2	-2,968395E-2	-3,624835E-4	1,390502E+0	1,388463E+0
20220916 11:20:19,013	c_0_138_20220916_11_20_19,013.bmp	8,333187E-1	2,892829E+0	8,791700E-3	1,349272E-2	-1,187515E-2	-1,311118E-2	1,395599E+0	1,388463E+0
20220916 11:20:25,017	c_0_139_20220916_11_20_25,017.bmp	8,320463E-1	2,914472E+0	7,518835E-3	1,094073E-2	-4,242803E-3	2,187256E-3	1,387954E+0	1,393578E+0
20220916 11:20:31,018	c_0_140_20220916_11_20_31,018.bmp	8,295015E-1	2,939936E+0	6,245971E-3	8,388745E-3	-9,331032E-3	2,187256E-3	1,382857E+0	1,380789E+0
20220916 11:20:37,018	c_0_141_20220916_11_20_37,018.bmp	8,218670E-1	2,952667E+0	8,791700E-3	1,349272E-2	-1,696338E-2	-1,821066E-2	1,398148E+0	1,388463E+0
20220916 11:20:43,022	c_0_142_20220916_11_20_43,022.bmp	8,129602E-1	2,979403E+0	3,700242E-3	7,112750E-3	8,454256E-4	2,187256E-3	1,382857E+0	1,383347E+0
20220916 11:20:49,023	c_0_143_20220916_11_20_49,023.bmp	8,167774E-1	2,999774E+0	2,427377E-3	1,094073E-2	-1,698689E-3	-8,011703E-3	1,385405E+0	1,388463E+0
20220916 11:20:55,023	c_0_144_20220916_11_20_55,023.bmp	8,155050E-1	3,016325E+0	6,245971E-3	7,112750E-3	-6,786918E-3	2,187256E-3	1,387954E+0	1,380789E+0
20220916 11:21:01,027	c_0_145_20220916_11_21_01,027.bmp	8,193222E-1	3,032876E+0	7,518835E-3	1,349272E-2	-6,786918E-3	-1,311118E-2	1,395599E+0	1,396136E+0
20220916 11:21:07,028	c_0_146_20220916_11_21_07,028.bmp	8,180498E-1	3,051974E+0	8,791700E-3	1,349272E-2	-3,986040E-2	-5,461963E-3	1,398148E+0	1,393578E+0
20220916 11:21:13,032	c_0_147_20220916_11_21_13,032.bmp	8,244119E-1	3,074890E+0	3,700242E-3	1,094073E-2	-6,786918E-3	-2,912223E-3	1,387954E+0	1,388463E+0
20220916 11:21:19,032	c_0_148_20220916_11_21_19,032.bmp	8,218670E-1	3,092715E+0	8,791700E-3	1,476871E-2	-6,786918E-3	-1,056144E-2	1,398148E+0	1,393578E+0
20220916 11:21:25,037	c_0_149_20220916_11_21_25,037.bmp	7,417056E-1	3,111812E+0	7,518835E-3	1,349272E-2	-1,187515E-2	-1,311118E-2	1,395599E+0	1,393578E+0
20220916 11:21:31,041	c_0_150_20220916_11_21_31,041.bmp	7,111679E-1	3,132183E+0	8,791700E-3	1,094073E-2	-1,441926E-2	-3,624835E-4	1,398148E+0	1,391021E+0
20220916 11:21:37,041	c_0_151_20220916_11_21_37,041.bmp	6,971715E-1	3,152553E+0	1,006456E-2	1,094073E-2	-1,187515E-2	-1,311118E-2	1,395599E+0	1,388463E+0
20220916 11:21:43,043	c_0_152_20220916_11_21_43,043.bmp	6,997163E-1	3,176743E+0	7,518835E-3	1,094073E-2	-4,242803E-3	-5,461963E-3	1,387954E+0	1,388463E+0
20220916 11:21:49,045	c_0_153_20220916_11_21_49,045.bmp	7,009887E-1	3,195840E+0	7,518835E-3	1,094073E-2	-1,187515E-2	2,187256E-3	1,390502E+0	1,388463E+0
20220916 11:21:55,047	c_0_154_20220916_11_21_55,047.bmp	7,060783E-1	3,214938E+0	7,518835E-3	1,094073E-2	-1,441926E-2	-2,912223E-3	1,390502E+0	1,388463E+0
20220916 11:22:01,054	c_0_155_20220916_11_22_01,054.bmp	7,060783E-1	3,235308E+0	7,518835E-3	1,349272E-2	-9,331032E-3	-1,311118E-2	1,387954E+0	1,396136E+0
20220916 11:22:07,058	c_0_156_20220916_11_22_07,058.bmp	7,124403E-1	3,259498E+0	3,700242E-3	7,112750E-3	8,454256E-4	-3,624835E-4	1,382857E+0	1,380789E+0
20220916 11:22:13,062	c_0_157_20220916_11_22_13,062.bmp	7,124403E-1	3,276050E+0	7,518835E-3	1,094073E-2	-1,187515E-2	-2,912223E-3	1,390502E+0	1,391021E+0
20220916 11:22:19,063	c_0_158_20220916_11_22_19,063.bmp	7,149852E-1	3,295147E+0	7,518835E-3	1,094073E-2	-6,786918E-3	-2,331014E-2	1,390502E+0	1,388463E+0
20220916 11:22:25,063	c_0_159_20220916_11_22_25,063.bmp	7,188024E-1	3,315517E+0	7,518835E-3	7,112750E-3	-6,786918E-3	4,736996E-3	1,393051E+0	1,380789E+0
20220916 11:22:31,065	c_0_160_20220916_11_22_31,065.bmp	7,226196E-1	3,335888E+0	7,518835E-3	5,836756E-3	8,454256E-4	2,187256E-3	1,387954E+0	1,383347E+0
20220916 11:22:37,069	c_0_161_20220916_11_22_37,069.bmp	7,251644E-1	3,352439E+0	6,245971E-3	1,349272E-2	-3,731629E-2	-3,624835E-4	1,395599E+0	1,393578E+0
20220916 11:22:43,073	c_0_162_20220916_11_22_43,073.bmp	7,327988E-1	3,379175E+0	3,700242E-3	1,094073E-2	-6,786918E-3	-2,076040E-2	1,382857E+0	1,388463E+0
20220916 11:22:49,076	c_0_163_20220916_11_22_49,076.bmp	7,315264E-1	3,398273E+0	7,518835E-3	8,388745E-3	-1,441926E-2	-5,461963E-3	1,385405E+0	1,383347E+0
20220916 11:22:55,077	c_0_164_20220916_11_22_55,077.bmp	7,340712E-1	3,416097E+0	6,245971E-3	1,094073E-2	-4,242803E-3	-8,011703E-3	1,387954E+0	1,388463E+0
20220916 11:23:01,081	c_0_165_20220916_11_23_01,081.bmp	7,417056E-1	3,436468E+0	3,700242E-3	9,664739E-3	-1,187515E-2	-2,912223E-3	1,390502E+0	1,391021E+0
20220916 11:23:07,082	c_0_166_20220916_11_23_07,082.bmp	7,429780E-1	3,454292E+0	6,245971E-3	1,094073E-2	-9,331032E-3	-5,461963E-3	1,387954E+0	1,388463E+0
20220916 11:23:13,086	c_0_167_20220916_11_23_13,086.bmp	7,391608E-1	3,479755E+0	7,518835E-3	8,388745E-3	-2,713983E-2	9,836476E-3	1,390502E+0	1,380789E+0
20220916 11:23:19,088	c_0_168_20220916_11_23_19,088.bmp	7,378884E-1	3,498852E+0	7,518835E-3	8,388745E-3	-6,786918E-3	7,286736E-3	1,382857E+0	1,380789E+0
20220916 11:23:25,093	c_0_169_20220916_11_23_25,093.bmp	7,391608E-1	3,520496E+0	3,700242E-3	8,388745E-3	-4,242803E-3	-2,912223E-3	1,382857E+0	1,388463E+0
20220916 11:23:31,094	c_0_170_20220916_11_23_31,094.bmp	7,238920E-1	3,533228E+0	8,791700E-3	1,349272E-2	-1,187515E-2	-1,311118E-2	1,395599E+0	1,393578E+0
20220916 11:23:37,097	c_0_171_20220916_11_23_37,097.bmp	7,149852E-1	3,556144E+0	8,791700E-3	1,094073E-2	-1,950749E-2	-2,912223E-3	1,387954E+0	1,388463E+0
20220916 11:23:43,104	c_0_172_20220916_11_23_43,104.bmp	6,946267E-1	3,579061E+0	3,700242E-3	8,388745E-3	3,389540E-3	-2,912223E-3	1,382857E+0	1,383347E+0
20220916 11:23:49,108	c_0_173_20220916_11_23_49,108.bmp	5,788380E-1	3,595612E+0	1,006456E-2	1,094073E-2	-1,187515E-2	-8,011703E-3	1,387954E+0	1,380789E+0
20220916 11:23:55,108	c_0_174_20220916_11_23_55,108.bmp	5,801104E-1	3,617256E+0	7,518835E-3	9,664739E-3	-6,786918E-3	-1,566092E-2	1,387954E+0	1,385905E+0
20220916 11:24:01,109	c_0_175_20220916_11_24_01,109.bmp	5,864724E-1	3,636353E+0	3,700242E-3	1,094073E-2	-9,331032E-3	-3,624835E-4	1,387954E+0	1,385905E+0
20220916 11:24:07,109	c_0_176_20220916_11_24_07,109.bmp	5,852000E-1	3,651631E+0	1,006456E-2	1,604471E-2	-1,696338E-2	-1,566092E-2	1,395599E+0	1,396136E+0
20220916 11:24:13,109	c_0_177_20220916_11_24_13,109.bmp	5,915620E-1	3,674548E+0	7,518835E-3	1,094073E-2	-6,786918E-3	-1,311118E-2	1,390502E+0	1,388463E+0
20220916 11:24:19,114	c_0_178_20220916_11_24_19,114.bmp	5,966516E-1	3,698738E+0	7,518835E-3	8,388745E-3	8,454256E-4	4,736996E-3	1,385405E+0	1,383347E+0
20220916 11:24:25,118	c_0_179_20220916_11_24_25,118.bmp	5,966516E-1	3,712743E+0	8,791700E-3	1,349272E-2	-1,441926E-2	-1,056144E-2	1,395599E+0	1,388463E+0
20220916 11:24:31,120	c_0_180_20220916_11_24_31,120.bmp	5,991964E-1	3,735660E+0	6,245971E-3	1,094073E-2	-1,698689E-3	-8,011703E-3	1,387954E+0	1,385905E+0
20220916 11:24:37,123	c_0_181_20220916_11_24_37,123.bmp	6,017412E-1	3,754757E+0	1,006456E-2	1,094073E-2	-6,786918E-3	-5,461963E-3	1,395599E+0	1,385905E+0
20220916 11:24:43,127	c_0_182_20220916_11_24_43,127.bmp	6,106481E-1	3,772581E+0	1,006456E-2	1,476871E-2	-1,187515E-2	-1,566092E-2	1,395599E+0	1,393578E+0
20220916 11:24:49,131	c_0_183_20220916_11_24_49,131.bmp	6,144653E-1	3,799318E+0	7,518835E-3	7,112750E-3	8,454256E-4	2,187256E-3	1,382857E+0	1,388463E+0
20220916 11:24:55,136	c_0_184_20220916_11_24_55,136.bmp	6,170101E-1	3,814596E+0	7,518835E-3	1,349272E-2	-6,786918E-3	-8,011703E-3	1,390502E+0	1,396136E+0
20220916 11:25:01,137	c_0_185_20220916_11_25_01,137.bmp	6,208273E-1	3,833693E+0	7,518835E-3	1,476871E-2	-9,331032E-3	-8,011703E-3	1,387954E+0	1,396136E+0
20220916 11:25:07,137	c_0_186_20220916_11_25_07,137.bmp	6,259169E-1	3,855337E+0	4,973106E-3	1,094073E-2	-6,786918E-3	-1,311118E-2	1,387954E+0	1,388463E+0
20220916 11:25:13,139	c_0_187_20220916_11_25_13,139.bmp	6,335513E-1	3,875707E+0	3,700242E-3	1,094073E-2	-4,242803E-3	-2,912223E-3	1,390502E+0	1,388463E+0
20220916 11:25:19,143	c_0_188_20220916_11_25_19,143.bmp	6,322789E-1	3,898624E+0	7,518835E-3	8,388745E-3	-9,331032E-3	-5,461963E-3	1,385405E+0	1,380789E+0
20220916 11:25:25,147	c_0_189_20220916_11_25_25,147.bmp	6,411857E-1	3,915175E+0	7,518835E-3	9,664739E-3	-6,786918E-3	-8,011703E-3	1,390502E+0	1,393578E+0
20220916 11:25:31,154	c_0_190_20220916_11_25_31,154.bmp	6,411857E-1	3,940638E+0	7,518835E-3	8,388745E-3	8,454256E-4	2,768465E-2	1,382857E+0	1,383347E+0
20220916 11:25:37,155	c_0_191_20220916_11_25_37,155.bmp	6,437306E-1	3,957190E+0	7,518835E-3	1,476871E-2	-9,331032E-3	-1,056144E-2	1,387954E+0	1,396136E+0
20220916 11:25:43,159	c_0_192_20220916_11_25_43,159.bmp	6,462754E-1	3,976287E+0	6,245971E-3	8,388745E-3	-1,696338E-2	2,187256E-3	1,387954E+0	1,383347E+0
20220916 11:25:49,163	c_0_193_20220916_11_25_49,163.bmp	6,500926E-1	3,997931E+0	8,791700E-3	9,664739E-3	-4,242803E-3	-8,011703E-3	1,390502E+0	1,383347E+0
20220916 11:25:55,163	c_0_194_20220916_11_25_55,163.bmp	6,602718E-1	4,018301E+0	3,700242E-3	1,094073E-2	-9,331032E-3	-8,011703E-3	1,382857E+0	1,388463E+0
20220916 11:26:01,164	c_0_195_20220916_11_26_01,164.bmp	6,564546E-1	4,032306E+0	8,791700E-3	1,349272E-2	-9,331032E-3	-3,624835E-4	1,395599E+0	1,393578E+0
20220916 11:26:07,168	c_0_196_20220916_11_26_07,168.bmp	6,589994E-1	4,051403E+0	1,006456E-2	1,094073E-2	-1,696338E-2	-1,566092E-2	1,395599E+0	1,385905E+0
20220916 11:26:13,168	c_0_197_20220916_11_26_13,168.bmp	6,666338E-1	4,073047E+0	7,518835E-3	1,349272E-2	-6,786918E-3	-2,076040E-2	1,398148E+0	1,396136E+0
20220916 11:26:19,169	c_0_198_20220916_11_26_19,169.bmp	6,640890E-1	4,093418E+0	8,791700E-3	1,094073E-2	-1,441926E-2	-8,011703E-3	1,395599E+0	1,388463E+0
20220916 11:26:25,170	c_0_199_20220916_11_26_25,170.bmp	6,729958E-1	4,115061E+0	3,700242E-3	1,094073E-2	3,389540E-3	-1,566092E-2	1,385405E+0	1,391021E+0
20220916 11:26:31,171	c_0_200_20220916_11_26_31,171.bmp	6,551822E-1	4,136705E+0	8,791700E-3	1,094073E-2	-1,696338E-2	-3,624835E-4	1,387954E+0	1,388463E+0
20220916 11:26:37,174	c_0_201_20220916_11_26_37,174.bmp	6,093757E-1	4,155802E+0	7,518835E-3	1,094073E-2	-1,698689E-3	-1,311118E-2	1,387954E+0	1,385905E+0
20220916 11:26:43,176	c_0_202_20220916_11_26_43,176.bmp	6,068309E-1	4,176173E+0	7,518835E-3	9,664739E-3	-1,441926E-2	-2,912223E-3	1,387954E+0	1,383347E+0
20220916 11:26:49,178	c_0_203_20220916_11_26_49,178.bmp	6,131929E-1	4,196543E+0	7,518835E-3	1,476871E-2	-1,696338E-2	-1,056144E-2	1,390502E+0	1,396136E+0
20220916 11:26:55,179	c_0_204_20220916_11_26_55,179.bmp	6,195549E-1	4,215641E+0	6,245971E-3	9,664739E-3	-9,331032E-3	-2,912223E-3	1,387954E+0	1,388463E+0
20220916 11:27:01,183	c_0_205_20220916_11_27_01,183.bmp	6,233721E-1	4,237284E+0	3,700242E-3	9,664739E-3	-6,786918E-3	-1,056144E-2	1,390502E+0	1,388463E+0
20220916 11:27:07,187	c_0_206_20220916_11_27_07,187.bmp	6,220997E-1	4,252562E+0	1,006456E-2	1,094073E-2	-1,696338E-2	-1,056144E-2	1,398148E+0	1,388463E+0
20220916 11:27:13,188	c_0_207_20220916_11_27_13,188.bmp	6,259169E-1	4,276752E+0	7,518835E-3	9,664739E-3	-1,698689E-3	-5,461963E-3	1,387954E+0	1,383347E+0
20220916 11:27:19,192	c_0_208_20220916_11_27_19,192.bmp	6,284617E-1	4,297123E+0	6,245971E-3	1,094073E-2	-6,786918E-3	4,736996E-3	1,387954E+0	1,388463E+0
20220916 11:27:25,192	c_0_209_20220916_11_27_25,192.bmp	6,373685E-1	4,316220E+0	6,245971E-3	7,112750E-3	-1,950749E-2	-1,821066E-2	1,387954E+0	1,380789E+0
20220916 11:27:31,197	c_0_210_20220916_11_27_31,197.bmp	6,411857E-1	4,339137E+0	3,700242E-3	5,836756E-3	-1,698689E-3	-2,912223E-3	1,385405E+0	1,383347E+0
20220916 11:27:37,197	c_0_211_20220916_11_27_37,197.bmp	6,386409E-1	4,355688E+0	7,518835E-3	1,094073E-2	-9,331032E-3	-1,821066E-2	1,387954E+0	1,396136E+0
20220916 11:27:43,197	c_0_212_20220916_11_27_43,197.bmp	6,450030E-1	4,379878E+0	3,700242E-3	1,094073E-2	-6,786918E-3	-8,011703E-3	1,382857E+0	1,388463E+0
20220916 11:27:49,205	c_0_213_20220916_11_27_49,205.bmp	6,411857E-1	4,396429E+0	6,245971E-3	8,388745E-3	-1,441926E-2	7,286736E-3	1,390502E+0	1,383347E+0
20220916 11:27:55,205	c_0_214_20220916_11_27_55,205.bmp	6,462754E-1	4,416800E+0	6,245971E-3	1,094073E-2	-6,786918E-3	-5,461963E-3	1,387954E+0	1,388463E+0
20220916 11:28:01,208	c_0_215_20220916_11_28_01,208.bmp	6,450030E-1	4,437170E+0	4,973106E-3	1,094073E-2	-1,698689E-3	-8,011703E-3	1,390502E+0	1,393578E+0
20220916 11:28:07,209	c_0_216_20220916_11_28_07,209.bmp	6,220997E-1	4,458814E+0	3,700242E-3	1,094073E-2	-4,242803E-3	2,187256E-3	1,385405E+0	1,388463E+0
20220916 11:28:13,213	c_0_217_20220916_11_28_13,213.bmp	6,106481E-1	4,471546E+0	7,518835E-3	1,349272E-2	-1,696338E-2	-8,011703E-3	1,395599E+0	1,388463E+0
20220916 11:28:19,217	c_0_218_20220916_11_28_19,217.bmp	6,093757E-1	4,498282E+0	7,518835E-3	8,388745E-3	2,119834E-2	-2,912223E-3	1,385405E+0	1,383347E+0
20220916 11:28:25,222	c_0_219_20220916_11_28_25,222.bmp	6,093757E-1	4,514833E+0	7,518835E-3	1,349272E-2	-4,242803E-3	-1,311118E-2	1,390502E+0	1,393578E+0
20220916 11:28:31,223	c_0_220_20220916_11_28_31,223.bmp	6,131929E-1	4,539023E+0	3,700242E-3	5,836756E-3	-4,242803E-3	2,187256E-3	1,385405E+0	1,383347E+0
20220916 11:28:37,223	c_0_221_20220916_11_28_37,223.bmp	6,106481E-1	4,553028E+0	1,006456E-2	1,476871E-2	-9,331032E-3	-1,311118E-2	1,395599E+0	1,393578E+0
20220916 11:28:43,224	c_0_222_20220916_11_28_43,224.bmp	6,182825E-1	4,579764E+0	7,518835E-3	8,388745E-3	-6,786918E-3	2,187256E-3	1,382857E+0	1,383347E+0
20220916 11:28:49,224	c_0_223_20220916_11_28_49,224.bmp	6,170101E-1	4,591223E+0	1,006456E-2	1,349272E-2	-1,441926E-2	-1,056144E-2	1,395599E+0	1,396136E+0
20220916 11:28:55,228	c_0_224_20220916_11_28_55,228.bmp	6,233721E-1	4,611593E+0	6,245971E-3	1,476871E-2	-1,698689E-3	-2,912223E-3	1,398148E+0	1,393578E+0
20220916 11:29:01,232	c_0_225_20220916_11_29_01,232.bmp	6,220997E-1	4,633237E+0	8,791700E-3	1,476871E-2	-4,240452E-2	2,187256E-3	1,398148E+0	1,388463E+0
20220916 11:29:07,232	c_0_226_20220916_11_29_07,232.bmp	6,284617E-1	4,656154E+0	6,245971E-3	1,094073E-2	-1,187515E-2	-8,011703E-3	1,387954E+0	1,388463E+0
20220916 11:29:13,237	c_0_227_20220916_11_29_13,237.bmp	6,310065E-1	4,671432E+0	6,245971E-3	1,476871E-2	-1,187515E-2	-1,311118E-2	1,395599E+0	1,396136E+0
20220916 11:29:19,237	c_0_228_20220916_11_29_19,237.bmp	6,322789E-1	4,695622E+0	8,791700E-3	9,664739E-3	8,454256E-4	-8,011703E-3	1,387954E+0	1,380789E+0
20220916 11:29:25,237	c_0_229_20220916_11_29_25,237.bmp	6,386409E-1	4,718539E+0	2,427377E-3	8,388745E-3	-1,698689E-3	-3,624835E-4	1,382857E+0	1,383347E+0
20220916 11:29:31,239	c_0_230_20220916_11_29_31,239.bmp	6,399133E-1	4,738909E+0	3,700242E-3	8,388745E-3	8,454256E-4	-3,624835E-4	1,385405E+0	1,380789E+0
20220916 11:29:37,243	c_0_231_20220916_11_29_37,243.bmp	6,424582E-1	4,755460E+0	7,518835E-3	7,112750E-3	-9,331032E-3	7,286736E-3	1,387954E+0	1,383347E+0
20220916 11:29:43,243	c_0_232_20220916_11_29_43,243.bmp	6,513650E-1	4,777104E+0	2,427377E-3	7,112750E-3	-6,786918E-3	-3,624835E-4	1,382857E+0	1,383347E+0
20220916 11:29:49,247	c_0_233_20220916_11_29_49,247.bmp	6,551822E-1	4,796201E+0	7,518835E-3	1,094073E-2	-4,242803E-3	-2,912223E-3	1,390502E+0	1,391021E+0
20220916 11:29:55,255	c_0_234_20220916_11_29_55,255.bmp	6,500926E-1	4,812752E+0	8,791700E-3	1,094073E-2	-6,786918E-3	-1,056144E-2	1,398148E+0	1,388463E+0
20220916 11:30:01,255	c_0_235_20220916_11_30_01,255.bmp	6,615442E-1	4,834396E+0	7,518835E-3	7,112750E-3	-6,786918E-3	-5,461963E-3	1,390502E+0	1,383347E+0
20220916 11:30:07,259	c_0_236_20220916_11_30_07,259.bmp	6,640890E-1	4,850947E+0	7,518835E-3	1,349272E-2	-9,331032E-3	-8,011703E-3	1,398148E+0	1,396136E+0
20220916 11:30:13,263	c_0_237_20220916_11_30_13,263.bmp	6,679062E-1	4,875137E+0	7,518835E-3	1,221673E-2	-9,331032E-3	-8,011703E-3	1,387954E+0	1,388463E+0
20220916 11:30:19,264	c_0_238_20220916_11_30_19,264.bmp	6,768130E-1	4,895508E+0	4,973106E-3	1,094073E-2	-2,968395E-2	-1,311118E-2	1,390502E+0	1,388463E+0
20220916 11:30:25,269	c_0_239_20220916_11_30_25,269.bmp	6,729958E-1	4,910786E+0	1,006456E-2	1,349272E-2	-1,696338E-2	-1,056144E-2	1,398148E+0	1,393578E+0
20220916 11:30:31,273	c_0_240_20220916_11_30_31,273.bmp	6,780855E-1	4,931156E+0	8,791700E-3	1,221673E-2	-1,950749E-2	-8,011703E-3	1,395599E+0	1,396136E+0
20220916 11:30:37,273	c_0_241_20220916_11_30_37,273.bmp	6,831751E-1	4,951527E+0	6,245971E-3	1,349272E-2	-1,187515E-2	-8,011703E-3	1,398148E+0	1,396136E+0
20220916 11:30:43,278	c_0_242_20220916_11_30_43,278.bmp	6,882647E-1	4,973170E+0	1,006456E-2	1,349272E-2	-1,698689E-3	-1,821066E-2	1,395599E+0	1,385905E+0
20220916 11:30:49,279	c_0_243_20220916_11_30_49,279.bmp	6,933543E-1	4,994814E+0	3,700242E-3	1,094073E-2	3,389540E-3	2,187256E-3	1,390502E+0	1,388463E+0
20220916 11:30:55,282	c_0_244_20220916_11_30_55,282.bmp	6,958991E-1	5,015185E+0	6,245971E-3	1,094073E-2	-2,713983E-2	-5,461963E-3	1,387954E+0	1,385905E+0
20220916 11:31:01,287	c_0_245_20220916_11_31_01,287.bmp	7,035335E-1	5,035555E+0	4,973106E-3	1,094073E-2	-4,242803E-3	-8,011703E-3	1,387954E+0	1,396136E+0
20220916 11:31:07,287	c_0_246_20220916_11_31_07,287.bmp	7,073507E-1	5,057199E+0	3,700242E-3	1,094073E-2	8,454256E-4	-1,056144E-2	1,382857E+0	1,385905E+0
20220916 11:31:13,288	c_0_247_20220916_11_31_13,288.bmp	7,048059E-1	5,075023E+0	8,791700E-3	1,094073E-2	-2,459572E-2	-2,912223E-3	1,390502E+0	1,388463E+0
20220916 11:31:19,293	c_0_248_20220916_11_31_19,293.bmp	7,111679E-1	5,090301E+0	1,133743E-2	1,094073E-2	-1,696338E-2	-1,056144E-2	1,398148E+0	1,388463E+0
20220916 11:31:25,293	c_0_249_20220916_11_31_25,293.bmp	7,188024E-1	5,118310E+0	7,518835E-3	7,112750E-3	-9,331032E-3	-5,461963E-3	1,385405E+0	1,380789E+0
20220916 11:31:31,293	c_0_250_20220916_11_31_31,293.bmp	7,213472E-1	5,136135E+0	6,245971E-3	7,112750E-3	-6,786918E-3	-8,011703E-3	1,387954E+0	1,383347E+0
20220916 11:31:37,297	c_0_251_20220916_11_31_37,297.bmp	7,289816E-1	5,157778E+0	3,700242E-3	9,664739E-3	-6,786918E-3	-5,461963E-3	1,382857E+0	1,385905E+0
20220916 11:31:43,301	c_0_252_20220916_11_31_43,301.bmp	7,315264E-1	5,178149E+0	3,700242E-3	7,112750E-3	-1,698689E-3	2,187256E-3	1,382857E+0	1,388463E+0
20220916 11:31:49,305	c_0_253_20220916_11_31_49,305.bmp	7,340712E-1	5,190881E+0	1,006456E-2	1,349272E-2	-6,786918E-3	-1,311118E-2	1,398148E+0	1,396136E+0
20220916 11:31:55,306	c_0_254_20220916_11_31_55,306.bmp	7,404332E-1	5,215071E+0	7,518835E-3	9,664739E-3	-4,242803E-3	-2,912223E-3	1,390502E+0	1,388463E+0
20220916 11:32:01,309	c_0_255_20220916_11_32_01,309.bmp	7,417056E-1	5,235441E+0	7,518835E-3	1,094073E-2	-1,187515E-2	-8,011703E-3	1,390502E+0	1,393578E+0
20220916 11:32:07,313	c_0_256_20220916_11_32_07,313.bmp	7,480676E-1	5,251992E+0	8,791700E-3	1,349272E-2	-1,187515E-2	-1,056144E-2	1,395599E+0	1,388463E+0
20220916 11:32:13,315	c_0_257_20220916_11_32_13,315.bmp	7,480676E-1	5,273636E+0	1,006456E-2	1,094073E-2	-4,242803E-3	-2,912223E-3	1,390502E+0	1,383347E+0
20220916 11:32:19,318	c_0_258_20220916_11_32_19,318.bmp	7,557021E-1	5,294006E+0	6,245971E-3	8,388745E-3	-6,786918E-3	2,187256E-3	1,387954E+0	1,383347E+0
20220916 11:32:25,319	c_0_259_20220916_11_32_25,319.bmp	7,557021E-1	5,315650E+0	8,791700E-3	1,221673E-2	-1,187515E-2	-5,461963E-3	1,395599E+0	1,388463E+0
20220916 11:32:31,323	c_0_260_20220916_11_32_31,323.bmp	7,658813E-1	5,338567E+0	7,518835E-3	8,388745E-3	-6,786918E-3	-2,912223E-3	1,390502E+0	1,383347E+0
20220916 11:32:37,327	c_0_261_20220916_11_32_37,327.bmp	7,658813E-1	5,351299E+0	8,791700E-3	1,349272E-2	-1,187515E-2	-2,912223E-3	1,398148E+0	1,396136E+0
20220916 11:32:43,328	c_0_262_20220916_11_32_43,328.bmp	7,696985E-1	5,374215E+0	6,245971E-3	1,094073E-2	-1,187515E-2	-2,912223E-3	1,387954E+0	1,385905E+0
20220916 11:32:49,332	c_0_263_20220916_11_32_49,332.bmp	7,735157E-1	5,394586E+0	8,791700E-3	1,094073E-2	-1,187515E-2	-3,624835E-4	1,387954E+0	1,388463E+0
20220916 11:32:55,332	c_0_264_20220916_11_32_55,332.bmp	7,786053E-1	5,414956E+0	6,245971E-3	9,664739E-3	-6,786918E-3	-5,461963E-3	1,387954E+0	1,388463E+0
20220916 11:33:01,334	c_0_265_20220916_11_33_01,334.bmp	7,887846E-1	5,430234E+0	8,791700E-3	1,349272E-2	-1,441926E-2	-8,011703E-3	1,398148E+0	1,388463E+0
20220916 11:33:07,338	c_0_266_20220916_11_33_07,338.bmp	7,913294E-1	5,455698E+0	7,518835E-3	8,388745E-3	-4,242803E-3	-2,912223E-3	1,382857E+0	1,380789E+0
20220916 11:33:13,342	c_0_267_20220916_11_33_13,342.bmp	7,989638E-1	5,474795E+0	3,700242E-3	1,094073E-2	-6,786918E-3	-5,461963E-3	1,385405E+0	1,388463E+0
20220916 11:33:19,344	c_0_268_20220916_11_33_19,344.bmp	8,002362E-1	5,493892E+0	6,245971E-3	8,388745E-3	-1,187515E-2	4,736996E-3	1,387954E+0	1,383347E+0
20220916 11:33:25,348	c_0_269_20220916_11_33_25,348.bmp	8,053258E-1	5,510443E+0	7,518835E-3	1,349272E-2	-6,786918E-3	-1,311118E-2	1,398148E+0	1,393578E+0
20220916 11:33:31,355	c_0_270_20220916_11_33_31,355.bmp	8,040534E-1	5,530814E+0	1,133743E-2	1,094073E-2	-6,786918E-3	-1,821066E-2	1,395599E+0	1,388463E+0
20220916 11:33:37,356	c_0_271_20220916_11_33_37,356.bmp	8,142326E-1	5,555004E+0	7,518835E-3	1,094073E-2	8,454256E-4	1,748570E-2	1,390502E+0	1,380789E+0
20220916 11:33:43,356	c_0_272_20220916_11_33_43,356.bmp	8,193222E-1	5,572828E+0	6,245971E-3	1,094073E-2	-6,786918E-3	-2,585988E-2	1,390502E+0	1,388463E+0
20220916 11:33:49,358	c_0_273_20220916_11_33_49,358.bmp	8,256843E-1	5,590652E+0	1,006456E-2	1,094073E-2	-1,187515E-2	-8,011703E-3	1,398148E+0	1,385905E+0
20220916 11:33:55,363	c_0_274_20220916_11_33_55,363.bmp	8,358635E-1	5,612296E+0	6,245971E-3	7,112750E-3	-6,786918E-3	-3,624835E-4	1,387954E+0	1,380789E+0
20220916 11:34:01,364	c_0_275_20220916_11_34_01,364.bmp	8,409531E-1	5,631394E+0	1,006456E-2	1,349272E-2	-1,187515E-2	-8,011703E-3	1,393051E+0	1,388463E+0
20220916 11:34:07,364	c_0_276_20220916_11_34_07,364.bmp	8,511323E-1	5,654310E+0	7,518835E-3	1,094073E-2	-1,696338E-2	-2,912223E-3	1,390502E+0	1,388463E+0
20220916 11:34:13,365	c_0_277_20220916_11_34_13,365.bmp	8,562219E-1	5,672135E+0	1,006456E-2	1,476871E-2	-6,786918E-3	-1,821066E-2	1,398148E+0	1,396136E+0
20220916 11:34:19,368	c_0_278_20220916_11_34_19,368.bmp	8,651288E-1	5,693778E+0	1,006456E-2	1,094073E-2	-2,459572E-2	-8,011703E-3	1,390502E+0	1,388463E+0
20220916 11:34:25,372	c_0_279_20220916_11_34_25,372.bmp	8,702184E-1	5,711603E+0	1,006456E-2	1,349272E-2	-9,331032E-3	-1,311118E-2	1,398148E+0	1,396136E+0
20220916 11:34:31,377	c_0_280_20220916_11_34_31,377.bmp	8,842148E-1	5,734519E+0	6,245971E-3	1,094073E-2	8,454256E-4	-1,056144E-2	1,387954E+0	1,393578E+0
20220916 11:34:37,377	c_0_281_20220916_11_34_37,377.bmp	8,854872E-1	5,753617E+0	6,245971E-3	1,094073E-2	-4,242803E-3	-5,461963E-3	1,390502E+0	1,385905E+0
20220916 11:34:43,378	c_0_282_20220916_11_34_43,378.bmp	8,765804E-1	5,771441E+0	7,518835E-3	1,476871E-2	-4,242803E-3	-1,566092E-2	1,387954E+0	1,396136E+0
20220916 11:34:49,383	c_0_283_20220916_11_34_49,383.bmp	6,144653E-1	5,794358E+0	4,973106E-3	1,094073E-2	-6,786918E-3	-8,011703E-3	1,390502E+0	1,396136E+0
20220916 11:34:55,386	c_0_284_20220916_11_34_55,386.bmp	6,119205E-1	5,808363E+0	7,518835E-3	1,349272E-2	-1,187515E-2	-2,076040E-2	1,395599E+0	1,396136E+0
20220916 11:35:01,388	c_0_285_20220916_11_35_01,388.bmp	6,055585E-1	5,790538E+0	1,006456E-2	1,476871E-2	-6,786918E-3	-1,566092E-2	1,398148E+0	1,396136E+0
20220916 11:35:07,389	c_0_286_20220916_11_35_07,389.bmp	5,915620E-1	5,743431E+0	6,245971E-3	1,094073E-2	-9,331032E-3	-1,821066E-2	1,387954E+0	1,383347E+0
