20220916 11:06:30,718	c_1_000_20220916_11_06_30,718.bmp	5,190350E-1	1,402591E-1	2,427377E-3	7,112750E-3	-1,698689E-3	-8,011703E-3	1,382857E+0	1,380789E+0
20220916 11:06:36,722	c_1_001_20220916_11_06_36,722.bmp	5,788380E-1	1,606296E-1	3,700242E-3	7,112750E-3	-9,331032E-3	-2,912223E-3	1,382857E+0	1,380789E+0
20220916 11:06:42,724	c_1_002_20220916_11_06_42,724.bmp	6,259169E-1	1,733612E-1	1,006456E-2	1,349272E-2	-6,786918E-3	-8,011703E-3	1,395599E+0	1,388463E+0
20220916 11:06:48,729	c_1_003_20220916_11_06_48,729.bmp	6,831751E-1	1,975512E-1	6,245971E-3	1,094073E-2	-1,698689E-3	-1,056144E-2	1,390502E+0	1,393578E+0
20220916 11:06:54,730	c_1_004_20220916_11_06_54,730.bmp	7,264368E-1	2,204681E-1	3,700242E-3	7,112750E-3	-4,242803E-3	-8,011703E-3	1,382857E+0	1,388463E+0
20220916 11:07:00,734	c_1_005_20220916_11_07_00,734.bmp	7,531573E-1	2,370192E-1	4,973106E-3	1,349272E-2	-1,698689E-3	-5,461963E-3	1,390502E+0	1,393578E+0
20220916 11:07:06,739	c_1_006_20220916_11_07_06,739.bmp	7,646089E-1	2,573897E-1	1,006456E-2	9,664739E-3	-1,187515E-2	-3,624835E-4	1,390502E+0	1,388463E+0
20220916 11:07:12,743	c_1_007_20220916_11_07_12,743.bmp	7,671537E-1	2,764871E-1	4,973106E-3	1,094073E-2	-1,187515E-2	2,187256E-3	1,387954E+0	1,388463E+0
20220916 11:07:18,745	c_1_008_20220916_11_07_18,745.bmp	7,684261E-1	2,968576E-1	6,245971E-3	8,388745E-3	-6,786918E-3	2,187256E-3	1,390502E+0	1,383347E+0
20220916 11:07:24,750	c_1_009_20220916_11_07_24,750.bmp	7,735157E-1	3,146818E-1	7,518835E-3	1,349272E-2	-9,331032E-3	-1,821066E-2	1,395599E+0	1,393578E+0
20220916 11:07:30,754	c_1_010_20220916_11_07_30,754.bmp	7,773329E-1	3,363255E-1	4,973106E-3	1,094073E-2	-1,187515E-2	-8,011703E-3	1,390502E+0	1,388463E+0
20220916 11:07:36,756	c_1_011_20220916_11_07_36,756.bmp	7,798777E-1	3,592424E-1	2,427377E-3	7,112750E-3	8,454256E-4	2,187256E-3	1,382857E+0	1,383347E+0
20220916 11:07:42,758	c_1_012_20220916_11_07_42,758.bmp	7,722433E-1	3,770666E-1	8,791700E-3	9,664739E-3	-6,786918E-3	4,736996E-3	1,387954E+0	1,388463E+0
20220916 11:07:48,761	c_1_013_20220916_11_07_48,761.bmp	7,747881E-1	3,974372E-1	6,245971E-3	1,094073E-2	3,389540E-3	-8,011703E-3	1,390502E+0	1,393578E+0
20220916 11:07:54,761	c_1_014_20220916_11_07_54,761.bmp	7,836949E-1	4,178077E-1	7,518835E-3	1,094073E-2	8,454256E-4	-8,011703E-3	1,390502E+0	1,388463E+0
20220916 11:08:00,764	c_1_015_20220916_11_08_00,764.bmp	7,735157E-1	4,343588E-1	8,791700E-3	1,476871E-2	-1,698689E-3	-8,011703E-3	1,398148E+0	1,388463E+0
20220916 11:08:06,765	c_1_016_20220916_11_08_06,765.bmp	7,735157E-1	4,572756E-1	2,427377E-3	1,094073E-2	3,389540E-3	-5,461963E-3	1,390502E+0	1,393578E+0
20220916 11:08:12,769	c_1_017_20220916_11_08_12,769.bmp	7,607917E-1	4,801925E-1	3,700242E-3	1,094073E-2	-1,698689E-3	2,187256E-3	1,382857E+0	1,388463E+0
20220916 11:08:18,776	c_1_018_20220916_11_08_18,776.bmp	7,493400E-1	4,992899E-1	3,700242E-3	1,094073E-2	-6,786918E-3	-1,311118E-2	1,382857E+0	1,388463E+0
20220916 11:08:24,777	c_1_019_20220916_11_08_24,777.bmp	7,213472E-1	5,183873E-1	7,518835E-3	1,094073E-2	-6,786918E-3	-8,011703E-3	1,387954E+0	1,388463E+0
20220916 11:08:30,780	c_1_020_20220916_11_08_30,780.bmp	6,882647E-1	5,336652E-1	6,245971E-3	1,349272E-2	-4,242803E-3	-8,011703E-3	1,395599E+0	1,396136E+0
20220916 11:08:36,785	c_1_021_20220916_11_08_36,785.bmp	6,819027E-1	5,565820E-1	7,518835E-3	1,221673E-2	-1,187515E-2	-8,011703E-3	1,387954E+0	1,396136E+0
20220916 11:08:42,786	c_1_022_20220916_11_08_42,786.bmp	6,755406E-1	5,731331E-1	8,791700E-3	1,094073E-2	-2,205160E-2	-3,624835E-4	1,395599E+0	1,388463E+0
20220916 11:08:48,791	c_1_023_20220916_11_08_48,791.bmp	6,819027E-1	5,960500E-1	7,518835E-3	1,094073E-2	-6,786918E-3	-5,461963E-3	1,387954E+0	1,385905E+0
20220916 11:08:54,792	c_1_024_20220916_11_08_54,792.bmp	6,920819E-1	6,189668E-1	3,700242E-3	1,094073E-2	3,389540E-3	-8,011703E-3	1,382857E+0	1,388463E+0
20220916 11:09:00,794	c_1_025_20220916_11_09_00,794.bmp	6,933543E-1	6,393374E-1	2,427377E-3	8,388745E-3	-1,698689E-3	7,286736E-3	1,382857E+0	1,383347E+0
20220916 11:09:06,799	c_1_026_20220916_11_09_06,799.bmp	7,009887E-1	6,597079E-1	6,245971E-3	8,388745E-3	8,477769E-3	4,736996E-3	1,385405E+0	1,385905E+0
20220916 11:09:12,800	c_1_027_20220916_11_09_12,800.bmp	7,111679E-1	6,762590E-1	7,518835E-3	9,664739E-3	-9,331032E-3	-2,076040E-2	1,387954E+0	1,385905E+0
20220916 11:09:18,801	c_1_028_20220916_11_09_18,801.bmp	7,048059E-1	6,953564E-1	8,791700E-3	1,476871E-2	-2,205160E-2	-2,585988E-2	1,398148E+0	1,385905E+0
20220916 11:09:24,806	c_1_029_20220916_11_09_24,806.bmp	6,513650E-1	7,119074E-1	7,518835E-3	1,476871E-2	-6,786918E-3	-5,461963E-3	1,395599E+0	1,396136E+0
20220916 11:09:30,807	c_1_030_20220916_11_09_30,807.bmp	6,500926E-1	7,348243E-1	7,518835E-3	1,349272E-2	-1,187515E-2	-1,311118E-2	1,395599E+0	1,388463E+0
20220916 11:09:36,807	c_1_031_20220916_11_09_36,807.bmp	6,500926E-1	7,564680E-1	6,245971E-3	7,112750E-3	-4,242803E-3	-8,011703E-3	1,387954E+0	1,383347E+0
20220916 11:09:42,813	c_1_032_20220916_11_09_42,813.bmp	6,577270E-1	7,755654E-1	4,973106E-3	1,094073E-2	-9,331032E-3	2,187256E-3	1,387954E+0	1,396136E+0
20220916 11:09:48,816	c_1_033_20220916_11_09_48,816.bmp	6,717234E-1	7,997554E-1	3,700242E-3	1,094073E-2	3,389540E-3	-8,011703E-3	1,382857E+0	1,388463E+0
20220916 11:09:54,819	c_1_034_20220916_11_09_54,819.bmp	6,819027E-1	8,163065E-1	7,518835E-3	8,388745E-3	-9,331032E-3	-1,311118E-2	1,390502E+0	1,383347E+0
20220916 11:10:00,822	c_1_035_20220916_11_10_00,822.bmp	6,997163E-1	8,404965E-1	3,700242E-3	7,112750E-3	-1,698689E-3	-3,624835E-4	1,382857E+0	1,388463E+0
20220916 11:10:06,826	c_1_036_20220916_11_10_06,826.bmp	7,149852E-1	8,608670E-1	3,700242E-3	8,388745E-3	-4,242803E-3	4,736996E-3	1,382857E+0	1,383347E+0
20220916 11:10:12,827	c_1_037_20220916_11_10_12,827.bmp	7,315264E-1	8,761449E-1	6,245971E-3	7,112750E-3	-6,786918E-3	-5,461963E-3	1,387954E+0	1,383347E+0
20220916 11:10:18,831	c_1_038_20220916_11_10_18,831.bmp	7,467952E-1	8,939692E-1	8,791700E-3	1,476871E-2	-1,950749E-2	-8,011703E-3	1,393051E+0	1,396136E+0
20220916 11:10:24,831	c_1_039_20220916_11_10_24,831.bmp	7,684261E-1	9,168860E-1	7,518835E-3	1,094073E-2	-6,786918E-3	-2,912223E-3	1,390502E+0	1,388463E+0
20220916 11:10:30,831	c_1_040_20220916_11_10_30,831.bmp	7,849673E-1	9,398029E-1	3,700242E-3	1,094073E-2	-6,786918E-3	-1,056144E-2	1,382857E+0	1,388463E+0
20220916 11:10:36,833	c_1_041_20220916_11_10_36,833.bmp	7,989638E-1	9,589003E-1	4,973106E-3	8,388745E-3	-4,242803E-3	-1,311118E-2	1,382857E+0	1,385905E+0
20220916 11:10:42,834	c_1_042_20220916_11_10_42,834.bmp	8,167774E-1	9,767245E-1	6,245971E-3	1,094073E-2	-1,696338E-2	-2,912223E-3	1,390502E+0	1,388463E+0
20220916 11:10:48,836	c_1_043_20220916_11_10_48,836.bmp	8,295015E-1	9,996413E-1	4,973106E-3	8,388745E-3	-1,441926E-2	2,187256E-3	1,385405E+0	1,383347E+0
20220916 11:10:54,839	c_1_044_20220916_11_10_54,839.bmp	8,511323E-1	1,018739E+0	3,700242E-3	1,094073E-2	-6,786918E-3	-1,056144E-2	1,382857E+0	1,388463E+0
20220916 11:11:00,841	c_1_045_20220916_11_11_00,841.bmp	8,638564E-1	1,034017E+0	6,245971E-3	1,349272E-2	-1,441926E-2	-2,076040E-2	1,395599E+0	1,393578E+0
20220916 11:11:06,843	c_1_046_20220916_11_11_06,843.bmp	8,778528E-1	1,055660E+0	7,518835E-3	1,349272E-2	-6,786918E-3	-1,056144E-2	1,387954E+0	1,396136E+0
20220916 11:11:12,845	c_1_047_20220916_11_11_12,845.bmp	8,918492E-1	1,072211E+0	8,791700E-3	1,349272E-2	-1,696338E-2	-8,011703E-3	1,398148E+0	1,393578E+0
20220916 11:11:18,849	c_1_048_20220916_11_11_18,849.bmp	9,122077E-1	1,096401E+0	7,518835E-3	1,094073E-2	-6,786918E-3	7,286736E-3	1,387954E+0	1,393578E+0
20220916 11:11:24,851	c_1_049_20220916_11_11_24,851.bmp	9,274765E-1	1,116772E+0	6,245971E-3	8,388745E-3	-4,242803E-3	2,187256E-3	1,387954E+0	1,383347E+0
20220916 11:11:30,853	c_1_050_20220916_11_11_30,853.bmp	9,389282E-1	1,133323E+0	8,791700E-3	9,664739E-3	-1,950749E-2	-1,311118E-2	1,398148E+0	1,391021E+0
20220916 11:11:36,857	c_1_051_20220916_11_11_36,857.bmp	9,541970E-1	1,153694E+0	8,791700E-3	1,349272E-2	-2,459572E-2	-5,461963E-3	1,395599E+0	1,388463E+0
20220916 11:11:42,858	c_1_052_20220916_11_11_42,858.bmp	9,681934E-1	1,177884E+0	7,518835E-3	1,094073E-2	-6,786918E-3	-1,056144E-2	1,387954E+0	1,388463E+0
20220916 11:11:48,859	c_1_053_20220916_11_11_48,859.bmp	9,872795E-1	1,196981E+0	3,700242E-3	1,094073E-2	3,389540E-3	-3,624835E-4	1,387954E+0	1,388463E+0
20220916 11:11:54,861	c_1_054_20220916_11_11_54,861.bmp	9,923691E-1	1,214805E+0	6,245971E-3	1,094073E-2	-6,786918E-3	2,187256E-3	1,387954E+0	1,380789E+0
20220916 11:12:00,865	c_1_055_20220916_11_12_00,865.bmp	8,714908E-1	1,233903E+0	8,791700E-3	1,094073E-2	-1,950749E-2	-2,912223E-3	1,398148E+0	1,388463E+0
20220916 11:12:06,868	c_1_056_20220916_11_12_06,868.bmp	8,371359E-1	1,253000E+0	6,245971E-3	1,349272E-2	-6,786918E-3	-1,311118E-2	1,390502E+0	1,396136E+0
20220916 11:12:12,870	c_1_057_20220916_11_12_12,870.bmp	8,358635E-1	1,272097E+0	1,006456E-2	1,476871E-2	-1,950749E-2	-1,311118E-2	1,398148E+0	1,396136E+0
20220916 11:12:18,873	c_1_058_20220916_11_12_18,873.bmp	8,371359E-1	1,293741E+0	1,006456E-2	1,094073E-2	-1,187515E-2	-5,461963E-3	1,398148E+0	1,385905E+0
20220916 11:12:24,874	c_1_059_20220916_11_12_24,874.bmp	8,460427E-1	1,319204E+0	7,518835E-3	8,388745E-3	-1,696338E-2	-5,461963E-3	1,387954E+0	1,385905E+0
20220916 11:12:30,874	c_1_060_20220916_11_12_30,874.bmp	8,447703E-1	1,333209E+0	8,791700E-3	1,476871E-2	-1,696338E-2	-8,011703E-3	1,395599E+0	1,393578E+0
20220916 11:12:36,876	c_1_061_20220916_11_12_36,876.bmp	8,511323E-1	1,358672E+0	6,245971E-3	1,094073E-2	-1,187515E-2	-1,566092E-2	1,387954E+0	1,385905E+0
20220916 11:12:42,876	c_1_062_20220916_11_12_42,876.bmp	8,587667E-1	1,373950E+0	6,245971E-3	1,349272E-2	-1,187515E-2	-1,566092E-2	1,395599E+0	1,388463E+0
20220916 11:12:48,879	c_1_063_20220916_11_12_48,879.bmp	8,689460E-1	1,400686E+0	3,700242E-3	7,112750E-3	-9,331032E-3	-8,011703E-3	1,385405E+0	1,388463E+0
20220916 11:12:54,881	c_1_064_20220916_11_12_54,881.bmp	8,702184E-1	1,417237E+0	7,518835E-3	7,112750E-3	-4,242803E-3	-2,912223E-3	1,390502E+0	1,385905E+0
20220916 11:13:00,885	c_1_065_20220916_11_13_00,885.bmp	8,816700E-1	1,436335E+0	3,700242E-3	9,664739E-3	3,389540E-3	-5,461963E-3	1,387954E+0	1,388463E+0
20220916 11:13:06,888	c_1_066_20220916_11_13_06,888.bmp	8,829424E-1	1,456705E+0	8,791700E-3	1,094073E-2	-1,950749E-2	-8,011703E-3	1,390502E+0	1,388463E+0
20220916 11:13:12,892	c_1_067_20220916_11_13_12,892.bmp	8,956664E-1	1,477076E+0	6,245971E-3	1,094073E-2	-9,331032E-3	-1,311118E-2	1,387954E+0	1,396136E+0
20220916 11:13:18,893	c_1_068_20220916_11_13_18,893.bmp	9,045733E-1	1,497446E+0	7,518835E-3	8,388745E-3	-4,242803E-3	-3,624835E-4	1,387954E+0	1,383347E+0
20220916 11:13:24,896	c_1_069_20220916_11_13_24,896.bmp	9,096629E-1	1,516544E+0	1,006456E-2	1,094073E-2	-1,696338E-2	2,187256E-3	1,390502E+0	1,385905E+0
20220916 11:13:30,905	c_1_070_20220916_11_13_30,905.bmp	9,223869E-1	1,538188E+0	7,518835E-3	1,349272E-2	-1,698689E-3	-1,056144E-2	1,390502E+0	1,393578E+0
20220916 11:13:36,908	c_1_071_20220916_11_13_36,908.bmp	9,287489E-1	1,557285E+0	6,245971E-3	1,094073E-2	-6,786918E-3	-3,624835E-4	1,387954E+0	1,385905E+0
20220916 11:13:42,909	c_1_072_20220916_11_13_42,909.bmp	9,414730E-1	1,573836E+0	7,518835E-3	1,476871E-2	-1,696338E-2	-1,311118E-2	1,398148E+0	1,393578E+0
20220916 11:13:48,914	c_1_073_20220916_11_13_48,914.bmp	9,529246E-1	1,598026E+0	6,245971E-3	1,094073E-2	-4,242803E-3	-1,311118E-2	1,387954E+0	1,393578E+0
20220916 11:13:54,917	c_1_074_20220916_11_13_54,917.bmp	9,631038E-1	1,618397E+0	6,245971E-3	1,349272E-2	-1,696338E-2	-1,311118E-2	1,390502E+0	1,396136E+0
20220916 11:14:00,919	c_1_075_20220916_11_14_00,919.bmp	9,732831E-1	1,638767E+0	6,245971E-3	1,349272E-2	-9,331032E-3	-8,011703E-3	1,390502E+0	1,396136E+0
20220916 11:14:06,923	c_1_076_20220916_11_14_06,923.bmp	9,860071E-1	1,657865E+0	7,518835E-3	8,388745E-3	-2,713983E-2	4,736996E-3	1,387954E+0	1,383347E+0
20220916 11:14:12,924	c_1_077_20220916_11_14_12,924.bmp	9,936415E-1	1,678235E+0	6,245971E-3	9,664739E-3	-6,786918E-3	-3,624835E-4	1,387954E+0	1,383347E+0
20220916 11:14:18,924	c_1_078_20220916_11_14_18,924.bmp	1,001276E+0	1,693513E+0	1,006456E-2	1,221673E-2	1,102188E-2	4,736996E-3	1,395599E+0	1,385905E+0
20220916 11:14:24,928	c_1_079_20220916_11_14_24,928.bmp	1,014000E+0	1,713884E+0	8,791700E-3	1,349272E-2	-1,187515E-2	-3,624835E-4	1,398148E+0	1,396136E+0
20220916 11:14:30,928	c_1_080_20220916_11_14_30,928.bmp	1,019090E+0	1,736800E+0	6,245971E-3	1,094073E-2	-6,786918E-3	-5,461963E-3	1,390502E+0	1,385905E+0
20220916 11:14:36,928	c_1_081_20220916_11_14_36,928.bmp	1,029269E+0	1,755898E+0	6,245971E-3	1,094073E-2	-4,240452E-2	-1,056144E-2	1,387954E+0	1,393578E+0
20220916 11:14:42,930	c_1_082_20220916_11_14_42,930.bmp	1,031814E+0	1,777541E+0	7,518835E-3	7,112750E-3	-4,242803E-3	-3,624835E-4	1,387954E+0	1,383347E+0
20220916 11:14:48,934	c_1_083_20220916_11_14_48,934.bmp	1,007638E+0	1,794093E+0	7,518835E-3	1,476871E-2	-6,786918E-3	-2,076040E-2	1,387954E+0	1,396136E+0
20220916 11:14:54,935	c_1_084_20220916_11_14_54,935.bmp	8,193222E-1	1,819556E+0	4,973106E-3	1,094073E-2	-6,786918E-3	-8,011703E-3	1,382857E+0	1,385905E+0
20220916 11:15:00,937	c_1_085_20220916_11_15_00,937.bmp	7,913294E-1	1,839926E+0	3,700242E-3	8,388745E-3	-2,205160E-2	2,187256E-3	1,385405E+0	1,380789E+0
20220916 11:15:06,939	c_1_086_20220916_11_15_06,939.bmp	7,836949E-1	1,855204E+0	7,518835E-3	1,094073E-2	-6,786918E-3	-8,011703E-3	1,387954E+0	1,396136E+0
20220916 11:15:12,942	c_1_087_20220916_11_15_12,942.bmp	7,849673E-1	1,876848E+0	8,791700E-3	1,094073E-2	-1,441926E-2	-5,461963E-3	1,387954E+0	1,388463E+0
20220916 11:15:18,945	c_1_088_20220916_11_15_18,945.bmp	7,938742E-1	1,899765E+0	3,700242E-3	8,388745E-3	8,454256E-4	2,187256E-3	1,385405E+0	1,380789E+0
20220916 11:15:24,951	c_1_089_20220916_11_15_24,951.bmp	7,976914E-1	1,916316E+0	6,245971E-3	9,664739E-3	-4,242803E-3	-2,912223E-3	1,387954E+0	1,388463E+0
20220916 11:15:30,952	c_1_090_20220916_11_15_30,952.bmp	8,078706E-1	1,940506E+0	7,518835E-3	5,836756E-3	-1,441926E-2	2,187256E-3	1,385405E+0	1,385905E+0
20220916 11:15:36,955	c_1_091_20220916_11_15_36,955.bmp	8,129602E-1	1,957057E+0	7,518835E-3	9,664739E-3	-6,786918E-3	-1,311118E-2	1,390502E+0	1,388463E+0
20220916 11:15:42,956	c_1_092_20220916_11_15_42,956.bmp	8,244119E-1	1,976154E+0	6,245971E-3	1,476871E-2	-1,696338E-2	-1,311118E-2	1,387954E+0	1,393578E+0
20220916 11:15:48,958	c_1_093_20220916_11_15_48,958.bmp	8,333187E-1	1,997798E+0	6,245971E-3	1,094073E-2	-1,696338E-2	2,187256E-3	1,390502E+0	1,396136E+0
20220916 11:15:54,961	c_1_094_20220916_11_15_54,961.bmp	8,358635E-1	2,014349E+0	8,791700E-3	1,094073E-2	-1,441926E-2	-1,056144E-2	1,395599E+0	1,388463E+0
20220916 11:16:00,963	c_1_095_20220916_11_16_00,963.bmp	8,498599E-1	2,035993E+0	3,700242E-3	1,094073E-2	-1,698689E-3	-8,011703E-3	1,382857E+0	1,388463E+0
20220916 11:16:06,968	c_1_096_20220916_11_16_06,968.bmp	8,549495E-1	2,058910E+0	3,700242E-3	8,388745E-3	3,389540E-3	-5,461963E-3	1,382857E+0	1,383347E+0
20220916 11:16:12,972	c_1_097_20220916_11_16_12,972.bmp	8,625840E-1	2,079280E+0	6,245971E-3	8,388745E-3	-1,187515E-2	-2,912223E-3	1,382857E+0	1,383347E+0
20220916 11:16:18,972	c_1_098_20220916_11_16_18,972.bmp	8,676736E-1	2,094558E+0	1,006456E-2	1,094073E-2	-9,331032E-3	-2,912223E-3	1,398148E+0	1,388463E+0
20220916 11:16:24,974	c_1_099_20220916_11_16_24,974.bmp	8,778528E-1	2,114929E+0	6,245971E-3	1,094073E-2	-1,950749E-2	-8,011703E-3	1,387954E+0	1,388463E+0
20220916 11:16:30,978	c_1_100_20220916_11_16_30,978.bmp	8,867596E-1	2,136572E+0	8,791700E-3	9,664739E-3	-4,242803E-3	-1,056144E-2	1,387954E+0	1,388463E+0
20220916 11:16:36,982	c_1_101_20220916_11_16_36,982.bmp	8,969389E-1	2,154396E+0	8,791700E-3	1,349272E-2	-1,696338E-2	-1,311118E-2	1,398148E+0	1,388463E+0
20220916 11:16:42,987	c_1_102_20220916_11_16_42,987.bmp	9,083905E-1	2,177313E+0	6,245971E-3	8,388745E-3	-9,331032E-3	2,187256E-3	1,387954E+0	1,385905E+0
20220916 11:16:48,987	c_1_103_20220916_11_16_48,987.bmp	9,172973E-1	2,196411E+0	6,245971E-3	1,094073E-2	-1,698689E-3	-8,011703E-3	1,387954E+0	1,388463E+0
20220916 11:16:54,989	c_1_104_20220916_11_16_54,989.bmp	9,223869E-1	2,216781E+0	7,518835E-3	1,094073E-2	-6,786918E-3	-1,311118E-2	1,387954E+0	1,393578E+0
20220916 11:17:00,990	c_1_105_20220916_11_17_00,990.bmp	9,338386E-1	2,239698E+0	2,427377E-3	1,094073E-2	5,933654E-3	-8,011703E-3	1,385405E+0	1,388463E+0
20220916 11:17:06,991	c_1_106_20220916_11_17_06,991.bmp	9,414730E-1	2,253703E+0	1,006456E-2	1,476871E-2	-1,696338E-2	-1,311118E-2	1,398148E+0	1,396136E+0
20220916 11:17:12,991	c_1_107_20220916_11_17_12,991.bmp	9,503798E-1	2,277893E+0	3,700242E-3	8,388745E-3	3,389540E-3	-8,011703E-3	1,385405E+0	1,383347E+0
20220916 11:17:18,993	c_1_108_20220916_11_17_18,993.bmp	9,529246E-1	2,293171E+0	1,006456E-2	1,094073E-2	-6,786918E-3	-3,624835E-4	1,398148E+0	1,388463E+0
20220916 11:17:24,995	c_1_109_20220916_11_17_24,995.bmp	9,656486E-1	2,312268E+0	4,973106E-3	1,349272E-2	-1,441926E-2	-2,076040E-2	1,398148E+0	1,393578E+0
20220916 11:17:31,000	c_1_110_20220916_11_17_31,000.bmp	9,694659E-1	2,336458E+0	7,518835E-3	1,349272E-2	-4,242803E-3	-1,056144E-2	1,387954E+0	1,396136E+0
20220916 11:17:37,002	c_1_111_20220916_11_17_37,002.bmp	9,745555E-1	2,353009E+0	8,791700E-3	1,221673E-2	-1,441926E-2	-1,311118E-2	1,398148E+0	1,396136E+0
20220916 11:17:43,003	c_1_112_20220916_11_17_43,003.bmp	9,860071E-1	2,374653E+0	3,700242E-3	1,094073E-2	-1,698689E-3	-8,011703E-3	1,387954E+0	1,385905E+0
20220916 11:17:49,005	c_1_113_20220916_11_17_49,005.bmp	9,860071E-1	2,396297E+0	6,245971E-3	1,094073E-2	-9,331032E-3	-2,912223E-3	1,390502E+0	1,388463E+0
20220916 11:17:55,010	c_1_114_20220916_11_17_55,010.bmp	9,834623E-1	2,415394E+0	8,791700E-3	1,094073E-2	-2,713983E-2	-8,011703E-3	1,387954E+0	1,388463E+0
20220916 11:18:01,014	c_1_115_20220916_11_18_01,014.bmp	7,735157E-1	2,437038E+0	6,245971E-3	9,664739E-3	1,356600E-2	2,187256E-3	1,387954E+0	1,383347E+0
20220916 11:18:07,017	c_1_116_20220916_11_18_07,017.bmp	7,277092E-1	2,458681E+0	2,427377E-3	8,388745E-3	-6,786918E-3	-1,056144E-2	1,382857E+0	1,380789E+0
20220916 11:18:13,023	c_1_117_20220916_11_18_13,023.bmp	7,277092E-1	2,480325E+0	3,700242E-3	1,094073E-2	-4,242803E-3	-2,912223E-3	1,385405E+0	1,388463E+0
20220916 11:18:19,027	c_1_118_20220916_11_18_19,027.bmp	7,251644E-1	2,498149E+0	7,518835E-3	7,112750E-3	-1,698689E-3	-8,011703E-3	1,385405E+0	1,383347E+0
20220916 11:18:25,027	c_1_119_20220916_11_18_25,027.bmp	7,264368E-1	2,514700E+0	4,973106E-3	9,664739E-3	-6,786918E-3	-2,912223E-3	1,387954E+0	1,388463E+0
20220916 11:18:31,028	c_1_120_20220916_11_18_31,028.bmp	7,315264E-1	2,533798E+0	8,791700E-3	9,664739E-3	-1,950749E-2	-3,624835E-4	1,395599E+0	1,388463E+0
20220916 11:18:37,031	c_1_121_20220916_11_18_37,031.bmp	7,391608E-1	2,556715E+0	6,245971E-3	7,112750E-3	1,611011E-2	2,187256E-3	1,387954E+0	1,383347E+0
20220916 11:18:43,032	c_1_122_20220916_11_18_43,032.bmp	7,442504E-1	2,574539E+0	1,006456E-2	1,476871E-2	-9,331032E-3	-1,821066E-2	1,395599E+0	1,396136E+0
20220916 11:18:49,034	c_1_123_20220916_11_18_49,034.bmp	7,518849E-1	2,592363E+0	1,006456E-2	1,349272E-2	-1,696338E-2	-1,821066E-2	1,398148E+0	1,396136E+0
20220916 11:18:55,036	c_1_124_20220916_11_18_55,036.bmp	7,620641E-1	2,616553E+0	3,700242E-3	1,094073E-2	-1,187515E-2	-5,461963E-3	1,382857E+0	1,388463E+0
20220916 11:19:01,039	c_1_125_20220916_11_19_01,039.bmp	7,646089E-1	2,636924E+0	7,518835E-3	1,094073E-2	-9,331032E-3	-8,011703E-3	1,387954E+0	1,396136E+0
20220916 11:19:07,045	c_1_126_20220916_11_19_07,045.bmp	7,722433E-1	2,653475E+0	8,791700E-3	1,476871E-2	-1,696338E-2	-1,056144E-2	1,398148E+0	1,396136E+0
20220916 11:19:13,050	c_1_127_20220916_11_19_13,050.bmp	7,798777E-1	2,676392E+0	7,518835E-3	1,094073E-2	-1,187515E-2	-3,350910E-2	1,390502E+0	1,388463E+0
20220916 11:19:19,053	c_1_128_20220916_11_19_19,053.bmp	7,887846E-1	2,696762E+0	3,700242E-3	1,094073E-2	1,356600E-2	2,187256E-3	1,387954E+0	1,388463E+0
20220916 11:19:25,057	c_1_129_20220916_11_19_25,057.bmp	7,887846E-1	2,714586E+0	1,006456E-2	1,349272E-2	-1,696338E-2	-1,566092E-2	1,395599E+0	1,393578E+0
20220916 11:19:31,061	c_1_130_20220916_11_19_31,061.bmp	7,938742E-1	2,734957E+0	1,006456E-2	1,094073E-2	-1,696338E-2	-2,912223E-3	1,395599E+0	1,385905E+0
20220916 11:19:37,065	c_1_131_20220916_11_19_37,065.bmp	8,040534E-1	2,756601E+0	8,791700E-3	1,094073E-2	-6,786918E-3	-8,011703E-3	1,387954E+0	1,388463E+0
20220916 11:19:43,066	c_1_132_20220916_11_19_43,066.bmp	8,065982E-1	2,775698E+0	4,973106E-3	1,094073E-2	-6,786918E-3	7,286736E-3	1,390502E+0	1,391021E+0
20220916 11:19:49,066	c_1_133_20220916_11_19_49,066.bmp	8,167774E-1	2,799888E+0	3,700242E-3	7,112750E-3	3,389540E-3	-3,624835E-4	1,382857E+0	1,380789E+0
20220916 11:19:55,075	c_1_134_20220916_11_19_55,075.bmp	8,231394E-1	2,816439E+0	3,700242E-3	1,094073E-2	8,454256E-4	-2,912223E-3	1,387954E+0	1,388463E+0
20220916 11:20:01,079	c_1_135_20220916_11_20_01,079.bmp	8,231394E-1	2,838083E+0	3,700242E-3	5,836756E-3	-4,242803E-3	-2,912223E-3	1,382857E+0	1,383347E+0
20220916 11:20:07,079	c_1_136_20220916_11_20_07,079.bmp	8,295015E-1	2,854634E+0	6,245971E-3	1,349272E-2	-4,242803E-3	-2,076040E-2	1,387954E+0	1,393578E+0
20220916 11:20:13,083	c_1_137_20220916_11_20_13,083.bmp	8,333187E-1	2,880097E+0	3,700242E-3	8,388745E-3	1,102188E-2	-2,912223E-3	1,385405E+0	1,380789E+0
20220916 11:20:19,083	c_1_138_20220916_11_20_19,083.bmp	8,358635E-1	2,894102E+0	7,518835E-3	1,349272E-2	-6,786918E-3	-1,056144E-2	1,398148E+0	1,393578E+0
20220916 11:20:25,087	c_1_139_20220916_11_20_25,087.bmp	8,333187E-1	2,918292E+0	3,700242E-3	8,388745E-3	-4,242803E-3	-8,011703E-3	1,385405E+0	1,380789E+0
20220916 11:20:31,090	c_1_140_20220916_11_20_31,090.bmp	8,269567E-1	2,934843E+0	7,518835E-3	1,094073E-2	-6,786918E-3	7,286736E-3	1,387954E+0	1,385905E+0
20220916 11:20:37,092	c_1_141_20220916_11_20_37,092.bmp	8,295015E-1	2,956487E+0	6,245971E-3	1,094073E-2	-9,331032E-3	-8,011703E-3	1,387954E+0	1,385905E+0
20220916 11:20:43,101	c_1_142_20220916_11_20_43,101.bmp	8,167774E-1	2,975584E+0	2,427377E-3	1,094073E-2	8,454256E-4	-5,461963E-3	1,387954E+0	1,385905E+0
20220916 11:20:49,103	c_1_143_20220916_11_20_49,103.bmp	8,129602E-1	2,993408E+0	6,245971E-3	1,476871E-2	-4,242803E-3	-3,095936E-2	1,395599E+0	1,396136E+0
20220916 11:20:55,103	c_1_144_20220916_11_20_55,103.bmp	8,193222E-1	3,020145E+0	3,700242E-3	1,094073E-2	8,454256E-4	-1,311118E-2	1,385405E+0	1,388463E+0
20220916 11:21:01,106	c_1_145_20220916_11_21_01,106.bmp	8,142326E-1	3,032876E+0	8,791700E-3	1,349272E-2	-1,187515E-2	-1,311118E-2	1,398148E+0	1,396136E+0
20220916 11:21:07,109	c_1_146_20220916_11_21_07,109.bmp	8,205946E-1	3,055793E+0	7,518835E-3	1,349272E-2	-9,331032E-3	-3,624835E-4	1,387954E+0	1,393578E+0
20220916 11:21:13,113	c_1_147_20220916_11_21_13,113.bmp	8,244119E-1	3,076164E+0	3,700242E-3	1,094073E-2	-1,698689E-3	-2,912223E-3	1,387954E+0	1,388463E+0
20220916 11:21:19,117	c_1_148_20220916_11_21_19,117.bmp	8,218670E-1	3,096534E+0	6,245971E-3	1,094073E-2	-9,331032E-3	-8,011703E-3	1,390502E+0	1,385905E+0
20220916 11:21:25,119	c_1_149_20220916_11_21_25,119.bmp	7,404332E-1	3,115631E+0	6,245971E-3	1,094073E-2	-6,786918E-3	-3,095936E-2	1,390502E+0	1,396136E+0
20220916 11:21:31,124	c_1_150_20220916_11_21_31,124.bmp	7,188024E-1	3,138548E+0	2,427377E-3	7,112750E-3	8,454256E-4	-5,461963E-3	1,382857E+0	1,388463E+0
20220916 11:21:37,128	c_1_151_20220916_11_21_37,128.bmp	7,022611E-1	3,156373E+0	6,245971E-3	1,094073E-2	-1,441926E-2	-5,461963E-3	1,390502E+0	1,393578E+0
20220916 11:21:43,130	c_1_152_20220916_11_21_43,130.bmp	7,035335E-1	3,178016E+0	3,700242E-3	7,112750E-3	-1,698689E-3	-5,461963E-3	1,382857E+0	1,383347E+0
20220916 11:21:49,130	c_1_153_20220916_11_21_49,130.bmp	6,971715E-1	3,193294E+0	1,006456E-2	1,349272E-2	-1,696338E-2	-1,056144E-2	1,398148E+0	1,393578E+0
20220916 11:21:55,133	c_1_154_20220916_11_21_55,133.bmp	6,984439E-1	3,216211E+0	8,791700E-3	1,094073E-2	1,356600E-2	4,736996E-3	1,387954E+0	1,383347E+0
20220916 11:22:01,136	c_1_155_20220916_11_22_01,136.bmp	7,060783E-1	3,237855E+0	3,700242E-3	7,112750E-3	-1,698689E-3	-1,056144E-2	1,382857E+0	1,383347E+0
20220916 11:22:07,137	c_1_156_20220916_11_22_07,137.bmp	7,098955E-1	3,255679E+0	7,518835E-3	1,094073E-2	-1,698689E-3	-1,821066E-2	1,387954E+0	1,396136E+0
20220916 11:22:13,138	c_1_157_20220916_11_22_13,138.bmp	7,086231E-1	3,272230E+0	8,791700E-3	1,349272E-2	-9,331032E-3	-8,011703E-3	1,395599E+0	1,391021E+0
20220916 11:22:19,140	c_1_158_20220916_11_22_19,140.bmp	7,149852E-1	3,295147E+0	7,518835E-3	1,094073E-2	-6,786918E-3	2,187256E-3	1,387954E+0	1,383347E+0
20220916 11:22:25,143	c_1_159_20220916_11_22_25,143.bmp	7,175300E-1	3,316791E+0	6,245971E-3	1,094073E-2	-6,786918E-3	-5,461963E-3	1,387954E+0	1,385905E+0
20220916 11:22:31,147	c_1_160_20220916_11_22_31,147.bmp	7,238920E-1	3,337161E+0	3,700242E-3	9,664739E-3	-1,187515E-2	-1,311118E-2	1,387954E+0	1,393578E+0
20220916 11:22:37,152	c_1_161_20220916_11_22_37,152.bmp	7,251644E-1	3,354985E+0	7,518835E-3	9,664739E-3	-6,786918E-3	1,238622E-2	1,390502E+0	1,388463E+0
20220916 11:22:43,161	c_1_162_20220916_11_22_43,161.bmp	7,289816E-1	3,375356E+0	6,245971E-3	8,388745E-3	-9,331032E-3	7,286736E-3	1,390502E+0	1,383347E+0
20220916 11:22:49,162	c_1_163_20220916_11_22_49,162.bmp	7,302540E-1	3,398273E+0	7,518835E-3	8,388745E-3	-9,331032E-3	2,187256E-3	1,385405E+0	1,383347E+0
20220916 11:22:55,166	c_1_164_20220916_11_22_55,166.bmp	7,340712E-1	3,416097E+0	7,518835E-3	1,094073E-2	-6,786918E-3	-8,011703E-3	1,390502E+0	1,388463E+0
20220916 11:23:01,169	c_1_165_20220916_11_23_01,169.bmp	7,417056E-1	3,432648E+0	1,006456E-2	1,349272E-2	-1,696338E-2	-1,311118E-2	1,398148E+0	1,393578E+0
20220916 11:23:07,170	c_1_166_20220916_11_23_07,170.bmp	7,404332E-1	3,455565E+0	6,245971E-3	1,094073E-2	8,454256E-4	-2,912223E-3	1,387954E+0	1,388463E+0
20220916 11:23:13,175	c_1_167_20220916_11_23_13,175.bmp	7,391608E-1	3,475935E+0	4,973106E-3	1,094073E-2	-6,786918E-3	-5,461963E-3	1,387954E+0	1,388463E+0
20220916 11:23:19,180	c_1_168_20220916_11_23_19,180.bmp	7,417056E-1	3,496306E+0	2,427377E-3	1,094073E-2	-1,950749E-2	-5,461963E-3	1,387954E+0	1,388463E+0
20220916 11:23:25,183	c_1_169_20220916_11_23_25,183.bmp	7,391608E-1	3,519223E+0	2,427377E-3	7,112750E-3	8,454256E-4	2,187256E-3	1,382857E+0	1,388463E+0
20220916 11:23:31,185	c_1_170_20220916_11_23_31,185.bmp	7,213472E-1	3,530681E+0	8,791700E-3	9,664739E-3	-9,331032E-3	2,187256E-3	1,398148E+0	1,385905E+0
20220916 11:23:37,188	c_1_171_20220916_11_23_37,188.bmp	7,149852E-1	3,552325E+0	1,006456E-2	1,094073E-2	-1,187515E-2	-5,461963E-3	1,395599E+0	1,385905E+0
20220916 11:23:43,189	c_1_172_20220916_11_23_43,189.bmp	6,869923E-1	3,571422E+0	8,791700E-3	1,604471E-2	-9,331032E-3	-2,585988E-2	1,395599E+0	1,396136E+0
20220916 11:23:49,192	c_1_173_20220916_11_23_49,192.bmp	5,826552E-1	3,591793E+0	1,006456E-2	1,221673E-2	-1,696338E-2	-2,912223E-3	1,395599E+0	1,393578E+0
20220916 11:23:55,192	c_1_174_20220916_11_23_55,192.bmp	5,864724E-1	3,617256E+0	2,427377E-3	1,094073E-2	8,477769E-3	-8,011703E-3	1,390502E+0	1,396136E+0
20220916 11:24:01,202	c_1_175_20220916_11_24_01,202.bmp	5,902896E-1	3,636353E+0	3,700242E-3	1,094073E-2	3,389540E-3	-1,056144E-2	1,390502E+0	1,396136E+0
20220916 11:24:07,209	c_1_176_20220916_11_24_07,209.bmp	5,852000E-1	3,652905E+0	1,006456E-2	1,094073E-2	-1,441926E-2	-2,076040E-2	1,398148E+0	1,388463E+0
20220916 11:24:13,209	c_1_177_20220916_11_24_13,209.bmp	5,915620E-1	3,673275E+0	7,518835E-3	1,349272E-2	-9,331032E-3	-1,566092E-2	1,395599E+0	1,396136E+0
20220916 11:24:19,214	c_1_178_20220916_11_24_19,214.bmp	5,953792E-1	3,696192E+0	6,245971E-3	1,094073E-2	-4,242803E-3	-5,461963E-3	1,390502E+0	1,388463E+0
20220916 11:24:25,218	c_1_179_20220916_11_24_25,218.bmp	6,004688E-1	3,714016E+0	6,245971E-3	1,094073E-2	-1,441926E-2	-1,566092E-2	1,390502E+0	1,388463E+0
20220916 11:24:31,220	c_1_180_20220916_11_24_31,220.bmp	6,042860E-1	3,734387E+0	6,245971E-3	1,094073E-2	-1,187515E-2	-3,624835E-4	1,390502E+0	1,388463E+0
20220916 11:24:37,222	c_1_181_20220916_11_24_37,222.bmp	6,068309E-1	3,757304E+0	7,518835E-3	1,349272E-2	-6,786918E-3	-1,566092E-2	1,387954E+0	1,396136E+0
20220916 11:24:43,222	c_1_182_20220916_11_24_43,222.bmp	6,106481E-1	3,775128E+0	7,518835E-3	1,349272E-2	-1,698689E-3	-1,056144E-2	1,387954E+0	1,396136E+0
20220916 11:24:49,227	c_1_183_20220916_11_24_49,227.bmp	6,106481E-1	3,791679E+0	8,791700E-3	1,349272E-2	-1,187515E-2	-3,860858E-2	1,395599E+0	1,385905E+0
20220916 11:24:55,232	c_1_184_20220916_11_24_55,232.bmp	6,170101E-1	3,818415E+0	3,700242E-3	7,112750E-3	-4,242803E-3	-3,624835E-4	1,382857E+0	1,383347E+0
20220916 11:25:01,236	c_1_185_20220916_11_25_01,236.bmp	6,233721E-1	3,838786E+0	3,700242E-3	8,388745E-3	-6,786918E-3	4,736996E-3	1,382857E+0	1,385905E+0
20220916 11:25:07,240	c_1_186_20220916_11_25_07,240.bmp	6,259169E-1	3,855337E+0	6,245971E-3	9,664739E-3	-4,242803E-3	-8,011703E-3	1,390502E+0	1,388463E+0
20220916 11:25:13,241	c_1_187_20220916_11_25_13,241.bmp	6,271893E-1	3,875707E+0	6,245971E-3	1,094073E-2	-9,331032E-3	-1,311118E-2	1,390502E+0	1,396136E+0
20220916 11:25:19,241	c_1_188_20220916_11_25_19,241.bmp	6,360961E-1	3,897351E+0	2,427377E-3	5,836756E-3	-6,786918E-3	-3,624835E-4	1,382857E+0	1,383347E+0
20220916 11:25:25,242	c_1_189_20220916_11_25_25,242.bmp	6,360961E-1	3,916448E+0	4,973106E-3	7,112750E-3	-4,242803E-3	9,836476E-3	1,387954E+0	1,380789E+0
20220916 11:25:31,245	c_1_190_20220916_11_25_31,245.bmp	6,411857E-1	3,935546E+0	7,518835E-3	1,349272E-2	-6,786918E-3	-1,056144E-2	1,390502E+0	1,396136E+0
20220916 11:25:37,245	c_1_191_20220916_11_25_37,245.bmp	6,437306E-1	3,957190E+0	7,518835E-3	1,094073E-2	-1,698689E-3	-3,624835E-4	1,387954E+0	1,388463E+0
20220916 11:25:43,246	c_1_192_20220916_11_25_43,246.bmp	6,424582E-1	3,973741E+0	1,006456E-2	1,094073E-2	-9,331032E-3	-8,011703E-3	1,398148E+0	1,388463E+0
20220916 11:25:49,246	c_1_193_20220916_11_25_49,246.bmp	6,500926E-1	3,994111E+0	8,791700E-3	1,476871E-2	-1,696338E-2	-5,461963E-3	1,395599E+0	1,388463E+0
20220916 11:25:55,250	c_1_194_20220916_11_25_55,250.bmp	6,551822E-1	4,011935E+0	8,791700E-3	1,476871E-2	-1,696338E-2	-5,461963E-3	1,395599E+0	1,388463E+0
20220916 11:26:01,256	c_1_195_20220916_11_26_01,256.bmp	6,577270E-1	4,034852E+0	8,791700E-3	1,094073E-2	-2,459572E-2	-2,912223E-3	1,398148E+0	1,388463E+0
20220916 11:26:07,256	c_1_196_20220916_11_26_07,256.bmp	6,628166E-1	4,055223E+0	7,518835E-3	8,388745E-3	-1,187515E-2	-5,461963E-3	1,387954E+0	1,380789E+0
20220916 11:26:13,257	c_1_197_20220916_11_26_13,257.bmp	6,666338E-1	4,075593E+0	6,245971E-3	1,094073E-2	-9,331032E-3	4,736996E-3	1,387954E+0	1,380789E+0
20220916 11:26:19,258	c_1_198_20220916_11_26_19,258.bmp	6,717234E-1	4,098510E+0	2,427377E-3	1,094073E-2	8,454256E-4	9,836476E-3	1,382857E+0	1,388463E+0
20220916 11:26:25,258	c_1_199_20220916_11_26_25,258.bmp	6,704510E-1	4,118881E+0	7,518835E-3	8,388745E-3	-4,242803E-3	1,493596E-2	1,385405E+0	1,388463E+0
20220916 11:26:31,259	c_1_200_20220916_11_26_31,259.bmp	6,564546E-1	4,131612E+0	8,791700E-3	1,349272E-2	-1,696338E-2	-1,566092E-2	1,395599E+0	1,396136E+0
20220916 11:26:37,260	c_1_201_20220916_11_26_37,260.bmp	6,106481E-1	4,159622E+0	2,427377E-3	1,094073E-2	-1,698689E-3	-8,011703E-3	1,382857E+0	1,388463E+0
20220916 11:26:43,263	c_1_202_20220916_11_26_43,263.bmp	6,068309E-1	4,176173E+0	7,518835E-3	1,094073E-2	-9,331032E-3	2,187256E-3	1,387954E+0	1,383347E+0
20220916 11:26:49,265	c_1_203_20220916_11_26_49,265.bmp	6,119205E-1	4,192724E+0	1,006456E-2	1,476871E-2	-6,786918E-3	-8,011703E-3	1,395599E+0	1,396136E+0
20220916 11:26:55,267	c_1_204_20220916_11_26_55,267.bmp	6,119205E-1	4,213094E+0	8,791700E-3	1,094073E-2	-1,187515E-2	-8,011703E-3	1,395599E+0	1,385905E+0
20220916 11:27:01,267	c_1_205_20220916_11_27_01,267.bmp	6,195549E-1	4,233465E+0	6,245971E-3	1,349272E-2	-1,187515E-2	-1,821066E-2	1,398148E+0	1,396136E+0
20220916 11:27:07,271	c_1_206_20220916_11_27_07,271.bmp	6,208273E-1	4,252562E+0	8,791700E-3	1,349272E-2	-2,713983E-2	-8,011703E-3	1,395599E+0	1,393578E+0
20220916 11:27:13,278	c_1_207_20220916_11_27_13,278.bmp	6,259169E-1	4,272933E+0	6,245971E-3	1,349272E-2	-4,242803E-3	-8,011703E-3	1,395599E+0	1,396136E+0
20220916 11:27:19,280	c_1_208_20220916_11_27_19,280.bmp	6,233721E-1	4,295850E+0	1,006456E-2	1,094073E-2	-1,698689E-3	-5,461963E-3	1,387954E+0	1,385905E+0
20220916 11:27:25,280	c_1_209_20220916_11_27_25,280.bmp	6,360961E-1	4,316220E+0	7,518835E-3	1,349272E-2	-6,786918E-3	-1,056144E-2	1,390502E+0	1,396136E+0
20220916 11:27:31,281	c_1_210_20220916_11_27_31,281.bmp	6,386409E-1	4,337864E+0	7,518835E-3	8,388745E-3	8,454256E-4	2,187256E-3	1,390502E+0	1,385905E+0
20220916 11:27:37,281	c_1_211_20220916_11_27_37,281.bmp	6,399133E-1	4,355688E+0	6,245971E-3	1,094073E-2	3,389540E-3	7,286736E-3	1,390502E+0	1,385905E+0
20220916 11:27:43,282	c_1_212_20220916_11_27_43,282.bmp	6,399133E-1	4,372239E+0	8,791700E-3	1,094073E-2	-1,696338E-2	-1,056144E-2	1,395599E+0	1,385905E+0
20220916 11:27:49,285	c_1_213_20220916_11_27_49,285.bmp	6,437306E-1	4,395156E+0	6,245971E-3	1,349272E-2	-6,786918E-3	-1,566092E-2	1,390502E+0	1,393578E+0
20220916 11:27:55,285	c_1_214_20220916_11_27_55,285.bmp	6,475478E-1	4,414254E+0	6,245971E-3	1,349272E-2	-1,187515E-2	-8,011703E-3	1,390502E+0	1,393578E+0
20220916 11:28:01,289	c_1_215_20220916_11_28_01,289.bmp	6,411857E-1	4,432078E+0	1,006456E-2	1,349272E-2	-9,331032E-3	-2,912223E-3	1,398148E+0	1,385905E+0
20220916 11:28:07,297	c_1_216_20220916_11_28_07,297.bmp	6,233721E-1	4,458814E+0	3,700242E-3	1,094073E-2	-4,242803E-3	-8,011703E-3	1,382857E+0	1,391021E+0
20220916 11:28:13,302	c_1_217_20220916_11_28_13,302.bmp	6,081033E-1	4,476638E+0	8,791700E-3	1,094073E-2	-9,331032E-3	-8,011703E-3	1,390502E+0	1,388463E+0
20220916 11:28:19,304	c_1_218_20220916_11_28_19,304.bmp	6,093757E-1	4,495736E+0	6,245971E-3	8,388745E-3	-6,786918E-3	9,836476E-3	1,387954E+0	1,380789E+0
20220916 11:28:25,305	c_1_219_20220916_11_28_25,305.bmp	6,055585E-1	4,511014E+0	8,791700E-3	1,349272E-2	-1,696338E-2	-1,311118E-2	1,395599E+0	1,393578E+0
20220916 11:28:31,307	c_1_220_20220916_11_28_31,307.bmp	6,144653E-1	4,540296E+0	4,973106E-3	7,112750E-3	-1,698689E-3	-8,011703E-3	1,382857E+0	1,380789E+0
20220916 11:28:37,310	c_1_221_20220916_11_28_37,310.bmp	6,093757E-1	4,554301E+0	1,006456E-2	1,094073E-2	-1,187515E-2	-5,461963E-3	1,398148E+0	1,388463E+0
20220916 11:28:43,315	c_1_222_20220916_11_28_43,315.bmp	6,195549E-1	4,573398E+0	1,133743E-2	1,476871E-2	-2,968395E-2	-1,566092E-2	1,395599E+0	1,388463E+0
20220916 11:28:49,316	c_1_223_20220916_11_28_49,316.bmp	6,208273E-1	4,595042E+0	7,518835E-3	1,094073E-2	-6,786918E-3	-1,311118E-2	1,390502E+0	1,393578E+0
20220916 11:28:55,317	c_1_224_20220916_11_28_55,317.bmp	6,259169E-1	4,616686E+0	3,700242E-3	1,094073E-2	-6,786918E-3	-1,311118E-2	1,387954E+0	1,396136E+0
20220916 11:29:01,322	c_1_225_20220916_11_29_01,322.bmp	6,208273E-1	4,635783E+0	1,006456E-2	1,094073E-2	-1,950749E-2	-5,461963E-3	1,398148E+0	1,388463E+0
20220916 11:29:07,323	c_1_226_20220916_11_29_07,323.bmp	6,259169E-1	4,656154E+0	7,518835E-3	9,664739E-3	-1,187515E-2	-5,461963E-3	1,387954E+0	1,388463E+0
20220916 11:29:13,328	c_1_227_20220916_11_29_13,328.bmp	6,310065E-1	4,679071E+0	6,245971E-3	7,112750E-3	-6,786918E-3	1,238622E-2	1,390502E+0	1,380789E+0
20220916 11:29:19,332	c_1_228_20220916_11_29_19,332.bmp	6,335513E-1	4,695622E+0	6,245971E-3	1,094073E-2	8,454256E-4	-2,912223E-3	1,390502E+0	1,380789E+0
20220916 11:29:25,336	c_1_229_20220916_11_29_25,336.bmp	6,360961E-1	4,715992E+0	7,518835E-3	1,094073E-2	-4,242803E-3	4,736996E-3	1,390502E+0	1,388463E+0
20220916 11:29:31,337	c_1_230_20220916_11_29_31,337.bmp	6,424582E-1	4,735090E+0	7,518835E-3	1,094073E-2	-6,786918E-3	-2,912223E-3	1,390502E+0	1,391021E+0
20220916 11:29:37,337	c_1_231_20220916_11_29_37,337.bmp	6,424582E-1	4,755460E+0	1,006456E-2	1,094073E-2	-1,187515E-2	-5,461963E-3	1,390502E+0	1,383347E+0
20220916 11:29:43,341	c_1_232_20220916_11_29_43,341.bmp	6,450030E-1	4,772011E+0	1,006456E-2	1,094073E-2	-1,950749E-2	-2,912223E-3	1,395599E+0	1,388463E+0
20220916 11:29:49,351	c_1_233_20220916_11_29_49,351.bmp	6,500926E-1	4,798748E+0	6,245971E-3	7,112750E-3	8,454256E-4	-3,624835E-4	1,385405E+0	1,388463E+0
20220916 11:29:55,356	c_1_234_20220916_11_29_55,356.bmp	6,551822E-1	4,812752E+0	4,973106E-3	1,349272E-2	-1,187515E-2	-8,011703E-3	1,398148E+0	1,396136E+0
20220916 11:30:01,358	c_1_235_20220916_11_30_01,358.bmp	6,640890E-1	4,836942E+0	3,700242E-3	1,094073E-2	-6,786918E-3	-8,011703E-3	1,385405E+0	1,388463E+0
20220916 11:30:07,363	c_1_236_20220916_11_30_07,363.bmp	6,640890E-1	4,852220E+0	6,245971E-3	1,349272E-2	-9,331032E-3	-1,566092E-2	1,398148E+0	1,396136E+0
20220916 11:30:13,367	c_1_237_20220916_11_30_13,367.bmp	6,653614E-1	4,875137E+0	1,006456E-2	1,094073E-2	-9,331032E-3	7,286736E-3	1,390502E+0	1,388463E+0
20220916 11:30:19,367	c_1_238_20220916_11_30_19,367.bmp	6,717234E-1	4,894234E+0	7,518835E-3	8,388745E-3	-4,242803E-3	2,187256E-3	1,387954E+0	1,380789E+0
20220916 11:30:25,370	c_1_239_20220916_11_30_25,370.bmp	6,768130E-1	4,915878E+0	7,518835E-3	1,094073E-2	-6,786918E-3	2,187256E-3	1,390502E+0	1,380789E+0
20220916 11:30:31,370	c_1_240_20220916_11_30_31,370.bmp	6,819027E-1	4,934976E+0	6,245971E-3	1,094073E-2	-1,187515E-2	-8,011703E-3	1,390502E+0	1,388463E+0
20220916 11:30:37,374	c_1_241_20220916_11_30_37,374.bmp	6,844475E-1	4,955346E+0	6,245971E-3	1,094073E-2	-9,331032E-3	2,187256E-3	1,387954E+0	1,388463E+0
20220916 11:30:43,380	c_1_242_20220916_11_30_43,380.bmp	6,869923E-1	4,971897E+0	8,791700E-3	1,349272E-2	-9,331032E-3	-1,311118E-2	1,387954E+0	1,393578E+0
20220916 11:30:49,385	c_1_243_20220916_11_30_49,385.bmp	6,895371E-1	4,992268E+0	8,791700E-3	1,476871E-2	-2,205160E-2	-1,566092E-2	1,395599E+0	1,388463E+0
20220916 11:30:55,387	c_1_244_20220916_11_30_55,387.bmp	7,009887E-1	5,019004E+0	3,700242E-3	9,664739E-3	-4,242803E-3	-3,624835E-4	1,382857E+0	1,388463E+0
20220916 11:31:01,391	c_1_245_20220916_11_31_01,391.bmp	6,971715E-1	5,033009E+0	8,791700E-3	1,094073E-2	-1,441926E-2	-3,624835E-4	1,398148E+0	1,385905E+0
20220916 11:31:07,393	c_1_246_20220916_11_31_07,393.bmp	7,035335E-1	5,052106E+0	7,518835E-3	1,476871E-2	-9,331032E-3	-1,056144E-2	1,395599E+0	1,396136E+0
20220916 11:31:13,394	c_1_247_20220916_11_31_13,394.bmp	7,137127E-1	5,078843E+0	3,700242E-3	9,664739E-3	8,477769E-3	-5,461963E-3	1,385405E+0	1,388463E+0
20220916 11:31:19,400	c_1_248_20220916_11_31_19,400.bmp	7,149852E-1	5,092847E+0	1,006456E-2	1,476871E-2	-1,696338E-2	-2,076040E-2	1,395599E+0	1,393578E+0
20220916 11:31:25,402	c_1_249_20220916_11_31_25,402.bmp	7,137127E-1	5,111945E+0	1,006456E-2	1,349272E-2	-1,696338E-2	-1,311118E-2	1,395599E+0	1,396136E+0
20220916 11:31:31,407	c_1_250_20220916_11_31_31,407.bmp	7,238920E-1	5,138681E+0	2,427377E-3	1,094073E-2	-6,786918E-3	-1,056144E-2	1,385405E+0	1,388463E+0
20220916 11:31:37,411	c_1_251_20220916_11_31_37,411.bmp	7,264368E-1	5,155232E+0	4,973106E-3	1,349272E-2	-1,696338E-2	-2,076040E-2	1,390502E+0	1,396136E+0
20220916 11:31:43,414	c_1_252_20220916_11_31_43,414.bmp	7,315264E-1	5,178149E+0	7,518835E-3	8,388745E-3	-4,242803E-3	-1,056144E-2	1,385405E+0	1,383347E+0
20220916 11:31:49,418	c_1_253_20220916_11_31_49,418.bmp	7,353436E-1	5,199793E+0	7,518835E-3	8,388745E-3	-6,786918E-3	7,286736E-3	1,382857E+0	1,380789E+0
20220916 11:31:55,419	c_1_254_20220916_11_31_55,419.bmp	7,353436E-1	5,215071E+0	1,006456E-2	1,094073E-2	-2,205160E-2	-5,461963E-3	1,390502E+0	1,383347E+0
20220916 11:32:01,420	c_1_255_20220916_11_32_01,420.bmp	7,442504E-1	5,237987E+0	6,245971E-3	7,112750E-3	8,454256E-4	-3,624835E-4	1,382857E+0	1,383347E+0
20220916 11:32:07,421	c_1_256_20220916_11_32_07,421.bmp	7,442504E-1	5,254538E+0	1,006456E-2	1,349272E-2	-1,696338E-2	2,187256E-3	1,398148E+0	1,396136E+0
20220916 11:32:13,429	c_1_257_20220916_11_32_13,429.bmp	7,493400E-1	5,274909E+0	1,006456E-2	1,094073E-2	-6,786918E-3	-5,461963E-3	1,387954E+0	1,385905E+0
20220916 11:32:19,431	c_1_258_20220916_11_32_19,431.bmp	7,569745E-1	5,297826E+0	6,245971E-3	8,388745E-3	8,454256E-4	2,187256E-3	1,390502E+0	1,383347E+0
20220916 11:32:25,433	c_1_259_20220916_11_32_25,433.bmp	7,607917E-1	5,319470E+0	3,700242E-3	8,388745E-3	8,454256E-4	-2,912223E-3	1,385405E+0	1,383347E+0
20220916 11:32:31,436	c_1_260_20220916_11_32_31,436.bmp	7,671537E-1	5,334747E+0	3,700242E-3	1,094073E-2	-6,786918E-3	-8,011703E-3	1,387954E+0	1,396136E+0
20220916 11:32:37,437	c_1_261_20220916_11_32_37,437.bmp	7,722433E-1	5,357664E+0	3,700242E-3	1,094073E-2	8,454256E-4	-8,011703E-3	1,385405E+0	1,388463E+0
20220916 11:32:43,441	c_1_262_20220916_11_32_43,441.bmp	7,735157E-1	5,375489E+0	7,518835E-3	1,094073E-2	-4,242803E-3	-8,011703E-3	1,387954E+0	1,385905E+0
20220916 11:32:49,442	c_1_263_20220916_11_32_49,442.bmp	7,735157E-1	5,395859E+0	4,973106E-3	9,664739E-3	-6,786918E-3	2,003543E-2	1,390502E+0	1,383347E+0
20220916 11:32:55,442	c_1_264_20220916_11_32_55,442.bmp	7,836949E-1	5,411137E+0	7,518835E-3	1,604471E-2	-1,187515E-2	-1,311118E-2	1,395599E+0	1,385905E+0
20220916 11:33:01,447	c_1_265_20220916_11_33_01,447.bmp	7,836949E-1	5,434054E+0	6,245971E-3	1,094073E-2	-4,242803E-3	-2,912223E-3	1,390502E+0	1,388463E+0
20220916 11:33:07,448	c_1_266_20220916_11_33_07,448.bmp	7,900570E-1	5,454424E+0	6,245971E-3	8,388745E-3	-4,242803E-3	2,187256E-3	1,387954E+0	1,383347E+0
20220916 11:33:13,449	c_1_267_20220916_11_33_13,449.bmp	7,964190E-1	5,478614E+0	7,518835E-3	7,112750E-3	-6,786918E-3	-3,624835E-4	1,385405E+0	1,388463E+0
20220916 11:33:19,451	c_1_268_20220916_11_33_19,451.bmp	8,002362E-1	5,495166E+0	7,518835E-3	7,112750E-3	-1,441926E-2	2,187256E-3	1,390502E+0	1,383347E+0
20220916 11:33:25,453	c_1_269_20220916_11_33_25,453.bmp	8,053258E-1	5,514263E+0	6,245971E-3	1,094073E-2	-1,698689E-3	-1,056144E-2	1,387954E+0	1,385905E+0
20220916 11:33:31,455	c_1_270_20220916_11_33_31,455.bmp	8,142326E-1	5,534633E+0	3,700242E-3	1,221673E-2	-1,698689E-3	2,187256E-3	1,385405E+0	1,388463E+0
20220916 11:33:37,456	c_1_271_20220916_11_33_37,456.bmp	8,142326E-1	5,553731E+0	6,245971E-3	7,112750E-3	-6,786918E-3	-3,624835E-4	1,387954E+0	1,380789E+0
20220916 11:33:43,456	c_1_272_20220916_11_33_43,456.bmp	8,205946E-1	5,575375E+0	6,245971E-3	1,094073E-2	8,454256E-4	-8,011703E-3	1,390502E+0	1,385905E+0
20220916 11:33:49,460	c_1_273_20220916_11_33_49,460.bmp	8,282291E-1	5,591926E+0	8,791700E-3	1,221673E-2	-1,696338E-2	-2,840962E-2	1,395599E+0	1,385905E+0
20220916 11:33:55,463	c_1_274_20220916_11_33_55,463.bmp	8,371359E-1	5,618662E+0	7,518835E-3	8,388745E-3	-6,786918E-3	2,187256E-3	1,382857E+0	1,383347E+0
20220916 11:34:01,464	c_1_275_20220916_11_34_01,464.bmp	8,447703E-1	5,633940E+0	7,518835E-3	8,388745E-3	-6,786918E-3	1,493596E-2	1,387954E+0	1,380789E+0
20220916 11:34:07,467	c_1_276_20220916_11_34_07,467.bmp	8,498599E-1	5,651764E+0	8,791700E-3	1,094073E-2	-1,696338E-2	-8,011703E-3	1,395599E+0	1,388463E+0
20220916 11:34:13,475	c_1_277_20220916_11_34_13,475.bmp	8,600392E-1	5,674681E+0	4,973106E-3	1,094073E-2	-6,786918E-3	-1,311118E-2	1,390502E+0	1,388463E+0
20220916 11:34:19,480	c_1_278_20220916_11_34_19,480.bmp	8,676736E-1	5,697598E+0	7,518835E-3	8,388745E-3	-6,786918E-3	4,736996E-3	1,382857E+0	1,385905E+0
20220916 11:34:25,484	c_1_279_20220916_11_34_25,484.bmp	8,740356E-1	5,711603E+0	7,518835E-3	1,476871E-2	-1,441926E-2	-1,821066E-2	1,390502E+0	1,393578E+0
20220916 11:34:31,489	c_1_280_20220916_11_34_31,489.bmp	8,791252E-1	5,734519E+0	1,006456E-2	1,094073E-2	-6,786918E-3	-1,056144E-2	1,387954E+0	1,388463E+0
20220916 11:34:37,491	c_1_281_20220916_11_34_37,491.bmp	8,880320E-1	5,754890E+0	7,518835E-3	1,094073E-2	-6,786918E-3	-1,311118E-2	1,390502E+0	1,396136E+0
20220916 11:34:43,493	c_1_282_20220916_11_34_43,493.bmp	8,765804E-1	5,773987E+0	7,518835E-3	1,094073E-2	5,933654E-3	-1,056144E-2	1,390502E+0	1,396136E+0
20220916 11:34:49,502	c_1_283_20220916_11_34_49,502.bmp	6,106481E-1	5,798177E+0	4,973106E-3	7,112750E-3	-9,331032E-3	2,187256E-3	1,382857E+0	1,383347E+0
20220916 11:34:55,509	c_1_284_20220916_11_34_55,509.bmp	6,157377E-1	5,810909E+0	3,700242E-3	1,094073E-2	8,477769E-3	2,187256E-3	1,382857E+0	1,388463E+0
20220916 11:35:01,511	c_1_285_20220916_11_35_01,511.bmp	6,055585E-1	5,794358E+0	7,518835E-3	7,112750E-3	-9,331032E-3	2,187256E-3	1,387954E+0	1,380789E+0
20220916 11:35:07,517	c_1_286_20220916_11_35_07,517.bmp	5,902896E-1	5,742158E+0	8,791700E-3	1,094073E-2	-1,441926E-2	-8,011703E-3	1,387954E+0	1,388463E+0
