20220408 12:52:37,739	c_1_1244_20220408_12_52_37,739.bmp	8,301209E-4	6,670150E-3	4,902598E-5	1,107786E-5
20220408 12:52:43,750	c_1_1245_20220408_12_52_43,750.bmp	-5,533468E-3	1,578260E-3	2,594737E-3	3,830109E-3
20220408 12:52:49,757	c_1_1246_20220408_12_52_49,757.bmp	1,611926E-1	1,558096E-2	4,902598E-5	3,830109E-3
20220408 12:52:55,763	c_1_1247_20220408_12_52_55,763.bmp	3,521003E-1	3,594852E-2	2,594737E-3	2,557098E-3
20220408 12:53:01,768	c_1_1248_20220408_12_53_01,768.bmp	5,468261E-1	5,504311E-2	1,321881E-3	2,557098E-3
20220408 12:53:07,769	c_1_1249_20220408_12_53_07,769.bmp	7,568245E-1	8,177553E-2	-2,496685E-3	-3,807953E-3
20220408 12:53:13,772	c_1_1250_20220408_12_53_13,772.bmp	9,655503E-1	9,959715E-2	4,902598E-5	-1,261932E-3
20220408 12:53:19,788	c_1_1251_20220408_12_53_19,788.bmp	1,169185E+0	1,161458E-1	2,594737E-3	-1,261932E-3
20220408 12:53:25,793	c_1_1252_20220408_12_53_25,793.bmp	1,374093E+0	1,377863E-1	1,321881E-3	-1,261932E-3
20220408 12:53:31,796	c_1_1253_20220408_12_53_31,796.bmp	1,584091E+0	1,581539E-1	-1,223829E-3	1,284088E-3
20220408 12:53:37,799	c_1_1254_20220408_12_53_37,799.bmp	1,782635E+0	1,772485E-1	2,594737E-3	2,557098E-3
20220408 12:53:43,809	c_1_1255_20220408_12_53_43,809.bmp	1,990088E+0	1,963431E-1	3,867592E-3	2,557098E-3
20220408 12:53:49,813	c_1_1256_20220408_12_53_49,813.bmp	2,198814E+0	2,167106E-1	4,902598E-5	2,557098E-3
20220408 12:53:55,823	c_1_1257_20220408_12_53_55,823.bmp	2,404994E+0	2,396241E-1	-2,496685E-3	-3,807953E-3
20220408 12:54:01,829	c_1_1258_20220408_12_54_01,829.bmp	2,606084E+0	2,587187E-1	-1,223829E-3	2,557098E-3
20220408 12:54:07,831	c_1_1259_20220408_12_54_07,831.bmp	2,803355E+0	2,752674E-1	3,867592E-3	3,830109E-3
20220408 12:54:13,840	c_1_1260_20220408_12_54_13,840.bmp	3,003172E+0	3,019998E-1	1,321881E-3	-3,807953E-3
20220408 12:54:19,844	c_1_1261_20220408_12_54_19,844.bmp	3,190261E+0	3,147295E-1	1,321881E-3	3,830109E-3
20220408 12:54:25,847	c_1_1262_20220408_12_54_25,847.bmp	3,374805E+0	3,427349E-1	4,902598E-5	-3,807953E-3
20220408 12:54:31,848	c_1_1263_20220408_12_54_31,848.bmp	3,532622E+0	3,592836E-1	1,321881E-3	1,107786E-5
20220408 12:54:37,849	c_1_1264_20220408_12_54_37,849.bmp	3,681530E+0	3,821971E-1	-3,769540E-3	-3,807953E-3
20220408 12:54:43,850	c_1_1265_20220408_12_54_43,850.bmp	3,818984E+0	3,987457E-1	-2,496685E-3	1,107786E-5
20220408 12:54:49,853	c_1_1266_20220408_12_54_49,853.bmp	3,948801E+0	4,229322E-1	-3,769540E-3	-3,807953E-3
20220408 12:54:55,855	c_1_1267_20220408_12_54_55,855.bmp	4,058255E+0	4,369349E-1	4,902598E-5	2,557098E-3
20220408 12:55:01,866	c_1_1268_20220408_12_55_01,866.bmp	4,142254E+0	4,560295E-1	1,321881E-3	2,557098E-3
20220408 12:55:07,867	c_1_1269_20220408_12_55_07,867.bmp	4,188072E+0	4,789430E-1	-5,042396E-3	1,107786E-5
20220408 12:55:13,871	c_1_1270_20220408_12_55_13,871.bmp	4,125709E+0	4,954916E-1	4,902598E-5	2,557098E-3
20220408 12:55:19,877	c_1_1271_20220408_12_55_19,877.bmp	4,053164E+0	5,145862E-1	2,594737E-3	1,284088E-3
20220408 12:55:25,878	c_1_1272_20220408_12_55_25,878.bmp	3,849529E+0	5,387727E-1	2,594737E-3	-1,261932E-3
20220408 12:55:31,882	c_1_1273_20220408_12_55_31,882.bmp	3,695530E+0	5,591403E-1	-5,042396E-3	1,107786E-5
20220408 12:55:37,892	c_1_1274_20220408_12_55_37,892.bmp	3,536440E+0	5,744159E-1	2,594737E-3	2,557098E-3
20220408 12:55:43,900	c_1_1275_20220408_12_55_43,900.bmp	3,423168E+0	5,986024E-1	4,902598E-5	1,107786E-5
20220408 12:55:49,901	c_1_1276_20220408_12_55_49,901.bmp	3,348078E+0	6,164240E-1	1,321881E-3	2,557098E-3
20220408 12:55:55,903	c_1_1277_20220408_12_55_55,903.bmp	3,321351E+0	6,380646E-1	1,321881E-3	1,107786E-5
20220408 12:56:01,904	c_1_1278_20220408_12_56_01,904.bmp	3,279351E+0	6,584321E-1	1,321881E-3	1,107786E-5
20220408 12:56:07,905	c_1_1279_20220408_12_56_07,905.bmp	3,251352E+0	6,826186E-1	4,902598E-5	-3,807953E-3
20220408 12:56:13,906	c_1_1280_20220408_12_56_13,906.bmp	3,225897E+0	6,953483E-1	-1,223829E-3	3,830109E-3
20220408 12:56:19,908	c_1_1281_20220408_12_56_19,908.bmp	3,141898E+0	7,157159E-1	-1,223829E-3	1,284088E-3
20220408 12:56:25,912	c_1_1282_20220408_12_56_25,912.bmp	2,990444E+0	7,360834E-1	2,594737E-3	1,284088E-3
20220408 12:56:31,918	c_1_1283_20220408_12_56_31,918.bmp	2,914081E+0	7,564510E-1	2,594737E-3	2,557098E-3
20220408 12:56:37,921	c_1_1284_20220408_12_56_37,921.bmp	2,854264E+0	7,780915E-1	-1,223829E-3	1,107786E-5
20220408 12:56:43,930	c_1_1285_20220408_12_56_43,930.bmp	2,789355E+0	7,984591E-1	4,902598E-5	1,107786E-5
20220408 12:56:49,931	c_1_1286_20220408_12_56_49,931.bmp	2,758810E+0	8,226456E-1	-3,769540E-3	-3,807953E-3
20220408 12:56:55,935	c_1_1287_20220408_12_56_55,935.bmp	2,754992E+0	8,366483E-1	2,594737E-3	2,557098E-3
20220408 12:57:01,944	c_1_1288_20220408_12_57_01,944.bmp	2,766446E+0	8,608348E-1	4,902598E-5	-3,807953E-3
20220408 12:57:07,945	c_1_1289_20220408_12_57_07,945.bmp	2,761355E+0	8,799294E-1	-3,769540E-3	-3,807953E-3
20220408 12:57:13,954	c_1_1290_20220408_12_57_13,954.bmp	2,732083E+0	8,990239E-1	4,902598E-5	1,107786E-5
20220408 12:57:19,959	c_1_1291_20220408_12_57_19,959.bmp	2,704083E+0	9,193915E-1	4,902598E-5	1,284088E-3
20220408 12:57:25,960	c_1_1292_20220408_12_57_25,960.bmp	2,679901E+0	9,397591E-1	4,902598E-5	-1,261932E-3
20220408 12:57:31,965	c_1_1293_20220408_12_57_31,965.bmp	2,634083E+0	9,575807E-1	-3,769540E-3	1,107786E-5
20220408 12:57:37,972	c_1_1294_20220408_12_57_37,972.bmp	2,511902E+0	9,754023E-1	1,321881E-3	1,284088E-3
20220408 12:57:43,980	c_1_1295_20220408_12_57_43,980.bmp	2,410085E+0	9,957699E-1	1,321881E-3	1,284088E-3
20220408 12:57:49,982	c_1_1296_20220408_12_57_49,982.bmp	2,359176E+0	1,017410E+0	2,594737E-3	1,107786E-5
20220408 12:57:55,986	c_1_1297_20220408_12_57_55,986.bmp	2,308268E+0	1,039051E+0	4,902598E-5	2,557098E-3
20220408 12:58:01,990	c_1_1298_20220408_12_58_01,990.bmp	2,290450E+0	1,063237E+0	-2,496685E-3	-3,807953E-3
20220408 12:58:07,992	c_1_1299_20220408_12_58_07,992.bmp	2,271359E+0	1,075967E+0	4,902598E-5	2,557098E-3
20220408 12:58:13,997	c_1_1300_20220408_12_58_13,997.bmp	2,266268E+0	1,100154E+0	4,902598E-5	1,107786E-5
20220408 12:58:19,999	c_1_1301_20220408_12_58_19,999.bmp	2,263723E+0	1,115429E+0	2,594737E-3	-1,261932E-3
20220408 12:58:26,007	c_1_1302_20220408_12_58_26,007.bmp	2,267541E+0	1,135797E+0	2,594737E-3	1,284088E-3
20220408 12:58:32,012	c_1_1303_20220408_12_58_32,012.bmp	2,282813E+0	1,156164E+0	4,902598E-5	3,830109E-3
20220408 12:58:38,014	c_1_1304_20220408_12_58_38,014.bmp	2,298086E+0	1,179078E+0	4,902598E-5	1,107786E-5
20220408 12:58:44,015	c_1_1305_20220408_12_58_44,015.bmp	2,313359E+0	1,198173E+0	-1,223829E-3	-2,534943E-3
20220408 12:58:50,018	c_1_1306_20220408_12_58_50,018.bmp	2,332449E+0	1,218540E+0	-2,496685E-3	-1,261932E-3
20220408 12:58:56,022	c_1_1307_20220408_12_58_56,022.bmp	2,343904E+0	1,241454E+0	-3,769540E-3	-3,807953E-3
20220408 12:59:02,027	c_1_1308_20220408_12_59_02,027.bmp	2,350267E+0	1,258002E+0	4,902598E-5	1,107786E-5
20220408 12:59:08,038	c_1_1309_20220408_12_59_08,038.bmp	2,360449E+0	1,282189E+0	-5,042396E-3	-3,807953E-3
20220408 12:59:14,041	c_1_1310_20220408_12_59_14,041.bmp	2,364267E+0	1,298737E+0	-1,223829E-3	1,107786E-5
20220408 12:59:20,041	c_1_1311_20220408_12_59_20,041.bmp	2,382085E+0	1,324197E+0	-3,769540E-3	1,107786E-5
20220408 12:59:26,051	c_1_1312_20220408_12_59_26,051.bmp	2,387176E+0	1,336927E+0	2,594737E-3	2,557098E-3
20220408 12:59:32,053	c_1_1313_20220408_12_59_32,053.bmp	2,398631E+0	1,358567E+0	1,321881E-3	1,107786E-5
20220408 12:59:38,057	c_1_1314_20220408_12_59_38,057.bmp	2,417721E+0	1,378935E+0	-5,042396E-3	1,107786E-5
20220408 12:59:44,066	c_1_1315_20220408_12_59_44,066.bmp	2,415176E+0	1,398029E+0	4,902598E-5	2,557098E-3
20220408 12:59:50,067	c_1_1316_20220408_12_59_50,067.bmp	2,412630E+0	1,420943E+0	4,902598E-5	-1,261932E-3
20220408 12:59:56,072	c_1_1317_20220408_12_59_56,072.bmp	2,403721E+0	1,438764E+0	3,867592E-3	1,107786E-5
20220408 13:00:02,074	c_1_1318_20220408_13_00_02,074.bmp	2,397358E+0	1,461678E+0	2,594737E-3	-3,807953E-3
20220408 13:00:08,082	c_1_1319_20220408_13_00_08,082.bmp	2,258632E+0	1,482045E+0	-3,769540E-3	-3,807953E-3
20220408 13:00:14,086	c_1_1320_20220408_13_00_14,086.bmp	2,028270E+0	1,502413E+0	-2,496685E-3	-2,534943E-3
20220408 13:00:20,092	c_1_1321_20220408_13_00_20,092.bmp	1,963361E+0	1,515143E+0	1,321881E-3	2,557098E-3
20220408 13:00:26,096	c_1_1322_20220408_13_00_26,096.bmp	1,940452E+0	1,538056E+0	4,902598E-5	1,107786E-5
20220408 13:00:32,100	c_1_1323_20220408_13_00_32,100.bmp	1,921361E+0	1,560970E+0	4,902598E-5	-3,807953E-3
20220408 13:00:38,101	c_1_1324_20220408_13_00_38,101.bmp	1,906089E+0	1,578791E+0	4,902598E-5	1,107786E-5
20220408 13:00:44,102	c_1_1325_20220408_13_00_44,102.bmp	1,900998E+0	1,600432E+0	4,902598E-5	1,107786E-5
20220408 13:00:50,111	c_1_1326_20220408_13_00_50,111.bmp	1,894634E+0	1,622072E+0	1,321881E-3	-3,807953E-3
20220408 13:00:56,116	c_1_1327_20220408_13_00_56,116.bmp	1,885725E+0	1,636075E+0	2,594737E-3	2,557098E-3
20220408 13:01:02,120	c_1_1328_20220408_13_01_02,120.bmp	1,874271E+0	1,661535E+0	-3,769540E-3	-3,807953E-3
20220408 13:01:08,121	c_1_1329_20220408_13_01_08,121.bmp	1,857726E+0	1,679356E+0	2,594737E-3	1,107786E-5
20220408 13:01:14,124	c_1_1330_20220408_13_01_14,124.bmp	1,855180E+0	1,698451E+0	4,902598E-5	1,107786E-5
20220408 13:01:20,128	c_1_1331_20220408_13_01_20,128.bmp	1,852635E+0	1,721364E+0	-3,769540E-3	-3,807953E-3
20220408 13:01:26,130	c_1_1332_20220408_13_01_26,130.bmp	1,839907E+0	1,735367E+0	3,867592E-3	3,830109E-3
20220408 13:01:32,140	c_1_1333_20220408_13_01_32,140.bmp	1,825908E+0	1,757007E+0	1,321881E-3	1,107786E-5
20220408 13:01:38,150	c_1_1334_20220408_13_01_38,150.bmp	1,819544E+0	1,782467E+0	-3,769540E-3	-3,807953E-3
20220408 13:01:44,151	c_1_1335_20220408_13_01_44,151.bmp	1,811908E+0	1,799016E+0	-1,223829E-3	1,107786E-5
20220408 13:01:50,154	c_1_1336_20220408_13_01_50,154.bmp	1,811908E+0	1,816837E+0	4,902598E-5	2,557098E-3
20220408 13:01:56,158	c_1_1337_20220408_13_01_56,158.bmp	1,805544E+0	1,835932E+0	2,594737E-3	2,557098E-3
20220408 13:02:02,170	c_1_1338_20220408_13_02_02,170.bmp	1,808090E+0	1,857572E+0	3,867592E-3	2,557098E-3
20220408 13:02:08,178	c_1_1339_20220408_13_02_08,178.bmp	1,811908E+0	1,879213E+0	2,594737E-3	-1,261932E-3
20220408 13:02:14,183	c_1_1340_20220408_13_02_14,183.bmp	1,814453E+0	1,898307E+0	1,321881E-3	1,107786E-5
20220408 13:02:20,185	c_1_1341_20220408_13_02_20,185.bmp	1,822089E+0	1,916129E+0	-1,223829E-3	1,284088E-3
20220408 13:02:26,192	c_1_1342_20220408_13_02_26,192.bmp	1,823362E+0	1,941588E+0	-3,769540E-3	-5,080963E-3
20220408 13:02:32,198	c_1_1343_20220408_13_02_32,198.bmp	1,841180E+0	1,959410E+0	4,902598E-5	1,107786E-5
20220408 13:02:38,201	c_1_1344_20220408_13_02_38,201.bmp	1,839907E+0	1,979778E+0	1,321881E-3	1,107786E-5
20220408 13:02:44,206	c_1_1345_20220408_13_02_44,206.bmp	1,852635E+0	2,000145E+0	-1,223829E-3	1,107786E-5
20220408 13:02:50,207	c_1_1346_20220408_13_02_50,207.bmp	1,865362E+0	2,019240E+0	-1,223829E-3	1,107786E-5
20220408 13:02:56,210	c_1_1347_20220408_13_02_56,210.bmp	1,867907E+0	2,035788E+0	1,321881E-3	2,557098E-3
20220408 13:03:02,214	c_1_1348_20220408_13_03_02,214.bmp	1,876816E+0	2,056156E+0	2,594737E-3	2,557098E-3
20220408 13:03:08,219	c_1_1349_20220408_13_03_08,219.bmp	1,890816E+0	2,079070E+0	4,902598E-5	-3,807953E-3
20220408 13:03:14,224	c_1_1350_20220408_13_03_14,224.bmp	1,907362E+0	2,103256E+0	-5,042396E-3	1,107786E-5
20220408 13:03:20,228	c_1_1351_20220408_13_03_20,228.bmp	1,918816E+0	2,123624E+0	-3,769540E-3	-3,807953E-3
20220408 13:03:26,231	c_1_1352_20220408_13_03_26,231.bmp	1,925180E+0	2,140172E+0	4,902598E-5	-1,261932E-3
20220408 13:03:32,236	c_1_1353_20220408_13_03_32,236.bmp	1,931543E+0	2,159267E+0	4,902598E-5	1,107786E-5
20220408 13:03:38,238	c_1_1354_20220408_13_03_38,238.bmp	1,937907E+0	2,179634E+0	4,902598E-5	1,107786E-5
20220408 13:03:44,242	c_1_1355_20220408_13_03_44,242.bmp	1,953179E+0	2,198729E+0	4,902598E-5	-3,807953E-3
20220408 13:03:50,248	c_1_1356_20220408_13_03_50,248.bmp	1,956997E+0	2,215278E+0	3,867592E-3	2,557098E-3
20220408 13:03:56,257	c_1_1357_20220408_13_03_56,257.bmp	1,965907E+0	2,240737E+0	-3,769540E-3	-3,807953E-3
20220408 13:04:02,258	c_1_1358_20220408_13_04_02,258.bmp	1,965907E+0	2,257286E+0	4,902598E-5	1,107786E-5
20220408 13:04:08,262	c_1_1359_20220408_13_04_08,262.bmp	1,969725E+0	2,278926E+0	-1,223829E-3	-1,261932E-3
20220408 13:04:14,267	c_1_1360_20220408_13_04_14,267.bmp	1,970997E+0	2,295475E+0	4,902598E-5	3,830109E-3
20220408 13:04:20,270	c_1_1361_20220408_13_04_20,270.bmp	1,970997E+0	2,315842E+0	2,594737E-3	1,284088E-3
20220408 13:04:26,277	c_1_1362_20220408_13_04_26,277.bmp	1,962088E+0	2,340029E+0	4,902598E-5	1,284088E-3
20220408 13:04:32,281	c_1_1363_20220408_13_04_32,281.bmp	1,923907E+0	2,359124E+0	4,902598E-5	1,107786E-5
20220408 13:04:38,286	c_1_1364_20220408_13_04_38,286.bmp	1,716454E+0	2,376945E+0	4,902598E-5	1,107786E-5
20220408 13:04:44,291	c_1_1365_20220408_13_04_44,291.bmp	1,556091E+0	2,397313E+0	4,902598E-5	-1,261932E-3
20220408 13:04:50,293	c_1_1366_20220408_13_04_50,293.bmp	1,523001E+0	2,418953E+0	4,902598E-5	1,107786E-5
20220408 13:04:56,295	c_1_1367_20220408_13_04_56,295.bmp	1,507728E+0	2,439321E+0	2,594737E-3	-1,261932E-3
20220408 13:05:02,308	c_1_1368_20220408_13_05_02,308.bmp	1,502637E+0	2,459688E+0	4,902598E-5	-1,261932E-3
20220408 13:05:08,317	c_1_1369_20220408_13_05_08,317.bmp	1,498819E+0	2,482602E+0	4,902598E-5	-3,807953E-3
20220408 13:05:14,322	c_1_1370_20220408_13_05_14,322.bmp	1,483546E+0	2,500423E+0	1,321881E-3	-3,807953E-3
20220408 13:05:20,322	c_1_1371_20220408_13_05_20,322.bmp	1,473365E+0	2,518245E+0	-1,223829E-3	1,284088E-3
20220408 13:05:26,325	c_1_1372_20220408_13_05_26,325.bmp	1,458092E+0	2,538613E+0	-1,223829E-3	1,107786E-5
20220408 13:05:32,334	c_1_1373_20220408_13_05_32,334.bmp	1,456819E+0	2,558980E+0	-3,769540E-3	1,107786E-5
20220408 13:05:38,340	c_1_1374_20220408_13_05_38,340.bmp	1,445365E+0	2,576802E+0	4,902598E-5	1,107786E-5
20220408 13:05:44,344	c_1_1375_20220408_13_05_44,344.bmp	1,444092E+0	2,597169E+0	4,902598E-5	-3,807953E-3
20220408 13:05:50,347	c_1_1376_20220408_13_05_50,347.bmp	1,447910E+0	2,617537E+0	4,902598E-5	1,107786E-5
20220408 13:05:56,350	c_1_1377_20220408_13_05_56,350.bmp	1,446638E+0	2,636632E+0	3,867592E-3	3,830109E-3
20220408 13:06:02,353	c_1_1378_20220408_13_06_02,353.bmp	1,451729E+0	2,659545E+0	4,902598E-5	1,107786E-5
20220408 13:06:08,355	c_1_1379_20220408_13_06_08,355.bmp	1,456819E+0	2,678640E+0	-1,223829E-3	-1,261932E-3
20220408 13:06:14,361	c_1_1380_20220408_13_06_14,361.bmp	1,458092E+0	2,699007E+0	4,902598E-5	-1,261932E-3
20220408 13:06:20,362	c_1_1381_20220408_13_06_20,362.bmp	1,463183E+0	2,716829E+0	-5,042396E-3	1,107786E-5
20220408 13:06:26,363	c_1_1382_20220408_13_06_26,363.bmp	1,468274E+0	2,737196E+0	-1,223829E-3	-1,261932E-3
20220408 13:06:32,371	c_1_1383_20220408_13_06_32,371.bmp	1,470819E+0	2,757564E+0	2,594737E-3	1,284088E-3
20220408 13:06:38,372	c_1_1384_20220408_13_06_38,372.bmp	1,475910E+0	2,775386E+0	1,321881E-3	2,557098E-3
20220408 13:06:44,374	c_1_1385_20220408_13_06_44,374.bmp	1,482274E+0	2,794480E+0	3,867592E-3	2,557098E-3
20220408 13:06:50,380	c_1_1386_20220408_13_06_50,380.bmp	1,492455E+0	2,817394E+0	-1,223829E-3	1,107786E-5
20220408 13:06:56,386	c_1_1387_20220408_13_06_56,386.bmp	1,497546E+0	2,836488E+0	2,594737E-3	3,830109E-3
20220408 13:07:02,394	c_1_1388_20220408_13_07_02,394.bmp	1,502637E+0	2,856856E+0	4,902598E-5	1,107786E-5
20220408 13:07:08,398	c_1_1389_20220408_13_07_08,398.bmp	1,520455E+0	2,879769E+0	-5,042396E-3	1,107786E-5
20220408 13:07:14,401	c_1_1390_20220408_13_07_14,401.bmp	1,519183E+0	2,897591E+0	-1,223829E-3	1,107786E-5
20220408 13:07:20,403	c_1_1391_20220408_13_07_20,403.bmp	1,528092E+0	2,917958E+0	2,594737E-3	1,107786E-5
20220408 13:07:26,405	c_1_1392_20220408_13_07_26,405.bmp	1,545910E+0	2,940872E+0	-5,042396E-3	-3,807953E-3
20220408 13:07:32,407	c_1_1393_20220408_13_07_32,407.bmp	1,547182E+0	2,958694E+0	4,902598E-5	1,107786E-5
20220408 13:07:38,415	c_1_1394_20220408_13_07_38,415.bmp	1,561182E+0	2,979061E+0	-3,769540E-3	1,107786E-5
20220408 13:07:44,419	c_1_1395_20220408_13_07_44,419.bmp	1,567546E+0	2,996883E+0	-2,496685E-3	1,107786E-5
20220408 13:07:50,421	c_1_1396_20220408_13_07_50,421.bmp	1,575182E+0	3,019796E+0	4,902598E-5	-3,807953E-3
20220408 13:07:56,428	c_1_1397_20220408_13_07_56,428.bmp	1,584091E+0	3,037618E+0	4,902598E-5	1,107786E-5
20220408 13:08:02,430	c_1_1398_20220408_13_08_02,430.bmp	1,590455E+0	3,057985E+0	-1,223829E-3	1,107786E-5
20220408 13:08:08,431	c_1_1399_20220408_13_08_08,431.bmp	1,600636E+0	3,079626E+0	-1,223829E-3	-1,261932E-3
20220408 13:08:14,440	c_1_1400_20220408_13_08_14,440.bmp	1,605727E+0	3,093629E+0	2,594737E-3	2,557098E-3
20220408 13:08:20,446	c_1_1401_20220408_13_08_20,446.bmp	1,619727E+0	3,121634E+0	-6,315251E-3	-3,807953E-3
20220408 13:08:26,450	c_1_1402_20220408_13_08_26,450.bmp	1,621000E+0	3,135637E+0	2,594737E-3	2,557098E-3
20220408 13:08:32,453	c_1_1403_20220408_13_08_32,453.bmp	1,631182E+0	3,161096E+0	-5,042396E-3	-3,807953E-3
20220408 13:08:38,455	c_1_1404_20220408_13_08_38,455.bmp	1,631182E+0	3,176372E+0	2,594737E-3	1,107786E-5
20220408 13:08:44,460	c_1_1405_20220408_13_08_44,460.bmp	1,633727E+0	3,198012E+0	2,594737E-3	1,107786E-5
20220408 13:08:50,461	c_1_1406_20220408_13_08_50,461.bmp	1,636273E+0	3,219653E+0	-1,223829E-3	-1,261932E-3
20220408 13:08:56,462	c_1_1407_20220408_13_08_56,462.bmp	1,641363E+0	3,240021E+0	4,902598E-5	1,107786E-5
20220408 13:09:02,463	c_1_1408_20220408_13_09_02,463.bmp	1,645182E+0	3,259115E+0	1,321881E-3	1,107786E-5
20220408 13:09:08,469	c_1_1409_20220408_13_09_08,469.bmp	1,651545E+0	3,278210E+0	4,902598E-5	-1,261932E-3
20220408 13:09:14,475	c_1_1410_20220408_13_09_14,475.bmp	1,654091E+0	3,298577E+0	1,321881E-3	1,107786E-5
20220408 13:09:20,480	c_1_1411_20220408_13_09_20,480.bmp	1,660454E+0	3,318945E+0	4,902598E-5	1,107786E-5
20220408 13:09:26,482	c_1_1412_20220408_13_09_26,482.bmp	1,657909E+0	3,336766E+0	2,594737E-3	2,557098E-3
20220408 13:09:32,487	c_1_1413_20220408_13_09_32,487.bmp	1,665545E+0	3,358407E+0	4,902598E-5	1,107786E-5
20220408 13:09:38,496	c_1_1414_20220408_13_09_38,496.bmp	1,652818E+0	3,380048E+0	4,902598E-5	1,284088E-3
20220408 13:09:44,506	c_1_1415_20220408_13_09_44,506.bmp	1,640091E+0	3,401688E+0	-1,223829E-3	-3,807953E-3
20220408 13:09:50,510	c_1_1416_20220408_13_09_50,510.bmp	1,548455E+0	3,416964E+0	2,594737E-3	1,284088E-3
20220408 13:09:56,513	c_1_1417_20220408_13_09_56,513.bmp	1,416092E+0	3,438604E+0	4,902598E-5	-1,261932E-3
20220408 13:10:02,515	c_1_1418_20220408_13_10_02,515.bmp	1,402093E+0	3,462791E+0	4,902598E-5	-3,807953E-3
20220408 13:10:08,523	c_1_1419_20220408_13_10_08,523.bmp	1,394456E+0	3,475520E+0	-1,223829E-3	3,830109E-3
20220408 13:10:14,530	c_1_1420_20220408_13_10_14,530.bmp	1,386820E+0	3,503526E+0	1,321881E-3	-3,807953E-3
20220408 13:10:20,533	c_1_1421_20220408_13_10_20,533.bmp	1,377911E+0	3,521347E+0	-1,223829E-3	-2,534943E-3
20220408 13:10:26,538	c_1_1422_20220408_13_10_26,538.bmp	1,376638E+0	3,536623E+0	4,902598E-5	3,830109E-3
20220408 13:10:32,543	c_1_1423_20220408_13_10_32,543.bmp	1,376638E+0	3,553172E+0	2,594737E-3	3,830109E-3
20220408 13:10:38,545	c_1_1424_20220408_13_10_38,545.bmp	1,377911E+0	3,578631E+0	1,321881E-3	1,107786E-5
20220408 13:10:44,555	c_1_1425_20220408_13_10_44,555.bmp	1,386820E+0	3,602818E+0	-3,769540E-3	-3,807953E-3
20220408 13:10:50,562	c_1_1426_20220408_13_10_50,562.bmp	1,381729E+0	3,615547E+0	-3,769540E-3	-3,807953E-3
