20220411 12:40:47,765	c_0_1047_20220411_12_40_47,765.bmp	-2,988033E-3	2,703771E-2	-1,223829E-3	1,284088E-3
20220411 12:40:53,769	c_0_1048_20220411_12_40_53,769.bmp	7,193710E-3	-9,676852E-4	2,594737E-3	2,557098E-3
20220411 12:40:59,772	c_0_1049_20220411_12_40_59,772.bmp	1,675562E-1	2,576474E-2	-2,496685E-3	-3,807953E-3
20220411 12:41:05,774	c_0_1050_20220411_12_41_05,774.bmp	3,368276E-1	4,104041E-2	3,867592E-3	1,107786E-5
20220411 12:41:11,779	c_0_1051_20220411_12_41_11,779.bmp	5,251899E-1	6,268094E-2	-3,769540E-3	1,107786E-5
20220411 12:41:17,785	c_0_1052_20220411_12_41_17,785.bmp	7,135521E-1	7,922959E-2	4,902598E-5	2,557098E-3
20220411 12:41:23,786	c_0_1053_20220411_12_41_23,786.bmp	8,853690E-1	1,034161E-1	4,902598E-5	1,107786E-5
20220411 12:41:29,788	c_0_1054_20220411_12_41_29,788.bmp	1,066095E+0	1,225107E-1	4,902598E-5	-3,807953E-3
20220411 12:41:35,792	c_0_1055_20220411_12_41_35,792.bmp	1,239185E+0	1,390593E-1	2,594737E-3	1,284088E-3
20220411 12:41:41,793	c_0_1056_20220411_12_41_41,793.bmp	1,422456E+0	1,594269E-1	-1,223829E-3	1,284088E-3
20220411 12:41:47,798	c_0_1057_20220411_12_41_47,798.bmp	1,599364E+0	1,785215E-1	1,321881E-3	2,557098E-3
20220411 12:41:53,801	c_0_1058_20220411_12_41_53,801.bmp	1,774999E+0	2,027079E-1	-1,223829E-3	1,107786E-5
20220411 12:41:59,805	c_0_1059_20220411_12_41_59,805.bmp	1,942998E+0	2,205295E-1	4,902598E-5	1,107786E-5
20220411 12:42:05,812	c_0_1060_20220411_12_42_05,812.bmp	2,081724E+0	2,383512E-1	2,594737E-3	2,557098E-3
20220411 12:42:11,815	c_0_1061_20220411_12_42_11,815.bmp	2,188632E+0	2,650836E-1	4,902598E-5	-3,807953E-3
20220411 12:42:17,817	c_0_1062_20220411_12_42_17,817.bmp	2,242086E+0	2,816322E-1	4,902598E-5	1,107786E-5
20220411 12:42:23,819	c_0_1063_20220411_12_42_23,819.bmp	2,244632E+0	2,981809E-1	2,594737E-3	1,284088E-3
20220411 12:42:29,820	c_0_1064_20220411_12_42_29,820.bmp	2,231905E+0	3,210944E-1	-3,769540E-3	-3,807953E-3
20220411 12:42:35,822	c_0_1065_20220411_12_42_35,822.bmp	2,154269E+0	3,452809E-1	-3,769540E-3	-3,807953E-3
20220411 12:42:41,825	c_0_1066_20220411_12_42_41,825.bmp	2,150451E+0	3,656484E-1	-3,769540E-3	-3,807953E-3
20220411 12:42:47,829	c_0_1067_20220411_12_42_47,829.bmp	1,944270E+0	3,821971E-1	-3,769540E-3	-3,807953E-3
20220411 12:42:53,837	c_0_1068_20220411_12_42_53,837.bmp	1,832271E+0	4,025646E-1	-5,042396E-3	1,107786E-5
20220411 12:42:59,841	c_0_1069_20220411_12_42_59,841.bmp	1,577728E+0	4,216592E-1	4,902598E-5	1,107786E-5
20220411 12:43:05,844	c_0_1070_20220411_12_43_05,844.bmp	1,507728E+0	4,420268E-1	4,902598E-5	1,107786E-5
20220411 12:43:11,847	c_0_1071_20220411_12_43_11,847.bmp	1,514092E+0	4,649403E-1	-3,769540E-3	-3,807953E-3
20220411 12:43:17,852	c_0_1072_20220411_12_43_17,852.bmp	1,506455E+0	4,840349E-1	4,902598E-5	-2,534943E-3
20220411 12:43:23,857	c_0_1073_20220411_12_43_23,857.bmp	1,419911E+0	5,031295E-1	4,902598E-5	-1,261932E-3
20220411 12:43:29,860	c_0_1074_20220411_12_43_29,860.bmp	1,397002E+0	5,209511E-1	-1,223829E-3	-1,261932E-3
20220411 12:43:35,861	c_0_1075_20220411_12_43_35,861.bmp	1,351184E+0	5,425916E-1	4,902598E-5	1,107786E-5
20220411 12:43:41,866	c_0_1076_20220411_12_43_41,866.bmp	1,255730E+0	5,629592E-1	1,321881E-3	1,107786E-5
20220411 12:43:47,867	c_0_1077_20220411_12_43_47,867.bmp	1,222639E+0	5,858727E-1	-3,769540E-3	-3,807953E-3
20220411 12:43:53,870	c_0_1078_20220411_12_43_53,870.bmp	1,178094E+0	6,024213E-1	3,867592E-3	1,107786E-5
20220411 12:43:59,871	c_0_1079_20220411_12_43_59,871.bmp	1,161549E+0	6,202429E-1	-3,769540E-3	1,107786E-5
20220411 12:44:05,875	c_0_1080_20220411_12_44_05,875.bmp	1,138640E+0	6,457024E-1	-3,769540E-3	-3,807953E-3
20220411 12:44:11,878	c_0_1081_20220411_12_44_11,878.bmp	1,139913E+0	6,622510E-1	-3,769540E-3	-1,261932E-3
20220411 12:44:17,881	c_0_1082_20220411_12_44_17,881.bmp	1,160276E+0	6,813456E-1	-3,769540E-3	1,284088E-3
20220411 12:44:23,887	c_0_1083_20220411_12_44_23,887.bmp	1,176821E+0	7,017132E-1	4,902598E-5	1,107786E-5
20220411 12:44:29,891	c_0_1084_20220411_12_44_29,891.bmp	1,201003E+0	7,220808E-1	4,902598E-5	1,107786E-5
20220411 12:44:35,895	c_0_1085_20220411_12_44_35,895.bmp	1,218821E+0	7,437213E-1	-3,769540E-3	1,107786E-5
20220411 12:44:41,896	c_0_1086_20220411_12_44_41,896.bmp	1,213730E+0	7,602699E-1	-3,769540E-3	1,107786E-5
20220411 12:44:47,900	c_0_1087_20220411_12_44_47,900.bmp	1,176821E+0	7,780915E-1	1,321881E-3	2,557098E-3
20220411 12:44:53,902	c_0_1088_20220411_12_44_53,902.bmp	1,123367E+0	8,060969E-1	4,902598E-5	-3,807953E-3
20220411 12:44:59,905	c_0_1089_20220411_12_44_59,905.bmp	1,103004E+0	8,239186E-1	-2,496685E-3	-3,807953E-3
20220411 12:45:05,906	c_0_1090_20220411_12_45_05,906.bmp	1,083913E+0	8,417402E-1	1,321881E-3	1,107786E-5
20220411 12:45:11,911	c_0_1091_20220411_12_45_11,911.bmp	1,087731E+0	8,595618E-1	1,321881E-3	2,557098E-3
20220411 12:45:17,915	c_0_1092_20220411_12_45_17,915.bmp	1,103004E+0	8,812023E-1	4,902598E-5	-1,261932E-3
20220411 12:45:23,918	c_0_1093_20220411_12_45_23,918.bmp	1,115731E+0	9,015699E-1	4,902598E-5	2,557098E-3
20220411 12:45:29,921	c_0_1094_20220411_12_45_29,921.bmp	1,123367E+0	9,206645E-1	4,902598E-5	-1,261932E-3
20220411 12:45:35,922	c_0_1095_20220411_12_45_35,922.bmp	1,139913E+0	9,423050E-1	-2,496685E-3	1,107786E-5
20220411 12:45:41,927	c_0_1096_20220411_12_45_41,927.bmp	1,160276E+0	9,588537E-1	4,902598E-5	2,557098E-3
20220411 12:45:47,929	c_0_1097_20220411_12_45_47,929.bmp	1,176821E+0	9,855861E-1	-1,223829E-3	1,107786E-5
20220411 12:45:53,936	c_0_1098_20220411_12_45_53,936.bmp	1,198458E+0	1,005954E+0	4,902598E-5	-3,807953E-3
20220411 12:45:59,942	c_0_1099_20220411_12_45_59,942.bmp	1,216276E+0	1,016137E+0	4,902598E-5	1,107786E-5
20220411 12:46:05,949	c_0_1100_20220411_12_46_05,949.bmp	1,241730E+0	1,044143E+0	-2,496685E-3	-3,807953E-3
20220411 12:46:11,951	c_0_1101_20220411_12_46_11,951.bmp	1,257003E+0	1,064510E+0	-8,860962E-3	-3,807953E-3
20220411 12:46:17,956	c_0_1102_20220411_12_46_17,956.bmp	1,264639E+0	1,078513E+0	4,902598E-5	1,284088E-3
20220411 12:46:23,957	c_0_1103_20220411_12_46_23,957.bmp	1,265912E+0	1,100154E+0	4,902598E-5	2,557098E-3
20220411 12:46:29,960	c_0_1104_20220411_12_46_29,960.bmp	1,237912E+0	1,116702E+0	2,594737E-3	2,557098E-3
20220411 12:46:35,962	c_0_1105_20220411_12_46_35,962.bmp	1,212458E+0	1,137070E+0	4,902598E-5	-1,261932E-3
20220411 12:46:41,964	c_0_1106_20220411_12_46_41,964.bmp	1,188276E+0	1,161256E+0	1,321881E-3	1,107786E-5
20220411 12:46:47,966	c_0_1107_20220411_12_46_47,966.bmp	1,125913E+0	1,181624E+0	-1,223829E-3	1,107786E-5
20220411 12:46:53,968	c_0_1108_20220411_12_46_53,968.bmp	1,068640E+0	1,201991E+0	-1,223829E-3	1,107786E-5
20220411 12:46:59,971	c_0_1109_20220411_12_46_59,971.bmp	1,007550E+0	1,221086E+0	4,902598E-5	-1,261932E-3
20220411 12:47:05,975	c_0_1110_20220411_12_47_05,975.bmp	8,853690E-1	1,241454E+0	2,594737E-3	-1,261932E-3
20220411 12:47:11,984	c_0_1111_20220411_12_47_11,984.bmp	8,510057E-1	1,265640E+0	4,902598E-5	-3,807953E-3
20220411 12:47:17,985	c_0_1112_20220411_12_47_17,985.bmp	8,255513E-1	1,283462E+0	4,902598E-5	-5,080963E-3
20220411 12:47:23,986	c_0_1113_20220411_12_47_23,986.bmp	8,128241E-1	1,306375E+0	-3,769540E-3	-3,807953E-3
20220411 12:47:29,991	c_0_1114_20220411_12_47_29,991.bmp	7,835516E-1	1,322924E+0	4,902598E-5	1,107786E-5
20220411 12:47:35,996	c_0_1115_20220411_12_47_35,996.bmp	7,746426E-1	1,339472E+0	4,902598E-5	2,557098E-3
20220411 12:47:42,000	c_0_1116_20220411_12_47_42,000.bmp	7,644608E-1	1,361113E+0	-2,496685E-3	-1,261932E-3
20220411 12:47:48,001	c_0_1117_20220411_12_47_48,001.bmp	7,593700E-1	1,382754E+0	3,867592E-3	1,107786E-5
20220411 12:47:54,006	c_0_1118_20220411_12_47_54,006.bmp	7,606427E-1	1,401848E+0	4,902598E-5	1,107786E-5
20220411 12:48:00,010	c_0_1119_20220411_12_48_00,010.bmp	7,631881E-1	1,422216E+0	4,902598E-5	-1,261932E-3
20220411 12:48:06,015	c_0_1120_20220411_12_48_06,015.bmp	7,631881E-1	1,438764E+0	-1,223829E-3	1,284088E-3
20220411 12:48:12,020	c_0_1121_20220411_12_48_12,020.bmp	7,657336E-1	1,465497E+0	-5,042396E-3	-3,807953E-3
20220411 12:48:18,022	c_0_1122_20220411_12_48_18,022.bmp	7,657336E-1	1,482045E+0	-5,042396E-3	1,107786E-5
20220411 12:48:24,024	c_0_1123_20220411_12_48_24,024.bmp	7,555518E-1	1,499867E+0	4,902598E-5	1,107786E-5
20220411 12:48:30,035	c_0_1124_20220411_12_48_30,035.bmp	7,466428E-1	1,518962E+0	1,321881E-3	2,557098E-3
20220411 12:48:36,040	c_0_1125_20220411_12_48_36,040.bmp	7,440974E-1	1,540602E+0	-1,223829E-3	2,557098E-3
20220411 12:48:42,044	c_0_1126_20220411_12_48_42,044.bmp	7,491882E-1	1,562243E+0	-1,223829E-3	1,107786E-5
20220411 12:48:48,049	c_0_1127_20220411_12_48_48,049.bmp	7,542791E-1	1,578791E+0	3,867592E-3	1,107786E-5
20220411 12:48:54,054	c_0_1128_20220411_12_48_54,054.bmp	7,644608E-1	1,602978E+0	-2,496685E-3	1,107786E-5
20220411 12:49:00,057	c_0_1129_20220411_12_49_00,057.bmp	7,606427E-1	1,625891E+0	-3,769540E-3	-3,807953E-3
20220411 12:49:06,062	c_0_1130_20220411_12_49_06,062.bmp	7,517337E-1	1,644986E+0	-2,496685E-3	-3,807953E-3
20220411 12:49:12,065	c_0_1131_20220411_12_49_12,065.bmp	7,504610E-1	1,665353E+0	-2,496685E-3	-3,807953E-3
20220411 12:49:18,069	c_0_1132_20220411_12_49_18,069.bmp	7,606427E-1	1,684448E+0	-3,769540E-3	-2,534943E-3
20220411 12:49:24,070	c_0_1133_20220411_12_49_24,070.bmp	7,644608E-1	1,702270E+0	4,902598E-5	1,107786E-5
20220411 12:49:30,075	c_0_1134_20220411_12_49_30,075.bmp	7,784607E-1	1,722637E+0	4,902598E-5	1,107786E-5
20220411 12:49:36,080	c_0_1135_20220411_12_49_36,080.bmp	7,784607E-1	1,741732E+0	1,321881E-3	2,557098E-3
20220411 12:49:42,081	c_0_1136_20220411_12_49_42,081.bmp	7,937334E-1	1,762099E+0	4,902598E-5	1,107786E-5
20220411 12:49:48,085	c_0_1137_20220411_12_49_48,085.bmp	7,962788E-1	1,786286E+0	-1,223829E-3	-3,807953E-3
20220411 12:49:54,089	c_0_1138_20220411_12_49_54,089.bmp	8,039151E-1	1,801562E+0	-1,223829E-3	-1,261932E-3
20220411 12:50:00,091	c_0_1139_20220411_12_50_00,091.bmp	8,115514E-1	1,823202E+0	4,902598E-5	-1,261932E-3
20220411 12:50:06,096	c_0_1140_20220411_12_50_06,096.bmp	8,242786E-1	1,843570E+0	-2,496685E-3	-3,807953E-3
20220411 12:50:12,098	c_0_1141_20220411_12_50_12,098.bmp	8,306422E-1	1,865210E+0	-5,042396E-3	-3,807953E-3
20220411 12:50:18,099	c_0_1142_20220411_12_50_18,099.bmp	8,255513E-1	1,881759E+0	1,321881E-3	1,107786E-5
20220411 12:50:24,105	c_0_1143_20220411_12_50_24,105.bmp	8,319149E-1	1,904672E+0	-1,223829E-3	-1,261932E-3
20220411 12:50:30,109	c_0_1144_20220411_12_50_30,109.bmp	5,951894E-1	1,918675E+0	2,594737E-3	3,830109E-3
20220411 12:50:36,112	c_0_1145_20220411_12_50_36,112.bmp	5,773713E-1	1,941588E+0	4,902598E-5	-3,807953E-3
20220411 12:50:42,114	c_0_1146_20220411_12_50_42,114.bmp	5,862803E-1	1,961956E+0	-3,769540E-3	1,107786E-5
20220411 12:50:48,118	c_0_1147_20220411_12_50_48,118.bmp	5,913712E-1	1,983597E+0	-2,496685E-3	1,107786E-5
20220411 12:50:54,119	c_0_1148_20220411_12_50_54,119.bmp	5,926439E-1	2,001418E+0	4,902598E-5	1,107786E-5
20220411 12:51:00,124	c_0_1149_20220411_12_51_00,124.bmp	5,977348E-1	2,021786E+0	4,902598E-5	-1,261932E-3
20220411 12:51:06,127	c_0_1150_20220411_12_51_06,127.bmp	6,053711E-1	2,043426E+0	4,902598E-5	-3,807953E-3
20220411 12:51:12,131	c_0_1151_20220411_12_51_12,131.bmp	6,130074E-1	2,058702E+0	-1,223829E-3	3,830109E-3
20220411 12:51:18,134	c_0_1152_20220411_12_51_18,134.bmp	6,219164E-1	2,084161E+0	-5,042396E-3	-3,807953E-3
20220411 12:51:24,136	c_0_1153_20220411_12_51_24,136.bmp	6,282800E-1	2,101983E+0	-3,769540E-3	1,107786E-5
20220411 12:51:30,138	c_0_1154_20220411_12_51_30,138.bmp	6,244619E-1	2,123624E+0	2,594737E-3	1,107786E-5
20220411 12:51:36,139	c_0_1155_20220411_12_51_36,139.bmp	6,384618E-1	2,145264E+0	-1,223829E-3	-2,534943E-3
20220411 12:51:42,144	c_0_1156_20220411_12_51_42,144.bmp	6,384618E-1	2,159267E+0	1,321881E-3	2,557098E-3
20220411 12:51:48,146	c_0_1157_20220411_12_51_48,146.bmp	6,473708E-1	2,182180E+0	4,902598E-5	1,107786E-5
20220411 12:51:54,147	c_0_1158_20220411_12_51_54,147.bmp	6,550071E-1	2,201275E+0	-3,769540E-3	-3,807953E-3
20220411 12:52:00,152	c_0_1159_20220411_12_52_00,152.bmp	6,639161E-1	2,222915E+0	-2,496685E-3	-1,261932E-3
20220411 12:52:06,154	c_0_1160_20220411_12_52_06,154.bmp	6,651889E-1	2,238191E+0	5,140448E-3	2,557098E-3
20220411 12:52:12,157	c_0_1161_20220411_12_52_12,157.bmp	6,715524E-1	2,262378E+0	4,902598E-5	1,107786E-5
20220411 12:52:18,160	c_0_1162_20220411_12_52_18,160.bmp	6,728252E-1	2,281472E+0	2,594737E-3	-1,261932E-3
20220411 12:52:24,161	c_0_1163_20220411_12_52_24,161.bmp	6,830069E-1	2,304386E+0	-5,042396E-3	-3,807953E-3
20220411 12:52:30,162	c_0_1164_20220411_12_52_30,162.bmp	6,791887E-1	2,322207E+0	2,594737E-3	1,107786E-5
20220411 12:52:36,165	c_0_1165_20220411_12_52_36,165.bmp	6,842796E-1	2,342575E+0	4,902598E-5	-1,261932E-3
20220411 12:52:42,168	c_0_1166_20220411_12_52_42,168.bmp	6,804615E-1	2,357851E+0	4,902598E-5	3,830109E-3
20220411 12:52:48,173	c_0_1167_20220411_12_52_48,173.bmp	6,855523E-1	2,384583E+0	-3,769540E-3	-3,807953E-3
20220411 12:52:54,181	c_0_1168_20220411_12_52_54,181.bmp	6,804615E-1	2,404951E+0	4,902598E-5	-2,534943E-3
20220411 12:53:00,181	c_0_1169_20220411_12_53_00,181.bmp	6,664616E-1	2,421499E+0	-1,223829E-3	1,107786E-5
20220411 12:53:06,183	c_0_1170_20220411_12_53_06,183.bmp	6,308255E-1	2,439321E+0	1,321881E-3	3,830109E-3
20220411 12:53:12,186	c_0_1171_20220411_12_53_12,186.bmp	6,270073E-1	2,458415E+0	3,867592E-3	1,284088E-3
20220411 12:53:18,188	c_0_1172_20220411_12_53_18,188.bmp	6,270073E-1	2,480056E+0	1,321881E-3	-1,261932E-3
20220411 12:53:24,193	c_0_1173_20220411_12_53_24,193.bmp	6,270073E-1	2,501696E+0	4,902598E-5	1,107786E-5
20220411 12:53:30,198	c_0_1174_20220411_12_53_30,198.bmp	6,231892E-1	2,518245E+0	1,321881E-3	2,557098E-3
20220411 12:53:36,202	c_0_1175_20220411_12_53_36,202.bmp	6,257346E-1	2,538613E+0	4,902598E-5	2,557098E-3
20220411 12:53:42,205	c_0_1176_20220411_12_53_42,205.bmp	5,888258E-1	2,561526E+0	1,321881E-3	1,107786E-5
20220411 12:53:48,206	c_0_1177_20220411_12_53_48,206.bmp	4,997355E-1	2,583167E+0	-5,042396E-3	-3,807953E-3
20220411 12:53:54,210	c_0_1178_20220411_12_53_54,210.bmp	4,704630E-1	2,600988E+0	-1,223829E-3	1,284088E-3
20220411 12:54:00,212	c_0_1179_20220411_12_54_00,212.bmp	4,742812E-1	2,625175E+0	4,902598E-5	-3,807953E-3
20220411 12:54:06,214	c_0_1180_20220411_12_54_06,214.bmp	4,717357E-1	2,639177E+0	5,140448E-3	1,107786E-5
20220411 12:54:12,215	c_0_1181_20220411_12_54_12,215.bmp	4,819175E-1	2,662091E+0	4,902598E-5	1,107786E-5
20220411 12:54:18,220	c_0_1182_20220411_12_54_18,220.bmp	4,857356E-1	2,685004E+0	-3,769540E-3	-3,807953E-3
20220411 12:54:24,229	c_0_1183_20220411_12_54_24,229.bmp	4,920992E-1	2,701553E+0	-5,042396E-3	1,107786E-5
20220411 12:54:30,235	c_0_1184_20220411_12_54_30,235.bmp	4,882811E-1	2,723194E+0	4,902598E-5	1,107786E-5
20220411 12:54:36,236	c_0_1185_20220411_12_54_36,236.bmp	4,920992E-1	2,744834E+0	-1,223829E-3	-3,807953E-3
20220411 12:54:42,242	c_0_1186_20220411_12_54_42,242.bmp	4,959174E-1	2,762656E+0	4,902598E-5	1,107786E-5
20220411 12:54:48,244	c_0_1187_20220411_12_54_48,244.bmp	4,971901E-1	2,779204E+0	3,867592E-3	1,284088E-3
20220411 12:54:54,247	c_0_1188_20220411_12_54_54,247.bmp	5,022810E-1	2,805937E+0	-3,769540E-3	-2,534943E-3
20220411 12:55:00,252	c_0_1189_20220411_12_55_00,252.bmp	4,997355E-1	2,821213E+0	-5,042396E-3	-3,807953E-3
20220411 12:55:06,257	c_0_1190_20220411_12_55_06,257.bmp	4,933719E-1	2,842853E+0	-1,223829E-3	1,284088E-3
20220411 12:55:12,261	c_0_1191_20220411_12_55_12,261.bmp	4,920992E-1	2,861948E+0	-1,223829E-3	1,107786E-5
20220411 12:55:18,265	c_0_1192_20220411_12_55_18,265.bmp	4,984628E-1	2,883588E+0	-3,769540E-3	1,284088E-3
20220411 12:55:24,268	c_0_1193_20220411_12_55_24,268.bmp	4,959174E-1	2,901410E+0	-3,769540E-3	1,107786E-5
20220411 12:55:30,271	c_0_1194_20220411_12_55_30,271.bmp	4,908265E-1	2,917958E+0	-1,223829E-3	2,557098E-3
20220411 12:55:36,281	c_0_1195_20220411_12_55_36,281.bmp	4,882811E-1	2,938326E+0	1,321881E-3	2,557098E-3
20220411 12:55:42,283	c_0_1196_20220411_12_55_42,283.bmp	4,971901E-1	2,961240E+0	-1,223829E-3	-3,807953E-3
20220411 12:55:48,284	c_0_1197_20220411_12_55_48,284.bmp	5,010082E-1	2,984153E+0	4,902598E-5	-3,807953E-3
20220411 12:55:54,289	c_0_1198_20220411_12_55_54,289.bmp	5,010082E-1	2,998156E+0	3,867592E-3	2,557098E-3
20220411 12:56:00,290	c_0_1199_20220411_12_56_00,290.bmp	5,010082E-1	3,017250E+0	3,867592E-3	-1,261932E-3
20220411 12:56:06,294	c_0_1200_20220411_12_56_06,294.bmp	5,073718E-1	3,041437E+0	1,321881E-3	-1,261932E-3
20220411 12:56:12,299	c_0_1201_20220411_12_56_12,299.bmp	5,124627E-1	3,057985E+0	2,594737E-3	3,830109E-3
20220411 12:56:18,304	c_0_1202_20220411_12_56_18,304.bmp	5,150081E-1	3,079626E+0	2,594737E-3	3,830109E-3
20220411 12:56:24,309	c_0_1203_20220411_12_56_24,309.bmp	5,175536E-1	3,098721E+0	1,321881E-3	2,557098E-3
20220411 12:56:30,313	c_0_1204_20220411_12_56_30,313.bmp	5,290080E-1	3,121634E+0	-3,769540E-3	-1,261932E-3
20220411 12:56:36,318	c_0_1205_20220411_12_56_36,318.bmp	5,277353E-1	3,142002E+0	4,902598E-5	1,107786E-5
20220411 12:56:42,319	c_0_1206_20220411_12_56_42,319.bmp	5,290080E-1	3,159823E+0	3,867592E-3	2,557098E-3
20220411 12:56:48,322	c_0_1207_20220411_12_56_48,322.bmp	5,353716E-1	3,182737E+0	-1,223829E-3	-3,807953E-3
20220411 12:56:54,327	c_0_1208_20220411_12_56_54,327.bmp	5,366443E-1	3,201831E+0	4,902598E-5	1,107786E-5
20220411 12:57:00,335	c_0_1209_20220411_12_57_00,335.bmp	5,442807E-1	3,223472E+0	-3,769540E-3	-3,807953E-3
20220411 12:57:06,339	c_0_1210_20220411_12_57_06,339.bmp	5,404625E-1	3,242566E+0	4,902598E-5	-1,261932E-3
20220411 12:57:12,345	c_0_1211_20220411_12_57_12,345.bmp	5,468261E-1	3,262934E+0	-3,769540E-3	-3,807953E-3
20220411 12:57:18,352	c_0_1212_20220411_12_57_18,352.bmp	5,493715E-1	3,279483E+0	4,902598E-5	2,557098E-3
20220411 12:57:24,354	c_0_1213_20220411_12_57_24,354.bmp	5,391898E-1	3,299850E+0	2,594737E-3	-1,261932E-3
20220411 12:57:30,359	c_0_1214_20220411_12_57_30,359.bmp	4,997355E-1	3,324037E+0	-3,769540E-3	-3,807953E-3
20220411 12:57:36,360	c_0_1215_20220411_12_57_36,360.bmp	4,679176E-1	3,340585E+0	4,902598E-5	-1,261932E-3
20220411 12:57:42,363	c_0_1216_20220411_12_57_42,363.bmp	4,208270E-1	3,359680E+0	3,867592E-3	3,830109E-3
20220411 12:57:48,364	c_0_1217_20220411_12_57_48,364.bmp	3,775546E-1	3,382593E+0	1,321881E-3	-1,261932E-3
20220411 12:57:54,365	c_0_1218_20220411_12_57_54,365.bmp	3,304641E-1	3,396596E+0	1,321881E-3	2,557098E-3
20220411 12:58:00,369	c_0_1219_20220411_12_58_00,369.bmp	3,368276E-1	3,424602E+0	-3,769540E-3	-3,807953E-3
20220411 12:58:06,376	c_0_1220_20220411_12_58_06,376.bmp	3,368276E-1	3,441150E+0	2,594737E-3	2,557098E-3
20220411 12:58:12,378	c_0_1221_20220411_12_58_12,378.bmp	3,381004E-1	3,460245E+0	4,902598E-5	1,107786E-5
20220411 12:58:18,384	c_0_1222_20220411_12_58_18,384.bmp	3,368276E-1	3,485704E+0	-3,769540E-3	-3,807953E-3
20220411 12:58:24,388	c_0_1223_20220411_12_58_24,388.bmp	3,393731E-1	3,499707E+0	1,321881E-3	-1,261932E-3
20220411 12:58:30,391	c_0_1224_20220411_12_58_30,391.bmp	3,482821E-1	3,525166E+0	-3,769540E-3	-3,807953E-3
20220411 12:58:36,394	c_0_1225_20220411_12_58_36,394.bmp	3,444639E-1	3,537896E+0	2,594737E-3	2,557098E-3
20220411 12:58:42,398	c_0_1226_20220411_12_58_42,398.bmp	3,559184E-1	3,564629E+0	-3,769540E-3	-3,807953E-3
20220411 12:58:48,403	c_0_1227_20220411_12_58_48,403.bmp	3,533730E-1	3,581177E+0	4,902598E-5	1,107786E-5
20220411 12:58:54,404	c_0_1228_20220411_12_58_54,404.bmp	3,584638E-1	3,600272E+0	-3,769540E-3	1,107786E-5
