-2.534824330028203482e-02
-2.634207950479009255e-03
-2.633662242215279239e-03
1.710842976502742236e-04
2.831795063333246865e-03
1.063100287548230868e-02
2.692785529514636969e-02
4.825634103818434578e-02
8.074283268141065062e-02
1.168155317031924628e-01
1.601549950285794388e-01
2.108394775455831871e-01
2.672280074897560587e-01
3.374907320201785410e-01
4.084653056638825053e-01
4.947478890043492950e-01
5.642963126829441123e-01
6.568271549402910914e-01
7.374624874812751862e-01
8.345959245529808168e-01
9.152633398603007286e-01
9.790393421020919806e-01
1.008123026804141009e+00
1.062941201443353245e+00
1.098223128343795763e+00
1.045308194432941207e+00
9.570384185653163511e-01
9.663611186516711804e-01
9.446562834191000180e-01
9.383926309569360358e-01
9.403837525964172661e-01
8.832378390870794238e-01
8.327824629228716136e-01
8.100726517825319606e-01
7.971604984441768016e-01
7.891668602409436239e-01
7.866029770359540541e-01
7.878174816041318973e-01
7.648191982858957294e-01
7.097047091732374691e-01
6.447330475721720910e-01
6.288359665538534315e-01
6.196169581730160969e-01
6.052473755230073360e-01
6.073186090638782453e-01
6.068969570666660207e-01
6.176530567387891191e-01
6.252510552810265354e-01
6.271728843276476173e-01
6.274929053140790858e-01
6.317924889362374063e-01
6.375227830755104685e-01
6.644887539033050849e-01
6.647396268142427012e-01
6.588023978514015999e-01
6.677223352861664241e-01
6.715128532495121538e-01
6.750304727310748598e-01
6.753038373173465558e-01
6.640669557617140395e-01
6.671085476656779534e-01
6.694010287582574659e-01
6.765738366852542818e-01
6.842695145024904058e-01
6.883918407282039187e-01
6.980952015059419535e-01
6.991275335053043216e-01
6.994570246328059016e-01
6.977444393362253194e-01
6.957023279311008723e-01
7.054514726843986727e-01
6.949255112572412241e-01
7.045607636220880821e-01
6.939599000200231682e-01
6.957955585277884047e-01
6.814117796210875655e-01
6.832858994648384199e-01
6.846930079469489838e-01
6.914388546257989043e-01
6.413037573508280076e-01
6.092135642068978729e-01
5.837429586385036728e-01
5.901409909028889622e-01
5.938050572749955514e-01
5.690701101290958075e-01
5.455378568309755538e-01
5.496313828305362525e-01
5.556141547862631924e-01
5.672380539212975581e-01
5.801159228990284689e-01
6.208891763293590271e-01
6.401141732696732367e-01
6.938311862597622559e-01
7.043516817719166490e-01
7.122091182652443564e-01
7.184388055245718441e-01
7.419602593549059488e-01
7.365640587699517905e-01
7.365829038944342599e-01
7.361068554493590543e-01
6.569140336895163967e-01
5.845746623138338149e-01
5.876071409378300636e-01
5.920619836768926669e-01
5.985866990234333107e-01
6.061875022282873227e-01
6.101093102049713890e-01
6.171504875151342384e-01
6.273829837145191712e-01
6.296100915664240016e-01
6.327528822746336656e-01
6.437064404639897264e-01
6.499187220533411136e-01
6.583818427330955236e-01
6.646577509560344099e-01
6.681889106662940447e-01
6.804616126641017670e-01
6.938723333596499288e-01
6.951897542736832358e-01
7.029692578470794206e-01
7.112740641256363183e-01
7.256054315161248880e-01
7.343574604503217973e-01
7.323798038683277944e-01
7.389785428932298394e-01
7.535662925149799740e-01
