20220408 11:57:20,464	c_0_878_20220408_11_57_20,464.bmp	2,102839E-3	-9,676852E-4	-3,769540E-3	-3,807953E-3
20220408 11:57:26,465	c_0_879_20220408_11_57_26,465.bmp	5,920992E-3	-9,676852E-4	1,321881E-3	3,830109E-3
20220408 11:57:32,469	c_0_880_20220408_11_57_32,469.bmp	1,599199E-1	2,449177E-2	-3,769540E-3	-3,807953E-3
20220408 11:57:38,474	c_0_881_20220408_11_57_38,474.bmp	3,113733E-1	4,104041E-2	-1,223829E-3	1,284088E-3
20220408 11:57:44,479	c_0_882_20220408_11_57_44,479.bmp	4,946447E-1	6,140797E-2	-1,223829E-3	1,107786E-5
20220408 11:57:50,482	c_0_883_20220408_11_57_50,482.bmp	6,970068E-1	8,304851E-2	3,867592E-3	1,284088E-3
20220408 11:57:56,483	c_0_884_20220408_11_57_56,483.bmp	9,108234E-1	1,046890E-1	-2,496685E-3	-3,807953E-3
20220408 11:58:02,485	c_0_885_20220408_11_58_02,485.bmp	1,115731E+0	1,199647E-1	4,902598E-5	1,107786E-5
20220408 11:58:08,488	c_0_886_20220408_11_58_08,488.bmp	1,323184E+0	1,428782E-1	4,902598E-5	-3,807953E-3
20220408 11:58:14,498	c_0_887_20220408_11_58_14,498.bmp	1,530637E+0	1,606998E-1	4,902598E-5	1,107786E-5
20220408 11:58:20,504	c_0_888_20220408_11_58_20,504.bmp	1,717727E+0	1,848863E-1	4,902598E-5	-3,807953E-3
20220408 11:58:26,509	c_0_889_20220408_11_58_26,509.bmp	1,911180E+0	1,976160E-1	2,594737E-3	1,107786E-5
20220408 11:58:32,510	c_0_890_20220408_11_58_32,510.bmp	2,095724E+0	2,167106E-1	1,321881E-3	2,557098E-3
20220408 11:58:38,515	c_0_891_20220408_11_58_38,515.bmp	2,256086E+0	2,396241E-1	-1,223829E-3	1,107786E-5
20220408 11:58:44,518	c_0_892_20220408_11_58_44,518.bmp	2,383358E+0	2,650836E-1	-3,769540E-3	-3,807953E-3
20220408 11:58:50,519	c_0_893_20220408_11_58_50,519.bmp	2,328631E+0	2,841782E-1	-3,769540E-3	-3,807953E-3
20220408 11:58:56,523	c_0_894_20220408_11_58_56,523.bmp	2,164451E+0	3,019998E-1	-1,223829E-3	-3,807953E-3
20220408 11:59:02,527	c_0_895_20220408_11_59_02,527.bmp	2,103360E+0	3,172755E-1	3,867592E-3	2,557098E-3
20220408 11:59:08,529	c_0_896_20220408_11_59_08,529.bmp	1,886998E+0	3,414619E-1	-1,223829E-3	1,107786E-5
20220408 11:59:14,530	c_0_897_20220408_11_59_14,530.bmp	1,766090E+0	3,605565E-1	-2,496685E-3	1,107786E-5
20220408 11:59:20,530	c_0_898_20220408_11_59_20,530.bmp	1,632454E+0	3,771052E-1	3,867592E-3	1,107786E-5
20220408 11:59:26,534	c_0_899_20220408_11_59_26,534.bmp	1,473365E+0	4,012917E-1	4,902598E-5	1,107786E-5
20220408 11:59:32,538	c_0_900_20220408_11_59_32,538.bmp	1,377911E+0	4,229322E-1	-2,496685E-3	-3,807953E-3
20220408 11:59:38,545	c_0_901_20220408_11_59_38,545.bmp	1,306639E+0	4,432998E-1	4,902598E-5	-3,807953E-3
20220408 11:59:44,547	c_0_902_20220408_11_59_44,547.bmp	1,227730E+0	4,611214E-1	4,902598E-5	-1,261932E-3
20220408 11:59:50,552	c_0_903_20220408_11_59_50,552.bmp	1,148822E+0	4,763970E-1	3,867592E-3	2,557098E-3
20220408 11:59:56,554	c_0_904_20220408_11_59_56,554.bmp	1,136094E+0	5,018565E-1	-1,223829E-3	-2,534943E-3
20220408 12:00:02,559	c_0_905_20220408_12_00_02,559.bmp	1,133549E+0	5,247700E-1	-2,496685E-3	-3,807953E-3
20220408 12:00:08,564	c_0_906_20220408_12_00_08,564.bmp	1,147549E+0	5,451376E-1	-3,769540E-3	-5,080963E-3
20220408 12:00:14,569	c_0_907_20220408_12_00_14,569.bmp	1,174276E+0	5,604132E-1	-3,769540E-3	-1,261932E-3
20220408 12:00:20,572	c_0_908_20220408_12_00_20,572.bmp	1,202276E+0	5,807808E-1	4,902598E-5	1,107786E-5
20220408 12:00:26,575	c_0_909_20220408_12_00_26,575.bmp	1,234094E+0	6,049673E-1	4,902598E-5	-3,807953E-3
20220408 12:00:32,577	c_0_910_20220408_12_00_32,577.bmp	1,269730E+0	6,189700E-1	-1,223829E-3	1,107786E-5
20220408 12:00:38,580	c_0_911_20220408_12_00_38,580.bmp	1,305366E+0	6,418835E-1	4,902598E-5	-3,807953E-3
20220408 12:00:44,583	c_0_912_20220408_12_00_44,583.bmp	1,343547E+0	6,647970E-1	-5,042396E-3	-3,807953E-3
20220408 12:00:50,585	c_0_913_20220408_12_00_50,585.bmp	1,376638E+0	6,851645E-1	-1,223829E-3	-3,807953E-3
20220408 12:00:56,589	c_0_914_20220408_12_00_56,589.bmp	1,409729E+0	7,029862E-1	-1,223829E-3	-3,807953E-3
20220408 12:01:02,595	c_0_915_20220408_12_01_02,595.bmp	1,441547E+0	7,220808E-1	4,902598E-5	1,107786E-5
20220408 12:01:08,596	c_0_916_20220408_12_01_08,596.bmp	1,473365E+0	7,373564E-1	-2,496685E-3	3,830109E-3
20220408 12:01:14,597	c_0_917_20220408_12_01_14,597.bmp	1,497546E+0	7,577240E-1	2,594737E-3	2,557098E-3
20220408 12:01:20,598	c_0_918_20220408_12_01_20,598.bmp	1,529364E+0	7,793645E-1	6,413303E-3	2,557098E-3
20220408 12:01:26,599	c_0_919_20220408_12_01_26,599.bmp	1,559910E+0	8,010051E-1	-1,223829E-3	-3,807953E-3
20220408 12:01:32,600	c_0_920_20220408_12_01_32,600.bmp	1,581546E+0	8,175537E-1	3,867592E-3	3,830109E-3
20220408 12:01:38,601	c_0_921_20220408_12_01_38,601.bmp	1,595546E+0	8,379213E-1	3,867592E-3	1,284088E-3
20220408 12:01:44,607	c_0_922_20220408_12_01_44,607.bmp	1,609546E+0	8,582888E-1	4,902598E-5	2,557098E-3
20220408 12:01:50,608	c_0_923_20220408_12_01_50,608.bmp	1,609546E+0	8,773834E-1	3,867592E-3	2,557098E-3
20220408 12:01:56,612	c_0_924_20220408_12_01_56,612.bmp	1,515364E+0	9,015699E-1	1,321881E-3	1,107786E-5
20220408 12:02:02,614	c_0_925_20220408_12_02_02,614.bmp	1,276093E+0	9,168456E-1	1,321881E-3	1,107786E-5
20220408 12:02:08,617	c_0_926_20220408_12_02_08,617.bmp	1,244275E+0	9,410320E-1	4,902598E-5	1,107786E-5
20220408 12:02:14,620	c_0_927_20220408_12_02_14,620.bmp	1,227730E+0	9,639455E-1	-1,223829E-3	-3,807953E-3
20220408 12:02:20,622	c_0_928_20220408_12_02_20,622.bmp	1,058459E+0	9,817672E-1	4,902598E-5	-1,261932E-3
20220408 12:02:26,626	c_0_929_20220408_12_02_26,626.bmp	9,668230E-1	1,000862E+0	-1,223829E-3	-1,261932E-3
20220408 12:02:32,631	c_0_930_20220408_12_02_32,631.bmp	9,693684E-1	1,025048E+0	-3,769540E-3	-3,807953E-3
20220408 12:02:38,632	c_0_931_20220408_12_02_38,632.bmp	9,820956E-1	1,042870E+0	-1,223829E-3	-3,807953E-3
20220408 12:02:44,633	c_0_932_20220408_12_02_44,633.bmp	9,948228E-1	1,060691E+0	4,902598E-5	1,107786E-5
20220408 12:02:50,637	c_0_933_20220408_12_02_50,637.bmp	1,007550E+0	1,081059E+0	-1,223829E-3	1,107786E-5
20220408 12:02:56,638	c_0_934_20220408_12_02_56,638.bmp	1,034277E+0	1,102700E+0	-2,496685E-3	-3,807953E-3
20220408 12:03:02,643	c_0_935_20220408_12_03_02,643.bmp	1,040641E+0	1,116702E+0	1,321881E-3	2,557098E-3
20220408 12:03:08,646	c_0_936_20220408_12_03_08,646.bmp	1,059731E+0	1,139616E+0	-1,223829E-3	-1,261932E-3
20220408 12:03:14,647	c_0_937_20220408_12_03_14,647.bmp	1,080095E+0	1,161256E+0	-1,223829E-3	-1,261932E-3
20220408 12:03:20,652	c_0_938_20220408_12_03_20,652.bmp	1,092822E+0	1,180351E+0	-1,223829E-3	-1,261932E-3
20220408 12:03:26,653	c_0_939_20220408_12_03_26,653.bmp	1,110640E+0	1,203264E+0	-3,769540E-3	-3,807953E-3
20220408 12:03:32,654	c_0_940_20220408_12_03_32,654.bmp	1,125913E+0	1,221086E+0	-1,223829E-3	1,107786E-5
20220408 12:03:38,658	c_0_941_20220408_12_03_38,658.bmp	1,141185E+0	1,241454E+0	1,321881E-3	1,284088E-3
20220408 12:03:44,662	c_0_942_20220408_12_03_44,662.bmp	1,151367E+0	1,259275E+0	4,902598E-5	1,107786E-5
20220408 12:03:50,663	c_0_943_20220408_12_03_50,663.bmp	1,166640E+0	1,280916E+0	-1,223829E-3	-1,261932E-3
20220408 12:03:56,667	c_0_944_20220408_12_03_56,667.bmp	1,180640E+0	1,303829E+0	4,902598E-5	-1,261932E-3
20220408 12:04:02,671	c_0_945_20220408_12_04_02,671.bmp	1,194639E+0	1,324197E+0	-5,042396E-3	-3,807953E-3
20220408 12:04:08,676	c_0_946_20220408_12_04_08,676.bmp	1,211185E+0	1,342018E+0	-3,769540E-3	1,107786E-5
20220408 12:04:14,681	c_0_947_20220408_12_04_14,681.bmp	1,217548E+0	1,361113E+0	-3,769540E-3	-1,261932E-3
20220408 12:04:20,684	c_0_948_20220408_12_04_20,684.bmp	1,226457E+0	1,381481E+0	-3,769540E-3	1,107786E-5
20220408 12:04:26,687	c_0_949_20220408_12_04_26,687.bmp	1,218821E+0	1,400575E+0	1,321881E-3	1,107786E-5
20220408 12:04:32,692	c_0_950_20220408_12_04_32,692.bmp	1,189549E+0	1,423489E+0	-2,496685E-3	-3,807953E-3
20220408 12:04:38,694	c_0_951_20220408_12_04_38,694.bmp	1,173003E+0	1,443856E+0	-2,496685E-3	-3,807953E-3
20220408 12:04:44,695	c_0_952_20220408_12_04_44,695.bmp	1,151367E+0	1,460405E+0	-1,223829E-3	1,107786E-5
20220408 12:04:50,700	c_0_953_20220408_12_04_50,700.bmp	1,129731E+0	1,475681E+0	-1,223829E-3	2,557098E-3
20220408 12:04:56,705	c_0_954_20220408_12_04_56,705.bmp	1,103004E+0	1,501140E+0	1,321881E-3	1,107786E-5
20220408 12:05:02,710	c_0_955_20220408_12_05_02,710.bmp	1,071186E+0	1,521508E+0	-2,496685E-3	-1,261932E-3
20220408 12:05:08,712	c_0_956_20220408_12_05_08,712.bmp	1,057186E+0	1,538056E+0	3,867592E-3	1,284088E-3
20220408 12:05:14,713	c_0_957_20220408_12_05_14,713.bmp	1,054641E+0	1,562243E+0	4,902598E-5	1,107786E-5
20220408 12:05:20,715	c_0_958_20220408_12_05_20,715.bmp	1,057186E+0	1,581337E+0	1,321881E-3	-3,807953E-3
20220408 12:05:26,719	c_0_959_20220408_12_05_26,719.bmp	1,050822E+0	1,597886E+0	1,321881E-3	1,284088E-3
20220408 12:05:32,720	c_0_960_20220408_12_05_32,720.bmp	1,045731E+0	1,616980E+0	3,867592E-3	1,284088E-3
20220408 12:05:38,725	c_0_961_20220408_12_05_38,725.bmp	1,024095E+0	1,638621E+0	2,594737E-3	3,830109E-3
20220408 12:05:44,728	c_0_962_20220408_12_05_44,728.bmp	8,484602E-1	1,657716E+0	3,867592E-3	1,284088E-3
20220408 12:05:50,731	c_0_963_20220408_12_05_50,731.bmp	8,611874E-1	1,680629E+0	-5,042396E-3	1,107786E-5
20220408 12:05:56,734	c_0_964_20220408_12_05_56,734.bmp	8,662783E-1	1,704816E+0	-3,769540E-3	-2,534943E-3
20220408 12:06:02,735	c_0_965_20220408_12_06_02,735.bmp	8,688237E-1	1,721364E+0	-1,223829E-3	1,107786E-5
20220408 12:06:08,742	c_0_966_20220408_12_06_08,742.bmp	8,764600E-1	1,744278E+0	-3,769540E-3	-3,807953E-3
20220408 12:06:14,747	c_0_967_20220408_12_06_14,747.bmp	8,840963E-1	1,760826E+0	4,902598E-5	-1,261932E-3
20220408 12:06:20,752	c_0_968_20220408_12_06_20,752.bmp	8,891872E-1	1,781194E+0	2,594737E-3	-1,261932E-3
20220408 12:06:26,755	c_0_969_20220408_12_06_26,755.bmp	8,968235E-1	1,804107E+0	-3,769540E-3	-3,807953E-3
20220408 12:06:32,758	c_0_970_20220408_12_06_32,758.bmp	8,993689E-1	1,818110E+0	2,594737E-3	2,557098E-3
20220408 12:06:38,760	c_0_971_20220408_12_06_38,760.bmp	9,070052E-1	1,835932E+0	1,321881E-3	3,830109E-3
20220408 12:06:44,765	c_0_972_20220408_12_06_44,765.bmp	9,120961E-1	1,862664E+0	4,902598E-5	1,107786E-5
20220408 12:06:50,770	c_0_973_20220408_12_06_50,770.bmp	9,222779E-1	1,880486E+0	1,321881E-3	1,107786E-5
20220408 12:06:56,775	c_0_974_20220408_12_06_56,775.bmp	9,273687E-1	1,904672E+0	-3,769540E-3	-3,807953E-3
20220408 12:07:02,779	c_0_975_20220408_12_07_02,779.bmp	9,273687E-1	1,921221E+0	4,902598E-5	1,107786E-5
20220408 12:07:08,780	c_0_976_20220408_12_07_08,780.bmp	9,324596E-1	1,944134E+0	-3,769540E-3	-3,807953E-3
20220408 12:07:14,784	c_0_977_20220408_12_07_14,784.bmp	9,324596E-1	1,959410E+0	-1,223829E-3	1,107786E-5
20220408 12:07:20,784	c_0_978_20220408_12_07_20,784.bmp	9,299142E-1	1,979778E+0	4,902598E-5	-1,261932E-3
20220408 12:07:26,786	c_0_979_20220408_12_07_26,786.bmp	9,184597E-1	1,998872E+0	2,594737E-3	2,557098E-3
20220408 12:07:32,792	c_0_980_20220408_12_07_32,792.bmp	8,942781E-1	2,019240E+0	4,902598E-5	1,107786E-5
20220408 12:07:38,796	c_0_981_20220408_12_07_38,796.bmp	8,548238E-1	2,040880E+0	4,902598E-5	1,107786E-5
20220408 12:07:44,799	c_0_982_20220408_12_07_44,799.bmp	8,255513E-1	2,061248E+0	2,594737E-3	1,107786E-5
20220408 12:07:50,802	c_0_983_20220408_12_07_50,802.bmp	7,211884E-1	2,081615E+0	4,902598E-5	1,107786E-5
20220408 12:07:56,807	c_0_984_20220408_12_07_56,807.bmp	6,639161E-1	2,099437E+0	-3,769540E-3	-3,807953E-3
20220408 12:08:02,812	c_0_985_20220408_12_08_02,812.bmp	6,550071E-1	2,118532E+0	2,594737E-3	2,557098E-3
20220408 12:08:08,819	c_0_986_20220408_12_08_08,819.bmp	6,575525E-1	2,141445E+0	2,594737E-3	1,107786E-5
20220408 12:08:14,821	c_0_987_20220408_12_08_14,821.bmp	6,639161E-1	2,157994E+0	1,321881E-3	2,557098E-3
20220408 12:08:20,824	c_0_988_20220408_12_08_20,824.bmp	6,702797E-1	2,182180E+0	2,594737E-3	1,107786E-5
20220408 12:08:26,829	c_0_989_20220408_12_08_26,829.bmp	6,779160E-1	2,197456E+0	4,902598E-5	3,830109E-3
20220408 12:08:32,834	c_0_990_20220408_12_08_32,834.bmp	6,779160E-1	2,217824E+0	1,321881E-3	2,557098E-3
20220408 12:08:38,842	c_0_991_20220408_12_08_38,842.bmp	6,880978E-1	2,240737E+0	4,902598E-5	1,107786E-5
20220408 12:08:44,848	c_0_992_20220408_12_08_44,848.bmp	6,906432E-1	2,256013E+0	2,594737E-3	2,557098E-3
20220408 12:08:50,853	c_0_993_20220408_12_08_50,853.bmp	7,033704E-1	2,282745E+0	-3,769540E-3	-3,807953E-3
20220408 12:08:56,854	c_0_994_20220408_12_08_56,854.bmp	7,084613E-1	2,304386E+0	-3,769540E-3	-3,807953E-3
20220408 12:09:02,857	c_0_995_20220408_12_09_02,857.bmp	7,084613E-1	2,319661E+0	4,902598E-5	1,107786E-5
20220408 12:09:08,862	c_0_996_20220408_12_09_08,862.bmp	7,084613E-1	2,341302E+0	4,902598E-5	1,107786E-5
20220408 12:09:14,863	c_0_997_20220408_12_09_14,863.bmp	7,199157E-1	2,362942E+0	-2,496685E-3	-3,807953E-3
20220408 12:09:20,869	c_0_998_20220408_12_09_20,869.bmp	7,224612E-1	2,379491E+0	4,902598E-5	-1,261932E-3
20220408 12:09:26,871	c_0_999_20220408_12_09_26,871.bmp	7,262793E-1	2,399859E+0	4,902598E-5	1,107786E-5
20220408 12:09:32,874	c_0_1000_20220408_12_09_32,874.bmp	7,250066E-1	2,416407E+0	2,594737E-3	1,284088E-3
20220408 12:09:38,879	c_0_1001_20220408_12_09_38,879.bmp	7,288247E-1	2,440594E+0	4,902598E-5	1,107786E-5
20220408 12:09:44,885	c_0_1002_20220408_12_09_44,885.bmp	7,339156E-1	2,457142E+0	1,321881E-3	2,557098E-3
20220408 12:09:50,892	c_0_1003_20220408_12_09_50,892.bmp	7,428246E-1	2,482602E+0	-5,042396E-3	1,107786E-5
20220408 12:09:56,893	c_0_1004_20220408_12_09_56,893.bmp	7,466428E-1	2,501696E+0	-3,769540E-3	-3,807953E-3
20220408 12:10:02,899	c_0_1005_20220408_12_10_02,899.bmp	7,491882E-1	2,522064E+0	-3,769540E-3	-3,807953E-3
20220408 12:10:08,900	c_0_1006_20220408_12_10_08,900.bmp	7,491882E-1	2,539886E+0	-1,223829E-3	1,107786E-5
20220408 12:10:14,901	c_0_1007_20220408_12_10_14,901.bmp	7,491882E-1	2,558980E+0	-1,223829E-3	-1,261932E-3
20220408 12:10:20,906	c_0_1008_20220408_12_10_20,906.bmp	7,542791E-1	2,579348E+0	-1,223829E-3	1,107786E-5
20220408 12:10:26,907	c_0_1009_20220408_12_10_26,907.bmp	7,606427E-1	2,599715E+0	-3,769540E-3	1,107786E-5
20220408 12:10:32,912	c_0_1010_20220408_12_10_32,912.bmp	7,606427E-1	2,618810E+0	4,902598E-5	1,284088E-3
20220408 12:10:38,918	c_0_1011_20220408_12_10_38,918.bmp	7,619154E-1	2,640450E+0	4,902598E-5	1,107786E-5
20220408 12:10:44,921	c_0_1012_20220408_12_10_44,921.bmp	7,657336E-1	2,658272E+0	4,902598E-5	2,557098E-3
20220408 12:10:50,926	c_0_1013_20220408_12_10_50,926.bmp	7,657336E-1	2,677367E+0	3,867592E-3	1,284088E-3
20220408 12:10:56,931	c_0_1014_20220408_12_10_56,931.bmp	7,695517E-1	2,700280E+0	4,902598E-5	-1,261932E-3
20220408 12:11:02,937	c_0_1015_20220408_12_11_02,937.bmp	7,555518E-1	2,718102E+0	2,594737E-3	1,284088E-3
20220408 12:11:08,939	c_0_1016_20220408_12_11_08,939.bmp	7,262793E-1	2,743561E+0	-1,223829E-3	-2,534943E-3
20220408 12:11:14,941	c_0_1017_20220408_12_11_14,941.bmp	7,135521E-1	2,757564E+0	3,867592E-3	2,557098E-3
20220408 12:11:20,942	c_0_1018_20220408_12_11_20,942.bmp	7,148248E-1	2,781750E+0	-3,769540E-3	1,107786E-5
20220408 12:11:26,943	c_0_1019_20220408_12_11_26,943.bmp	6,995522E-1	2,803391E+0	-2,496685E-3	-3,807953E-3
20220408 12:11:32,948	c_0_1020_20220408_12_11_32,948.bmp	6,180983E-1	2,819940E+0	4,902598E-5	1,107786E-5
20220408 12:11:38,951	c_0_1021_20220408_12_11_38,951.bmp	5,850076E-1	2,844126E+0	-5,042396E-3	-3,807953E-3
20220408 12:11:44,952	c_0_1022_20220408_12_11_44,952.bmp	5,888258E-1	2,863221E+0	-3,769540E-3	-5,080963E-3
20220408 12:11:50,956	c_0_1023_20220408_12_11_50,956.bmp	5,926439E-1	2,882315E+0	-3,769540E-3	-3,807953E-3
20220408 12:11:56,960	c_0_1024_20220408_12_11_56,960.bmp	5,913712E-1	2,897591E+0	4,902598E-5	1,107786E-5
20220408 12:12:02,961	c_0_1025_20220408_12_12_02,961.bmp	5,913712E-1	2,916686E+0	1,321881E-3	1,107786E-5
20220408 12:12:08,966	c_0_1026_20220408_12_12_08,966.bmp	5,990075E-1	2,939599E+0	-1,223829E-3	1,107786E-5
20220408 12:12:14,967	c_0_1027_20220408_12_12_14,967.bmp	6,066438E-1	2,959967E+0	4,902598E-5	1,107786E-5
20220408 12:12:20,971	c_0_1028_20220408_12_12_20,971.bmp	6,079165E-1	2,979061E+0	4,902598E-5	-1,261932E-3
20220408 12:12:26,976	c_0_1029_20220408_12_12_26,976.bmp	6,053711E-1	2,999429E+0	1,321881E-3	1,107786E-5
20220408 12:12:32,979	c_0_1030_20220408_12_12_32,979.bmp	6,206437E-1	3,019796E+0	-5,042396E-3	-3,807953E-3
20220408 12:12:38,983	c_0_1031_20220408_12_12_38,983.bmp	6,206437E-1	3,041437E+0	4,902598E-5	1,107786E-5
20220408 12:12:44,988	c_0_1032_20220408_12_12_44,988.bmp	6,244619E-1	3,061804E+0	-2,496685E-3	1,107786E-5
20220408 12:12:50,991	c_0_1033_20220408_12_12_50,991.bmp	6,270073E-1	3,080899E+0	-2,496685E-3	1,284088E-3
20220408 12:12:56,996	c_0_1034_20220408_12_12_56,996.bmp	6,320982E-1	3,096175E+0	4,902598E-5	2,557098E-3
20220408 12:13:02,999	c_0_1035_20220408_12_13_02,999.bmp	6,384618E-1	3,121634E+0	-3,769540E-3	-3,807953E-3
20220408 12:13:09,001	c_0_1036_20220408_12_13_09,001.bmp	6,422799E-1	3,140729E+0	-3,769540E-3	1,107786E-5
20220408 12:13:15,005	c_0_1037_20220408_12_13_15,005.bmp	6,422799E-1	3,159823E+0	-1,223829E-3	1,284088E-3
20220408 12:13:21,006	c_0_1038_20220408_12_13_21,006.bmp	6,422799E-1	3,180191E+0	2,594737E-3	1,107786E-5
20220408 12:13:27,008	c_0_1039_20220408_12_13_27,008.bmp	6,473708E-1	3,200558E+0	4,902598E-5	1,107786E-5
20220408 12:13:33,013	c_0_1040_20220408_12_13_33,013.bmp	6,486435E-1	3,217107E+0	4,902598E-5	2,557098E-3
20220408 12:13:39,017	c_0_1041_20220408_12_13_39,017.bmp	6,537344E-1	3,240021E+0	-1,223829E-3	-1,261932E-3
20220408 12:13:45,022	c_0_1042_20220408_12_13_45,022.bmp	6,613707E-1	3,262934E+0	-2,496685E-3	-3,807953E-3
20220408 12:13:51,025	c_0_1043_20220408_12_13_51,025.bmp	6,550071E-1	3,279483E+0	4,902598E-5	-1,261932E-3
20220408 12:13:57,028	c_0_1044_20220408_12_13_57,028.bmp	6,524617E-1	3,297304E+0	2,594737E-3	1,284088E-3
20220408 12:14:03,030	c_0_1045_20220408_12_14_03,030.bmp	6,359163E-1	3,321491E+0	2,594737E-3	1,107786E-5
20220408 12:14:09,037	c_0_1046_20220408_12_14_09,037.bmp	6,193710E-1	3,343131E+0	-1,223829E-3	-5,080963E-3
20220408 12:14:15,038	c_0_1047_20220408_12_14_15,038.bmp	6,066438E-1	3,359680E+0	4,902598E-5	1,107786E-5
20220408 12:14:21,041	c_0_1048_20220408_12_14_21,041.bmp	5,964621E-1	3,380048E+0	-3,769540E-3	-1,261932E-3
20220408 12:14:27,047	c_0_1049_20220408_12_14_27,047.bmp	5,850076E-1	3,400415E+0	1,321881E-3	1,107786E-5
20220408 12:14:33,052	c_0_1050_20220408_12_14_33,052.bmp	5,760986E-1	3,415691E+0	-1,223829E-3	3,830109E-3
20220408 12:14:39,055	c_0_1051_20220408_12_14_39,055.bmp	5,760986E-1	3,444969E+0	-1,223829E-3	-2,534943E-3
20220408 12:14:45,059	c_0_1052_20220408_12_14_45,059.bmp	5,760986E-1	3,462791E+0	4,902598E-5	-3,807953E-3
20220408 12:14:51,065	c_0_1053_20220408_12_14_51,065.bmp	5,722804E-1	3,480612E+0	4,902598E-5	-3,807953E-3
20220408 12:14:57,070	c_0_1054_20220408_12_14_57,070.bmp	5,773713E-1	3,499707E+0	-3,769540E-3	-1,261932E-3
20220408 12:15:03,075	c_0_1055_20220408_12_15_03,075.bmp	5,633714E-1	3,520075E+0	4,902598E-5	-1,261932E-3
20220408 12:15:09,079	c_0_1056_20220408_12_15_09,079.bmp	5,213717E-1	3,541715E+0	-1,223829E-3	-1,261932E-3
20220408 12:15:15,088	c_0_1057_20220408_12_15_15,088.bmp	5,150081E-1	3,563356E+0	-2,496685E-3	-3,807953E-3
20220408 12:15:21,092	c_0_1058_20220408_12_15_21,092.bmp	5,086446E-1	3,579904E+0	4,902598E-5	1,107786E-5
20220408 12:15:27,093	c_0_1059_20220408_12_15_27,093.bmp	5,124627E-1	3,598999E+0	-1,223829E-3	-1,261932E-3
20220408 12:15:33,096	c_0_1060_20220408_12_15_33,096.bmp	5,111900E-1	3,600272E+0	-1,223829E-3	1,284088E-3
