20220408 12:52:37,715	c_0_1244_20220408_12_52_37,715.bmp	4,648275E-3	6,670150E-3	4,902598E-5	1,107786E-5
20220408 12:52:43,719	c_0_1245_20220408_12_52_43,719.bmp	-4,425969E-4	6,670150E-3	4,902598E-5	-1,261932E-3
20220408 12:52:49,723	c_0_1246_20220408_12_52_49,723.bmp	1,599199E-1	1,430799E-2	1,321881E-3	2,557098E-3
20220408 12:52:55,724	c_0_1247_20220408_12_52_55,724.bmp	3,470094E-1	3,594852E-2	2,594737E-3	2,557098E-3
20220408 12:53:01,726	c_0_1248_20220408_12_53_01,726.bmp	5,493715E-1	5,504311E-2	4,902598E-5	1,284088E-3
20220408 12:53:07,732	c_0_1249_20220408_12_53_07,732.bmp	7,530064E-1	7,668364E-2	1,321881E-3	1,107786E-5
20220408 12:53:13,733	c_0_1250_20220408_12_53_13,733.bmp	9,617321E-1	9,705120E-2	4,902598E-5	-3,807953E-3
20220408 12:53:19,734	c_0_1251_20220408_12_53_19,734.bmp	1,167912E+0	1,186917E-1	4,902598E-5	1,107786E-5
20220408 12:53:25,738	c_0_1252_20220408_12_53_25,738.bmp	1,377911E+0	1,390593E-1	-1,223829E-3	1,107786E-5
20220408 12:53:31,741	c_0_1253_20220408_12_53_31,741.bmp	1,581546E+0	1,581539E-1	4,902598E-5	-1,261932E-3
20220408 12:53:37,744	c_0_1254_20220408_12_53_37,744.bmp	1,783908E+0	1,810674E-1	4,902598E-5	-2,534943E-3
20220408 12:53:43,748	c_0_1255_20220408_12_53_43,748.bmp	1,990088E+0	1,988890E-1	1,321881E-3	1,107786E-5
20220408 12:53:49,749	c_0_1256_20220408_12_53_49,749.bmp	2,197541E+0	2,218025E-1	-3,769540E-3	-2,534943E-3
20220408 12:53:55,754	c_0_1257_20220408_12_53_55,754.bmp	2,397358E+0	2,358052E-1	2,594737E-3	1,284088E-3
20220408 12:54:01,761	c_0_1258_20220408_12_54_01,761.bmp	2,599720E+0	2,625376E-1	-3,769540E-3	-5,080963E-3
20220408 12:54:07,765	c_0_1259_20220408_12_54_07,765.bmp	2,800809E+0	2,778133E-1	2,594737E-3	-1,261932E-3
20220408 12:54:13,766	c_0_1260_20220408_12_54_13,766.bmp	3,000626E+0	2,994538E-1	4,902598E-5	-3,807953E-3
20220408 12:54:19,767	c_0_1261_20220408_12_54_19,767.bmp	3,188988E+0	3,160025E-1	1,321881E-3	3,830109E-3
20220408 12:54:25,772	c_0_1262_20220408_12_54_25,772.bmp	3,372260E+0	3,427349E-1	-3,769540E-3	-3,807953E-3
20220408 12:54:31,776	c_0_1263_20220408_12_54_31,776.bmp	3,530077E+0	3,541917E-1	3,867592E-3	2,557098E-3
20220408 12:54:37,781	c_0_1264_20220408_12_54_37,781.bmp	3,680258E+0	3,809241E-1	-3,769540E-3	-3,807953E-3
20220408 12:54:43,787	c_0_1265_20220408_12_54_43,787.bmp	3,821529E+0	4,025646E-1	-3,769540E-3	-3,807953E-3
20220408 12:54:49,790	c_0_1266_20220408_12_54_49,790.bmp	3,952619E+0	4,165673E-1	-3,769540E-3	1,284088E-3
20220408 12:54:55,794	c_0_1267_20220408_12_54_55,794.bmp	4,063346E+0	4,432998E-1	-3,769540E-3	-3,807953E-3
20220408 12:55:01,798	c_0_1268_20220408_12_55_01,798.bmp	4,149890E+0	4,598484E-1	4,902598E-5	-1,261932E-3
20220408 12:55:07,802	c_0_1269_20220408_12_55_07,802.bmp	4,184254E+0	4,776700E-1	4,902598E-5	1,107786E-5
20220408 12:55:13,805	c_0_1270_20220408_12_55_13,805.bmp	4,125709E+0	5,018565E-1	1,321881E-3	-3,807953E-3
20220408 12:55:19,810	c_0_1271_20220408_12_55_19,810.bmp	4,050618E+0	5,145862E-1	2,594737E-3	2,557098E-3
20220408 12:55:25,813	c_0_1272_20220408_12_55_25,813.bmp	3,852074E+0	5,425916E-1	-1,223829E-3	-5,080963E-3
20220408 12:55:31,814	c_0_1273_20220408_12_55_31,814.bmp	3,694257E+0	5,591403E-1	4,902598E-5	-3,807953E-3
20220408 12:55:37,816	c_0_1274_20220408_12_55_37,816.bmp	3,540259E+0	5,833267E-1	1,321881E-3	-3,807953E-3
20220408 12:55:43,817	c_0_1275_20220408_12_55_43,817.bmp	3,433350E+0	5,986024E-1	-5,042396E-3	-1,261932E-3
20220408 12:55:49,822	c_0_1276_20220408_12_55_49,822.bmp	3,350624E+0	6,164240E-1	2,594737E-3	2,557098E-3
20220408 12:55:55,822	c_0_1277_20220408_12_55_55,822.bmp	3,325169E+0	6,367916E-1	-5,042396E-3	1,107786E-5
20220408 12:56:01,824	c_0_1278_20220408_12_56_01,824.bmp	3,278079E+0	6,546132E-1	4,902598E-5	2,557098E-3
20220408 12:56:07,828	c_0_1279_20220408_12_56_07,828.bmp	3,253897E+0	6,775267E-1	-2,496685E-3	1,107786E-5
20220408 12:56:13,831	c_0_1280_20220408_12_56_13,831.bmp	3,227170E+0	6,966213E-1	4,902598E-5	3,830109E-3
20220408 12:56:19,835	c_0_1281_20220408_12_56_19,835.bmp	3,139352E+0	7,195348E-1	2,594737E-3	1,107786E-5
20220408 12:56:25,840	c_0_1282_20220408_12_56_25,840.bmp	2,994263E+0	7,373564E-1	4,902598E-5	1,107786E-5
20220408 12:56:31,843	c_0_1283_20220408_12_56_31,843.bmp	2,914081E+0	7,602699E-1	4,902598E-5	2,557098E-3
20220408 12:56:37,847	c_0_1284_20220408_12_56_37,847.bmp	2,854264E+0	7,780915E-1	-1,223829E-3	1,107786E-5
20220408 12:56:43,852	c_0_1285_20220408_12_56_43,852.bmp	2,791900E+0	7,997321E-1	1,321881E-3	1,107786E-5
20220408 12:56:49,860	c_0_1286_20220408_12_56_49,860.bmp	2,754992E+0	8,162807E-1	4,902598E-5	3,830109E-3
20220408 12:56:55,863	c_0_1287_20220408_12_56_55,863.bmp	2,756264E+0	8,417402E-1	4,902598E-5	-3,807953E-3
20220408 12:57:01,868	c_0_1288_20220408_12_57_01,868.bmp	2,766446E+0	8,595618E-1	4,902598E-5	1,107786E-5
20220408 12:57:07,874	c_0_1289_20220408_12_57_07,874.bmp	2,761355E+0	8,786564E-1	-1,223829E-3	-1,261932E-3
20220408 12:57:13,876	c_0_1290_20220408_12_57_13,876.bmp	2,729537E+0	8,964780E-1	1,321881E-3	2,557098E-3
20220408 12:57:19,878	c_0_1291_20220408_12_57_19,878.bmp	2,706628E+0	9,193915E-1	-1,223829E-3	-1,261932E-3
20220408 12:57:25,882	c_0_1292_20220408_12_57_25,882.bmp	2,679901E+0	9,384861E-1	-2,496685E-3	-1,261932E-3
20220408 12:57:31,888	c_0_1293_20220408_12_57_31,888.bmp	2,632811E+0	9,601266E-1	4,902598E-5	1,107786E-5
20220408 12:57:37,890	c_0_1294_20220408_12_57_37,890.bmp	2,511902E+0	9,779482E-1	4,902598E-5	2,557098E-3
20220408 12:57:43,894	c_0_1295_20220408_12_57_43,894.bmp	2,416449E+0	1,000862E+0	-1,223829E-3	-3,807953E-3
20220408 12:57:49,897	c_0_1296_20220408_12_57_49,897.bmp	2,361722E+0	1,018683E+0	4,902598E-5	3,830109E-3
20220408 12:57:55,902	c_0_1297_20220408_12_57_55,902.bmp	2,312086E+0	1,042870E+0	-2,496685E-3	-2,534943E-3
20220408 12:58:01,908	c_0_1298_20220408_12_58_01,908.bmp	2,284086E+0	1,055600E+0	4,902598E-5	2,557098E-3
20220408 12:58:07,913	c_0_1299_20220408_12_58_07,913.bmp	2,275177E+0	1,078513E+0	-3,769540E-3	1,107786E-5
20220408 12:58:13,916	c_0_1300_20220408_12_58_13,916.bmp	2,267541E+0	1,100154E+0	-3,769540E-3	-1,261932E-3
20220408 12:58:19,920	c_0_1301_20220408_12_58_19,920.bmp	2,267541E+0	1,121794E+0	-3,769540E-3	-3,807953E-3
20220408 12:58:25,924	c_0_1302_20220408_12_58_25,924.bmp	2,270086E+0	1,134524E+0	3,867592E-3	-1,261932E-3
20220408 12:58:31,927	c_0_1303_20220408_12_58_31,927.bmp	2,281541E+0	1,154891E+0	5,140448E-3	3,830109E-3
20220408 12:58:37,929	c_0_1304_20220408_12_58_37,929.bmp	2,296813E+0	1,179078E+0	4,902598E-5	1,107786E-5
20220408 12:58:43,929	c_0_1305_20220408_12_58_43,929.bmp	2,309540E+0	1,200718E+0	4,902598E-5	-1,261932E-3
20220408 12:58:49,933	c_0_1306_20220408_12_58_49,933.bmp	2,327358E+0	1,218540E+0	4,902598E-5	1,107786E-5
20220408 12:58:55,937	c_0_1307_20220408_12_58_55,937.bmp	2,342631E+0	1,238908E+0	-2,496685E-3	1,284088E-3
20220408 12:59:01,941	c_0_1308_20220408_12_59_01,941.bmp	2,348995E+0	1,252910E+0	1,321881E-3	2,557098E-3
20220408 12:59:07,946	c_0_1309_20220408_12_59_07,946.bmp	2,357904E+0	1,278370E+0	-3,769540E-3	-1,261932E-3
20220408 12:59:13,950	c_0_1310_20220408_12_59_13,950.bmp	2,369358E+0	1,297464E+0	-3,769540E-3	1,107786E-5
20220408 12:59:19,958	c_0_1311_20220408_12_59_19,958.bmp	2,378267E+0	1,316559E+0	3,867592E-3	2,557098E-3
20220408 12:59:25,963	c_0_1312_20220408_12_59_25,963.bmp	2,393540E+0	1,342018E+0	4,902598E-5	-3,807953E-3
20220408 12:59:31,964	c_0_1313_20220408_12_59_31,964.bmp	2,398631E+0	1,358567E+0	2,594737E-3	1,107786E-5
20220408 12:59:37,970	c_0_1314_20220408_12_59_37,970.bmp	2,410085E+0	1,378935E+0	4,902598E-5	1,107786E-5
20220408 12:59:43,974	c_0_1315_20220408_12_59_43,974.bmp	2,418994E+0	1,398029E+0	4,902598E-5	-1,261932E-3
20220408 12:59:49,981	c_0_1316_20220408_12_59_49,981.bmp	2,416449E+0	1,423489E+0	-5,042396E-3	-3,807953E-3
20220408 12:59:55,985	c_0_1317_20220408_12_59_55,985.bmp	2,410085E+0	1,434945E+0	1,321881E-3	3,830109E-3
20220408 13:00:01,987	c_0_1318_20220408_13_00_01,987.bmp	2,399903E+0	1,459132E+0	-1,223829E-3	1,107786E-5
20220408 13:00:07,989	c_0_1319_20220408_13_00_07,989.bmp	2,262450E+0	1,479499E+0	-1,223829E-3	1,107786E-5
20220408 13:00:13,994	c_0_1320_20220408_13_00_13,994.bmp	2,026997E+0	1,496048E+0	1,321881E-3	2,557098E-3
20220408 13:00:19,996	c_0_1321_20220408_13_00_19,996.bmp	1,970997E+0	1,522781E+0	-3,769540E-3	-2,534943E-3
20220408 13:00:25,999	c_0_1322_20220408_13_00_25,999.bmp	1,935361E+0	1,535510E+0	1,321881E-3	2,557098E-3
20220408 13:00:32,000	c_0_1323_20220408_13_00_32,000.bmp	1,921361E+0	1,555878E+0	2,594737E-3	3,830109E-3
20220408 13:00:38,008	c_0_1324_20220408_13_00_38,008.bmp	1,906089E+0	1,577518E+0	-1,223829E-3	1,107786E-5
20220408 13:00:44,014	c_0_1325_20220408_13_00_44,014.bmp	1,899725E+0	1,597886E+0	4,902598E-5	1,284088E-3
20220408 13:00:50,019	c_0_1326_20220408_13_00_50,019.bmp	1,894634E+0	1,623345E+0	4,902598E-5	-2,534943E-3
20220408 13:00:56,020	c_0_1327_20220408_13_00_56,020.bmp	1,885725E+0	1,638621E+0	4,902598E-5	1,107786E-5
20220408 13:01:02,023	c_0_1328_20220408_13_01_02,023.bmp	1,874271E+0	1,658989E+0	-1,223829E-3	-3,807953E-3
20220408 13:01:08,026	c_0_1329_20220408_13_01_08,026.bmp	1,860271E+0	1,675537E+0	1,321881E-3	2,557098E-3
20220408 13:01:14,030	c_0_1330_20220408_13_01_14,030.bmp	1,855180E+0	1,695905E+0	-1,223829E-3	2,557098E-3
20220408 13:01:20,034	c_0_1331_20220408_13_01_20,034.bmp	1,844998E+0	1,717545E+0	-2,496685E-3	1,284088E-3
20220408 13:01:26,037	c_0_1332_20220408_13_01_26,037.bmp	1,841180E+0	1,739186E+0	4,902598E-5	2,557098E-3
20220408 13:01:32,039	c_0_1333_20220408_13_01_32,039.bmp	1,830998E+0	1,757007E+0	-1,223829E-3	1,284088E-3
20220408 13:01:38,041	c_0_1334_20220408_13_01_38,041.bmp	1,822089E+0	1,778648E+0	-3,769540E-3	1,107786E-5
20220408 13:01:44,046	c_0_1335_20220408_13_01_44,046.bmp	1,815726E+0	1,800289E+0	4,902598E-5	1,107786E-5
20220408 13:01:50,054	c_0_1336_20220408_13_01_50,054.bmp	1,813180E+0	1,818110E+0	-1,223829E-3	1,107786E-5
20220408 13:01:56,055	c_0_1337_20220408_13_01_56,055.bmp	1,810635E+0	1,835932E+0	-2,496685E-3	2,557098E-3
20220408 13:02:02,060	c_0_1338_20220408_13_02_02,060.bmp	1,815726E+0	1,858845E+0	-5,042396E-3	1,107786E-5
20220408 13:02:08,062	c_0_1339_20220408_13_02_08,062.bmp	1,816999E+0	1,879213E+0	-3,769540E-3	1,107786E-5
20220408 13:02:14,068	c_0_1340_20220408_13_02_14,068.bmp	1,820817E+0	1,898307E+0	-2,496685E-3	1,107786E-5
20220408 13:02:20,073	c_0_1341_20220408_13_02_20,073.bmp	1,828453E+0	1,922494E+0	-5,042396E-3	-3,807953E-3
20220408 13:02:26,075	c_0_1342_20220408_13_02_26,075.bmp	1,825908E+0	1,940316E+0	2,594737E-3	-1,261932E-3
20220408 13:02:32,079	c_0_1343_20220408_13_02_32,079.bmp	1,830998E+0	1,959410E+0	5,140448E-3	-1,261932E-3
20220408 13:02:38,081	c_0_1344_20220408_13_02_38,081.bmp	1,841180E+0	1,978505E+0	1,321881E-3	1,107786E-5
20220408 13:02:44,084	c_0_1345_20220408_13_02_44,084.bmp	1,855180E+0	2,002691E+0	-3,769540E-3	-3,807953E-3
20220408 13:02:50,088	c_0_1346_20220408_13_02_50,088.bmp	1,857726E+0	2,015421E+0	2,594737E-3	1,284088E-3
20220408 13:02:56,089	c_0_1347_20220408_13_02_56,089.bmp	1,870453E+0	2,038334E+0	2,594737E-3	-1,261932E-3
20220408 13:03:02,092	c_0_1348_20220408_13_03_02,092.bmp	1,884453E+0	2,057429E+0	4,902598E-5	1,284088E-3
20220408 13:03:08,095	c_0_1349_20220408_13_03_08,095.bmp	1,895907E+0	2,082888E+0	-3,769540E-3	-2,534943E-3
20220408 13:03:14,097	c_0_1350_20220408_13_03_14,097.bmp	1,906089E+0	2,098164E+0	-3,769540E-3	-1,261932E-3
20220408 13:03:20,100	c_0_1351_20220408_13_03_20,100.bmp	1,913725E+0	2,115986E+0	4,902598E-5	2,557098E-3
20220408 13:03:26,104	c_0_1352_20220408_13_03_26,104.bmp	1,923907E+0	2,140172E+0	4,902598E-5	1,107786E-5
20220408 13:03:32,108	c_0_1353_20220408_13_03_32,108.bmp	1,932816E+0	2,161813E+0	-1,223829E-3	-3,807953E-3
20220408 13:03:38,109	c_0_1354_20220408_13_03_38,109.bmp	1,940452E+0	2,180907E+0	-5,042396E-3	-3,807953E-3
20220408 13:03:44,114	c_0_1355_20220408_13_03_44,114.bmp	1,949361E+0	2,194910E+0	4,902598E-5	2,557098E-3
20220408 13:03:50,119	c_0_1356_20220408_13_03_50,119.bmp	1,958270E+0	2,214005E+0	4,902598E-5	2,557098E-3
20220408 13:03:56,124	c_0_1357_20220408_13_03_56,124.bmp	1,965907E+0	2,238191E+0	-3,769540E-3	1,107786E-5
20220408 13:04:02,125	c_0_1358_20220408_13_04_02,125.bmp	1,962088E+0	2,254740E+0	2,594737E-3	2,557098E-3
20220408 13:04:08,129	c_0_1359_20220408_13_04_08,129.bmp	1,970997E+0	2,277653E+0	4,902598E-5	1,107786E-5
20220408 13:04:14,130	c_0_1360_20220408_13_04_14,130.bmp	1,974816E+0	2,295475E+0	2,594737E-3	2,557098E-3
20220408 13:04:20,133	c_0_1361_20220408_13_04_20,133.bmp	1,974816E+0	2,319661E+0	-3,769540E-3	-3,807953E-3
20220408 13:04:26,136	c_0_1362_20220408_13_04_26,136.bmp	1,962088E+0	2,336210E+0	2,594737E-3	3,830109E-3
20220408 13:04:32,139	c_0_1363_20220408_13_04_32,139.bmp	1,928998E+0	2,360396E+0	-5,042396E-3	1,107786E-5
20220408 13:04:38,142	c_0_1364_20220408_13_04_38,142.bmp	1,724090E+0	2,378218E+0	4,902598E-5	1,107786E-5
20220408 13:04:44,143	c_0_1365_20220408_13_04_44,143.bmp	1,559910E+0	2,397313E+0	-1,223829E-3	-1,261932E-3
20220408 13:04:50,145	c_0_1366_20220408_13_04_50,145.bmp	1,523001E+0	2,417680E+0	-2,496685E-3	1,107786E-5
20220408 13:04:56,154	c_0_1367_20220408_13_04_56,154.bmp	1,510274E+0	2,439321E+0	3,867592E-3	1,107786E-5
20220408 13:05:02,157	c_0_1368_20220408_13_05_02,157.bmp	1,506455E+0	2,459688E+0	-1,223829E-3	-3,807953E-3
20220408 13:05:08,162	c_0_1369_20220408_13_05_08,162.bmp	1,492455E+0	2,478783E+0	1,321881E-3	-1,261932E-3
20220408 13:05:14,167	c_0_1370_20220408_13_05_14,167.bmp	1,482274E+0	2,497878E+0	1,321881E-3	-1,261932E-3
20220408 13:05:20,171	c_0_1371_20220408_13_05_20,171.bmp	1,474637E+0	2,516972E+0	-5,042396E-3	1,107786E-5
20220408 13:05:26,173	c_0_1372_20220408_13_05_26,173.bmp	1,459365E+0	2,537340E+0	-2,496685E-3	1,107786E-5
20220408 13:05:32,178	c_0_1373_20220408_13_05_32,178.bmp	1,449183E+0	2,556434E+0	4,902598E-5	1,284088E-3
20220408 13:05:38,181	c_0_1374_20220408_13_05_38,181.bmp	1,442819E+0	2,576802E+0	2,594737E-3	1,107786E-5
20220408 13:05:44,186	c_0_1375_20220408_13_05_44,186.bmp	1,449183E+0	2,597169E+0	4,902598E-5	1,107786E-5
20220408 13:05:50,191	c_0_1376_20220408_13_05_50,191.bmp	1,446638E+0	2,617537E+0	4,902598E-5	1,107786E-5
20220408 13:05:56,193	c_0_1377_20220408_13_05_56,193.bmp	1,447910E+0	2,640450E+0	-1,223829E-3	1,107786E-5
20220408 13:06:02,198	c_0_1378_20220408_13_06_02,198.bmp	1,450456E+0	2,658272E+0	1,321881E-3	1,284088E-3
20220408 13:06:08,203	c_0_1379_20220408_13_06_08,203.bmp	1,453001E+0	2,673548E+0	2,594737E-3	3,830109E-3
20220408 13:06:14,210	c_0_1380_20220408_13_06_14,210.bmp	1,455547E+0	2,699007E+0	4,902598E-5	1,107786E-5
20220408 13:06:20,216	c_0_1381_20220408_13_06_20,216.bmp	1,456819E+0	2,718102E+0	1,321881E-3	-1,261932E-3
20220408 13:06:26,218	c_0_1382_20220408_13_06_26,218.bmp	1,461910E+0	2,738469E+0	2,594737E-3	1,107786E-5
20220408 13:06:32,220	c_0_1383_20220408_13_06_32,220.bmp	1,475910E+0	2,760110E+0	-3,769540E-3	1,107786E-5
20220408 13:06:38,223	c_0_1384_20220408_13_06_38,223.bmp	1,477183E+0	2,780477E+0	4,902598E-5	1,107786E-5
20220408 13:06:44,225	c_0_1385_20220408_13_06_44,225.bmp	1,483546E+0	2,794480E+0	2,594737E-3	1,284088E-3
20220408 13:06:50,226	c_0_1386_20220408_13_06_50,226.bmp	1,488637E+0	2,818667E+0	1,321881E-3	-1,261932E-3
20220408 13:06:56,226	c_0_1387_20220408_13_06_56,226.bmp	1,503910E+0	2,840307E+0	-3,769540E-3	-3,807953E-3
20220408 13:07:02,229	c_0_1388_20220408_13_07_02,229.bmp	1,506455E+0	2,854310E+0	-1,223829E-3	2,557098E-3
20220408 13:07:08,234	c_0_1389_20220408_13_07_08,234.bmp	1,516637E+0	2,877223E+0	-3,769540E-3	1,107786E-5
20220408 13:07:14,238	c_0_1390_20220408_13_07_14,238.bmp	1,524273E+0	2,900137E+0	-2,496685E-3	1,107786E-5
20220408 13:07:20,242	c_0_1391_20220408_13_07_20,242.bmp	1,534455E+0	2,921777E+0	-1,223829E-3	-3,807953E-3
20220408 13:07:26,244	c_0_1392_20220408_13_07_26,244.bmp	1,543364E+0	2,938326E+0	-1,223829E-3	-1,261932E-3
20220408 13:07:32,245	c_0_1393_20220408_13_07_32,245.bmp	1,548455E+0	2,957421E+0	3,867592E-3	-1,261932E-3
20220408 13:07:38,246	c_0_1394_20220408_13_07_38,246.bmp	1,558637E+0	2,977788E+0	4,902598E-5	1,107786E-5
20220408 13:07:44,252	c_0_1395_20220408_13_07_44,252.bmp	1,570091E+0	2,999429E+0	-3,769540E-3	1,107786E-5
20220408 13:07:50,258	c_0_1396_20220408_13_07_50,258.bmp	1,579000E+0	3,022342E+0	-3,769540E-3	1,284088E-3
20220408 13:07:56,259	c_0_1397_20220408_13_07_56,259.bmp	1,584091E+0	3,038891E+0	-1,223829E-3	2,557098E-3
20220408 13:08:02,263	c_0_1398_20220408_13_08_02,263.bmp	1,594273E+0	3,061804E+0	-3,769540E-3	-3,807953E-3
20220408 13:08:08,267	c_0_1399_20220408_13_08_08,267.bmp	1,600636E+0	3,079626E+0	1,321881E-3	-1,261932E-3
20220408 13:08:14,269	c_0_1400_20220408_13_08_14,269.bmp	1,609546E+0	3,094902E+0	-1,223829E-3	2,557098E-3
20220408 13:08:20,275	c_0_1401_20220408_13_08_20,275.bmp	1,613364E+0	3,120361E+0	-1,223829E-3	-3,807953E-3
20220408 13:08:26,277	c_0_1402_20220408_13_08_26,277.bmp	1,619727E+0	3,134364E+0	2,594737E-3	1,107786E-5
20220408 13:08:32,282	c_0_1403_20220408_13_08_32,282.bmp	1,626091E+0	3,159823E+0	2,594737E-3	1,107786E-5
20220408 13:08:38,283	c_0_1404_20220408_13_08_38,283.bmp	1,635000E+0	3,181464E+0	4,902598E-5	-3,807953E-3
20220408 13:08:44,287	c_0_1405_20220408_13_08_44,287.bmp	1,642636E+0	3,201831E+0	-5,042396E-3	-3,807953E-3
20220408 13:08:50,289	c_0_1406_20220408_13_08_50,289.bmp	1,641363E+0	3,217107E+0	4,902598E-5	-1,261932E-3
20220408 13:08:56,294	c_0_1407_20220408_13_08_56,294.bmp	1,649000E+0	3,241294E+0	-2,496685E-3	-3,807953E-3
20220408 13:09:02,303	c_0_1408_20220408_13_09_02,303.bmp	1,649000E+0	3,259115E+0	1,321881E-3	1,107786E-5
20220408 13:09:08,309	c_0_1409_20220408_13_09_08,309.bmp	1,650272E+0	3,279483E+0	4,902598E-5	1,107786E-5
20220408 13:09:14,310	c_0_1410_20220408_13_09_14,310.bmp	1,660454E+0	3,302396E+0	-2,496685E-3	-2,534943E-3
20220408 13:09:20,314	c_0_1411_20220408_13_09_20,314.bmp	1,654091E+0	3,315126E+0	3,867592E-3	2,557098E-3
20220408 13:09:26,317	c_0_1412_20220408_13_09_26,317.bmp	1,665545E+0	3,340585E+0	-3,769540E-3	1,107786E-5
20220408 13:09:32,322	c_0_1413_20220408_13_09_32,322.bmp	1,664272E+0	3,357134E+0	4,902598E-5	1,107786E-5
20220408 13:09:38,322	c_0_1414_20220408_13_09_38,322.bmp	1,656636E+0	3,382593E+0	-5,042396E-3	-3,807953E-3
20220408 13:09:44,325	c_0_1415_20220408_13_09_44,325.bmp	1,641363E+0	3,401688E+0	-1,223829E-3	-3,807953E-3
20220408 13:09:50,329	c_0_1416_20220408_13_09_50,329.bmp	1,563728E+0	3,415691E+0	-1,223829E-3	3,830109E-3
20220408 13:09:56,332	c_0_1417_20220408_13_09_56,332.bmp	1,417365E+0	3,438604E+0	-1,223829E-3	1,107786E-5
20220408 13:10:02,337	c_0_1418_20220408_13_10_02,337.bmp	1,402093E+0	3,460245E+0	4,902598E-5	-3,807953E-3
20220408 13:10:08,341	c_0_1419_20220408_13_10_08,341.bmp	1,399547E+0	3,480612E+0	-3,769540E-3	-3,807953E-3
20220408 13:10:14,343	c_0_1420_20220408_13_10_14,343.bmp	1,386820E+0	3,495888E+0	3,867592E-3	2,557098E-3
20220408 13:10:20,346	c_0_1421_20220408_13_10_20,346.bmp	1,372820E+0	3,513710E+0	3,867592E-3	2,557098E-3
20220408 13:10:26,350	c_0_1422_20220408_13_10_26,350.bmp	1,380456E+0	3,537896E+0	-3,769540E-3	1,107786E-5
20220408 13:10:32,351	c_0_1423_20220408_13_10_32,351.bmp	1,381729E+0	3,560810E+0	-3,769540E-3	-3,807953E-3
20220408 13:10:38,352	c_0_1424_20220408_13_10_38,352.bmp	1,380456E+0	3,579904E+0	1,321881E-3	1,107786E-5
20220408 13:10:44,357	c_0_1425_20220408_13_10_44,357.bmp	1,388093E+0	3,597726E+0	-2,496685E-3	1,107786E-5
20220408 13:10:50,362	c_0_1426_20220408_13_10_50,362.bmp	1,380456E+0	3,610456E+0	2,594737E-3	2,557098E-3
