3.422125146020434686e-05
-3.251609728658668970e-06
2.520203343811415041e-03
1.371085673633140253e-02
3.316662130415486132e-02
6.333350588603096909e-02
1.021595265380659534e-01
1.514076867473721777e-01
2.092852683719514384e-01
2.726306495545350872e-01
3.513363085115146500e-01
4.305200285473663735e-01
5.290698117485594931e-01
6.123460719117822526e-01
7.393136962446822391e-01
8.411048871934176940e-01
9.693043005019934544e-01
1.087080852960093713e+00
1.244240915893164212e+00
1.343247819572749746e+00
1.506087837568814702e+00
1.649364497511107253e+00
1.761676509403187429e+00
1.927246981563522921e+00
1.916520746138097087e+00
2.011136808450739277e+00
2.083405250480777404e+00
2.093349212958986794e+00
2.095068345298005230e+00
2.050894749844087261e+00
2.027364036492633748e+00
1.880218410104675941e+00
1.882967575115875647e+00
1.894147677247209893e+00
1.814255357525291101e+00
1.834305367460171254e+00
1.844150019932172535e+00
1.743758340906701010e+00
1.669912891490960893e+00
1.673282534548374612e+00
1.677353785194320324e+00
1.676667784760669244e+00
1.676721854883645113e+00
1.724906744437210149e+00
1.757954729599853216e+00
1.773676241857299996e+00
1.771495914101412605e+00
1.786711933451467393e+00
1.783807233697861427e+00
1.700770627295875137e+00
1.593437658695651127e+00
1.564927553126963078e+00
1.558644135791117158e+00
1.560186663606784707e+00
1.558181936991703154e+00
1.583840687151580662e+00
1.598383109212047959e+00
1.619917257831825719e+00
1.638147352599462092e+00
1.671910214055597921e+00
1.705953625416054553e+00
1.746889993194220336e+00
1.784350356102461177e+00
1.806554293521099863e+00
1.829760895193468295e+00
1.867375362505667047e+00
1.891056124571886432e+00
1.919341242303363781e+00
1.950760406622711773e+00
1.974438811094994417e+00
2.011283725738779005e+00
2.020990236013732844e+00
2.043972280158033783e+00
2.043406848973094103e+00
2.055164028626641493e+00
1.944890159548306574e+00
1.697948479738143224e+00
1.654024786656361767e+00
1.624029031642206355e+00
1.623506219072198498e+00
1.624582224760769078e+00
1.631650090702154943e+00
1.643089772897147194e+00
1.637394978013737568e+00
1.632814360521784192e+00
1.626998154704498711e+00
1.634128407012444439e+00
1.637778196660252927e+00
1.648477099275122981e+00
1.651290909574489207e+00
1.657002290564478120e+00
1.663190374350531853e+00
1.670808220245437736e+00
1.679942356953738836e+00
1.702406580582278783e+00
1.714015843262002958e+00
1.730096298024467405e+00
1.754459240823267541e+00
1.764896022946557341e+00
1.782148217023052039e+00
1.804389983245558327e+00
1.835130178069507290e+00
1.845848960351443635e+00
1.876092531818339015e+00
1.904264141893953433e+00
1.937728832042934890e+00
1.955098248825255070e+00
1.977758363452424506e+00
2.007264721250220596e+00
2.033166892342190391e+00
2.053506078170634463e+00
2.070426579923379418e+00
2.084505542013822765e+00
2.107757568694982098e+00
2.115348877694343432e+00
2.142636671794083902e+00
2.157689023493680303e+00
2.178444013180695027e+00
2.173924918379908977e+00
2.155486127367117533e+00
1.889833966297567169e+00
1.663591832906451851e+00
1.607989251663707098e+00
1.602147513624590847e+00
1.602129699355488324e+00
1.591680673664729762e+00
1.586485893730270380e+00
1.577474570629013639e+00
1.564883934735183502e+00
1.558118190695070293e+00
1.554897487967877190e+00
1.566596148055155346e+00
1.573608743760322781e+00
1.586262726157729785e+00
1.595985473845819680e+00
1.604170967947095683e+00
1.619730938099930961e+00
1.626216562057308357e+00
1.642839668075043669e+00
1.669064593137068897e+00
1.678891857333279614e+00
1.688029947639889672e+00
1.705831570602570402e+00
1.735217076806982561e+00
1.746722779596907582e+00
1.769900545445214135e+00
1.791590950505601798e+00
1.817016252192016124e+00
1.835077899091922093e+00
1.851665678659068170e+00
1.876677264946285506e+00
1.902738822854139533e+00
1.923702255702218755e+00
1.940471941247755572e+00
1.966156844144888671e+00
1.985494279524890215e+00
2.004908688940454375e+00
2.023087735088502370e+00
2.040181317151502860e+00
2.060093100831403401e+00
2.082379003842414367e+00
2.102284664626734578e+00
2.105857513767950273e+00
2.129940353289828003e+00
2.138397809053513843e+00
2.150155535349003166e+00
2.173592035899951203e+00
2.173609252154848903e+00
2.200474021264280822e+00
2.206353574027558384e+00
2.206233553148146065e+00
2.185096122541985597e+00
2.059541930615812255e+00
1.828161987412028067e+00
1.809480589831403030e+00
1.811667016315031908e+00
1.800514848016312230e+00
1.788888654071409512e+00
1.806106813598277183e+00
1.815635848917916739e+00
1.772499403771971016e+00
1.753953161023221519e+00
1.730750173991018048e+00
