0.000000000000000000e+00 -2.105951602354480534e-03
1.000000000000000000e+00 -2.014388489208633441e-03
2.000000000000000000e+00 -2.014388489208633441e-03
3.000000000000000000e+00 -1.922825376062786348e-03
4.000000000000000000e+00 -1.922825376062786348e-03
5.000000000000000000e+00 -1.831262262916939472e-03
6.000000000000000000e+00 -1.831262262916939472e-03
7.000000000000000000e+00 -1.739699149771092379e-03
8.000000000000000000e+00 -1.648136036625245503e-03
9.000000000000000000e+00 -1.648136036625245503e-03
1.000000000000000000e+01 -1.556572923479398411e-03
1.100000000000000000e+01 -1.556572923479398411e-03
1.200000000000000000e+01 -1.465009810333551534e-03
1.300000000000000000e+01 -1.465009810333551534e-03
1.400000000000000000e+01 -1.373446697187704658e-03
1.500000000000000000e+01 -1.281883584041857566e-03
1.600000000000000000e+01 -1.281883584041857566e-03
1.700000000000000000e+01 -1.190320470896010690e-03
1.800000000000000000e+01 -1.190320470896010690e-03
1.900000000000000000e+01 -1.098757357750163597e-03
2.000000000000000000e+01 -1.007194244604316721e-03
2.100000000000000000e+01 -1.007194244604316721e-03
2.200000000000000000e+01 -9.156311314584697362e-04
2.300000000000000000e+01 -9.156311314584697362e-04
2.400000000000000000e+01 -8.240680183126227517e-04
2.500000000000000000e+01 -8.240680183126227517e-04
2.600000000000000000e+01 1.648136036625245503e-03
2.700000000000000000e+01 2.746893394375409317e-03
2.800000000000000000e+01 4.852844996729889851e-03
2.900000000000000000e+01 5.035971223021583169e-03
3.000000000000000000e+01 7.325049051667757889e-03
3.100000000000000000e+01 8.515369522563768362e-03
3.200000000000000000e+01 8.973185088293002959e-03
3.300000000000000000e+01 1.217789404839764687e-02
3.400000000000000000e+01 1.318508829300196403e-02
3.500000000000000000e+01 1.336821451929365821e-02
3.600000000000000000e+01 1.364290385873119862e-02
3.700000000000000000e+01 1.465009810333551578e-02
3.800000000000000000e+01 1.529103989535644456e-02
3.900000000000000000e+01 1.602354480052322130e-02
4.000000000000000000e+01 1.657292347939830213e-02
4.100000000000000000e+01 1.730542838456507887e-02
4.200000000000000000e+01 1.822105951602354806e-02
4.300000000000000000e+01 1.895356442119032134e-02
4.400000000000000000e+01 1.986919555264879400e-02
4.500000000000000000e+01 2.032701111837802860e-02
4.600000000000000000e+01 2.206671026814912076e-02
4.700000000000000000e+01 2.298234139960758995e-02
4.800000000000000000e+01 2.334859385219097833e-02
4.900000000000000000e+01 2.609548724656638591e-02
5.000000000000000000e+01 2.691955526487900888e-02
5.100000000000000000e+01 2.838456507521256236e-02
5.200000000000000000e+01 2.856769130150425481e-02
5.300000000000000000e+01 2.865925441465010104e-02
5.400000000000000000e+01 2.920863309352518533e-02
5.500000000000000000e+01 2.930019620667103156e-02
5.600000000000000000e+01 2.994113799869195860e-02
5.700000000000000000e+01 3.369522563767168855e-02
5.800000000000000000e+01 3.369522563767168855e-02
5.900000000000000000e+01 3.378678875081753130e-02
6.000000000000000000e+01 3.754087638979725777e-02
6.100000000000000000e+01 3.754087638979725777e-02
6.200000000000000000e+01 3.763243950294310747e-02
6.300000000000000000e+01 3.763243950294310747e-02
6.400000000000000000e+01 3.772400261608895022e-02
6.500000000000000000e+01 3.772400261608895022e-02
6.600000000000000000e+01 3.781556572923479992e-02
6.700000000000000000e+01 3.790712884238064267e-02
6.800000000000000000e+01 3.790712884238064267e-02
6.900000000000000000e+01 3.799869195552649237e-02
7.000000000000000000e+01 3.799869195552649237e-02
7.100000000000000000e+01 3.763243950294310747e-02
7.200000000000000000e+01 3.900588620013081126e-02
7.300000000000000000e+01 3.973839110529758800e-02
7.400000000000000000e+01 4.074558534990189995e-02
7.500000000000000000e+01 4.102027468933944210e-02
7.600000000000000000e+01 4.175277959450621884e-02
7.700000000000000000e+01 4.266841072596468804e-02
7.800000000000000000e+01 4.275997383911053773e-02
7.900000000000000000e+01 4.413342053629824152e-02
8.000000000000000000e+01 4.495748855461086102e-02
8.100000000000000000e+01 4.559843034663178807e-02
8.200000000000000000e+01 4.596468279921517991e-02
8.300000000000000000e+01 4.633093525179856481e-02
8.400000000000000000e+01 4.678875081752779941e-02
8.500000000000000000e+01 4.733812949640288370e-02
8.600000000000000000e+01 4.779594506213211830e-02
8.700000000000000000e+01 4.779594506213211830e-02
8.800000000000000000e+01 4.788750817527796799e-02
8.900000000000000000e+01 4.788750817527796799e-02
9.000000000000000000e+01 4.990189666448659883e-02
9.100000000000000000e+01 5.035971223021583343e-02
9.200000000000000000e+01 5.081752779594506803e-02
9.300000000000000000e+01 5.191628515369522967e-02
9.400000000000000000e+01 5.264879005886200641e-02
9.500000000000000000e+01 5.347285807717463285e-02
9.600000000000000000e+01 5.548724656638326369e-02
9.700000000000000000e+01 5.695225637671681718e-02
9.800000000000000000e+01 5.951602354480053231e-02
9.900000000000000000e+01 6.079790712884238640e-02
1.000000000000000000e+02 6.116415958142577824e-02
1.010000000000000000e+02 6.153041203400916315e-02
1.020000000000000000e+02 6.180510137344670529e-02
1.030000000000000000e+02 6.198822759973839774e-02
1.040000000000000000e+02 6.226291693917593989e-02
1.050000000000000000e+02 6.262916939175933173e-02
1.060000000000000000e+02 6.327011118378025878e-02
1.070000000000000000e+02 6.418574231523872797e-02
1.080000000000000000e+02 6.473512099411381226e-02
1.090000000000000000e+02 6.528449967298889656e-02
1.100000000000000000e+02 6.555918901242642483e-02
1.110000000000000000e+02 6.592544146500982361e-02
1.120000000000000000e+02 6.629169391759320851e-02
1.130000000000000000e+02 6.656638325703075065e-02
1.140000000000000000e+02 6.711576193590583495e-02
1.150000000000000000e+02 6.729888816219752046e-02
1.160000000000000000e+02 6.757357750163506260e-02
1.170000000000000000e+02 6.766514061478090536e-02
1.180000000000000000e+02 6.784826684107260475e-02
1.190000000000000000e+02 6.793982995421844751e-02
1.200000000000000000e+02 6.793982995421844751e-02
1.210000000000000000e+02 6.803139306736430414e-02
1.220000000000000000e+02 6.803139306736430414e-02
1.230000000000000000e+02 6.812295618051014690e-02
1.240000000000000000e+02 6.821451929365598965e-02
1.250000000000000000e+02 6.821451929365598965e-02
1.260000000000000000e+02 6.839764551994768904e-02
1.270000000000000000e+02 6.848920863309353180e-02
1.280000000000000000e+02 6.949640287769785763e-02
1.290000000000000000e+02 6.995421844342708528e-02
1.300000000000000000e+02 7.022890778286462743e-02
1.310000000000000000e+02 7.041203400915632682e-02
1.320000000000000000e+02 7.041203400915632682e-02
1.330000000000000000e+02 7.059516023544801233e-02
1.340000000000000000e+02 7.077828646173971172e-02
1.350000000000000000e+02 7.105297580117725387e-02
1.360000000000000000e+02 7.105297580117725387e-02
1.370000000000000000e+02 7.123610202746893938e-02
1.380000000000000000e+02 7.105297580117725387e-02
1.390000000000000000e+02 7.416612164813604635e-02
1.400000000000000000e+02 7.792020928711576588e-02
1.410000000000000000e+02 8.158273381294965654e-02
1.420000000000000000e+02 8.533682145192937607e-02
1.430000000000000000e+02 8.570307390451276097e-02
1.440000000000000000e+02 8.570307390451276097e-02
1.450000000000000000e+02 8.570307390451276097e-02
1.460000000000000000e+02 8.561151079136691822e-02
1.470000000000000000e+02 8.561151079136691822e-02
1.480000000000000000e+02 8.561151079136691822e-02
1.490000000000000000e+02 8.561151079136691822e-02
1.500000000000000000e+02 8.570307390451276097e-02
1.510000000000000000e+02 8.561151079136691822e-02
1.520000000000000000e+02 8.561151079136691822e-02
1.530000000000000000e+02 8.551994767822107546e-02
1.540000000000000000e+02 8.561151079136691822e-02
1.550000000000000000e+02 8.551994767822107546e-02
1.560000000000000000e+02 8.570307390451276097e-02
1.570000000000000000e+02 8.570307390451276097e-02
1.580000000000000000e+02 8.570307390451276097e-02
1.590000000000000000e+02 8.579463701765861761e-02
1.600000000000000000e+02 8.579463701765861761e-02
1.610000000000000000e+02 8.588620013080446036e-02
1.620000000000000000e+02 8.643557880967954465e-02
1.630000000000000000e+02 8.643557880967954465e-02
1.640000000000000000e+02 8.661870503597123017e-02
1.650000000000000000e+02 9.028122956180510694e-02
1.660000000000000000e+02 9.046435578809680633e-02
1.670000000000000000e+02 9.055591890124264909e-02
1.680000000000000000e+02 9.055591890124264909e-02
1.690000000000000000e+02 9.064748201438850572e-02
1.700000000000000000e+02 9.064748201438850572e-02
1.710000000000000000e+02 9.440156965336822525e-02
1.720000000000000000e+02 9.440156965336822525e-02
1.730000000000000000e+02 9.449313276651406801e-02
1.740000000000000000e+02 9.449313276651406801e-02
1.750000000000000000e+02 9.458469587965992464e-02
1.760000000000000000e+02 9.458469587965992464e-02
1.770000000000000000e+02 9.458469587965992464e-02
1.780000000000000000e+02 9.476782210595161016e-02
1.790000000000000000e+02 9.531720078482669445e-02
1.800000000000000000e+02 9.833878351863964418e-02
1.810000000000000000e+02 9.980379332897319766e-02
