20220408 10:25:22,935	c_1_262_20220408_10_25_22,935.bmp	-1,715315E-3	4,104041E-2	4,902598E-5	-1,261932E-3
20220408 10:25:28,945	c_1_263_20220408_10_25_28,945.bmp	4,919340E-2	9,216096E-3	-2,496685E-3	-3,807953E-3
20220408 10:25:34,952	c_1_264_20220408_10_25_34,952.bmp	2,311921E-1	2,576474E-2	-1,223829E-3	-1,261932E-3
20220408 10:25:40,955	c_1_265_20220408_10_25_40,955.bmp	4,080998E-1	4,613230E-2	2,594737E-3	-1,261932E-3
20220408 10:25:46,957	c_1_266_20220408_10_25_46,957.bmp	6,142801E-1	6,140797E-2	1,321881E-3	2,557098E-3
20220408 10:25:52,960	c_1_267_20220408_10_25_52,960.bmp	8,191877E-1	8,941337E-2	-3,769540E-3	-3,807953E-3
20220408 10:25:58,965	c_1_268_20220408_10_25_58,965.bmp	1,016459E+0	1,059620E-1	-2,496685E-3	1,107786E-5
20220408 10:26:04,971	c_1_269_20220408_10_26_04,971.bmp	1,222639E+0	1,212377E-1	2,594737E-3	1,284088E-3
20220408 10:26:10,980	c_1_270_20220408_10_26_10,980.bmp	1,431365E+0	1,454242E-1	2,594737E-3	1,107786E-5
20220408 10:26:16,985	c_1_271_20220408_10_26_16,985.bmp	1,642636E+0	1,683377E-1	-5,042396E-3	-3,807953E-3
20220408 10:26:22,989	c_1_272_20220408_10_26_22,989.bmp	1,843726E+0	1,836133E-1	-1,223829E-3	1,107786E-5
20220408 10:26:28,999	c_1_273_20220408_10_26_28,999.bmp	2,047360E+0	2,039809E-1	-5,042396E-3	-1,261932E-3
20220408 10:26:35,000	c_1_274_20220408_10_26_35,000.bmp	2,244632E+0	2,256214E-1	4,902598E-5	-1,261932E-3
20220408 10:26:41,006	c_1_275_20220408_10_26_41,006.bmp	2,441903E+0	2,485349E-1	-6,315251E-3	-3,807953E-3
20220408 10:26:47,011	c_1_276_20220408_10_26_47,011.bmp	2,631538E+0	2,625376E-1	-2,496685E-3	2,557098E-3
20220408 10:26:53,015	c_1_277_20220408_10_26_53,015.bmp	2,808446E+0	2,867241E-1	-1,223829E-3	-3,807953E-3
20220408 10:26:59,018	c_1_278_20220408_10_26_59,018.bmp	2,973899E+0	3,045457E-1	-1,223829E-3	-1,261932E-3
20220408 10:27:05,029	c_1_279_20220408_10_27_05,029.bmp	3,110080E+0	3,223674E-1	-3,769540E-3	3,830109E-3
20220408 10:27:11,032	c_1_280_20220408_10_27_11,032.bmp	3,154625E+0	3,478268E-1	4,902598E-5	-5,080963E-3
20220408 10:27:17,038	c_1_281_20220408_10_27_17,038.bmp	3,244988E+0	3,618295E-1	3,867592E-3	2,557098E-3
20220408 10:27:23,043	c_1_282_20220408_10_27_23,043.bmp	3,327715E+0	3,885619E-1	-2,496685E-3	-3,807953E-3
20220408 10:27:29,044	c_1_283_20220408_10_27_29,044.bmp	3,362078E+0	4,076565E-1	-2,496685E-3	-3,807953E-3
20220408 10:27:35,054	c_1_284_20220408_10_27_35,054.bmp	3,376078E+0	4,216592E-1	-2,496685E-3	2,557098E-3
20220408 10:27:41,067	c_1_285_20220408_10_27_41,067.bmp	3,395169E+0	4,420268E-1	4,902598E-5	2,557098E-3
20220408 10:27:47,071	c_1_286_20220408_10_27_47,071.bmp	3,335351E+0	4,611214E-1	2,594737E-3	1,284088E-3
20220408 10:27:53,072	c_1_287_20220408_10_27_53,072.bmp	3,274261E+0	4,814889E-1	1,321881E-3	2,557098E-3
20220408 10:27:59,076	c_1_288_20220408_10_27_59,076.bmp	3,145716E+0	5,044024E-1	-2,496685E-3	1,107786E-5
20220408 10:28:05,083	c_1_289_20220408_10_28_05,083.bmp	3,047717E+0	5,273159E-1	-3,769540E-3	-3,807953E-3
20220408 10:28:11,092	c_1_290_20220408_10_28_11,092.bmp	2,994263E+0	5,413186E-1	4,902598E-5	1,284088E-3
20220408 10:28:17,096	c_1_291_20220408_10_28_17,096.bmp	2,924263E+0	5,616862E-1	5,140448E-3	2,557098E-3
20220408 10:28:23,101	c_1_292_20220408_10_28_23,101.bmp	2,790628E+0	5,833267E-1	-1,223829E-3	-1,261932E-3
20220408 10:28:29,113	c_1_293_20220408_10_28_29,113.bmp	2,631538E+0	6,049673E-1	4,902598E-5	1,107786E-5
20220408 10:28:35,114	c_1_294_20220408_10_28_35,114.bmp	2,495357E+0	6,240619E-1	-3,769540E-3	1,107786E-5
20220408 10:28:41,121	c_1_295_20220408_10_28_41,121.bmp	2,375722E+0	6,469754E-1	4,902598E-5	-3,807953E-3
20220408 10:28:47,124	c_1_296_20220408_10_28_47,124.bmp	2,324813E+0	6,609781E-1	2,594737E-3	3,830109E-3
20220408 10:28:53,125	c_1_297_20220408_10_28_53,125.bmp	2,309540E+0	6,813456E-1	-1,223829E-3	3,830109E-3
20220408 10:28:59,128	c_1_298_20220408_10_28_59,128.bmp	2,314631E+0	7,055321E-1	-1,223829E-3	3,830109E-3
20220408 10:29:05,129	c_1_299_20220408_10_29_05,129.bmp	2,310813E+0	7,246267E-1	2,594737E-3	1,107786E-5
20220408 10:29:11,132	c_1_300_20220408_10_29_11,132.bmp	2,312086E+0	7,449943E-1	4,902598E-5	1,107786E-5
20220408 10:29:17,136	c_1_301_20220408_10_29_17,136.bmp	2,292995E+0	7,653618E-1	3,867592E-3	1,284088E-3
20220408 10:29:23,139	c_1_302_20220408_10_29_23,139.bmp	2,281541E+0	7,882753E-1	-3,769540E-3	-3,807953E-3
20220408 10:29:29,148	c_1_303_20220408_10_29_29,148.bmp	2,262450E+0	8,010051E-1	4,902598E-5	2,557098E-3
20220408 10:29:35,152	c_1_304_20220408_10_29_35,152.bmp	2,236995E+0	8,251915E-1	-1,223829E-3	1,107786E-5
20220408 10:29:41,157	c_1_305_20220408_10_29_41,157.bmp	2,220450E+0	8,455591E-1	-1,223829E-3	-3,807953E-3
20220408 10:29:47,167	c_1_306_20220408_10_29_47,167.bmp	2,188632E+0	8,608348E-1	3,867592E-3	2,557098E-3
20220408 10:29:53,168	c_1_307_20220408_10_29_53,168.bmp	2,147905E+0	8,888402E-1	1,321881E-3	-3,807953E-3
20220408 10:29:59,174	c_1_308_20220408_10_29_59,174.bmp	2,042270E+0	9,028429E-1	4,902598E-5	1,107786E-5
20220408 10:30:05,176	c_1_309_20220408_10_30_05,176.bmp	1,962088E+0	9,232104E-1	-2,496685E-3	-3,807953E-3
20220408 10:30:11,180	c_1_310_20220408_10_30_11,180.bmp	1,909907E+0	9,473969E-1	-2,496685E-3	-3,807953E-3
20220408 10:30:17,184	c_1_311_20220408_10_30_17,184.bmp	1,846271E+0	9,677645E-1	-1,223829E-3	-3,807953E-3
20220408 10:30:23,185	c_1_312_20220408_10_30_23,185.bmp	1,808090E+0	9,817672E-1	2,594737E-3	-1,261932E-3
20220408 10:30:29,192	c_1_313_20220408_10_30_29,192.bmp	1,799180E+0	1,003408E+0	-3,769540E-3	1,107786E-5
20220408 10:30:35,194	c_1_314_20220408_10_30_35,194.bmp	1,787726E+0	1,021229E+0	1,321881E-3	-1,261932E-3
20220408 10:30:41,199	c_1_315_20220408_10_30_41,199.bmp	1,800453E+0	1,044143E+0	4,902598E-5	1,107786E-5
20220408 10:30:47,207	c_1_316_20220408_10_30_47,207.bmp	1,810635E+0	1,061964E+0	3,867592E-3	3,830109E-3
20220408 10:30:53,210	c_1_317_20220408_10_30_53,210.bmp	1,814453E+0	1,084878E+0	1,321881E-3	1,107786E-5
20220408 10:30:59,214	c_1_318_20220408_10_30_59,214.bmp	1,825908E+0	1,109064E+0	-1,223829E-3	-3,807953E-3
20220408 10:31:05,219	c_1_319_20220408_10_31_05,219.bmp	1,834817E+0	1,128159E+0	-3,769540E-3	-3,807953E-3
20220408 10:31:11,226	c_1_320_20220408_10_31_11,226.bmp	1,838635E+0	1,149800E+0	-3,769540E-3	-3,807953E-3
20220408 10:31:17,231	c_1_321_20220408_10_31_17,231.bmp	1,834817E+0	1,165075E+0	2,594737E-3	-1,261932E-3
20220408 10:31:23,232	c_1_322_20220408_10_31_23,232.bmp	1,830998E+0	1,182897E+0	-3,769540E-3	-1,261932E-3
20220408 10:31:29,235	c_1_323_20220408_10_31_29,235.bmp	1,828453E+0	1,208356E+0	4,902598E-5	-3,807953E-3
20220408 10:31:35,240	c_1_324_20220408_10_31_35,240.bmp	1,833544E+0	1,227451E+0	-6,315251E-3	-3,807953E-3
20220408 10:31:41,245	c_1_325_20220408_10_31_41,245.bmp	1,834817E+0	1,246545E+0	-3,769540E-3	-3,807953E-3
20220408 10:31:47,246	c_1_326_20220408_10_31_47,246.bmp	1,836089E+0	1,268186E+0	-2,496685E-3	-3,807953E-3
20220408 10:31:53,256	c_1_327_20220408_10_31_53,256.bmp	1,829726E+0	1,288554E+0	2,594737E-3	-3,807953E-3
20220408 10:31:59,260	c_1_328_20220408_10_31_59,260.bmp	1,818271E+0	1,307648E+0	4,902598E-5	-3,807953E-3
20220408 10:32:05,263	c_1_329_20220408_10_32_05,263.bmp	1,811908E+0	1,328016E+0	-3,769540E-3	-3,807953E-3
20220408 10:32:11,265	c_1_330_20220408_10_32_11,265.bmp	1,790271E+0	1,348383E+0	-3,769540E-3	-3,807953E-3
20220408 10:32:17,270	c_1_331_20220408_10_32_17,270.bmp	1,769908E+0	1,366205E+0	4,902598E-5	1,107786E-5
20220408 10:32:23,276	c_1_332_20220408_10_32_23,276.bmp	1,745726E+0	1,385299E+0	3,867592E-3	-1,261932E-3
20220408 10:32:29,281	c_1_333_20220408_10_32_29,281.bmp	1,712636E+0	1,408213E+0	4,902598E-5	-3,807953E-3
20220408 10:32:35,283	c_1_334_20220408_10_32_35,283.bmp	1,677000E+0	1,426035E+0	4,902598E-5	1,107786E-5
20220408 10:32:41,286	c_1_335_20220408_10_32_41,286.bmp	1,665545E+0	1,448948E+0	-2,496685E-3	-3,807953E-3
20220408 10:32:47,290	c_1_336_20220408_10_32_47,290.bmp	1,637545E+0	1,466770E+0	-2,496685E-3	-1,261932E-3
20220408 10:32:53,293	c_1_337_20220408_10_32_53,293.bmp	1,614636E+0	1,485864E+0	1,321881E-3	-1,261932E-3
20220408 10:32:59,308	c_1_338_20220408_10_32_59,308.bmp	1,598091E+0	1,504959E+0	1,321881E-3	-1,261932E-3
20220408 10:33:05,313	c_1_339_20220408_10_33_05,313.bmp	1,582818E+0	1,524053E+0	3,867592E-3	-1,261932E-3
20220408 10:33:11,317	c_1_340_20220408_10_33_11,317.bmp	1,577728E+0	1,548240E+0	-3,769540E-3	-3,807953E-3
20220408 10:33:17,322	c_1_341_20220408_10_33_17,322.bmp	1,556091E+0	1,567335E+0	-3,769540E-3	-3,807953E-3
20220408 10:33:23,325	c_1_342_20220408_10_33_23,325.bmp	1,537001E+0	1,581337E+0	4,902598E-5	2,557098E-3
20220408 10:33:29,335	c_1_343_20220408_10_33_29,335.bmp	1,530637E+0	1,604251E+0	-3,769540E-3	1,107786E-5
20220408 10:33:35,338	c_1_344_20220408_10_33_35,338.bmp	1,529364E+0	1,625891E+0	4,902598E-5	1,107786E-5
20220408 10:33:41,339	c_1_345_20220408_10_33_41,339.bmp	1,521728E+0	1,642440E+0	2,594737E-3	2,557098E-3
20220408 10:33:47,343	c_1_346_20220408_10_33_47,343.bmp	1,517910E+0	1,667899E+0	-1,223829E-3	-3,807953E-3
20220408 10:33:53,344	c_1_347_20220408_10_33_53,344.bmp	1,509001E+0	1,688267E+0	4,902598E-5	-3,807953E-3
20220408 10:33:59,348	c_1_348_20220408_10_33_59,348.bmp	1,507728E+0	1,708635E+0	4,902598E-5	-3,807953E-3
20220408 10:34:05,350	c_1_349_20220408_10_34_05,350.bmp	1,487365E+0	1,722637E+0	2,594737E-3	2,557098E-3
20220408 10:34:11,352	c_1_350_20220408_10_34_11,352.bmp	1,474637E+0	1,748097E+0	-3,769540E-3	-3,807953E-3
20220408 10:34:17,361	c_1_351_20220408_10_34_17,361.bmp	1,458092E+0	1,762099E+0	-1,223829E-3	2,557098E-3
20220408 10:34:23,366	c_1_352_20220408_10_34_23,366.bmp	1,456819E+0	1,781194E+0	1,321881E-3	2,557098E-3
20220408 10:34:29,367	c_1_353_20220408_10_34_29,367.bmp	1,456819E+0	1,804107E+0	4,902598E-5	1,107786E-5
20220408 10:34:35,370	c_1_354_20220408_10_34_35,370.bmp	1,446638E+0	1,821929E+0	1,321881E-3	1,284088E-3
20220408 10:34:41,375	c_1_355_20220408_10_34_41,375.bmp	1,426274E+0	1,841024E+0	6,413303E-3	2,557098E-3
20220408 10:34:47,378	c_1_356_20220408_10_34_47,378.bmp	1,397002E+0	1,867756E+0	-3,769540E-3	-5,080963E-3
20220408 10:34:53,386	c_1_357_20220408_10_34_53,386.bmp	1,347366E+0	1,881759E+0	4,902598E-5	3,830109E-3
20220408 10:34:59,390	c_1_358_20220408_10_34_59,390.bmp	1,293911E+0	1,903399E+0	2,594737E-3	1,107786E-5
20220408 10:35:05,391	c_1_359_20220408_10_35_05,391.bmp	1,213730E+0	1,921221E+0	3,867592E-3	2,557098E-3
20220408 10:35:11,394	c_1_360_20220408_10_35_11,394.bmp	1,155185E+0	1,949226E+0	-3,769540E-3	-3,807953E-3
20220408 10:35:17,398	c_1_361_20220408_10_35_17,398.bmp	1,123367E+0	1,961956E+0	2,594737E-3	1,107786E-5
20220408 10:35:23,401	c_1_362_20220408_10_35_23,401.bmp	1,125913E+0	1,979778E+0	1,321881E-3	1,284088E-3
20220408 10:35:29,404	c_1_363_20220408_10_35_29,404.bmp	1,115731E+0	2,005237E+0	4,902598E-5	1,107786E-5
20220408 10:35:35,408	c_1_364_20220408_10_35_35,408.bmp	1,117004E+0	2,025605E+0	-3,769540E-3	-1,261932E-3
20220408 10:35:41,414	c_1_365_20220408_10_35_41,414.bmp	1,120822E+0	2,045972E+0	-2,496685E-3	1,107786E-5
20220408 10:35:47,422	c_1_366_20220408_10_35_47,422.bmp	1,120822E+0	2,066340E+0	-2,496685E-3	-1,261932E-3
20220408 10:35:53,425	c_1_367_20220408_10_35_53,425.bmp	1,115731E+0	2,082888E+0	-1,223829E-3	2,557098E-3
20220408 10:35:59,430	c_1_368_20220408_10_35_59,430.bmp	1,109367E+0	2,109621E+0	-5,042396E-3	-3,807953E-3
20220408 10:36:05,440	c_1_369_20220408_10_36_05,440.bmp	1,095367E+0	2,129988E+0	-3,769540E-3	-3,807953E-3
20220408 10:36:11,445	c_1_370_20220408_10_36_11,445.bmp	1,080095E+0	2,149083E+0	-3,769540E-3	-1,261932E-3
20220408 10:36:17,450	c_1_371_20220408_10_36_17,450.bmp	1,075004E+0	2,168178E+0	-2,496685E-3	-3,807953E-3
20220408 10:36:23,455	c_1_372_20220408_10_36_23,455.bmp	1,075004E+0	2,187272E+0	-2,496685E-3	-3,807953E-3
20220408 10:36:29,456	c_1_373_20220408_10_36_29,456.bmp	1,072459E+0	2,208913E+0	-2,496685E-3	-3,807953E-3
20220408 10:36:35,458	c_1_374_20220408_10_36_35,458.bmp	1,075004E+0	2,228007E+0	-3,769540E-3	-3,807953E-3
20220408 10:36:41,460	c_1_375_20220408_10_36_41,460.bmp	1,072459E+0	2,245829E+0	4,902598E-5	-1,261932E-3
20220408 10:36:47,469	c_1_376_20220408_10_36_47,469.bmp	1,071186E+0	2,264924E+0	4,902598E-5	2,557098E-3
20220408 10:36:53,474	c_1_377_20220408_10_36_53,474.bmp	1,063550E+0	2,284018E+0	-1,223829E-3	1,107786E-5
20220408 10:36:59,477	c_1_378_20220408_10_36_59,477.bmp	1,072459E+0	2,308205E+0	-3,769540E-3	1,107786E-5
20220408 10:37:05,481	c_1_379_20220408_10_37_05,481.bmp	1,069913E+0	2,328572E+0	4,902598E-5	-3,807953E-3
20220408 10:37:11,484	c_1_380_20220408_10_37_11,484.bmp	1,071186E+0	2,343848E+0	4,902598E-5	1,107786E-5
20220408 10:37:17,487	c_1_381_20220408_10_37_17,487.bmp	1,078822E+0	2,368034E+0	-5,042396E-3	-3,807953E-3
20220408 10:37:23,493	c_1_382_20220408_10_37_23,493.bmp	1,081368E+0	2,387129E+0	-5,042396E-3	1,107786E-5
20220408 10:37:29,495	c_1_383_20220408_10_37_29,495.bmp	1,078822E+0	2,404951E+0	-1,223829E-3	1,107786E-5
20220408 10:37:35,503	c_1_384_20220408_10_37_35,503.bmp	1,080095E+0	2,421499E+0	2,594737E-3	2,557098E-3
20220408 10:37:41,504	c_1_385_20220408_10_37_41,504.bmp	1,086458E+0	2,443140E+0	-3,769540E-3	1,107786E-5
20220408 10:37:47,509	c_1_386_20220408_10_37_47,509.bmp	1,082640E+0	2,464780E+0	3,867592E-3	-1,261932E-3
20220408 10:37:53,510	c_1_387_20220408_10_37_53,510.bmp	1,091549E+0	2,485148E+0	-1,223829E-3	1,107786E-5
20220408 10:37:59,512	c_1_388_20220408_10_37_59,512.bmp	1,091549E+0	2,501696E+0	1,321881E-3	1,284088E-3
20220408 10:38:05,523	c_1_389_20220408_10_38_05,523.bmp	1,091549E+0	2,523337E+0	4,902598E-5	1,107786E-5
20220408 10:38:11,529	c_1_390_20220408_10_38_11,529.bmp	1,090277E+0	2,546250E+0	3,867592E-3	1,107786E-5
20220408 10:38:17,531	c_1_391_20220408_10_38_17,531.bmp	1,096640E+0	2,566618E+0	-3,769540E-3	-3,807953E-3
20220408 10:38:23,535	c_1_392_20220408_10_38_23,535.bmp	1,086458E+0	2,579348E+0	1,321881E-3	1,284088E-3
20220408 10:38:29,537	c_1_393_20220408_10_38_29,537.bmp	1,086458E+0	2,607353E+0	4,902598E-5	-2,534943E-3
20220408 10:38:35,539	c_1_394_20220408_10_38_35,539.bmp	1,082640E+0	2,626448E+0	-3,769540E-3	1,107786E-5
20220408 10:38:41,541	c_1_395_20220408_10_38_41,541.bmp	1,080095E+0	2,644269E+0	-2,496685E-3	1,107786E-5
20220408 10:38:47,543	c_1_396_20220408_10_38_47,543.bmp	1,073731E+0	2,663364E+0	3,867592E-3	2,557098E-3
20220408 10:38:53,549	c_1_397_20220408_10_38_53,549.bmp	1,064822E+0	2,682459E+0	2,594737E-3	3,830109E-3
20220408 10:38:59,558	c_1_398_20220408_10_38_59,558.bmp	1,062277E+0	2,707918E+0	4,902598E-5	1,107786E-5
20220408 10:39:05,563	c_1_399_20220408_10_39_05,563.bmp	1,059731E+0	2,725740E+0	-1,223829E-3	-1,261932E-3
20220408 10:39:11,567	c_1_400_20220408_10_39_11,567.bmp	1,058459E+0	2,744834E+0	-1,223829E-3	-1,261932E-3
20220408 10:39:17,569	c_1_401_20220408_10_39_17,569.bmp	1,048277E+0	2,762656E+0	2,594737E-3	2,557098E-3
20220408 10:39:23,575	c_1_402_20220408_10_39_23,575.bmp	1,008823E+0	2,784296E+0	2,594737E-3	2,557098E-3
20220408 10:39:29,583	c_1_403_20220408_10_39_29,583.bmp	9,986409E-1	2,808483E+0	1,321881E-3	-3,807953E-3
20220408 10:39:35,587	c_1_404_20220408_10_39_35,587.bmp	9,935501E-1	2,825031E+0	4,902598E-5	1,107786E-5
20220408 10:39:41,590	c_1_405_20220408_10_39_41,590.bmp	9,859138E-1	2,845399E+0	3,867592E-3	-1,261932E-3
20220408 10:39:47,591	c_1_406_20220408_10_39_47,591.bmp	9,871865E-1	2,865767E+0	-1,223829E-3	-1,261932E-3
20220408 10:39:53,592	c_1_407_20220408_10_39_53,592.bmp	9,871865E-1	2,884861E+0	1,321881E-3	-1,261932E-3
20220408 10:39:59,594	c_1_408_20220408_10_39_59,594.bmp	9,846410E-1	2,909048E+0	-5,042396E-3	-3,807953E-3
20220408 10:40:05,606	c_1_409_20220408_10_40_05,606.bmp	9,795502E-1	2,923050E+0	-1,223829E-3	2,557098E-3
20220408 10:40:11,612	c_1_410_20220408_10_40_11,612.bmp	9,782775E-1	2,942145E+0	1,321881E-3	3,830109E-3
20220408 10:40:17,613	c_1_411_20220408_10_40_17,613.bmp	9,833683E-1	2,963785E+0	-3,769540E-3	1,107786E-5
20220408 10:40:23,615	c_1_412_20220408_10_40_23,615.bmp	9,871865E-1	2,987972E+0	-3,769540E-3	-3,807953E-3
20220408 10:40:29,620	c_1_413_20220408_10_40_29,620.bmp	9,820956E-1	3,004521E+0	4,902598E-5	1,107786E-5
20220408 10:40:35,621	c_1_414_20220408_10_40_35,621.bmp	9,808229E-1	3,027434E+0	-7,588107E-3	-3,807953E-3
20220408 10:40:41,622	c_1_415_20220408_10_40_41,622.bmp	9,846410E-1	3,049075E+0	-3,769540E-3	1,107786E-5
20220408 10:40:47,629	c_1_416_20220408_10_40_47,629.bmp	9,770047E-1	3,061804E+0	2,594737E-3	2,557098E-3
20220408 10:40:53,637	c_1_417_20220408_10_40_53,637.bmp	9,719139E-1	3,087264E+0	-3,769540E-3	-3,807953E-3
20220408 10:40:59,638	c_1_418_20220408_10_40_59,638.bmp	9,566412E-1	3,101267E+0	2,594737E-3	1,284088E-3
20220408 10:41:05,640	c_1_419_20220408_10_41_05,640.bmp	9,553685E-1	3,124180E+0	4,902598E-5	1,107786E-5
20220408 10:41:11,643	c_1_420_20220408_10_41_11,643.bmp	9,540958E-1	3,144548E+0	-3,769540E-3	1,107786E-5
20220408 10:41:17,647	c_1_421_20220408_10_41_17,647.bmp	9,477322E-1	3,164915E+0	-3,769540E-3	1,107786E-5
20220408 10:41:23,649	c_1_422_20220408_10_41_23,649.bmp	9,362778E-1	3,184010E+0	1,321881E-3	-3,807953E-3
20220408 10:41:29,658	c_1_423_20220408_10_41_29,658.bmp	9,350050E-1	3,203104E+0	4,902598E-5	2,557098E-3
20220408 10:41:35,661	c_1_424_20220408_10_41_35,661.bmp	9,337323E-1	3,224745E+0	4,902598E-5	1,107786E-5
20220408 10:41:41,665	c_1_425_20220408_10_41_41,665.bmp	9,273687E-1	3,240021E+0	3,867592E-3	1,284088E-3
20220408 10:41:47,670	c_1_426_20220408_10_41_47,670.bmp	9,260960E-1	3,264207E+0	4,902598E-5	-3,807953E-3
20220408 10:41:53,671	c_1_427_20220408_10_41_53,671.bmp	9,260960E-1	3,288394E+0	-5,042396E-3	-3,807953E-3
20220408 10:41:59,675	c_1_428_20220408_10_41_59,675.bmp	9,184597E-1	3,303669E+0	-2,496685E-3	1,284088E-3
20220408 10:42:05,686	c_1_429_20220408_10_42_05,686.bmp	9,108234E-1	3,321491E+0	2,594737E-3	2,557098E-3
20220408 10:42:11,692	c_1_430_20220408_10_42_11,692.bmp	9,146416E-1	3,345677E+0	4,902598E-5	1,107786E-5
20220408 10:42:17,695	c_1_431_20220408_10_42_17,695.bmp	9,095507E-1	3,364772E+0	-2,496685E-3	-3,807953E-3
20220408 10:42:23,697	c_1_432_20220408_10_42_23,697.bmp	9,120961E-1	3,386412E+0	4,902598E-5	1,107786E-5
20220408 10:42:29,698	c_1_433_20220408_10_42_29,698.bmp	9,146416E-1	3,404234E+0	-3,769540E-3	1,107786E-5
20220408 10:42:35,703	c_1_434_20220408_10_42_35,703.bmp	9,095507E-1	3,427148E+0	-3,769540E-3	-3,807953E-3
20220408 10:42:41,705	c_1_435_20220408_10_42_41,705.bmp	9,057325E-1	3,447515E+0	-1,223829E-3	-3,807953E-3
20220408 10:42:47,713	c_1_436_20220408_10_42_47,713.bmp	8,993689E-1	3,461518E+0	-1,223829E-3	2,557098E-3
20220408 10:42:53,719	c_1_437_20220408_10_42_53,719.bmp	8,968235E-1	3,484431E+0	2,594737E-3	1,107786E-5
20220408 10:42:59,720	c_1_438_20220408_10_42_59,720.bmp	8,968235E-1	3,500980E+0	3,867592E-3	1,107786E-5
20220408 10:43:05,722	c_1_439_20220408_10_43_05,722.bmp	8,955508E-1	3,527712E+0	4,902598E-5	-3,807953E-3
20220408 10:43:11,727	c_1_440_20220408_10_43_11,727.bmp	8,802782E-1	3,546807E+0	-1,223829E-3	-2,534943E-3
20220408 10:43:17,729	c_1_441_20220408_10_43_17,729.bmp	8,611874E-1	3,564629E+0	-1,223829E-3	1,107786E-5
20220408 10:43:23,731	c_1_442_20220408_10_43_23,731.bmp	8,395512E-1	3,587542E+0	-1,223829E-3	-3,807953E-3
20220408 10:43:29,733	c_1_443_20220408_10_43_29,733.bmp	7,937334E-1	3,600272E+0	-3,769540E-3	-1,261932E-3
