6.187997570187219860e-06
9.519881743116104136e-06
1.324598350205202909e-03
7.318153334328223077e-03
2.134827204187602148e-02
4.023845704311676541e-02
6.840294584289144386e-02
1.068576669641676247e-01
1.468768828749743016e-01
1.995744815299136943e-01
2.564100377228895056e-01
3.161826748748433058e-01
3.841914541165277197e-01
4.425249713384914463e-01
5.327230621695882018e-01
6.090589033703288635e-01
6.899446565092839379e-01
7.909150521712390303e-01
8.685159859698297069e-01
9.514912951385072759e-01
1.018192266199033913e+00
1.056517475841354470e+00
1.134781988429341970e+00
1.193641036019774893e+00
1.269488398714923916e+00
1.250366007288890025e+00
1.172070796978988305e+00
1.149799458134284524e+00
1.131226487328305330e+00
1.148126978651864194e+00
1.161785099204782679e+00
1.139971746998256652e+00
1.075376494661379079e+00
1.002214484495413727e+00
9.684575953643923540e-01
9.519061220006775903e-01
9.287406341670444432e-01
9.391823417619397096e-01
9.504817804052745345e-01
9.175442350828175719e-01
9.334040286313755042e-01
9.244218076036488929e-01
9.489642046109346696e-01
9.778855697575185024e-01
9.852670954367044320e-01
1.003867879946804376e+00
1.014142158051982046e+00
1.033216801882614666e+00
9.900306110709425900e-01
9.517675320244158854e-01
9.302672797008872951e-01
9.356959396444264332e-01
9.217850205762762039e-01
9.163571154564319476e-01
9.214801648563869518e-01
9.198655172997513008e-01
9.242614232473096436e-01
9.071312711036828569e-01
9.169367307250264609e-01
9.151035944046287396e-01
9.112980565234251040e-01
9.056449349127270176e-01
8.971088631702599514e-01
8.995882060624823540e-01
9.019615323074400282e-01
9.057816583344713290e-01
9.102571429167163330e-01
9.225979776600684579e-01
9.286118487687533563e-01
9.434499644327444257e-01
9.528383065879731939e-01
9.638444500178505736e-01
9.713547411421574740e-01
9.767240543024238164e-01
9.891456397502547127e-01
9.824112590207519924e-01
9.861326216633695685e-01
9.803378101346031936e-01
9.818418003089821600e-01
9.710575552015243694e-01
9.628798157740854347e-01
9.575583272428638271e-01
9.563238079731906094e-01
9.581163893464968995e-01
9.573808869664730548e-01
9.488479279308242864e-01
9.367284920159870687e-01
9.285245276958181693e-01
9.151643912999825048e-01
8.951371324230862347e-01
8.756878053937134920e-01
8.435985636155857170e-01
8.366141022004957017e-01
8.422675745230604472e-01
8.512591905613217103e-01
8.480236034027208714e-01
8.654594930581173129e-01
8.685854024242883886e-01
8.711122734297702674e-01
8.812981992183491764e-01
8.861415022151639675e-01
8.963162667885713475e-01
9.051293143099564675e-01
9.029510795305198956e-01
9.114029595433960074e-01
9.191230309368961793e-01
9.205816863415330342e-01
9.221784957319991705e-01
9.248554198916898450e-01
9.348873179003792666e-01
9.382349157147891194e-01
9.477604276882205525e-01
9.449617535083434383e-01
9.589661068766165419e-01
9.602413277183227125e-01
9.723393229190546716e-01
9.719086664509273277e-01
9.831427371216319155e-01
9.834418583974127159e-01
9.880427844882764266e-01
9.960122803288311566e-01
9.807653135491226637e-01
9.821807830285597118e-01
9.732706793883298957e-01
9.654213291934267138e-01
9.455782628489909358e-01
9.199867456806654076e-01
8.895515834173675085e-01
8.716261772050268863e-01
8.267125264012046282e-01
7.947765263938663116e-01
7.900839747016256132e-01
7.845094919616226736e-01
7.868378356173190147e-01
7.878999277184227656e-01
7.974739919803969235e-01
7.983093577853629386e-01
8.074048451880340149e-01
8.108759062957161534e-01
8.180489554433435506e-01
8.326204070743667973e-01
8.390696031335589389e-01
8.503191150357430894e-01
8.491874311409047804e-01
8.578382812595443108e-01
8.667890918696540270e-01
8.806774226505972303e-01
8.866144525734457327e-01
8.927103731327843406e-01
8.996689975880126644e-01
9.072468146245079579e-01
9.120642262705541681e-01
9.256835727895806887e-01
9.274319839175401148e-01
