20220408 10:01:27,871	c_0_108_20220408_10_01_27,871.bmp	-4,425969E-4	-1,369741E-2	-1,223829E-3	1,107786E-5
20220408 10:01:33,886	c_0_109_20220408_10_01_33,886.bmp	5,920992E-3	1,578260E-3	4,902598E-5	-1,261932E-3
20220408 10:01:39,929	c_0_110_20220408_10_01_39,929.bmp	5,046612E-2	2,576474E-2	4,902598E-5	-3,807953E-3
20220408 10:01:45,929	c_0_111_20220408_10_01_45,929.bmp	1,701016E-1	4,231338E-2	-2,496685E-3	1,107786E-5
20220408 10:01:51,931	c_0_112_20220408_10_01_51,931.bmp	3,419185E-1	6,140797E-2	1,321881E-3	1,107786E-5
20220408 10:01:57,935	c_0_113_20220408_10_01_57,935.bmp	5,086446E-1	7,795662E-2	1,321881E-3	1,284088E-3
20220408 10:02:03,939	c_0_114_20220408_10_02_03,939.bmp	6,855523E-1	9,832418E-2	2,594737E-3	2,557098E-3
20220408 10:02:09,944	c_0_115_20220408_10_02_09,944.bmp	8,611874E-1	1,225107E-1	-5,042396E-3	-1,261932E-3
20220408 10:02:15,946	c_0_116_20220408_10_02_15,946.bmp	1,024095E+0	1,416052E-1	-1,223829E-3	1,107786E-5
20220408 10:02:21,951	c_0_117_20220408_10_02_21,951.bmp	1,190821E+0	1,657917E-1	4,902598E-5	-3,807953E-3
20220408 10:02:27,957	c_0_118_20220408_10_02_27,957.bmp	1,365184E+0	1,861593E-1	-3,769540E-3	-2,534943E-3
20220408 10:02:33,961	c_0_119_20220408_10_02_33,961.bmp	1,526819E+0	2,052539E-1	-3,769540E-3	-3,807953E-3
20220408 10:02:39,964	c_0_120_20220408_10_02_39,964.bmp	1,690999E+0	2,256214E-1	-3,769540E-3	1,107786E-5
20220408 10:02:45,965	c_0_121_20220408_10_02_45,965.bmp	1,843726E+0	2,383512E-1	1,321881E-3	2,557098E-3
20220408 10:02:51,975	c_0_122_20220408_10_02_51,975.bmp	2,009179E+0	2,638106E-1	4,902598E-5	1,107786E-5
20220408 10:02:57,980	c_0_123_20220408_10_02_57,980.bmp	2,151723E+0	2,816322E-1	3,867592E-3	1,107786E-5
20220408 10:03:03,982	c_0_124_20220408_10_03_03,982.bmp	2,296813E+0	2,994538E-1	-1,223829E-3	3,830109E-3
20220408 10:03:09,986	c_0_125_20220408_10_03_09,986.bmp	2,426630E+0	3,249133E-1	-3,769540E-3	-1,261932E-3
20220408 10:03:15,991	c_0_126_20220408_10_03_15,991.bmp	2,530993E+0	3,427349E-1	-3,769540E-3	1,107786E-5
20220408 10:03:21,994	c_0_127_20220408_10_03_21,994.bmp	2,602265E+0	3,631025E-1	4,902598E-5	1,107786E-5
20220408 10:03:27,995	c_0_128_20220408_10_03_27,995.bmp	2,660810E+0	3,821971E-1	1,321881E-3	-1,261932E-3
20220408 10:03:34,000	c_0_129_20220408_10_03_34,000.bmp	2,698992E+0	3,961998E-1	1,321881E-3	2,557098E-3
20220408 10:03:40,001	c_0_130_20220408_10_03_40,001.bmp	2,726992E+0	4,203862E-1	4,902598E-5	-3,807953E-3
20220408 10:03:46,004	c_0_131_20220408_10_03_46,004.bmp	2,728265E+0	4,394808E-1	-1,223829E-3	3,830109E-3
20220408 10:03:52,005	c_0_132_20220408_10_03_52,005.bmp	2,704083E+0	4,662133E-1	-3,769540E-3	1,107786E-5
20220408 10:03:58,009	c_0_133_20220408_10_03_58,009.bmp	2,617538E+0	4,853078E-1	-2,496685E-3	-3,807953E-3
20220408 10:04:04,014	c_0_134_20220408_10_04_04,014.bmp	2,536084E+0	5,056754E-1	-3,769540E-3	-2,534943E-3
20220408 10:04:10,015	c_0_135_20220408_10_04_10,015.bmp	2,490266E+0	5,184051E-1	2,594737E-3	2,557098E-3
20220408 10:04:16,022	c_0_136_20220408_10_04_16,022.bmp	2,449539E+0	5,387727E-1	2,594737E-3	2,557098E-3
20220408 10:04:22,025	c_0_137_20220408_10_04_22,025.bmp	2,390994E+0	5,629592E-1	-3,769540E-3	-3,807953E-3
20220408 10:04:28,025	c_0_138_20220408_10_04_28,025.bmp	2,324813E+0	5,858727E-1	4,902598E-5	-5,080963E-3
20220408 10:04:34,028	c_0_139_20220408_10_04_34,028.bmp	2,226814E+0	6,011484E-1	-1,223829E-3	-1,261932E-3
20220408 10:04:40,029	c_0_140_20220408_10_04_40,029.bmp	2,093178E+0	6,189700E-1	2,594737E-3	2,557098E-3
20220408 10:04:46,032	c_0_141_20220408_10_04_46,032.bmp	2,000270E+0	6,418835E-1	-1,223829E-3	1,107786E-5
20220408 10:04:52,035	c_0_142_20220408_10_04_52,035.bmp	1,926452E+0	6,622510E-1	2,594737E-3	1,107786E-5
20220408 10:04:58,037	c_0_143_20220408_10_04_58,037.bmp	1,874271E+0	6,826186E-1	4,902598E-5	1,107786E-5
20220408 10:05:04,039	c_0_144_20220408_10_05_04,039.bmp	1,828453E+0	6,991672E-1	2,594737E-3	1,107786E-5
20220408 10:05:10,043	c_0_145_20220408_10_05_10,043.bmp	1,792817E+0	7,220808E-1	4,902598E-5	1,107786E-5
20220408 10:05:16,045	c_0_146_20220408_10_05_16,045.bmp	1,743181E+0	7,411753E-1	4,902598E-5	1,107786E-5
20220408 10:05:22,047	c_0_147_20220408_10_05_22,047.bmp	1,711363E+0	7,666348E-1	-2,496685E-3	-3,807953E-3
20220408 10:05:28,051	c_0_148_20220408_10_05_28,051.bmp	1,698636E+0	7,857294E-1	4,902598E-5	-3,807953E-3
20220408 10:05:34,056	c_0_149_20220408_10_05_34,056.bmp	1,685909E+0	7,997321E-1	2,594737E-3	3,830109E-3
20220408 10:05:40,062	c_0_150_20220408_10_05_40,062.bmp	1,696090E+0	8,213726E-1	-2,496685E-3	1,107786E-5
20220408 10:05:46,071	c_0_151_20220408_10_05_46,071.bmp	1,708818E+0	8,455591E-1	-2,496685E-3	-3,807953E-3
20220408 10:05:52,079	c_0_152_20220408_10_05_52,079.bmp	1,715181E+0	8,608348E-1	-1,223829E-3	-1,261932E-3
20220408 10:05:58,080	c_0_153_20220408_10_05_58,080.bmp	1,717727E+0	8,824753E-1	4,902598E-5	1,107786E-5
20220408 10:06:04,081	c_0_154_20220408_10_06_04,081.bmp	1,710090E+0	8,977510E-1	2,594737E-3	2,557098E-3
20220408 10:06:10,084	c_0_155_20220408_10_06_10,084.bmp	1,692272E+0	9,219374E-1	-1,223829E-3	2,557098E-3
20220408 10:06:16,091	c_0_156_20220408_10_06_16,091.bmp	1,656636E+0	9,423050E-1	-2,496685E-3	-1,261932E-3
20220408 10:06:22,095	c_0_157_20220408_10_06_22,095.bmp	1,600636E+0	9,613996E-1	4,902598E-5	1,107786E-5
20220408 10:06:28,096	c_0_158_20220408_10_06_28,096.bmp	1,565000E+0	9,792212E-1	2,594737E-3	2,557098E-3
20220408 10:06:34,098	c_0_159_20220408_10_06_34,098.bmp	1,548455E+0	1,004681E+0	-3,769540E-3	-3,807953E-3
20220408 10:06:40,101	c_0_160_20220408_10_06_40,101.bmp	1,521728E+0	1,018683E+0	1,321881E-3	2,557098E-3
20220408 10:06:46,102	c_0_161_20220408_10_06_46,102.bmp	1,500092E+0	1,037778E+0	3,867592E-3	2,557098E-3
20220408 10:06:52,109	c_0_162_20220408_10_06_52,109.bmp	1,487365E+0	1,061964E+0	4,902598E-5	1,107786E-5
20220408 10:06:58,114	c_0_163_20220408_10_06_58,114.bmp	1,473365E+0	1,078513E+0	1,321881E-3	2,557098E-3
20220408 10:07:04,123	c_0_164_20220408_10_07_04,123.bmp	1,460638E+0	1,103973E+0	-3,769540E-3	-3,807953E-3
20220408 10:07:10,128	c_0_165_20220408_10_07_10,128.bmp	1,432638E+0	1,117975E+0	4,902598E-5	2,557098E-3
20220408 10:07:16,133	c_0_166_20220408_10_07_16,133.bmp	1,425001E+0	1,144708E+0	-1,223829E-3	-3,807953E-3
20220408 10:07:22,137	c_0_167_20220408_10_07_22,137.bmp	1,412274E+0	1,165075E+0	-3,769540E-3	-5,080963E-3
20220408 10:07:28,140	c_0_168_20220408_10_07_28,140.bmp	1,397002E+0	1,181624E+0	-2,496685E-3	1,284088E-3
20220408 10:07:34,142	c_0_169_20220408_10_07_34,142.bmp	1,379184E+0	1,201991E+0	1,321881E-3	1,107786E-5
20220408 10:07:40,146	c_0_170_20220408_10_07_40,146.bmp	1,358820E+0	1,222359E+0	2,594737E-3	-1,261932E-3
20220408 10:07:46,150	c_0_171_20220408_10_07_46,150.bmp	1,349911E+0	1,241454E+0	1,321881E-3	-2,534943E-3
20220408 10:07:52,151	c_0_172_20220408_10_07_52,151.bmp	1,338457E+0	1,263094E+0	4,902598E-5	1,107786E-5
20220408 10:07:58,157	c_0_173_20220408_10_07_58,157.bmp	1,330820E+0	1,280916E+0	4,902598E-5	-1,261932E-3
20220408 10:08:04,162	c_0_174_20220408_10_08_04,162.bmp	1,325729E+0	1,298737E+0	4,902598E-5	2,557098E-3
20220408 10:08:10,163	c_0_175_20220408_10_08_10,163.bmp	1,324457E+0	1,322924E+0	4,902598E-5	1,107786E-5
20220408 10:08:16,169	c_0_176_20220408_10_08_16,169.bmp	1,321911E+0	1,339472E+0	2,594737E-3	2,557098E-3
20220408 10:08:22,174	c_0_177_20220408_10_08_22,174.bmp	1,325729E+0	1,362386E+0	4,902598E-5	-1,261932E-3
20220408 10:08:28,177	c_0_178_20220408_10_08_28,177.bmp	1,324457E+0	1,382754E+0	2,594737E-3	3,830109E-3
20220408 10:08:34,181	c_0_179_20220408_10_08_34,181.bmp	1,324457E+0	1,405667E+0	1,321881E-3	-2,534943E-3
20220408 10:08:40,185	c_0_180_20220408_10_08_40,185.bmp	1,324457E+0	1,422216E+0	-1,223829E-3	1,107786E-5
20220408 10:08:46,191	c_0_181_20220408_10_08_46,191.bmp	1,323184E+0	1,441310E+0	4,902598E-5	1,107786E-5
20220408 10:08:52,196	c_0_182_20220408_10_08_52,196.bmp	1,323184E+0	1,466770E+0	-1,223829E-3	-3,807953E-3
20220408 10:08:58,202	c_0_183_20220408_10_08_58,202.bmp	1,313002E+0	1,479499E+0	4,902598E-5	3,830109E-3
20220408 10:09:04,204	c_0_184_20220408_10_09_04,204.bmp	1,306639E+0	1,502413E+0	-3,769540E-3	1,107786E-5
20220408 10:09:10,208	c_0_185_20220408_10_09_10,208.bmp	1,292639E+0	1,522781E+0	4,902598E-5	1,107786E-5
20220408 10:09:16,212	c_0_186_20220408_10_09_16,212.bmp	1,287548E+0	1,545694E+0	-3,769540E-3	1,107786E-5
20220408 10:09:22,219	c_0_187_20220408_10_09_22,219.bmp	1,267184E+0	1,563516E+0	-2,496685E-3	-3,807953E-3
20220408 10:09:28,220	c_0_188_20220408_10_09_28,220.bmp	1,257003E+0	1,577518E+0	-1,223829E-3	2,557098E-3
20220408 10:09:34,226	c_0_189_20220408_10_09_34,226.bmp	1,240457E+0	1,602978E+0	2,594737E-3	-1,261932E-3
20220408 10:09:40,231	c_0_190_20220408_10_09_40,231.bmp	1,235366E+0	1,620799E+0	-1,223829E-3	1,107786E-5
20220408 10:09:46,236	c_0_191_20220408_10_09_46,236.bmp	1,229003E+0	1,641167E+0	4,902598E-5	-1,261932E-3
20220408 10:09:52,239	c_0_192_20220408_10_09_52,239.bmp	1,220094E+0	1,665353E+0	-1,223829E-3	-3,807953E-3
20220408 10:09:58,242	c_0_193_20220408_10_09_58,242.bmp	1,206094E+0	1,683175E+0	-2,496685E-3	1,107786E-5
20220408 10:10:04,246	c_0_194_20220408_10_10_04,246.bmp	1,185730E+0	1,702270E+0	-5,042396E-3	1,107786E-5
20220408 10:10:10,248	c_0_195_20220408_10_10_10,248.bmp	1,171731E+0	1,722637E+0	-1,223829E-3	1,284088E-3
20220408 10:10:16,252	c_0_196_20220408_10_10_16,252.bmp	1,147549E+0	1,744278E+0	-2,496685E-3	-3,807953E-3
20220408 10:10:22,254	c_0_197_20220408_10_10_22,254.bmp	1,123367E+0	1,759553E+0	1,321881E-3	2,557098E-3
20220408 10:10:28,255	c_0_198_20220408_10_10_28,255.bmp	1,091549E+0	1,783740E+0	-1,223829E-3	1,107786E-5
20220408 10:10:34,259	c_0_199_20220408_10_10_34,259.bmp	1,050822E+0	1,800289E+0	2,594737E-3	1,284088E-3
20220408 10:10:40,269	c_0_200_20220408_10_10_40,269.bmp	1,034277E+0	1,823202E+0	-2,496685E-3	-1,261932E-3
20220408 10:10:46,270	c_0_201_20220408_10_10_46,270.bmp	1,034277E+0	1,844843E+0	-1,223829E-3	-3,807953E-3
20220408 10:10:52,278	c_0_202_20220408_10_10_52,278.bmp	1,038095E+0	1,863937E+0	-3,769540E-3	-3,807953E-3
20220408 10:10:58,281	c_0_203_20220408_10_10_58,281.bmp	1,029186E+0	1,879213E+0	1,321881E-3	1,107786E-5
20220408 10:11:04,283	c_0_204_20220408_10_11_04,283.bmp	1,040641E+0	1,904672E+0	-3,769540E-3	-5,080963E-3
20220408 10:11:10,285	c_0_205_20220408_10_11_10,285.bmp	1,039368E+0	1,918675E+0	4,902598E-5	1,284088E-3
20220408 10:11:16,287	c_0_206_20220408_10_11_16,287.bmp	1,035550E+0	1,937770E+0	3,867592E-3	2,557098E-3
20220408 10:11:22,292	c_0_207_20220408_10_11_22,292.bmp	1,041913E+0	1,958137E+0	2,594737E-3	2,557098E-3
20220408 10:11:28,297	c_0_208_20220408_10_11_28,297.bmp	1,040641E+0	1,981051E+0	2,594737E-3	3,830109E-3
20220408 10:11:34,308	c_0_209_20220408_10_11_34,308.bmp	1,047004E+0	2,001418E+0	4,902598E-5	1,107786E-5
20220408 10:11:40,311	c_0_210_20220408_10_11_40,311.bmp	1,048277E+0	2,026878E+0	-6,315251E-3	-3,807953E-3
20220408 10:11:46,318	c_0_211_20220408_10_11_46,318.bmp	1,043186E+0	2,043426E+0	4,902598E-5	-3,807953E-3
20220408 10:11:52,325	c_0_212_20220408_10_11_52,325.bmp	1,045731E+0	2,062521E+0	4,902598E-5	2,557098E-3
20220408 10:11:58,330	c_0_213_20220408_10_11_58,330.bmp	1,047004E+0	2,084161E+0	4,902598E-5	-3,807953E-3
20220408 10:12:04,334	c_0_214_20220408_10_12_04,334.bmp	1,038095E+0	2,107075E+0	-1,223829E-3	-3,807953E-3
20220408 10:12:10,339	c_0_215_20220408_10_12_10,339.bmp	1,034277E+0	2,123624E+0	1,321881E-3	-1,261932E-3
20220408 10:12:16,340	c_0_216_20220408_10_12_16,340.bmp	1,031732E+0	2,140172E+0	-5,042396E-3	1,107786E-5
20220408 10:12:22,344	c_0_217_20220408_10_12_22,344.bmp	1,036822E+0	2,163086E+0	-5,042396E-3	1,107786E-5
20220408 10:12:28,349	c_0_218_20220408_10_12_28,349.bmp	1,034277E+0	2,179634E+0	-3,769540E-3	-1,261932E-3
20220408 10:12:34,352	c_0_219_20220408_10_12_34,352.bmp	1,035550E+0	2,202548E+0	-2,496685E-3	1,107786E-5
20220408 10:12:40,353	c_0_220_20220408_10_12_40,353.bmp	1,031732E+0	2,221642E+0	4,902598E-5	1,107786E-5
20220408 10:12:46,356	c_0_221_20220408_10_12_46,356.bmp	1,039368E+0	2,243283E+0	-1,223829E-3	1,107786E-5
20220408 10:12:52,361	c_0_222_20220408_10_12_52,361.bmp	1,033004E+0	2,263651E+0	-1,223829E-3	-3,807953E-3
20220408 10:12:58,367	c_0_223_20220408_10_12_58,367.bmp	1,041913E+0	2,281472E+0	-2,496685E-3	-1,261932E-3
20220408 10:13:04,368	c_0_224_20220408_10_13_04,368.bmp	1,039368E+0	2,296748E+0	4,902598E-5	2,557098E-3
20220408 10:13:10,374	c_0_225_20220408_10_13_10,374.bmp	1,043186E+0	2,318388E+0	1,321881E-3	3,830109E-3
20220408 10:13:16,378	c_0_226_20220408_10_13_16,378.bmp	1,036822E+0	2,338756E+0	1,321881E-3	1,107786E-5
20220408 10:13:22,382	c_0_227_20220408_10_13_22,382.bmp	1,034277E+0	2,359124E+0	6,413303E-3	1,284088E-3
20220408 10:13:28,387	c_0_228_20220408_10_13_28,387.bmp	1,036822E+0	2,383310E+0	1,321881E-3	-3,807953E-3
20220408 10:13:34,390	c_0_229_20220408_10_13_34,390.bmp	1,025368E+0	2,398586E+0	3,867592E-3	1,284088E-3
20220408 10:13:40,394	c_0_230_20220408_10_13_40,394.bmp	1,024095E+0	2,421499E+0	1,321881E-3	1,284088E-3
20220408 10:13:46,398	c_0_231_20220408_10_13_46,398.bmp	1,011368E+0	2,444413E+0	-3,769540E-3	-3,807953E-3
20220408 10:13:52,403	c_0_232_20220408_10_13_52,403.bmp	1,001186E+0	2,462234E+0	1,321881E-3	1,107786E-5
20220408 10:13:58,404	c_0_233_20220408_10_13_58,404.bmp	9,795502E-1	2,485148E+0	-3,769540E-3	-3,807953E-3
20220408 10:14:04,406	c_0_234_20220408_10_14_04,406.bmp	9,553685E-1	2,502969E+0	3,867592E-3	1,107786E-5
20220408 10:14:10,416	c_0_235_20220408_10_14_10,416.bmp	9,350050E-1	2,518245E+0	2,594737E-3	3,830109E-3
20220408 10:14:16,422	c_0_236_20220408_10_14_16,422.bmp	9,146416E-1	2,542432E+0	4,902598E-5	-3,807953E-3
20220408 10:14:22,423	c_0_237_20220408_10_14_22,423.bmp	8,700964E-1	2,560253E+0	3,867592E-3	2,557098E-3
20220408 10:14:28,427	c_0_238_20220408_10_14_28,427.bmp	8,459148E-1	2,581894E+0	-3,769540E-3	-1,261932E-3
20220408 10:14:34,428	c_0_239_20220408_10_14_34,428.bmp	8,395512E-1	2,602261E+0	-2,496685E-3	-1,261932E-3
20220408 10:14:40,431	c_0_240_20220408_10_14_40,431.bmp	8,293695E-1	2,626448E+0	-5,042396E-3	-3,807953E-3
20220408 10:14:46,433	c_0_241_20220408_10_14_46,433.bmp	8,280967E-1	2,645542E+0	4,902598E-5	-3,807953E-3
20220408 10:14:52,439	c_0_242_20220408_10_14_52,439.bmp	8,293695E-1	2,659545E+0	2,594737E-3	3,830109E-3
20220408 10:14:58,443	c_0_243_20220408_10_14_58,443.bmp	8,331876E-1	2,685004E+0	-3,769540E-3	-3,807953E-3
20220408 10:15:04,447	c_0_244_20220408_10_15_04,447.bmp	8,306422E-1	2,701553E+0	2,594737E-3	1,107786E-5
20220408 10:15:10,451	c_0_245_20220408_10_15_10,451.bmp	8,357330E-1	2,719375E+0	4,902598E-5	3,830109E-3
20220408 10:15:16,452	c_0_246_20220408_10_15_16,452.bmp	8,357330E-1	2,738469E+0	3,867592E-3	1,107786E-5
20220408 10:15:22,453	c_0_247_20220408_10_15_22,453.bmp	8,395512E-1	2,757564E+0	2,594737E-3	-1,261932E-3
20220408 10:15:28,457	c_0_248_20220408_10_15_28,457.bmp	8,459148E-1	2,785569E+0	4,902598E-5	-3,807953E-3
20220408 10:15:34,465	c_0_249_20220408_10_15_34,465.bmp	8,497329E-1	2,798299E+0	4,902598E-5	1,107786E-5
20220408 10:15:40,466	c_0_250_20220408_10_15_40,466.bmp	8,535511E-1	2,825031E+0	-3,769540E-3	-3,807953E-3
20220408 10:15:46,472	c_0_251_20220408_10_15_46,472.bmp	8,497329E-1	2,837761E+0	2,594737E-3	-1,261932E-3
20220408 10:15:52,476	c_0_252_20220408_10_15_52,476.bmp	8,522784E-1	2,861948E+0	5,140448E-3	1,107786E-5
20220408 10:15:58,479	c_0_253_20220408_10_15_58,479.bmp	8,573693E-1	2,878496E+0	-1,223829E-3	2,557098E-3
20220408 10:16:04,484	c_0_254_20220408_10_16_04,484.bmp	8,650056E-1	2,902683E+0	-3,769540E-3	1,107786E-5
20220408 10:16:10,489	c_0_255_20220408_10_16_10,489.bmp	8,662783E-1	2,917958E+0	-1,223829E-3	2,557098E-3
20220408 10:16:16,492	c_0_256_20220408_10_16_16,492.bmp	8,675510E-1	2,939599E+0	-1,223829E-3	1,107786E-5
20220408 10:16:22,501	c_0_257_20220408_10_16_22,501.bmp	8,675510E-1	2,962513E+0	-1,223829E-3	1,107786E-5
20220408 10:16:28,502	c_0_258_20220408_10_16_28,502.bmp	8,713691E-1	2,980334E+0	2,594737E-3	2,557098E-3
20220408 10:16:34,504	c_0_259_20220408_10_16_34,504.bmp	8,713691E-1	2,998156E+0	4,902598E-5	2,557098E-3
20220408 10:16:40,508	c_0_260_20220408_10_16_40,508.bmp	8,777327E-1	3,024888E+0	-3,769540E-3	-3,807953E-3
20220408 10:16:46,517	c_0_261_20220408_10_16_46,517.bmp	8,751873E-1	3,041437E+0	4,902598E-5	1,107786E-5
