20220408 10:01:27,848	c_1_108_20220408_10_01_27,848.bmp	2,102839E-3	-1,497038E-2	1,321881E-3	1,107786E-5
20220408 10:01:33,854	c_1_109_20220408_10_01_33,854.bmp	-4,425969E-4	-9,676852E-4	1,321881E-3	2,557098E-3
20220408 10:01:39,864	c_1_110_20220408_10_01_39,864.bmp	4,537525E-2	2,449177E-2	4,902598E-5	-3,807953E-3
20220408 10:01:45,865	c_1_111_20220408_10_01_45,865.bmp	1,739198E-1	4,231338E-2	-3,769540E-3	-1,261932E-3
20220408 10:01:51,867	c_1_112_20220408_10_01_51,867.bmp	3,419185E-1	6,522689E-2	-3,769540E-3	-3,807953E-3
20220408 10:01:57,870	c_1_113_20220408_10_01_57,870.bmp	5,137354E-1	8,177553E-2	1,321881E-3	1,107786E-5
20220408 10:02:03,874	c_1_114_20220408_10_02_03,874.bmp	6,893705E-1	1,021431E-1	-2,496685E-3	1,107786E-5
20220408 10:02:09,883	c_1_115_20220408_10_02_09,883.bmp	8,560965E-1	1,250566E-1	-3,769540E-3	-3,807953E-3
20220408 10:02:15,885	c_1_116_20220408_10_02_15,885.bmp	1,029186E+0	1,441512E-1	-3,769540E-3	-3,807953E-3
20220408 10:02:21,886	c_1_117_20220408_10_02_21,886.bmp	1,190821E+0	1,581539E-1	4,902598E-5	2,557098E-3
20220408 10:02:27,891	c_1_118_20220408_10_02_27,891.bmp	1,360093E+0	1,848863E-1	-3,769540E-3	-3,807953E-3
20220408 10:02:33,892	c_1_119_20220408_10_02_33,892.bmp	1,523001E+0	2,039809E-1	4,902598E-5	1,107786E-5
20220408 10:02:39,896	c_1_120_20220408_10_02_39,896.bmp	1,689727E+0	2,218025E-1	4,902598E-5	-1,261932E-3
20220408 10:02:45,900	c_1_121_20220408_10_02_45,900.bmp	1,848816E+0	2,383512E-1	1,321881E-3	2,557098E-3
20220408 10:02:51,903	c_1_122_20220408_10_02_51,903.bmp	2,002815E+0	2,587187E-1	2,594737E-3	1,107786E-5
20220408 10:02:57,910	c_1_123_20220408_10_02_57,910.bmp	2,155541E+0	2,803593E-1	1,321881E-3	1,284088E-3
20220408 10:03:03,917	c_1_124_20220408_10_03_03,917.bmp	2,296813E+0	3,019998E-1	4,902598E-5	1,107786E-5
20220408 10:03:09,919	c_1_125_20220408_10_03_09,919.bmp	2,427903E+0	3,198214E-1	-3,769540E-3	1,107786E-5
20220408 10:03:15,921	c_1_126_20220408_10_03_15,921.bmp	2,525902E+0	3,414619E-1	2,594737E-3	-1,261932E-3
20220408 10:03:21,922	c_1_127_20220408_10_03_21,922.bmp	2,603538E+0	3,618295E-1	4,902598E-5	1,107786E-5
20220408 10:03:27,927	c_1_128_20220408_10_03_27,927.bmp	2,658265E+0	3,783781E-1	4,902598E-5	3,830109E-3
20220408 10:03:33,933	c_1_129_20220408_10_03_33,933.bmp	2,701537E+0	4,025646E-1	1,321881E-3	-1,261932E-3
20220408 10:03:39,938	c_1_130_20220408_10_03_39,938.bmp	2,721901E+0	4,178403E-1	2,594737E-3	3,830109E-3
20220408 10:03:45,943	c_1_131_20220408_10_03_45,943.bmp	2,726992E+0	4,420268E-1	4,902598E-5	1,107786E-5
20220408 10:03:51,945	c_1_132_20220408_10_03_51,945.bmp	2,700265E+0	4,573024E-1	-1,223829E-3	1,284088E-3
20220408 10:03:57,945	c_1_133_20220408_10_03_57,945.bmp	2,622629E+0	4,853078E-1	-3,769540E-3	-2,534943E-3
20220408 10:04:03,948	c_1_134_20220408_10_04_03,948.bmp	2,537357E+0	5,018565E-1	-3,769540E-3	-1,261932E-3
20220408 10:04:09,949	c_1_135_20220408_10_04_09,949.bmp	2,495357E+0	5,260430E-1	-3,769540E-3	-3,807953E-3
20220408 10:04:15,950	c_1_136_20220408_10_04_15,950.bmp	2,448267E+0	5,451376E-1	4,902598E-5	-3,807953E-3
20220408 10:04:21,955	c_1_137_20220408_10_04_21,955.bmp	2,380813E+0	5,604132E-1	4,902598E-5	1,107786E-5
20220408 10:04:27,961	c_1_138_20220408_10_04_27,961.bmp	2,320995E+0	5,782348E-1	3,867592E-3	3,830109E-3
20220408 10:04:33,968	c_1_139_20220408_10_04_33,968.bmp	2,231905E+0	6,062402E-1	-2,496685E-3	-3,807953E-3
20220408 10:04:39,972	c_1_140_20220408_10_04_39,972.bmp	2,096996E+0	6,227889E-1	4,902598E-5	-3,807953E-3
20220408 10:04:45,976	c_1_141_20220408_10_04_45,976.bmp	2,000270E+0	6,406105E-1	1,321881E-3	1,107786E-5
20220408 10:04:51,981	c_1_142_20220408_10_04_51,981.bmp	1,930270E+0	6,622510E-1	-1,223829E-3	1,107786E-5
20220408 10:04:57,991	c_1_143_20220408_10_04_57,991.bmp	1,879362E+0	6,851645E-1	-3,769540E-3	-3,807953E-3
20220408 10:05:03,992	c_1_144_20220408_10_05_03,992.bmp	1,833544E+0	7,029862E-1	-1,223829E-3	-1,261932E-3
20220408 10:05:09,998	c_1_145_20220408_10_05_09,998.bmp	1,796635E+0	7,271726E-1	-3,769540E-3	-3,807953E-3
20220408 10:05:16,002	c_1_146_20220408_10_05_16,002.bmp	1,744454E+0	7,424483E-1	1,321881E-3	1,107786E-5
20220408 10:05:22,005	c_1_147_20220408_10_05_22,005.bmp	1,708818E+0	7,602699E-1	-5,042396E-3	1,107786E-5
20220408 10:05:28,009	c_1_148_20220408_10_05_28,009.bmp	1,694818E+0	7,819105E-1	4,902598E-5	2,557098E-3
20220408 10:05:34,023	c_1_149_20220408_10_05_34,023.bmp	1,685909E+0	7,997321E-1	1,321881E-3	1,284088E-3
20220408 10:05:40,029	c_1_150_20220408_10_05_40,029.bmp	1,694818E+0	8,200996E-1	1,321881E-3	-1,261932E-3
20220408 10:05:46,030	c_1_151_20220408_10_05_46,030.bmp	1,711363E+0	8,417402E-1	-2,496685E-3	1,107786E-5
20220408 10:05:52,033	c_1_152_20220408_10_05_52,033.bmp	1,720272E+0	8,608348E-1	-3,769540E-3	1,284088E-3
20220408 10:05:58,037	c_1_153_20220408_10_05_58,037.bmp	1,717727E+0	8,786564E-1	2,594737E-3	1,284088E-3
20220408 10:06:04,039	c_1_154_20220408_10_06_04,039.bmp	1,711363E+0	9,041158E-1	4,902598E-5	-3,807953E-3
20220408 10:06:10,048	c_1_155_20220408_10_06_10,048.bmp	1,696090E+0	9,244834E-1	-2,496685E-3	-5,080963E-3
20220408 10:06:16,053	c_1_156_20220408_10_06_16,053.bmp	1,655363E+0	9,423050E-1	-1,223829E-3	2,557098E-3
20220408 10:06:22,057	c_1_157_20220408_10_06_22,057.bmp	1,604455E+0	9,652185E-1	-3,769540E-3	-3,807953E-3
20220408 10:06:28,061	c_1_158_20220408_10_06_28,061.bmp	1,563728E+0	9,779482E-1	4,902598E-5	2,557098E-3
20220408 10:06:34,062	c_1_159_20220408_10_06_34,062.bmp	1,544637E+0	9,983158E-1	-1,223829E-3	1,284088E-3
20220408 10:06:40,064	c_1_160_20220408_10_06_40,064.bmp	1,523001E+0	1,022502E+0	-1,223829E-3	-3,807953E-3
20220408 10:06:46,066	c_1_161_20220408_10_06_46,066.bmp	1,498819E+0	1,039051E+0	3,867592E-3	2,557098E-3
20220408 10:06:52,077	c_1_162_20220408_10_06_52,077.bmp	1,488637E+0	1,059418E+0	-1,223829E-3	-1,261932E-3
20220408 10:06:58,083	c_1_163_20220408_10_06_58,083.bmp	1,481001E+0	1,084878E+0	-2,496685E-3	-3,807953E-3
20220408 10:07:04,084	c_1_164_20220408_10_07_04,084.bmp	1,464456E+0	1,105246E+0	-3,769540E-3	-3,807953E-3
20220408 10:07:10,089	c_1_165_20220408_10_07_10,089.bmp	1,439001E+0	1,125613E+0	1,321881E-3	-3,807953E-3
20220408 10:07:16,093	c_1_166_20220408_10_07_16,093.bmp	1,427547E+0	1,140889E+0	-3,769540E-3	-1,261932E-3
20220408 10:07:22,096	c_1_167_20220408_10_07_22,096.bmp	1,411002E+0	1,161256E+0	-2,496685E-3	1,107786E-5
20220408 10:07:28,102	c_1_168_20220408_10_07_28,102.bmp	1,397002E+0	1,185443E+0	-3,769540E-3	-3,807953E-3
20220408 10:07:34,108	c_1_169_20220408_10_07_34,108.bmp	1,376638E+0	1,203264E+0	-1,223829E-3	1,107786E-5
20220408 10:07:40,112	c_1_170_20220408_10_07_40,112.bmp	1,357547E+0	1,222359E+0	2,594737E-3	1,107786E-5
20220408 10:07:46,117	c_1_171_20220408_10_07_46,117.bmp	1,344820E+0	1,237635E+0	2,594737E-3	2,557098E-3
20220408 10:07:52,118	c_1_172_20220408_10_07_52,118.bmp	1,334638E+0	1,258002E+0	3,867592E-3	2,557098E-3
20220408 10:07:58,122	c_1_173_20220408_10_07_58,122.bmp	1,330820E+0	1,282189E+0	-3,769540E-3	1,107786E-5
20220408 10:08:04,124	c_1_174_20220408_10_08_04,124.bmp	1,320639E+0	1,306375E+0	-1,223829E-3	-3,807953E-3
20220408 10:08:10,131	c_1_175_20220408_10_08_10,131.bmp	1,320639E+0	1,319105E+0	3,867592E-3	2,557098E-3
20220408 10:08:16,132	c_1_176_20220408_10_08_16,132.bmp	1,319366E+0	1,343291E+0	-1,223829E-3	1,107786E-5
20220408 10:08:22,137	c_1_177_20220408_10_08_22,137.bmp	1,328275E+0	1,366205E+0	-3,769540E-3	-1,261932E-3
20220408 10:08:28,141	c_1_178_20220408_10_08_28,141.bmp	1,319366E+0	1,378935E+0	3,867592E-3	2,557098E-3
20220408 10:08:34,142	c_1_179_20220408_10_08_34,142.bmp	1,327002E+0	1,405667E+0	-3,769540E-3	-3,807953E-3
20220408 10:08:40,147	c_1_180_20220408_10_08_40,147.bmp	1,325729E+0	1,422216E+0	-1,223829E-3	-1,261932E-3
20220408 10:08:46,157	c_1_181_20220408_10_08_46,157.bmp	1,324457E+0	1,438764E+0	-1,223829E-3	2,557098E-3
20220408 10:08:52,163	c_1_182_20220408_10_08_52,163.bmp	1,318093E+0	1,461678E+0	2,594737E-3	1,107786E-5
20220408 10:08:58,167	c_1_183_20220408_10_08_58,167.bmp	1,302821E+0	1,479499E+0	2,594737E-3	-1,261932E-3
20220408 10:09:04,170	c_1_184_20220408_10_09_04,170.bmp	1,304093E+0	1,501140E+0	-1,223829E-3	1,107786E-5
20220408 10:09:10,172	c_1_185_20220408_10_09_10,172.bmp	1,292639E+0	1,522781E+0	4,902598E-5	1,107786E-5
20220408 10:09:16,176	c_1_186_20220408_10_09_16,176.bmp	1,278639E+0	1,543148E+0	2,594737E-3	1,107786E-5
20220408 10:09:22,183	c_1_187_20220408_10_09_22,183.bmp	1,268457E+0	1,562243E+0	2,594737E-3	1,107786E-5
20220408 10:09:28,184	c_1_188_20220408_10_09_28,184.bmp	1,257003E+0	1,578791E+0	1,321881E-3	2,557098E-3
20220408 10:09:34,190	c_1_189_20220408_10_09_34,190.bmp	1,241730E+0	1,602978E+0	3,867592E-3	-1,261932E-3
20220408 10:09:40,193	c_1_190_20220408_10_09_40,193.bmp	1,230276E+0	1,618253E+0	1,321881E-3	2,557098E-3
20220408 10:09:46,195	c_1_191_20220408_10_09_46,195.bmp	1,226457E+0	1,643713E+0	2,594737E-3	-1,261932E-3
20220408 10:09:52,198	c_1_192_20220408_10_09_52,198.bmp	1,220094E+0	1,666626E+0	4,902598E-5	-3,807953E-3
20220408 10:09:58,202	c_1_193_20220408_10_09_58,202.bmp	1,199730E+0	1,683175E+0	3,867592E-3	1,107786E-5
20220408 10:10:04,211	c_1_194_20220408_10_10_04,211.bmp	1,188276E+0	1,702270E+0	-1,223829E-3	1,107786E-5
20220408 10:10:10,218	c_1_195_20220408_10_10_10,218.bmp	1,164094E+0	1,718818E+0	3,867592E-3	1,284088E-3
20220408 10:10:16,221	c_1_196_20220408_10_10_16,221.bmp	1,145003E+0	1,745551E+0	4,902598E-5	-3,807953E-3
20220408 10:10:22,222	c_1_197_20220408_10_10_22,222.bmp	1,123367E+0	1,764645E+0	-1,223829E-3	-3,807953E-3
20220408 10:10:28,224	c_1_198_20220408_10_10_28,224.bmp	1,086458E+0	1,779921E+0	1,321881E-3	1,284088E-3
20220408 10:10:34,226	c_1_199_20220408_10_10_34,226.bmp	1,050822E+0	1,802834E+0	4,902598E-5	-1,261932E-3
20220408 10:10:40,230	c_1_200_20220408_10_10_40,230.bmp	1,035550E+0	1,818110E+0	2,594737E-3	2,557098E-3
20220408 10:10:46,238	c_1_201_20220408_10_10_46,238.bmp	1,030459E+0	1,838478E+0	2,594737E-3	1,107786E-5
20220408 10:10:52,239	c_1_202_20220408_10_10_52,239.bmp	1,035550E+0	1,865210E+0	-2,496685E-3	-3,807953E-3
20220408 10:10:58,243	c_1_203_20220408_10_10_58,243.bmp	1,034277E+0	1,885578E+0	-1,223829E-3	-2,534943E-3
20220408 10:11:04,244	c_1_204_20220408_10_11_04,244.bmp	1,039368E+0	1,900853E+0	-3,769540E-3	-1,261932E-3
20220408 10:11:10,246	c_1_205_20220408_10_11_10,246.bmp	1,039368E+0	1,919948E+0	2,594737E-3	2,557098E-3
20220408 10:11:16,254	c_1_206_20220408_10_11_16,254.bmp	1,039368E+0	1,944134E+0	-2,496685E-3	-3,807953E-3
20220408 10:11:22,257	c_1_207_20220408_10_11_22,257.bmp	1,043186E+0	1,964502E+0	-3,769540E-3	-3,807953E-3
20220408 10:11:28,267	c_1_208_20220408_10_11_28,267.bmp	1,040641E+0	1,981051E+0	4,902598E-5	-1,261932E-3
20220408 10:11:34,275	c_1_209_20220408_10_11_34,275.bmp	1,040641E+0	2,002691E+0	-2,496685E-3	1,107786E-5
20220408 10:11:40,279	c_1_210_20220408_10_11_40,279.bmp	1,045731E+0	2,021786E+0	4,902598E-5	1,107786E-5
20220408 10:11:46,280	c_1_211_20220408_10_11_46,280.bmp	1,048277E+0	2,044699E+0	-3,769540E-3	-3,807953E-3
20220408 10:11:52,282	c_1_212_20220408_10_11_52,282.bmp	1,047004E+0	2,065067E+0	-3,769540E-3	-3,807953E-3
20220408 10:11:58,287	c_1_213_20220408_10_11_58,287.bmp	1,040641E+0	2,086707E+0	-3,769540E-3	-3,807953E-3
20220408 10:12:04,296	c_1_214_20220408_10_12_04,296.bmp	1,040641E+0	2,105802E+0	-3,769540E-3	-3,807953E-3
20220408 10:12:10,300	c_1_215_20220408_10_12_10,300.bmp	1,041913E+0	2,122351E+0	-1,223829E-3	-1,261932E-3
20220408 10:12:16,304	c_1_216_20220408_10_12_16,304.bmp	1,031732E+0	2,142718E+0	1,321881E-3	1,107786E-5
20220408 10:12:22,306	c_1_217_20220408_10_12_22,306.bmp	1,036822E+0	2,160540E+0	-3,769540E-3	1,107786E-5
20220408 10:12:28,307	c_1_218_20220408_10_12_28,307.bmp	1,039368E+0	2,183453E+0	-3,769540E-3	-3,807953E-3
20220408 10:12:34,308	c_1_219_20220408_10_12_34,308.bmp	1,034277E+0	2,203821E+0	4,902598E-5	-1,261932E-3
20220408 10:12:40,311	c_1_220_20220408_10_12_40,311.bmp	1,039368E+0	2,222915E+0	-2,496685E-3	1,107786E-5
20220408 10:12:46,323	c_1_221_20220408_10_12_46,323.bmp	1,040641E+0	2,240737E+0	-2,496685E-3	1,107786E-5
20220408 10:12:52,331	c_1_222_20220408_10_12_52,331.bmp	1,043186E+0	2,263651E+0	-2,496685E-3	1,107786E-5
20220408 10:12:58,332	c_1_223_20220408_10_12_58,332.bmp	1,041913E+0	2,285291E+0	-1,223829E-3	-3,807953E-3
20220408 10:13:04,333	c_1_224_20220408_10_13_04,333.bmp	1,040641E+0	2,303113E+0	4,902598E-5	1,107786E-5
20220408 10:13:10,337	c_1_225_20220408_10_13_10,337.bmp	1,035550E+0	2,317115E+0	2,594737E-3	3,830109E-3
20220408 10:13:16,340	c_1_226_20220408_10_13_16,340.bmp	1,036822E+0	2,341302E+0	4,902598E-5	1,107786E-5
20220408 10:13:22,348	c_1_227_20220408_10_13_22,348.bmp	1,040641E+0	2,364215E+0	-1,223829E-3	-3,807953E-3
20220408 10:13:28,349	c_1_228_20220408_10_13_28,349.bmp	1,038095E+0	2,382037E+0	4,902598E-5	-1,261932E-3
20220408 10:13:34,352	c_1_229_20220408_10_13_34,352.bmp	1,033004E+0	2,403678E+0	-1,223829E-3	-3,807953E-3
20220408 10:13:40,355	c_1_230_20220408_10_13_40,355.bmp	1,024095E+0	2,421499E+0	-5,042396E-3	-1,261932E-3
20220408 10:13:46,358	c_1_231_20220408_10_13_46,358.bmp	1,016459E+0	2,443140E+0	-3,769540E-3	-3,807953E-3
20220408 10:13:52,359	c_1_232_20220408_10_13_52,359.bmp	9,973682E-1	2,462234E+0	1,321881E-3	-1,261932E-3
20220408 10:13:58,363	c_1_233_20220408_10_13_58,363.bmp	9,770047E-1	2,478783E+0	2,594737E-3	2,557098E-3
20220408 10:14:04,365	c_1_234_20220408_10_14_04,365.bmp	9,566412E-1	2,497878E+0	2,594737E-3	2,557098E-3
20220408 10:14:10,366	c_1_235_20220408_10_14_10,366.bmp	9,400959E-1	2,524610E+0	-3,769540E-3	-3,807953E-3
20220408 10:14:16,374	c_1_236_20220408_10_14_16,374.bmp	9,146416E-1	2,539886E+0	2,594737E-3	2,557098E-3
20220408 10:14:22,376	c_1_237_20220408_10_14_22,376.bmp	8,751873E-1	2,561526E+0	-3,769540E-3	-1,261932E-3
20220408 10:14:28,382	c_1_238_20220408_10_14_28,382.bmp	8,395512E-1	2,578075E+0	3,867592E-3	2,557098E-3
20220408 10:14:34,386	c_1_239_20220408_10_14_34,386.bmp	8,306422E-1	2,600988E+0	1,321881E-3	-1,261932E-3
20220408 10:14:40,387	c_1_240_20220408_10_14_40,387.bmp	8,280967E-1	2,620083E+0	3,867592E-3	1,284088E-3
20220408 10:14:46,392	c_1_241_20220408_10_14_46,392.bmp	8,268240E-1	2,641723E+0	1,321881E-3	1,107786E-5
20220408 10:14:52,404	c_1_242_20220408_10_14_52,404.bmp	8,268240E-1	2,662091E+0	-1,223829E-3	1,107786E-5
20220408 10:14:58,410	c_1_243_20220408_10_14_58,410.bmp	8,255513E-1	2,681186E+0	2,594737E-3	1,107786E-5
20220408 10:15:04,411	c_1_244_20220408_10_15_04,411.bmp	8,382785E-1	2,702826E+0	-3,769540E-3	1,107786E-5
20220408 10:15:10,415	c_1_245_20220408_10_15_10,415.bmp	8,357330E-1	2,721921E+0	4,902598E-5	1,107786E-5
20220408 10:15:16,417	c_1_246_20220408_10_15_16,417.bmp	8,382785E-1	2,744834E+0	4,902598E-5	-3,807953E-3
20220408 10:15:22,422	c_1_247_20220408_10_15_22,422.bmp	8,433694E-1	2,760110E+0	4,902598E-5	-1,261932E-3
20220408 10:15:28,423	c_1_248_20220408_10_15_28,423.bmp	8,420966E-1	2,779204E+0	-2,496685E-3	-1,261932E-3
20220408 10:15:34,428	c_1_249_20220408_10_15_34,428.bmp	8,484602E-1	2,802118E+0	1,321881E-3	1,107786E-5
20220408 10:15:40,436	c_1_250_20220408_10_15_40,436.bmp	8,548238E-1	2,825031E+0	-3,769540E-3	-3,807953E-3
20220408 10:15:46,439	c_1_251_20220408_10_15_46,439.bmp	8,548238E-1	2,836488E+0	2,594737E-3	2,557098E-3
20220408 10:15:52,443	c_1_252_20220408_10_15_52,443.bmp	8,548238E-1	2,867040E+0	4,902598E-5	-3,807953E-3
20220408 10:15:58,444	c_1_253_20220408_10_15_58,444.bmp	8,586420E-1	2,881042E+0	1,321881E-3	-3,807953E-3
20220408 10:16:04,446	c_1_254_20220408_10_16_04,446.bmp	8,624601E-1	2,900137E+0	4,902598E-5	2,557098E-3
20220408 10:16:10,447	c_1_255_20220408_10_16_10,447.bmp	8,637328E-1	2,921777E+0	-3,769540E-3	-1,261932E-3
20220408 10:16:16,455	c_1_256_20220408_10_16_16,455.bmp	8,713691E-1	2,940872E+0	4,902598E-5	1,107786E-5
20220408 10:16:22,464	c_1_257_20220408_10_16_22,464.bmp	8,675510E-1	2,957421E+0	2,594737E-3	1,284088E-3
20220408 10:16:28,467	c_1_258_20220408_10_16_28,467.bmp	8,713691E-1	2,977788E+0	-1,223829E-3	3,830109E-3
20220408 10:16:34,470	c_1_259_20220408_10_16_34,470.bmp	8,700964E-1	2,996883E+0	3,867592E-3	2,557098E-3
20220408 10:16:40,473	c_1_260_20220408_10_16_40,473.bmp	8,828236E-1	3,021069E+0	1,321881E-3	1,107786E-5
20220408 10:16:46,477	c_1_261_20220408_10_16_46,477.bmp	8,815509E-1	3,040164E+0	-2,496685E-3	1,284088E-3
