20220408 12:24:51,354	c_0_1061_20220408_12_24_51,354.bmp	2,102839E-3	-7,332548E-3	4,902598E-5	1,107786E-5
20220408 12:24:57,358	c_0_1062_20220408_12_24_57,358.bmp	-1,715315E-3	-4,786603E-3	4,902598E-5	-1,261932E-3
20220408 12:25:03,360	c_0_1063_20220408_12_25_03,360.bmp	1,128293E-1	1,939988E-2	4,902598E-5	1,107786E-5
20220408 12:25:09,362	c_0_1064_20220408_12_25_09,362.bmp	2,922825E-1	3,849447E-2	4,902598E-5	-2,534943E-3
20220408 12:25:15,367	c_0_1065_20220408_12_25_15,367.bmp	4,870083E-1	5,758905E-2	-1,223829E-3	-1,261932E-3
20220408 12:25:21,372	c_0_1066_20220408_12_25_21,372.bmp	6,868251E-1	8,304851E-2	4,902598E-5	-3,807953E-3
20220408 12:25:27,373	c_0_1067_20220408_12_25_27,373.bmp	8,866418E-1	9,832418E-2	-1,223829E-3	-2,534943E-3
20220408 12:25:33,375	c_0_1068_20220408_12_25_33,375.bmp	1,080095E+0	1,174188E-1	-2,496685E-3	2,557098E-3
20220408 12:25:39,381	c_0_1069_20220408_12_25_39,381.bmp	1,282457E+0	1,365134E-1	4,902598E-5	1,107786E-5
20220408 12:25:45,387	c_0_1070_20220408_12_25_45,387.bmp	1,478456E+0	1,556079E-1	1,321881E-3	2,557098E-3
20220408 12:25:51,392	c_0_1071_20220408_12_25_51,392.bmp	1,683363E+0	1,810674E-1	1,321881E-3	1,107786E-5
20220408 12:25:57,396	c_0_1072_20220408_12_25_57,396.bmp	1,879362E+0	2,039809E-1	4,902598E-5	-1,261932E-3
20220408 12:26:03,396	c_0_1073_20220408_12_26_03,396.bmp	2,071542E+0	2,179836E-1	1,321881E-3	1,284088E-3
20220408 12:26:09,401	c_0_1074_20220408_12_26_09,401.bmp	2,268813E+0	2,396241E-1	4,902598E-5	1,284088E-3
20220408 12:26:15,406	c_0_1075_20220408_12_26_15,406.bmp	2,462266E+0	2,612647E-1	-5,042396E-3	-3,807953E-3
20220408 12:26:21,410	c_0_1076_20220408_12_26_21,410.bmp	2,640447E+0	2,752674E-1	5,140448E-3	2,557098E-3
20220408 12:26:27,415	c_0_1077_20220408_12_26_27,415.bmp	2,807173E+0	2,956349E-1	2,594737E-3	2,557098E-3
20220408 12:26:33,420	c_0_1078_20220408_12_26_33,420.bmp	2,903900E+0	3,210944E-1	1,321881E-3	1,284088E-3
20220408 12:26:39,423	c_0_1079_20220408_12_26_39,423.bmp	2,874627E+0	3,414619E-1	-3,769540E-3	-3,807953E-3
20220408 12:26:45,429	c_0_1080_20220408_12_26_45,429.bmp	2,659538E+0	3,580106E-1	-2,496685E-3	1,107786E-5
20220408 12:26:51,434	c_0_1081_20220408_12_26_51,434.bmp	2,200087E+0	3,783781E-1	4,902598E-5	1,107786E-5
20220408 12:26:57,435	c_0_1082_20220408_12_26_57,435.bmp	1,872998E+0	3,987457E-1	-2,496685E-3	-1,261932E-3
20220408 12:27:03,440	c_0_1083_20220408_12_27_03,440.bmp	1,641363E+0	4,178403E-1	4,902598E-5	1,107786E-5
20220408 12:27:09,446	c_0_1084_20220408_12_27_09,446.bmp	1,439001E+0	4,394808E-1	4,902598E-5	1,107786E-5
20220408 12:27:15,451	c_0_1085_20220408_12_27_15,451.bmp	1,419911E+0	4,611214E-1	4,902598E-5	1,107786E-5
20220408 12:27:21,454	c_0_1086_20220408_12_27_21,454.bmp	1,408456E+0	4,776700E-1	-1,223829E-3	2,557098E-3
20220408 12:27:27,455	c_0_1087_20220408_12_27_27,455.bmp	1,411002E+0	4,993105E-1	-3,769540E-3	1,107786E-5
20220408 12:27:33,458	c_0_1088_20220408_12_27_33,458.bmp	1,386820E+0	5,247700E-1	4,902598E-5	-2,534943E-3
20220408 12:27:39,463	c_0_1089_20220408_12_27_39,463.bmp	1,366456E+0	5,400457E-1	-5,042396E-3	1,107786E-5
20220408 12:27:45,466	c_0_1090_20220408_12_27_45,466.bmp	1,293911E+0	5,604132E-1	-1,223829E-3	-3,807953E-3
20220408 12:27:51,472	c_0_1091_20220408_12_27_51,472.bmp	1,241730E+0	5,807808E-1	-2,496685E-3	1,107786E-5
20220408 12:27:57,478	c_0_1092_20220408_12_27_57,478.bmp	1,215003E+0	5,998754E-1	4,902598E-5	-1,261932E-3
20220408 12:28:03,485	c_0_1093_20220408_12_28_03,485.bmp	1,231548E+0	6,176970E-1	-1,223829E-3	1,107786E-5
20220408 12:28:09,486	c_0_1094_20220408_12_28_09,486.bmp	1,251912E+0	6,380646E-1	1,321881E-3	-1,261932E-3
20220408 12:28:15,491	c_0_1095_20220408_12_28_15,491.bmp	1,286275E+0	6,609781E-1	-2,496685E-3	1,107786E-5
20220408 12:28:21,495	c_0_1096_20220408_12_28_21,495.bmp	1,313002E+0	6,800727E-1	4,902598E-5	-1,261932E-3
20220408 12:28:27,498	c_0_1097_20220408_12_28_27,498.bmp	1,347366E+0	7,029862E-1	-3,769540E-3	-3,807953E-3
20220408 12:28:33,499	c_0_1098_20220408_12_28_33,499.bmp	1,366456E+0	7,169889E-1	3,867592E-3	2,557098E-3
20220408 12:28:39,501	c_0_1099_20220408_12_28_39,501.bmp	1,402093E+0	7,386294E-1	-3,769540E-3	-1,261932E-3
20220408 12:28:45,506	c_0_1100_20220408_12_28_45,506.bmp	1,425001E+0	7,628159E-1	-1,223829E-3	-3,807953E-3
20220408 12:28:51,509	c_0_1101_20220408_12_28_51,509.bmp	1,450456E+0	7,819105E-1	-5,042396E-3	-3,807953E-3
20220408 12:28:57,514	c_0_1102_20220408_12_28_57,514.bmp	1,473365E+0	7,997321E-1	4,902598E-5	1,107786E-5
20220408 12:29:03,519	c_0_1103_20220408_12_29_03,519.bmp	1,493728E+0	8,200996E-1	-1,223829E-3	1,107786E-5
20220408 12:29:09,529	c_0_1104_20220408_12_29_09,529.bmp	1,506455E+0	8,404672E-1	-3,769540E-3	-3,807953E-3
20220408 12:29:15,530	c_0_1105_20220408_12_29_15,530.bmp	1,497546E+0	8,557429E-1	-1,223829E-3	1,284088E-3
20220408 12:29:21,535	c_0_1106_20220408_12_29_21,535.bmp	1,412274E+0	8,748375E-1	4,902598E-5	3,830109E-3
20220408 12:29:27,536	c_0_1107_20220408_12_29_27,536.bmp	1,187003E+0	8,964780E-1	4,902598E-5	3,830109E-3
20220408 12:29:33,537	c_0_1108_20220408_12_29_33,537.bmp	1,058459E+0	9,206645E-1	-3,769540E-3	1,107786E-5
20220408 12:29:39,538	c_0_1109_20220408_12_29_39,538.bmp	9,910046E-1	9,359401E-1	-1,223829E-3	1,284088E-3
20220408 12:29:45,541	c_0_1110_20220408_12_29_45,541.bmp	9,820956E-1	9,626726E-1	-1,223829E-3	-3,807953E-3
20220408 12:29:51,542	c_0_1111_20220408_12_29_51,542.bmp	9,553685E-1	9,779482E-1	4,902598E-5	1,107786E-5
20220408 12:29:57,547	c_0_1112_20220408_12_29_57,547.bmp	9,502777E-1	1,000862E+0	1,321881E-3	1,107786E-5
20220408 12:30:03,552	c_0_1113_20220408_12_30_03,552.bmp	9,502777E-1	1,014864E+0	2,594737E-3	1,284088E-3
20220408 12:30:09,553	c_0_1114_20220408_12_30_09,553.bmp	9,553685E-1	1,035232E+0	4,902598E-5	2,557098E-3
20220408 12:30:15,558	c_0_1115_20220408_12_30_15,558.bmp	9,693684E-1	1,059418E+0	-1,223829E-3	-1,261932E-3
20220408 12:30:21,562	c_0_1116_20220408_12_30_21,562.bmp	9,808229E-1	1,082332E+0	-3,769540E-3	-3,807953E-3
20220408 12:30:27,567	c_0_1117_20220408_12_30_27,567.bmp	9,897319E-1	1,100154E+0	1,321881E-3	-1,261932E-3
20220408 12:30:33,571	c_0_1118_20220408_12_30_33,571.bmp	1,005005E+0	1,123067E+0	-2,496685E-3	-3,807953E-3
20220408 12:30:39,576	c_0_1119_20220408_12_30_39,576.bmp	1,017732E+0	1,135797E+0	4,902598E-5	2,557098E-3
20220408 12:30:45,578	c_0_1120_20220408_12_30_45,578.bmp	1,030459E+0	1,159983E+0	-1,223829E-3	-3,807953E-3
20220408 12:30:51,583	c_0_1121_20220408_12_30_51,583.bmp	1,050822E+0	1,179078E+0	-3,769540E-3	1,107786E-5
20220408 12:30:57,586	c_0_1122_20220408_12_30_57,586.bmp	1,055913E+0	1,198173E+0	-2,496685E-3	-3,807953E-3
20220408 12:31:03,587	c_0_1123_20220408_12_31_03,587.bmp	1,068640E+0	1,218540E+0	4,902598E-5	-1,261932E-3
20220408 12:31:09,589	c_0_1124_20220408_12_31_09,589.bmp	1,081368E+0	1,238908E+0	-2,496685E-3	-1,261932E-3
20220408 12:31:15,594	c_0_1125_20220408_12_31_15,594.bmp	1,090277E+0	1,259275E+0	4,902598E-5	1,284088E-3
20220408 12:31:21,597	c_0_1126_20220408_12_31_21,597.bmp	1,100458E+0	1,278370E+0	2,594737E-3	1,107786E-5
20220408 12:31:27,601	c_0_1127_20220408_12_31_27,601.bmp	1,106822E+0	1,297464E+0	4,902598E-5	1,107786E-5
20220408 12:31:33,604	c_0_1128_20220408_12_31_33,604.bmp	1,119549E+0	1,322924E+0	-3,769540E-3	-3,807953E-3
20220408 12:31:39,607	c_0_1129_20220408_12_31_39,607.bmp	1,119549E+0	1,338199E+0	-1,223829E-3	2,557098E-3
20220408 12:31:45,609	c_0_1130_20220408_12_31_45,609.bmp	1,090277E+0	1,359840E+0	4,902598E-5	1,284088E-3
20220408 12:31:51,611	c_0_1131_20220408_12_31_51,611.bmp	9,070052E-1	1,378935E+0	4,902598E-5	2,557098E-3
20220408 12:31:57,614	c_0_1132_20220408_12_31_57,614.bmp	8,904599E-1	1,400575E+0	1,321881E-3	-1,261932E-3
20220408 12:32:03,615	c_0_1133_20220408_12_32_03,615.bmp	8,930054E-1	1,420943E+0	-1,223829E-3	2,557098E-3
20220408 12:32:09,620	c_0_1134_20220408_12_32_09,620.bmp	8,993689E-1	1,440037E+0	4,902598E-5	-1,261932E-3
20220408 12:32:15,625	c_0_1135_20220408_12_32_15,625.bmp	9,070052E-1	1,459132E+0	1,321881E-3	1,107786E-5
20220408 12:32:21,627	c_0_1136_20220408_12_32_21,627.bmp	9,108234E-1	1,480772E+0	1,321881E-3	-1,261932E-3
20220408 12:32:27,631	c_0_1137_20220408_12_32_27,631.bmp	9,184597E-1	1,497321E+0	1,321881E-3	2,557098E-3
20220408 12:32:33,632	c_0_1138_20220408_12_32_33,632.bmp	9,324596E-1	1,521508E+0	-1,223829E-3	1,284088E-3
20220408 12:32:39,637	c_0_1139_20220408_12_32_39,637.bmp	9,299142E-1	1,535510E+0	2,594737E-3	3,830109E-3
20220408 12:32:45,639	c_0_1140_20220408_12_32_45,639.bmp	9,286415E-1	1,559697E+0	-2,496685E-3	1,107786E-5
20220408 12:32:51,642	c_0_1141_20220408_12_32_51,642.bmp	9,044598E-1	1,577518E+0	1,321881E-3	2,557098E-3
20220408 12:32:57,644	c_0_1142_20220408_12_32_57,644.bmp	8,968235E-1	1,600432E+0	2,594737E-3	1,107786E-5
20220408 12:33:03,647	c_0_1143_20220408_12_33_03,647.bmp	8,968235E-1	1,619526E+0	-2,496685E-3	1,107786E-5
20220408 12:33:09,652	c_0_1144_20220408_12_33_09,652.bmp	8,828236E-1	1,637348E+0	3,867592E-3	3,830109E-3
20220408 12:33:15,657	c_0_1145_20220408_12_33_15,657.bmp	8,777327E-1	1,664080E+0	4,902598E-5	-3,807953E-3
20220408 12:33:21,659	c_0_1146_20220408_12_33_21,659.bmp	8,522784E-1	1,679356E+0	-2,496685E-3	1,107786E-5
20220408 12:33:27,662	c_0_1147_20220408_12_33_27,662.bmp	8,497329E-1	1,699724E+0	4,902598E-5	1,107786E-5
20220408 12:33:33,665	c_0_1148_20220408_12_33_33,665.bmp	8,548238E-1	1,721364E+0	-3,769540E-3	-3,807953E-3
20220408 12:33:39,675	c_0_1149_20220408_12_33_39,675.bmp	8,662783E-1	1,741732E+0	-3,769540E-3	-3,807953E-3
20220408 12:33:45,680	c_0_1150_20220408_12_33_45,680.bmp	8,650056E-1	1,757007E+0	2,594737E-3	2,557098E-3
20220408 12:33:51,685	c_0_1151_20220408_12_33_51,685.bmp	8,713691E-1	1,781194E+0	2,594737E-3	-1,261932E-3
20220408 12:33:57,687	c_0_1152_20220408_12_33_57,687.bmp	8,828236E-1	1,802834E+0	-3,769540E-3	1,107786E-5
20220408 12:34:03,692	c_0_1153_20220408_12_34_03,692.bmp	8,866418E-1	1,818110E+0	-3,769540E-3	-1,261932E-3
20220408 12:34:09,695	c_0_1154_20220408_12_34_09,695.bmp	8,879145E-1	1,835932E+0	1,321881E-3	2,557098E-3
20220408 12:34:15,696	c_0_1155_20220408_12_34_15,696.bmp	8,917326E-1	1,861391E+0	4,902598E-5	-3,807953E-3
20220408 12:34:21,700	c_0_1156_20220408_12_34_21,700.bmp	8,955508E-1	1,877940E+0	-3,769540E-3	1,107786E-5
20220408 12:34:27,701	c_0_1157_20220408_12_34_27,701.bmp	9,070052E-1	1,899580E+0	4,902598E-5	1,284088E-3
20220408 12:34:33,705	c_0_1158_20220408_12_34_33,705.bmp	9,057325E-1	1,919948E+0	-1,223829E-3	1,107786E-5
20220408 12:34:39,709	c_0_1159_20220408_12_34_39,709.bmp	9,082780E-1	1,939043E+0	1,321881E-3	1,284088E-3
20220408 12:34:45,715	c_0_1160_20220408_12_34_45,715.bmp	9,171870E-1	1,955591E+0	4,902598E-5	3,830109E-3
20220408 12:34:51,724	c_0_1161_20220408_12_34_51,724.bmp	9,222779E-1	1,981051E+0	4,902598E-5	-2,534943E-3
20220408 12:34:57,731	c_0_1162_20220408_12_34_57,731.bmp	9,273687E-1	2,000145E+0	-1,223829E-3	1,107786E-5
20220408 12:35:03,735	c_0_1163_20220408_12_35_03,735.bmp	9,337323E-1	2,015421E+0	4,902598E-5	2,557098E-3
20220408 12:35:09,740	c_0_1164_20220408_12_35_09,740.bmp	9,400959E-1	2,043426E+0	-3,769540E-3	1,107786E-5
20220408 12:35:15,741	c_0_1165_20220408_12_35_15,741.bmp	9,413686E-1	2,057429E+0	4,902598E-5	2,557098E-3
20220408 12:35:21,743	c_0_1166_20220408_12_35_21,743.bmp	9,439141E-1	2,079070E+0	-1,223829E-3	-1,261932E-3
20220408 12:35:27,745	c_0_1167_20220408_12_35_27,745.bmp	9,464595E-1	2,103256E+0	-2,496685E-3	-3,807953E-3
20220408 12:35:33,750	c_0_1168_20220408_12_35_33,750.bmp	8,624601E-1	2,115986E+0	4,902598E-5	2,557098E-3
20220408 12:35:39,755	c_0_1169_20220408_12_35_39,755.bmp	8,560965E-1	2,138899E+0	3,867592E-3	-1,261932E-3
20220408 12:35:45,756	c_0_1170_20220408_12_35_45,756.bmp	8,662783E-1	2,159267E+0	-1,223829E-3	-1,261932E-3
20220408 12:35:51,760	c_0_1171_20220408_12_35_51,760.bmp	8,713691E-1	2,183453E+0	-1,223829E-3	-3,807953E-3
20220408 12:35:57,762	c_0_1172_20220408_12_35_57,762.bmp	8,777327E-1	2,200002E+0	1,321881E-3	1,107786E-5
20220408 12:36:03,764	c_0_1173_20220408_12_36_03,764.bmp	8,777327E-1	2,217824E+0	1,321881E-3	-1,261932E-3
20220408 12:36:09,766	c_0_1174_20220408_12_36_09,766.bmp	8,891872E-1	2,240737E+0	-3,769540E-3	-1,261932E-3
20220408 12:36:15,768	c_0_1175_20220408_12_36_15,768.bmp	8,955508E-1	2,254740E+0	4,902598E-5	1,284088E-3
20220408 12:36:21,771	c_0_1176_20220408_12_36_21,771.bmp	9,019144E-1	2,278926E+0	-1,223829E-3	1,107786E-5
20220408 12:36:27,772	c_0_1177_20220408_12_36_27,772.bmp	9,108234E-1	2,298021E+0	-1,223829E-3	-1,261932E-3
20220408 12:36:33,773	c_0_1178_20220408_12_36_33,773.bmp	9,133688E-1	2,314569E+0	-1,223829E-3	2,557098E-3
20220408 12:36:39,779	c_0_1179_20220408_12_36_39,779.bmp	9,184597E-1	2,336210E+0	3,867592E-3	1,107786E-5
20220408 12:36:45,780	c_0_1180_20220408_12_36_45,780.bmp	9,235506E-1	2,357851E+0	4,902598E-5	1,107786E-5
20220408 12:36:51,780	c_0_1181_20220408_12_36_51,780.bmp	9,260960E-1	2,375672E+0	2,594737E-3	2,557098E-3
20220408 12:36:57,784	c_0_1182_20220408_12_36_57,784.bmp	9,273687E-1	2,398586E+0	2,594737E-3	-1,261932E-3
20220408 12:37:03,789	c_0_1183_20220408_12_37_03,789.bmp	9,388232E-1	2,421499E+0	-5,042396E-3	-3,807953E-3
20220408 12:37:09,793	c_0_1184_20220408_12_37_09,793.bmp	9,235506E-1	2,439321E+0	2,594737E-3	-1,261932E-3
20220408 12:37:15,798	c_0_1185_20220408_12_37_15,798.bmp	9,019144E-1	2,458415E+0	4,902598E-5	-1,261932E-3
20220408 12:37:21,800	c_0_1186_20220408_12_37_21,800.bmp	8,891872E-1	2,481329E+0	4,902598E-5	-2,534943E-3
20220408 12:37:27,804	c_0_1187_20220408_12_37_27,804.bmp	8,866418E-1	2,495332E+0	-1,223829E-3	3,830109E-3
20220408 12:37:33,805	c_0_1188_20220408_12_37_33,805.bmp	8,879145E-1	2,515699E+0	3,867592E-3	3,830109E-3
20220408 12:37:39,806	c_0_1189_20220408_12_37_39,806.bmp	8,904599E-1	2,538613E+0	-2,496685E-3	1,107786E-5
20220408 12:37:45,809	c_0_1190_20220408_12_37_45,809.bmp	8,917326E-1	2,561526E+0	4,902598E-5	-3,807953E-3
20220408 12:37:51,814	c_0_1191_20220408_12_37_51,814.bmp	8,993689E-1	2,575529E+0	4,902598E-5	2,557098E-3
20220408 12:37:57,816	c_0_1192_20220408_12_37_57,816.bmp	8,930054E-1	2,594623E+0	1,321881E-3	2,557098E-3
20220408 12:38:03,820	c_0_1193_20220408_12_38_03,820.bmp	9,082780E-1	2,618810E+0	-5,042396E-3	1,107786E-5
20220408 12:38:09,825	c_0_1194_20220408_12_38_09,825.bmp	9,044598E-1	2,640450E+0	3,867592E-3	-1,261932E-3
20220408 12:38:15,827	c_0_1195_20220408_12_38_15,827.bmp	8,942781E-1	2,662091E+0	-1,223829E-3	-3,807953E-3
20220408 12:38:21,828	c_0_1196_20220408_12_38_21,828.bmp	8,497329E-1	2,679913E+0	-1,223829E-3	1,107786E-5
20220408 12:38:27,833	c_0_1197_20220408_12_38_27,833.bmp	6,384618E-1	2,700280E+0	-1,223829E-3	1,107786E-5
20220408 12:38:33,838	c_0_1198_20220408_12_38_33,838.bmp	6,320982E-1	2,715556E+0	2,594737E-3	3,830109E-3
20220408 12:38:39,840	c_0_1199_20220408_12_38_39,840.bmp	6,346436E-1	2,735923E+0	4,902598E-5	2,557098E-3
20220408 12:38:45,845	c_0_1200_20220408_12_38_45,845.bmp	6,371891E-1	2,758837E+0	4,902598E-5	-1,261932E-3
20220408 12:38:51,849	c_0_1201_20220408_12_38_51,849.bmp	6,384618E-1	2,783023E+0	-3,769540E-3	-3,807953E-3
20220408 12:38:57,850	c_0_1202_20220408_12_38_57,850.bmp	6,371891E-1	2,798299E+0	-1,223829E-3	-1,261932E-3
20220408 12:39:03,851	c_0_1203_20220408_12_39_03,851.bmp	6,384618E-1	2,822486E+0	4,902598E-5	-3,807953E-3
20220408 12:39:09,853	c_0_1204_20220408_12_39_09,853.bmp	6,435526E-1	2,841580E+0	-2,496685E-3	-3,807953E-3
20220408 12:39:15,858	c_0_1205_20220408_12_39_15,858.bmp	6,397345E-1	2,858129E+0	4,902598E-5	-1,261932E-3
20220408 12:39:21,861	c_0_1206_20220408_12_39_21,861.bmp	6,448254E-1	2,883588E+0	-3,769540E-3	-3,807953E-3
20220408 12:39:27,866	c_0_1207_20220408_12_39_27,866.bmp	6,448254E-1	2,900137E+0	-3,769540E-3	1,107786E-5
20220408 12:39:33,870	c_0_1208_20220408_12_39_33,870.bmp	6,448254E-1	2,921777E+0	4,902598E-5	-3,807953E-3
20220408 12:39:39,872	c_0_1209_20220408_12_39_39,872.bmp	6,410072E-1	2,937053E+0	1,321881E-3	2,557098E-3
20220408 12:39:45,877	c_0_1210_20220408_12_39_45,877.bmp	6,435526E-1	2,953602E+0	4,902598E-5	1,284088E-3
20220408 12:39:51,881	c_0_1211_20220408_12_39_51,881.bmp	6,397345E-1	2,979061E+0	-1,223829E-3	1,107786E-5
20220408 12:39:57,884	c_0_1212_20220408_12_39_57,884.bmp	6,333709E-1	2,999429E+0	1,321881E-3	-1,261932E-3
20220408 12:40:03,888	c_0_1213_20220408_12_40_03,888.bmp	6,295528E-1	3,022342E+0	4,902598E-5	-3,807953E-3
20220408 12:40:09,889	c_0_1214_20220408_12_40_09,889.bmp	5,977348E-1	3,040164E+0	4,902598E-5	-3,807953E-3
20220408 12:40:15,890	c_0_1215_20220408_12_40_15,890.bmp	5,837349E-1	3,059258E+0	-1,223829E-3	1,107786E-5
20220408 12:40:21,893	c_0_1216_20220408_12_40_21,893.bmp	5,697350E-1	3,079626E+0	1,321881E-3	1,107786E-5
20220408 12:40:27,896	c_0_1217_20220408_12_40_27,896.bmp	5,620987E-1	3,096175E+0	4,902598E-5	3,830109E-3
20220408 12:40:33,901	c_0_1218_20220408_12_40_33,901.bmp	5,531897E-1	3,121634E+0	-3,769540E-3	-3,807953E-3
20220408 12:40:39,904	c_0_1219_20220408_12_40_39,904.bmp	5,391898E-1	3,135637E+0	4,902598E-5	3,830109E-3
20220408 12:40:45,907	c_0_1220_20220408_12_40_45,907.bmp	5,379171E-1	3,159823E+0	-1,223829E-3	1,107786E-5
20220408 12:40:51,909	c_0_1221_20220408_12_40_51,909.bmp	5,379171E-1	3,177645E+0	-3,769540E-3	1,107786E-5
20220408 12:40:57,910	c_0_1222_20220408_12_40_57,910.bmp	5,328262E-1	3,201831E+0	-1,223829E-3	-3,807953E-3
20220408 12:41:03,913	c_0_1223_20220408_12_41_03,913.bmp	5,379171E-1	3,217107E+0	-1,223829E-3	2,557098E-3
20220408 12:41:09,918	c_0_1224_20220408_12_41_09,918.bmp	5,430079E-1	3,243839E+0	-3,769540E-3	-3,807953E-3
20220408 12:41:15,919	c_0_1225_20220408_12_41_15,919.bmp	5,391898E-1	3,255296E+0	2,594737E-3	3,830109E-3
20220408 12:41:21,922	c_0_1226_20220408_12_41_21,922.bmp	5,455534E-1	3,274391E+0	3,867592E-3	3,830109E-3
20220408 12:41:27,923	c_0_1227_20220408_12_41_27,923.bmp	5,506442E-1	3,299850E+0	-1,223829E-3	1,107786E-5
20220408 12:41:33,926	c_0_1228_20220408_12_41_33,926.bmp	5,480988E-1	3,316399E+0	5,140448E-3	1,284088E-3
20220408 12:41:39,927	c_0_1229_20220408_12_41_39,927.bmp	5,595533E-1	3,341858E+0	1,321881E-3	-3,807953E-3
20220408 12:41:45,928	c_0_1230_20220408_12_41_45,928.bmp	5,608260E-1	3,355861E+0	1,321881E-3	2,557098E-3
20220408 12:41:51,931	c_0_1231_20220408_12_41_51,931.bmp	5,659169E-1	3,378775E+0	-3,769540E-3	1,107786E-5
20220408 12:41:57,934	c_0_1232_20220408_12_41_57,934.bmp	5,646441E-1	3,399142E+0	1,321881E-3	-1,261932E-3
20220408 12:42:03,935	c_0_1233_20220408_12_42_03,935.bmp	5,710077E-1	3,422056E+0	-3,769540E-3	-3,807953E-3
20220408 12:42:09,935	c_0_1234_20220408_12_42_09,935.bmp	5,710077E-1	3,437331E+0	-2,496685E-3	1,107786E-5
20220408 12:42:15,936	c_0_1235_20220408_12_42_15,936.bmp	5,722804E-1	3,462791E+0	-3,769540E-3	-3,807953E-3
20220408 12:42:21,940	c_0_1236_20220408_12_42_21,940.bmp	5,786440E-1	3,483158E+0	-1,223829E-3	-1,261932E-3
20220408 12:42:27,941	c_0_1237_20220408_12_42_27,941.bmp	5,824622E-1	3,502253E+0	-3,769540E-3	-3,807953E-3
20220408 12:42:33,942	c_0_1238_20220408_12_42_33,942.bmp	5,837349E-1	3,521347E+0	-2,496685E-3	-3,807953E-3
20220408 12:42:39,945	c_0_1239_20220408_12_42_39,945.bmp	5,811895E-1	3,537896E+0	1,321881E-3	1,107786E-5
20220408 12:42:45,946	c_0_1240_20220408_12_42_45,946.bmp	5,862803E-1	3,558264E+0	2,594737E-3	-3,807953E-3
20220408 12:42:51,952	c_0_1241_20220408_12_42_51,952.bmp	5,888258E-1	3,579904E+0	-2,496685E-3	-1,261932E-3
20220408 12:42:57,956	c_0_1242_20220408_12_42_57,956.bmp	5,964621E-1	3,598999E+0	-1,223829E-3	1,107786E-5
20220408 12:43:03,960	c_0_1243_20220408_12_43_03,960.bmp	5,939167E-1	3,606637E+0	2,594737E-3	-1,261932E-3
