-1.657162127793908242e-05
8.806193452108327922e-06
2.347674403583994897e-03
1.204294657302752702e-02
3.001980584004119643e-02
6.092928476860957204e-02
9.312292571543223652e-02
1.351966527534633755e-01
1.866312830514942900e-01
2.447521116477784087e-01
3.242682623325618962e-01
4.070129068371898251e-01
4.794306555471575249e-01
5.760511395485106156e-01
6.816281958220348214e-01
7.685806577707927634e-01
8.775706602352872920e-01
9.840082355938098990e-01
1.035876779866221176e+00
1.029623568690683832e+00
8.317561269635395105e-01
7.447983260940684858e-01
6.839436620719938631e-01
6.282918984653634853e-01
6.047599494516426866e-01
5.796458805932747094e-01
5.714084460655437514e-01
5.600068842980525652e-01
5.454849013875342489e-01
5.067837516484872129e-01
4.853076941950278389e-01
4.800261135777806887e-01
5.010179623519165348e-01
5.254374922922937508e-01
5.592467960985234576e-01
5.866244491149265050e-01
6.108079340371604937e-01
6.256600012188563431e-01
6.711387676332004615e-01
7.053093231757668891e-01
7.349715342330406243e-01
7.645389149896311132e-01
7.948457212294496310e-01
7.940786279995154517e-01
7.980163675507336851e-01
7.621452729198332499e-01
6.305213466880043027e-01
5.853276299355850698e-01
5.321829464829421763e-01
5.308718703193640032e-01
5.031193800830471297e-01
5.033962184169191723e-01
5.053498244247527360e-01
5.161951081785085549e-01
5.354642040517698653e-01
5.535098243107176019e-01
5.671718585585537875e-01
5.879190228306672150e-01
6.021126772103057023e-01
6.226241547315150004e-01
6.447407638483951819e-01
6.369167151238420699e-01
6.542971810418266587e-01
6.731570586980157866e-01
6.852747192122163877e-01
6.995049290156225563e-01
7.113666708988144460e-01
7.302249822877596719e-01
7.358952374805605157e-01
7.248568559142514189e-01
5.890147077343632631e-01
5.790436917304613296e-01
5.870694754804839377e-01
5.991978888521840574e-01
6.117598908214989528e-01
6.228984248756287423e-01
6.329160400869747738e-01
6.518016527383893033e-01
6.542886329301151882e-01
6.613788893674854563e-01
6.392978525328018025e-01
6.392930297554234587e-01
6.404077758944779486e-01
6.299495497194472771e-01
6.333913007267109041e-01
6.022829317583129338e-01
6.136626928211972309e-01
6.070423092940139265e-01
6.219674581068466157e-01
6.230796328122252259e-01
6.328484473124612597e-01
6.484540903213558138e-01
6.562682558960880597e-01
6.585516607796443322e-01
6.700399347812039386e-01
6.783704996847949031e-01
6.912507019362732485e-01
6.955584269919180551e-01
7.023125620135309832e-01
7.136294272520543602e-01
7.236461465967671813e-01
7.335482338388364942e-01
7.419895713501926116e-01
7.568591132481251593e-01
7.619350125967697673e-01
7.697268874698071084e-01
7.801987950688453743e-01
7.126014173263046647e-01
7.144722310025218848e-01
7.293128289543837628e-01
7.412659085672069770e-01
7.517813894861499202e-01
7.573105457223867631e-01
7.739738904607726955e-01
7.843843464803567089e-01
7.972532359777708688e-01
8.112758275608829006e-01
8.194013364396487420e-01
8.316725111493856737e-01
8.440290906533185478e-01
8.521238169910114735e-01
8.615251197904129077e-01
8.772656410284628281e-01
8.598763326577619770e-01
8.377874031917441622e-01
8.206841806111340176e-01
8.171699942561074792e-01
8.232867085895997361e-01
8.302561240768089323e-01
8.377763517589265074e-01
8.489772332394828203e-01
8.486279728013567114e-01
8.711877900161799637e-01
8.740850301976753611e-01
8.707222454374099474e-01
8.192077758502652740e-01
6.032749962346874995e-01
5.850605862844937555e-01
5.764944197283683458e-01
5.807196392420245212e-01
5.869807343558473001e-01
5.890261678277179946e-01
5.945566874981877969e-01
6.029731274821469311e-01
6.010014415260350740e-01
6.096551326239569857e-01
6.127717079591407101e-01
6.169594101227355853e-01
6.149801618577404039e-01
6.189776837667680942e-01
6.202248301295597566e-01
6.178710553844656284e-01
6.211440901279701166e-01
5.784972079971153480e-01
5.573560380374162904e-01
5.345952610347564082e-01
5.197194599419646677e-01
5.130643753450331301e-01
4.992190440595833945e-01
5.016004203079897916e-01
5.027359231156663943e-01
5.014876160417572892e-01
5.086945585407242065e-01
5.177757124620028240e-01
5.159509167879422487e-01
5.242229001091252005e-01
5.332286207987002591e-01
5.334255464639430233e-01
5.487539224981045072e-01
5.526152122083429763e-01
5.614391172642473338e-01
5.632384391446277894e-01
5.734258420590123695e-01
5.759854377340835052e-01
5.825207340614753093e-01
5.921313370422645050e-01
5.996412463974710727e-01
6.038900849651516189e-01
6.044203218611046147e-01
6.128820253848052957e-01
6.196328692015115047e-01
6.310166449401384270e-01
6.282518004881915141e-01
