20220408 13:39:26,202	c_0_1427_20220408_13_39_26,202.bmp	-3,098783E-2	-2,006227E-2	1,321881E-3	2,557098E-3
20220408 13:39:32,205	c_0_1428_20220408_13_39_32,205.bmp	-4,425969E-4	-1,497038E-2	1,321881E-3	1,107786E-5
20220408 13:39:38,209	c_0_1429_20220408_13_39_38,209.bmp	9,246581E-2	1,812690E-2	-3,769540E-3	-1,261932E-3
20220408 13:39:44,210	c_0_1430_20220408_13_39_44,210.bmp	2,464647E-1	3,340257E-2	4,902598E-5	3,830109E-3
20220408 13:39:50,214	c_0_1431_20220408_13_39_50,214.bmp	4,220997E-1	5,886203E-2	4,902598E-5	1,107786E-5
20220408 13:39:56,219	c_0_1432_20220408_13_39_56,219.bmp	6,104620E-1	7,413770E-2	4,902598E-5	3,830109E-3
20220408 13:40:02,221	c_0_1433_20220408_13_40_02,221.bmp	8,039151E-1	9,450526E-2	2,594737E-3	1,284088E-3
20220408 13:40:08,224	c_0_1434_20220408_13_40_08,224.bmp	1,006277E+0	1,174188E-1	-1,223829E-3	-1,261932E-3
20220408 13:40:14,229	c_0_1435_20220408_13_40_14,229.bmp	1,208639E+0	1,403323E-1	-5,042396E-3	-3,807953E-3
20220408 13:40:20,234	c_0_1436_20220408_13_40_20,234.bmp	1,403365E+0	1,606998E-1	4,902598E-5	-3,807953E-3
20220408 13:40:26,235	c_0_1437_20220408_13_40_26,235.bmp	1,600636E+0	1,772485E-1	1,321881E-3	-1,261932E-3
20220408 13:40:32,238	c_0_1438_20220408_13_40_32,238.bmp	1,799180E+0	1,925241E-1	4,902598E-5	2,557098E-3
20220408 13:40:38,239	c_0_1439_20220408_13_40_38,239.bmp	1,995179E+0	2,167106E-1	-1,223829E-3	1,107786E-5
20220408 13:40:44,242	c_0_1440_20220408_13_40_44,242.bmp	2,187359E+0	2,383512E-1	2,594737E-3	1,107786E-5
20220408 13:40:50,246	c_0_1441_20220408_13_40_50,246.bmp	2,382085E+0	2,574458E-1	-1,223829E-3	1,107786E-5
20220408 13:40:56,251	c_0_1442_20220408_13_40_56,251.bmp	2,561538E+0	2,803593E-1	-1,223829E-3	-3,807953E-3
20220408 13:41:02,254	c_0_1443_20220408_13_41_02,254.bmp	2,743537E+0	2,981809E-1	4,902598E-5	1,107786E-5
20220408 13:41:08,257	c_0_1444_20220408_13_41_08,257.bmp	2,914081E+0	3,198214E-1	-3,769540E-3	-3,807953E-3
20220408 13:41:14,260	c_0_1445_20220408_13_41_14,260.bmp	3,079535E+0	3,401890E-1	-5,042396E-3	-3,807953E-3
20220408 13:41:20,265	c_0_1446_20220408_13_41_20,265.bmp	3,229715E+0	3,567376E-1	4,902598E-5	-1,261932E-3
20220408 13:41:26,269	c_0_1447_20220408_13_41_26,269.bmp	3,368442E+0	3,796511E-1	-3,769540E-3	-3,807953E-3
20220408 13:41:32,274	c_0_1448_20220408_13_41_32,274.bmp	3,495713E+0	3,974727E-1	4,902598E-5	1,107786E-5
20220408 13:41:38,278	c_0_1449_20220408_13_41_38,278.bmp	3,603894E+0	4,152944E-1	4,902598E-5	2,557098E-3
20220408 13:41:44,280	c_0_1450_20220408_13_41_44,280.bmp	3,687894E+0	4,369349E-1	1,321881E-3	2,557098E-3
20220408 13:41:50,283	c_0_1451_20220408_13_41_50,283.bmp	3,764257E+0	4,611214E-1	-2,496685E-3	-3,807953E-3
20220408 13:41:56,289	c_0_1452_20220408_13_41_56,289.bmp	3,796075E+0	4,763970E-1	-5,042396E-3	-1,261932E-3
20220408 13:42:02,292	c_0_1453_20220408_13_42_02,292.bmp	3,760439E+0	4,942187E-1	4,902598E-5	2,557098E-3
20220408 13:42:08,298	c_0_1454_20220408_13_42_08,298.bmp	3,690439E+0	5,145862E-1	2,594737E-3	2,557098E-3
20220408 13:42:14,301	c_0_1455_20220408_13_42_14,301.bmp	3,449896E+0	5,362268E-1	-1,223829E-3	1,107786E-5
20220408 13:42:20,304	c_0_1456_20220408_13_42_20,304.bmp	3,233534E+0	5,565943E-1	4,902598E-5	-3,807953E-3
20220408 13:42:26,307	c_0_1457_20220408_13_42_26,307.bmp	3,160989E+0	5,756889E-1	-1,223829E-3	-1,261932E-3
20220408 13:42:32,308	c_0_1458_20220408_13_42_32,308.bmp	3,111353E+0	5,960565E-1	4,902598E-5	1,107786E-5
20220408 13:42:38,311	c_0_1459_20220408_13_42_38,311.bmp	3,102444E+0	6,176970E-1	4,902598E-5	-1,261932E-3
20220408 13:42:44,316	c_0_1460_20220408_13_42_44,316.bmp	3,101171E+0	6,380646E-1	1,321881E-3	1,107786E-5
20220408 13:42:50,317	c_0_1461_20220408_13_42_50,317.bmp	3,009535E+0	6,533402E-1	4,902598E-5	3,830109E-3
20220408 13:42:56,320	c_0_1462_20220408_13_42_56,320.bmp	2,888627E+0	6,787997E-1	-3,769540E-3	-1,261932E-3
20220408 13:43:02,321	c_0_1463_20220408_13_43_02,321.bmp	2,864445E+0	6,991672E-1	4,902598E-5	1,107786E-5
20220408 13:43:08,330	c_0_1464_20220408_13_43_08,330.bmp	2,854264E+0	7,157159E-1	-1,223829E-3	2,557098E-3
20220408 13:43:14,335	c_0_1465_20220408_13_43_14,335.bmp	2,835173E+0	7,399024E-1	-2,496685E-3	-3,807953E-3
20220408 13:43:20,339	c_0_1466_20220408_13_43_20,339.bmp	2,774082E+0	7,589970E-1	-5,042396E-3	-3,807953E-3
20220408 13:43:26,340	c_0_1467_20220408_13_43_26,340.bmp	2,698992E+0	7,793645E-1	-1,223829E-3	1,107786E-5
20220408 13:43:32,342	c_0_1468_20220408_13_43_32,342.bmp	2,634083E+0	7,984591E-1	4,902598E-5	1,107786E-5
20220408 13:43:38,343	c_0_1469_20220408_13_43_38,343.bmp	2,570448E+0	8,200996E-1	-3,769540E-3	-3,807953E-3
20220408 13:43:44,348	c_0_1470_20220408_13_43_44,348.bmp	2,501721E+0	8,379213E-1	4,902598E-5	-1,261932E-3
20220408 13:43:50,354	c_0_1471_20220408_13_43_50,354.bmp	2,444448E+0	8,544699E-1	1,321881E-3	2,557098E-3
20220408 13:43:56,357	c_0_1472_20220408_13_43_56,357.bmp	2,416449E+0	8,761104E-1	4,902598E-5	2,557098E-3
20220408 13:44:02,360	c_0_1473_20220408_13_44_02,360.bmp	2,397358E+0	9,015699E-1	-5,042396E-3	-3,807953E-3
20220408 13:44:08,364	c_0_1474_20220408_13_44_08,364.bmp	2,393540E+0	9,168456E-1	-1,223829E-3	-1,261932E-3
20220408 13:44:14,369	c_0_1475_20220408_13_44_14,369.bmp	2,387176E+0	9,372131E-1	3,867592E-3	1,107786E-5
20220408 13:44:20,372	c_0_1476_20220408_13_44_20,372.bmp	2,383358E+0	9,575807E-1	-1,223829E-3	-1,261932E-3
20220408 13:44:26,378	c_0_1477_20220408_13_44_26,378.bmp	2,376994E+0	9,728564E-1	2,594737E-3	2,557098E-3
20220408 13:44:32,384	c_0_1478_20220408_13_44_32,384.bmp	2,362995E+0	9,983158E-1	1,321881E-3	1,107786E-5
20220408 13:44:38,386	c_0_1479_20220408_13_44_38,386.bmp	2,343904E+0	1,017410E+0	1,321881E-3	1,107786E-5
20220408 13:44:44,389	c_0_1480_20220408_13_44_44,389.bmp	2,327358E+0	1,040324E+0	-3,769540E-3	-3,807953E-3
20220408 13:44:50,390	c_0_1481_20220408_13_44_50,390.bmp	2,278995E+0	1,056873E+0	4,902598E-5	1,284088E-3
20220408 13:44:56,394	c_0_1482_20220408_13_44_56,394.bmp	2,258632E+0	1,078513E+0	4,902598E-5	1,107786E-5
20220408 13:45:02,399	c_0_1483_20220408_13_45_02,399.bmp	2,245904E+0	1,095062E+0	3,867592E-3	1,107786E-5
20220408 13:45:08,403	c_0_1484_20220408_13_45_08,403.bmp	2,259904E+0	1,120521E+0	-3,769540E-3	1,107786E-5
20220408 13:45:14,404	c_0_1485_20220408_13_45_14,404.bmp	2,275177E+0	1,138343E+0	-3,769540E-3	-1,261932E-3
20220408 13:45:20,409	c_0_1486_20220408_13_45_20,409.bmp	2,284086E+0	1,153618E+0	3,867592E-3	3,830109E-3
20220408 13:45:26,412	c_0_1487_20220408_13_45_26,412.bmp	2,313359E+0	1,176532E+0	4,902598E-5	-1,261932E-3
20220408 13:45:32,413	c_0_1488_20220408_13_45_32,413.bmp	2,336267E+0	1,196900E+0	-3,769540E-3	1,107786E-5
20220408 13:45:38,418	c_0_1489_20220408_13_45_38,418.bmp	2,362995E+0	1,219813E+0	-3,769540E-3	1,107786E-5
20220408 13:45:44,428	c_0_1490_20220408_13_45_44,428.bmp	2,383358E+0	1,237635E+0	-2,496685E-3	1,107786E-5
20220408 13:45:50,435	c_0_1491_20220408_13_45_50,435.bmp	2,402449E+0	1,258002E+0	-3,769540E-3	1,107786E-5
20220408 13:45:56,438	c_0_1492_20220408_13_45_56,438.bmp	2,422812E+0	1,273278E+0	4,902598E-5	2,557098E-3
20220408 13:46:02,442	c_0_1493_20220408_13_46_02,442.bmp	2,435539E+0	1,293645E+0	2,594737E-3	2,557098E-3
20220408 13:46:08,447	c_0_1494_20220408_13_46_08,447.bmp	2,458448E+0	1,319105E+0	-3,769540E-3	-3,807953E-3
20220408 13:46:14,451	c_0_1495_20220408_13_46_14,451.bmp	2,460994E+0	1,336927E+0	4,902598E-5	1,284088E-3
20220408 13:46:20,452	c_0_1496_20220408_13_46_20,452.bmp	2,458448E+0	1,358567E+0	3,867592E-3	1,107786E-5
20220408 13:46:26,454	c_0_1497_20220408_13_46_26,454.bmp	2,464812E+0	1,380208E+0	-3,769540E-3	-3,807953E-3
20220408 13:46:32,455	c_0_1498_20220408_13_46_32,455.bmp	2,476266E+0	1,398029E+0	-3,769540E-3	1,107786E-5
20220408 13:46:38,458	c_0_1499_20220408_13_46_38,458.bmp	2,485175E+0	1,419670E+0	-1,223829E-3	-3,807953E-3
20220408 13:46:44,459	c_0_1500_20220408_13_46_44,459.bmp	2,490266E+0	1,434945E+0	4,902598E-5	2,557098E-3
20220408 13:46:50,462	c_0_1501_20220408_13_46_50,462.bmp	2,481357E+0	1,455313E+0	2,594737E-3	1,107786E-5
20220408 13:46:56,465	c_0_1502_20220408_13_46_56,465.bmp	2,473721E+0	1,473135E+0	1,321881E-3	2,557098E-3
20220408 13:47:02,469	c_0_1503_20220408_13_47_02,469.bmp	2,474994E+0	1,494775E+0	2,594737E-3	2,557098E-3
20220408 13:47:08,470	c_0_1504_20220408_13_47_08,470.bmp	2,457176E+0	1,516416E+0	-3,769540E-3	1,284088E-3
20220408 13:47:14,476	c_0_1505_20220408_13_47_14,476.bmp	2,397358E+0	1,538056E+0	1,321881E-3	1,284088E-3
20220408 13:47:20,483	c_0_1506_20220408_13_47_20,483.bmp	2,360449E+0	1,558424E+0	4,902598E-5	-1,261932E-3
20220408 13:47:26,487	c_0_1507_20220408_13_47_26,487.bmp	2,333722E+0	1,578791E+0	1,321881E-3	-1,261932E-3
20220408 13:47:32,492	c_0_1508_20220408_13_47_32,492.bmp	2,343904E+0	1,601705E+0	-3,769540E-3	-3,807953E-3
20220408 13:47:38,493	c_0_1509_20220408_13_47_38,493.bmp	2,337540E+0	1,618253E+0	3,867592E-3	1,107786E-5
20220408 13:47:44,496	c_0_1510_20220408_13_47_44,496.bmp	2,357904E+0	1,639894E+0	-3,769540E-3	1,107786E-5
20220408 13:47:50,497	c_0_1511_20220408_13_47_50,497.bmp	2,368085E+0	1,658989E+0	-2,496685E-3	1,284088E-3
20220408 13:47:56,498	c_0_1512_20220408_13_47_56,498.bmp	2,371904E+0	1,678083E+0	2,594737E-3	1,107786E-5
20220408 13:48:02,503	c_0_1513_20220408_13_48_02,503.bmp	2,392267E+0	1,702270E+0	-2,496685E-3	-3,807953E-3
20220408 13:48:08,508	c_0_1514_20220408_13_48_08,508.bmp	2,404994E+0	1,716272E+0	4,902598E-5	3,830109E-3
20220408 13:48:14,513	c_0_1515_20220408_13_48_14,513.bmp	2,422812E+0	1,737913E+0	4,902598E-5	1,107786E-5
20220408 13:48:20,515	c_0_1516_20220408_13_48_20,515.bmp	2,431721E+0	1,753189E+0	1,321881E-3	-1,261932E-3
20220408 13:48:26,524	c_0_1517_20220408_13_48_26,524.bmp	2,448267E+0	1,776102E+0	-1,223829E-3	1,107786E-5
20220408 13:48:32,526	c_0_1518_20220408_13_48_32,526.bmp	2,459721E+0	1,801562E+0	-3,769540E-3	-3,807953E-3
20220408 13:48:38,527	c_0_1519_20220408_13_48_38,527.bmp	2,466085E+0	1,814291E+0	2,594737E-3	1,107786E-5
20220408 13:48:44,532	c_0_1520_20220408_13_48_44,532.bmp	2,476266E+0	1,833386E+0	2,594737E-3	3,830109E-3
20220408 13:48:50,533	c_0_1521_20220408_13_48_50,533.bmp	2,486448E+0	1,861391E+0	4,902598E-5	-3,807953E-3
20220408 13:48:56,536	c_0_1522_20220408_13_48_56,536.bmp	2,495357E+0	1,876667E+0	-1,223829E-3	-2,534943E-3
20220408 13:49:02,540	c_0_1523_20220408_13_49_02,540.bmp	2,501721E+0	1,897034E+0	4,902598E-5	-1,261932E-3
20220408 13:49:08,545	c_0_1524_20220408_13_49_08,545.bmp	2,516993E+0	1,917402E+0	-3,769540E-3	-1,261932E-3
20220408 13:49:14,547	c_0_1525_20220408_13_49_14,547.bmp	2,524630E+0	1,939043E+0	-1,223829E-3	1,107786E-5
20220408 13:49:20,551	c_0_1526_20220408_13_49_20,551.bmp	2,529721E+0	1,954318E+0	-2,496685E-3	2,557098E-3
20220408 13:49:26,552	c_0_1527_20220408_13_49_26,552.bmp	2,534811E+0	1,973413E+0	4,902598E-5	2,557098E-3
20220408 13:49:32,557	c_0_1528_20220408_13_49_32,557.bmp	2,538630E+0	1,996326E+0	4,902598E-5	1,107786E-5
20220408 13:49:38,561	c_0_1529_20220408_13_49_38,561.bmp	2,539902E+0	2,017967E+0	-3,769540E-3	-3,807953E-3
20220408 13:49:44,563	c_0_1530_20220408_13_49_44,563.bmp	2,533539E+0	2,038334E+0	2,594737E-3	1,284088E-3
20220408 13:49:50,568	c_0_1531_20220408_13_49_50,568.bmp	2,524630E+0	2,053610E+0	2,594737E-3	2,557098E-3
20220408 13:49:56,569	c_0_1532_20220408_13_49_56,569.bmp	2,496630E+0	2,077797E+0	1,321881E-3	1,107786E-5
20220408 13:50:02,575	c_0_1533_20220408_13_50_02,575.bmp	2,471176E+0	2,094345E+0	4,902598E-5	3,830109E-3
20220408 13:50:08,576	c_0_1534_20220408_13_50_08,576.bmp	2,435539E+0	2,118532E+0	-1,223829E-3	1,107786E-5
20220408 13:50:14,581	c_0_1535_20220408_13_50_14,581.bmp	2,385903E+0	2,132534E+0	3,867592E-3	3,830109E-3
20220408 13:50:20,582	c_0_1536_20220408_13_50_20,582.bmp	2,356631E+0	2,155448E+0	3,867592E-3	2,557098E-3
20220408 13:50:26,587	c_0_1537_20220408_13_50_26,587.bmp	2,329904E+0	2,177088E+0	1,321881E-3	1,107786E-5
20220408 13:50:32,588	c_0_1538_20220408_13_50_32,588.bmp	2,277722E+0	2,193637E+0	3,867592E-3	3,830109E-3
20220408 13:50:38,592	c_0_1539_20220408_13_50_38,592.bmp	2,252268E+0	2,220369E+0	-3,769540E-3	-3,807953E-3
20220408 13:50:44,597	c_0_1540_20220408_13_50_44,597.bmp	2,234450E+0	2,235645E+0	-3,769540E-3	1,107786E-5
20220408 13:50:50,598	c_0_1541_20220408_13_50_50,598.bmp	2,215359E+0	2,253467E+0	4,902598E-5	3,830109E-3
20220408 13:50:56,599	c_0_1542_20220408_13_50_56,599.bmp	2,206450E+0	2,276380E+0	3,867592E-3	1,107786E-5
20220408 13:51:02,602	c_0_1543_20220408_13_51_02,602.bmp	2,187359E+0	2,300567E+0	-1,223829E-3	-2,534943E-3
20220408 13:51:08,604	c_0_1544_20220408_13_51_08,604.bmp	2,187359E+0	2,317115E+0	4,902598E-5	1,284088E-3
20220408 13:51:14,607	c_0_1545_20220408_13_51_14,607.bmp	2,179723E+0	2,336210E+0	-2,496685E-3	1,107786E-5
20220408 13:51:20,612	c_0_1546_20220408_13_51_20,612.bmp	2,178450E+0	2,357851E+0	-3,769540E-3	1,284088E-3
20220408 13:51:26,616	c_0_1547_20220408_13_51_26,616.bmp	2,169541E+0	2,374399E+0	4,902598E-5	2,557098E-3
20220408 13:51:32,621	c_0_1548_20220408_13_51_32,621.bmp	2,169541E+0	2,401132E+0	1,321881E-3	-2,534943E-3
20220408 13:51:38,623	c_0_1549_20220408_13_51_38,623.bmp	2,155541E+0	2,416407E+0	4,902598E-5	1,107786E-5
20220408 13:51:44,624	c_0_1550_20220408_13_51_44,624.bmp	2,132633E+0	2,436775E+0	4,902598E-5	1,107786E-5
20220408 13:51:50,628	c_0_1551_20220408_13_51_50,628.bmp	2,116087E+0	2,457142E+0	-2,496685E-3	1,107786E-5
20220408 13:51:56,635	c_0_1552_20220408_13_51_56,635.bmp	2,095724E+0	2,473691E+0	2,594737E-3	2,557098E-3
20220408 13:52:02,637	c_0_1553_20220408_13_52_02,637.bmp	2,081724E+0	2,494059E+0	3,867592E-3	2,557098E-3
20220408 13:52:08,639	c_0_1554_20220408_13_52_08,639.bmp	2,072815E+0	2,515699E+0	4,902598E-5	1,107786E-5
20220408 13:52:14,640	c_0_1555_20220408_13_52_14,640.bmp	2,060088E+0	2,532248E+0	3,867592E-3	2,557098E-3
20220408 13:52:20,644	c_0_1556_20220408_13_52_20,644.bmp	2,043542E+0	2,556434E+0	-3,769540E-3	1,284088E-3
20220408 13:52:26,646	c_0_1557_20220408_13_52_26,646.bmp	2,026997E+0	2,575529E+0	-3,769540E-3	-1,261932E-3
20220408 13:52:32,647	c_0_1558_20220408_13_52_32,647.bmp	2,014270E+0	2,599715E+0	-3,769540E-3	-2,534943E-3
20220408 13:52:38,652	c_0_1559_20220408_13_52_38,652.bmp	2,005361E+0	2,618810E+0	-1,223829E-3	-3,807953E-3
20220408 13:52:44,653	c_0_1560_20220408_13_52_44,653.bmp	2,002815E+0	2,640450E+0	-2,496685E-3	-3,807953E-3
20220408 13:52:50,657	c_0_1561_20220408_13_52_50,657.bmp	2,001543E+0	2,653180E+0	1,321881E-3	3,830109E-3
20220408 13:52:56,662	c_0_1562_20220408_13_52_56,662.bmp	2,005361E+0	2,676094E+0	4,902598E-5	1,107786E-5
20220408 13:53:02,666	c_0_1563_20220408_13_53_02,666.bmp	2,006633E+0	2,692642E+0	2,594737E-3	3,830109E-3
20220408 13:53:08,670	c_0_1564_20220408_13_53_08,670.bmp	2,020633E+0	2,716829E+0	-3,769540E-3	1,107786E-5
20220408 13:53:14,676	c_0_1565_20220408_13_53_14,676.bmp	2,028270E+0	2,737196E+0	-5,042396E-3	1,107786E-5
20220408 13:53:20,678	c_0_1566_20220408_13_53_20,678.bmp	2,039724E+0	2,760110E+0	-3,769540E-3	-3,807953E-3
20220408 13:53:26,682	c_0_1567_20220408_13_53_26,682.bmp	2,044815E+0	2,777931E+0	4,902598E-5	1,107786E-5
20220408 13:53:32,683	c_0_1568_20220408_13_53_32,683.bmp	2,047360E+0	2,793207E+0	2,594737E-3	3,830109E-3
20220408 13:53:38,688	c_0_1569_20220408_13_53_38,688.bmp	2,063906E+0	2,814848E+0	1,321881E-3	2,557098E-3
20220408 13:53:44,692	c_0_1570_20220408_13_53_44,692.bmp	2,072815E+0	2,839034E+0	1,321881E-3	1,107786E-5
20220408 13:53:50,696	c_0_1571_20220408_13_53_50,696.bmp	2,085542E+0	2,859402E+0	-3,769540E-3	1,107786E-5
20220408 13:53:56,699	c_0_1572_20220408_13_53_56,699.bmp	2,086815E+0	2,877223E+0	1,321881E-3	-1,261932E-3
20220408 13:54:02,704	c_0_1573_20220408_13_54_02,704.bmp	2,099542E+0	2,900137E+0	4,902598E-5	-2,534943E-3
20220408 13:54:08,705	c_0_1574_20220408_13_54_08,705.bmp	2,105905E+0	2,914140E+0	-1,223829E-3	3,830109E-3
20220408 13:54:14,706	c_0_1575_20220408_13_54_14,706.bmp	2,110996E+0	2,938326E+0	4,902598E-5	-1,261932E-3
20220408 13:54:20,709	c_0_1576_20220408_13_54_20,709.bmp	2,114815E+0	2,953602E+0	3,867592E-3	2,557098E-3
20220408 13:54:26,710	c_0_1577_20220408_13_54_26,710.bmp	2,127542E+0	2,979061E+0	-3,769540E-3	-3,807953E-3
20220408 13:54:32,714	c_0_1578_20220408_13_54_32,714.bmp	2,126269E+0	2,996883E+0	-1,223829E-3	-1,261932E-3
20220408 13:54:38,715	c_0_1579_20220408_13_54_38,715.bmp	2,130087E+0	3,017250E+0	4,902598E-5	1,107786E-5
20220408 13:54:44,716	c_0_1580_20220408_13_54_44,716.bmp	2,128814E+0	3,037618E+0	1,321881E-3	-1,261932E-3
20220408 13:54:50,721	c_0_1581_20220408_13_54_50,721.bmp	2,127542E+0	3,059258E+0	-3,769540E-3	-3,807953E-3
20220408 13:54:56,728	c_0_1582_20220408_13_54_56,728.bmp	2,118633E+0	3,074534E+0	2,594737E-3	2,557098E-3
20220408 13:55:02,733	c_0_1583_20220408_13_55_02,733.bmp	2,109724E+0	3,097448E+0	-1,223829E-3	1,107786E-5
20220408 13:55:08,737	c_0_1584_20220408_13_55_08,737.bmp	2,085542E+0	3,116542E+0	2,594737E-3	1,107786E-5
20220408 13:55:14,740	c_0_1585_20220408_13_55_14,740.bmp	2,074088E+0	3,131818E+0	-1,223829E-3	3,830109E-3
20220408 13:55:20,743	c_0_1586_20220408_13_55_20,743.bmp	2,062633E+0	3,161096E+0	2,594737E-3	-3,807953E-3
20220408 13:55:26,746	c_0_1587_20220408_13_55_26,746.bmp	2,042270E+0	3,176372E+0	-1,223829E-3	1,107786E-5
20220408 13:55:32,751	c_0_1588_20220408_13_55_32,751.bmp	2,019361E+0	3,200558E+0	-3,769540E-3	-3,807953E-3
20220408 13:55:38,752	c_0_1589_20220408_13_55_38,752.bmp	1,993906E+0	3,217107E+0	2,594737E-3	-1,261932E-3
20220408 13:55:44,757	c_0_1590_20220408_13_55_44,757.bmp	1,968452E+0	3,236202E+0	1,321881E-3	1,107786E-5
20220408 13:55:50,763	c_0_1591_20220408_13_55_50,763.bmp	1,944270E+0	3,257842E+0	4,902598E-5	-1,261932E-3
20220408 13:55:56,769	c_0_1592_20220408_13_55_56,769.bmp	1,926452E+0	3,278210E+0	-1,223829E-3	1,107786E-5
20220408 13:56:02,772	c_0_1593_20220408_13_56_02,772.bmp	1,346093E+0	3,294758E+0	1,321881E-3	3,830109E-3
20220408 13:56:08,776	c_0_1594_20220408_13_56_08,776.bmp	1,323184E+0	3,317672E+0	4,902598E-5	-1,261932E-3
20220408 13:56:14,777	c_0_1595_20220408_13_56_14,777.bmp	1,320639E+0	3,334221E+0	3,867592E-3	2,557098E-3
20220408 13:56:20,780	c_0_1596_20220408_13_56_20,780.bmp	1,324457E+0	3,353315E+0	2,594737E-3	1,107786E-5
20220408 13:56:26,783	c_0_1597_20220408_13_56_26,783.bmp	1,337184E+0	3,376229E+0	4,902598E-5	1,107786E-5
20220408 13:56:32,786	c_0_1598_20220408_13_56_32,786.bmp	1,341002E+0	3,400415E+0	-5,042396E-3	1,107786E-5
20220408 13:56:38,792	c_0_1599_20220408_13_56_38,792.bmp	1,330820E+0	3,416964E+0	5,140448E-3	1,107786E-5
20220408 13:56:44,798	c_0_1600_20220408_13_56_44,798.bmp	1,333366E+0	3,432239E+0	2,594737E-3	2,557098E-3
20220408 13:56:50,802	c_0_1601_20220408_13_56_50,802.bmp	1,338457E+0	3,458972E+0	-2,496685E-3	-3,807953E-3
20220408 13:56:56,806	c_0_1602_20220408_13_56_56,806.bmp	1,338457E+0	3,480612E+0	-1,223829E-3	-3,807953E-3
20220408 13:57:02,807	c_0_1603_20220408_13_57_02,807.bmp	1,341002E+0	3,497161E+0	4,902598E-5	1,107786E-5
20220408 13:57:08,812	c_0_1604_20220408_13_57_08,812.bmp	1,342275E+0	3,518802E+0	-2,496685E-3	-2,534943E-3
20220408 13:57:14,820	c_0_1605_20220408_13_57_14,820.bmp	1,335911E+0	3,535350E+0	1,321881E-3	1,107786E-5
20220408 13:57:20,825	c_0_1606_20220408_13_57_20,825.bmp	1,329548E+0	3,553172E+0	2,594737E-3	1,107786E-5
20220408 13:57:26,830	c_0_1607_20220408_13_57_26,830.bmp	1,324457E+0	3,578631E+0	-3,769540E-3	1,107786E-5
20220408 13:57:32,832	c_0_1608_20220408_13_57_32,832.bmp	1,292639E+0	3,600272E+0	-3,769540E-3	-3,807953E-3
20220408 13:57:38,836	c_0_1609_20220408_13_57_38,836.bmp	1,199730E+0	3,614274E+0	2,594737E-3	2,557098E-3
20220408 13:57:44,840	c_0_1610_20220408_13_57_44,840.bmp	1,127185E+0	3,634642E+0	2,594737E-3	-1,261932E-3
20220408 13:57:50,842	c_0_1611_20220408_13_57_50,842.bmp	1,091549E+0	3,656283E+0	4,902598E-5	1,107786E-5
20220408 13:57:56,847	c_0_1612_20220408_13_57_56,847.bmp	9,833683E-1	3,679196E+0	4,902598E-5	-3,807953E-3
20220408 13:58:02,852	c_0_1613_20220408_13_58_02,852.bmp	9,528231E-1	3,697018E+0	1,321881E-3	-1,261932E-3
20220408 13:58:08,857	c_0_1614_20220408_13_58_08,857.bmp	9,324596E-1	3,718658E+0	-3,769540E-3	-3,807953E-3
20220408 13:58:14,857	c_0_1615_20220408_13_58_14,857.bmp	9,235506E-1	3,733934E+0	2,594737E-3	1,284088E-3
20220408 13:58:20,858	c_0_1616_20220408_13_58_20,858.bmp	9,286415E-1	3,755574E+0	-1,223829E-3	2,557098E-3
20220408 13:58:26,861	c_0_1617_20220408_13_58_26,861.bmp	9,299142E-1	3,777215E+0	3,867592E-3	1,107786E-5
20220408 13:58:32,862	c_0_1618_20220408_13_58_32,862.bmp	9,388232E-1	3,797583E+0	1,321881E-3	1,107786E-5
20220408 13:58:38,863	c_0_1619_20220408_13_58_38,863.bmp	9,439141E-1	3,812858E+0	-1,223829E-3	2,557098E-3
20220408 13:58:44,868	c_0_1620_20220408_13_58_44,868.bmp	9,515504E-1	3,837045E+0	-5,042396E-3	-1,261932E-3
20220408 13:58:50,874	c_0_1621_20220408_13_58_50,874.bmp	9,540958E-1	3,857412E+0	-1,223829E-3	1,107786E-5
20220408 13:58:56,875	c_0_1622_20220408_13_58_56,875.bmp	9,540958E-1	3,876507E+0	2,594737E-3	1,107786E-5
20220408 13:59:02,879	c_0_1623_20220408_13_59_02,879.bmp	9,540958E-1	3,896874E+0	4,902598E-5	-1,261932E-3
20220408 13:59:08,880	c_0_1624_20220408_13_59_08,880.bmp	9,668230E-1	3,918515E+0	4,902598E-5	-3,807953E-3
20220408 13:59:14,885	c_0_1625_20220408_13_59_14,885.bmp	9,731866E-1	3,941428E+0	4,902598E-5	-3,807953E-3
20220408 13:59:20,891	c_0_1626_20220408_13_59_20,891.bmp	9,782775E-1	3,956704E+0	4,902598E-5	1,107786E-5
20220408 13:59:26,894	c_0_1627_20220408_13_59_26,894.bmp	9,859138E-1	3,980891E+0	-3,769540E-3	-2,534943E-3
20220408 13:59:32,895	c_0_1628_20220408_13_59_32,895.bmp	9,884592E-1	3,998712E+0	4,902598E-5	1,107786E-5
20220408 13:59:38,896	c_0_1629_20220408_13_59_38,896.bmp	9,948228E-1	4,021626E+0	1,321881E-3	-3,807953E-3
20220408 13:59:44,898	c_0_1630_20220408_13_59_44,898.bmp	9,960955E-1	4,034355E+0	1,321881E-3	1,284088E-3
20220408 13:59:50,899	c_0_1631_20220408_13_59_50,899.bmp	9,999137E-1	4,053450E+0	3,867592E-3	3,830109E-3
20220408 13:59:56,903	c_0_1632_20220408_13_59_56,903.bmp	1,008823E+0	4,075091E+0	4,902598E-5	1,107786E-5
20220408 14:00:02,909	c_0_1633_20220408_14_00_02,909.bmp	1,010095E+0	4,096731E+0	-1,223829E-3	-5,080963E-3
20220408 14:00:08,917	c_0_1634_20220408_14_00_08,917.bmp	1,020277E+0	4,120918E+0	-3,769540E-3	-3,807953E-3
20220408 14:00:14,922	c_0_1635_20220408_14_00_14,922.bmp	1,020277E+0	4,137466E+0	4,902598E-5	1,107786E-5
20220408 14:00:20,923	c_0_1636_20220408_14_00_20,923.bmp	1,022823E+0	4,152742E+0	2,594737E-3	3,830109E-3
20220408 14:00:26,930	c_0_1637_20220408_14_00_26,930.bmp	1,025368E+0	4,173109E+0	2,594737E-3	2,557098E-3
20220408 14:00:32,933	c_0_1638_20220408_14_00_32,933.bmp	1,033004E+0	4,198569E+0	4,902598E-5	1,107786E-5
20220408 14:00:38,938	c_0_1639_20220408_14_00_38,938.bmp	1,041913E+0	4,220209E+0	-5,042396E-3	-3,807953E-3
20220408 14:00:44,941	c_0_1640_20220408_14_00_44,941.bmp	1,041913E+0	4,240577E+0	4,902598E-5	-3,807953E-3
20220408 14:00:50,941	c_0_1641_20220408_14_00_50,941.bmp	1,043186E+0	4,255853E+0	3,867592E-3	1,107786E-5
20220408 14:00:56,946	c_0_1642_20220408_14_00_56,946.bmp	1,055913E+0	4,278766E+0	-3,769540E-3	-2,534943E-3
20220408 14:01:02,947	c_0_1643_20220408_14_01_02,947.bmp	1,052095E+0	4,294042E+0	1,321881E-3	3,830109E-3
20220408 14:01:08,949	c_0_1644_20220408_14_01_08,949.bmp	1,059731E+0	4,313136E+0	-1,223829E-3	2,557098E-3
20220408 14:01:14,954	c_0_1645_20220408_14_01_14,954.bmp	1,067368E+0	4,341142E+0	-3,769540E-3	-3,807953E-3
20220408 14:01:20,959	c_0_1646_20220408_14_01_20,959.bmp	1,068640E+0	4,353872E+0	3,867592E-3	1,284088E-3
20220408 14:01:26,961	c_0_1647_20220408_14_01_26,961.bmp	1,069913E+0	4,378058E+0	4,902598E-5	-1,261932E-3
20220408 14:01:32,967	c_0_1648_20220408_14_01_32,967.bmp	1,080095E+0	4,398426E+0	-3,769540E-3	-3,807953E-3
20220408 14:01:38,970	c_0_1649_20220408_14_01_38,970.bmp	1,077549E+0	4,414974E+0	-2,496685E-3	1,107786E-5
20220408 14:01:44,971	c_0_1650_20220408_14_01_44,971.bmp	1,086458E+0	4,435342E+0	-1,223829E-3	1,107786E-5
20220408 14:01:50,977	c_0_1651_20220408_14_01_50,977.bmp	1,086458E+0	4,459528E+0	-3,769540E-3	-3,807953E-3
20220408 14:01:56,978	c_0_1652_20220408_14_01_56,978.bmp	1,087731E+0	4,476077E+0	-2,496685E-3	1,284088E-3
20220408 14:02:02,981	c_0_1653_20220408_14_02_02,981.bmp	1,090277E+0	4,497717E+0	-1,223829E-3	1,107786E-5
20220408 14:02:08,986	c_0_1654_20220408_14_02_08,986.bmp	1,091549E+0	4,516812E+0	4,902598E-5	1,107786E-5
20220408 14:02:14,987	c_0_1655_20220408_14_02_14,987.bmp	1,096640E+0	4,537180E+0	-2,496685E-3	1,107786E-5
20220408 14:02:20,992	c_0_1656_20220408_14_02_20,992.bmp	1,097913E+0	4,557547E+0	-2,496685E-3	1,107786E-5
20220408 14:02:26,999	c_0_1657_20220408_14_02_26,999.bmp	1,101731E+0	4,580461E+0	-1,223829E-3	-3,807953E-3
20220408 14:02:33,003	c_0_1658_20220408_14_02_33,003.bmp	1,101731E+0	4,593190E+0	4,902598E-5	1,284088E-3
20220408 14:02:39,007	c_0_1659_20220408_14_02_39,007.bmp	1,106822E+0	4,616104E+0	4,902598E-5	-1,261932E-3
20220408 14:02:45,008	c_0_1660_20220408_14_02_45,008.bmp	1,109367E+0	4,636471E+0	4,902598E-5	-1,261932E-3
20220408 14:02:51,010	c_0_1661_20220408_14_02_51,010.bmp	1,110640E+0	4,656839E+0	2,594737E-3	2,557098E-3
20220408 14:02:57,017	c_0_1662_20220408_14_02_57,017.bmp	1,110640E+0	4,674661E+0	4,902598E-5	1,284088E-3
20220408 14:03:03,018	c_0_1663_20220408_14_03_03,018.bmp	1,111913E+0	4,693755E+0	-1,223829E-3	3,830109E-3
20220408 14:03:09,023	c_0_1664_20220408_14_03_09,023.bmp	1,104277E+0	4,716669E+0	4,902598E-5	-1,261932E-3
20220408 14:03:15,027	c_0_1665_20220408_14_03_15,027.bmp	1,087731E+0	4,739582E+0	-3,769540E-3	-1,261932E-3
20220408 14:03:21,032	c_0_1666_20220408_14_03_21,032.bmp	9,999137E-1	4,758677E+0	4,902598E-5	-1,261932E-3
20220408 14:03:27,036	c_0_1667_20220408_14_03_27,036.bmp	8,930054E-1	4,772680E+0	4,902598E-5	3,830109E-3
20220408 14:03:33,040	c_0_1668_20220408_14_03_33,040.bmp	8,446421E-1	4,796866E+0	-3,769540E-3	1,107786E-5
20220408 14:03:39,040	c_0_1669_20220408_14_03_39,040.bmp	8,370058E-1	4,817234E+0	-1,223829E-3	1,107786E-5
20220408 14:03:45,044	c_0_1670_20220408_14_03_45,044.bmp	8,357330E-1	4,840147E+0	-1,223829E-3	-3,807953E-3
20220408 14:03:51,045	c_0_1671_20220408_14_03_51,045.bmp	8,395512E-1	4,856696E+0	4,902598E-5	-1,261932E-3
20220408 14:03:57,047	c_0_1672_20220408_14_03_57,047.bmp	8,471875E-1	4,880882E+0	-2,496685E-3	-3,807953E-3
20220408 14:04:03,052	c_0_1673_20220408_14_04_03,052.bmp	8,522784E-1	4,893612E+0	2,594737E-3	2,557098E-3
20220408 14:04:09,058	c_0_1674_20220408_14_04_09,058.bmp	8,510057E-1	4,919071E+0	4,902598E-5	-2,534943E-3
20220408 14:04:15,065	c_0_1675_20220408_14_04_15,065.bmp	8,510057E-1	4,934347E+0	2,594737E-3	2,557098E-3
20220408 14:04:21,070	c_0_1676_20220408_14_04_21,070.bmp	8,573693E-1	4,958534E+0	4,902598E-5	-3,807953E-3
20220408 14:04:27,071	c_0_1677_20220408_14_04_27,071.bmp	8,624601E-1	4,980174E+0	4,902598E-5	-3,807953E-3
