20220408 13:39:26,223	c_1_1427_20220408_13_39_26,223.bmp	-2,844239E-2	-1,624336E-2	4,902598E-5	1,107786E-5
20220408 13:39:32,236	c_1_1428_20220408_13_39_32,236.bmp	-4,260751E-3	-2,006227E-2	2,594737E-3	1,107786E-5
20220408 13:39:38,239	c_1_1429_20220408_13_39_38,239.bmp	9,501124E-2	2,194582E-2	-3,769540E-3	-3,807953E-3
20220408 13:39:44,240	c_1_1430_20220408_13_39_44,240.bmp	2,502828E-1	4,104041E-2	-5,042396E-3	-3,807953E-3
20220408 13:39:50,245	c_1_1431_20220408_13_39_50,245.bmp	4,259179E-1	6,140797E-2	-3,769540E-3	-5,080963E-3
20220408 13:39:56,253	c_1_1432_20220408_13_39_56,253.bmp	6,130074E-1	8,050256E-2	-1,223829E-3	-3,807953E-3
20220408 13:40:02,262	c_1_1433_20220408_13_40_02,262.bmp	8,064605E-1	9,577823E-2	1,321881E-3	1,284088E-3
20220408 13:40:08,264	c_1_1434_20220408_13_40_08,264.bmp	1,008823E+0	1,225107E-1	-3,769540E-3	-3,807953E-3
20220408 13:40:14,269	c_1_1435_20220408_13_40_14,269.bmp	1,199730E+0	1,326944E-1	2,594737E-3	2,557098E-3
20220408 13:40:20,280	c_1_1436_20220408_13_40_20,280.bmp	1,403365E+0	1,556079E-1	1,321881E-3	2,557098E-3
20220408 13:40:26,282	c_1_1437_20220408_13_40_26,282.bmp	1,600636E+0	1,785215E-1	-1,223829E-3	-1,261932E-3
20220408 13:40:32,285	c_1_1438_20220408_13_40_32,285.bmp	1,796635E+0	1,950701E-1	3,867592E-3	2,557098E-3
20220408 13:40:38,293	c_1_1439_20220408_13_40_38,293.bmp	2,000270E+0	2,205295E-1	-7,588107E-3	1,107786E-5
20220408 13:40:44,297	c_1_1440_20220408_13_40_44,297.bmp	2,186087E+0	2,332593E-1	2,594737E-3	1,107786E-5
20220408 13:40:50,301	c_1_1441_20220408_13_40_50,301.bmp	2,375722E+0	2,536268E-1	1,321881E-3	3,830109E-3
20220408 13:40:56,313	c_1_1442_20220408_13_40_56,313.bmp	2,567902E+0	2,778133E-1	-3,769540E-3	1,107786E-5
20220408 13:41:02,321	c_1_1443_20220408_13_41_02,321.bmp	2,744810E+0	2,981809E-1	-1,223829E-3	-1,261932E-3
20220408 13:41:08,322	c_1_1444_20220408_13_41_08,322.bmp	2,915354E+0	3,160025E-1	4,902598E-5	1,107786E-5
20220408 13:41:14,324	c_1_1445_20220408_13_41_14,324.bmp	3,073171E+0	3,338241E-1	2,594737E-3	2,557098E-3
20220408 13:41:20,328	c_1_1446_20220408_13_41_20,328.bmp	3,228443E+0	3,580106E-1	4,902598E-5	1,107786E-5
20220408 13:41:26,330	c_1_1447_20220408_13_41_26,330.bmp	3,373532E+0	3,771052E-1	-2,496685E-3	-1,261932E-3
20220408 13:41:32,343	c_1_1448_20220408_13_41_32,343.bmp	3,498259E+0	3,949268E-1	2,594737E-3	2,557098E-3
20220408 13:41:38,348	c_1_1449_20220408_13_41_38,348.bmp	3,603894E+0	4,178403E-1	4,902598E-5	1,107786E-5
20220408 13:41:44,350	c_1_1450_20220408_13_41_44,350.bmp	3,698076E+0	4,382079E-1	4,902598E-5	-1,261932E-3
20220408 13:41:50,355	c_1_1451_20220408_13_41_50,355.bmp	3,757893E+0	4,547565E-1	1,321881E-3	1,107786E-5
20220408 13:41:56,361	c_1_1452_20220408_13_41_56,361.bmp	3,792257E+0	4,725781E-1	4,902598E-5	3,830109E-3
20220408 13:42:02,363	c_1_1453_20220408_13_42_02,363.bmp	3,769348E+0	4,993105E-1	-3,769540E-3	-3,807953E-3
20220408 13:42:08,371	c_1_1454_20220408_13_42_08,371.bmp	3,694257E+0	5,171322E-1	-3,769540E-3	1,107786E-5
20220408 13:42:14,377	c_1_1455_20220408_13_42_14,377.bmp	3,442259E+0	5,336808E-1	-2,496685E-3	2,557098E-3
20220408 13:42:20,381	c_1_1456_20220408_13_42_20,381.bmp	3,236079E+0	5,604132E-1	4,902598E-5	-3,807953E-3
20220408 13:42:26,385	c_1_1457_20220408_13_42_26,385.bmp	3,157170E+0	5,782348E-1	2,594737E-3	1,107786E-5
20220408 13:42:32,392	c_1_1458_20220408_13_42_32,392.bmp	3,107534E+0	5,998754E-1	-2,496685E-3	-3,807953E-3
20220408 13:42:38,395	c_1_1459_20220408_13_42_38,395.bmp	3,102444E+0	6,151511E-1	4,902598E-5	1,284088E-3
20220408 13:42:44,406	c_1_1460_20220408_13_42_44,406.bmp	3,101171E+0	6,342456E-1	4,902598E-5	1,284088E-3
20220408 13:42:50,411	c_1_1461_20220408_13_42_50,411.bmp	3,010808E+0	6,597051E-1	-3,769540E-3	1,107786E-5
20220408 13:42:56,421	c_1_1462_20220408_13_42_56,421.bmp	2,884809E+0	6,813456E-1	-2,496685E-3	-3,807953E-3
20220408 13:43:02,434	c_1_1463_20220408_13_43_02,434.bmp	2,861900E+0	6,978943E-1	5,140448E-3	1,284088E-3
20220408 13:43:08,435	c_1_1464_20220408_13_43_08,435.bmp	2,858082E+0	7,182618E-1	-3,769540E-3	1,107786E-5
20220408 13:43:14,440	c_1_1465_20220408_13_43_14,440.bmp	2,830082E+0	7,373564E-1	4,902598E-5	1,107786E-5
20220408 13:43:20,442	c_1_1466_20220408_13_43_20,442.bmp	2,775355E+0	7,589970E-1	-5,042396E-3	1,107786E-5
20220408 13:43:26,450	c_1_1467_20220408_13_43_26,450.bmp	2,707901E+0	7,793645E-1	-3,769540E-3	-3,807953E-3
20220408 13:43:32,454	c_1_1468_20220408_13_43_32,454.bmp	2,627720E+0	7,971861E-1	4,902598E-5	2,557098E-3
20220408 13:43:38,459	c_1_1469_20220408_13_43_38,459.bmp	2,570448E+0	8,200996E-1	-2,496685E-3	-3,807953E-3
20220408 13:43:44,463	c_1_1470_20220408_13_43_44,463.bmp	2,496630E+0	8,366483E-1	2,594737E-3	1,107786E-5
20220408 13:43:50,464	c_1_1471_20220408_13_43_50,464.bmp	2,444448E+0	8,557429E-1	4,902598E-5	1,107786E-5
20220408 13:43:56,467	c_1_1472_20220408_13_43_56,467.bmp	2,410085E+0	8,761104E-1	2,594737E-3	2,557098E-3
20220408 13:44:02,481	c_1_1473_20220408_13_44_02,481.bmp	2,393540E+0	8,952050E-1	4,902598E-5	2,557098E-3
20220408 13:44:08,487	c_1_1474_20220408_13_44_08,487.bmp	2,388449E+0	9,130266E-1	2,594737E-3	2,557098E-3
20220408 13:44:14,488	c_1_1475_20220408_13_44_14,488.bmp	2,384631E+0	9,372131E-1	2,594737E-3	1,107786E-5
20220408 13:44:20,490	c_1_1476_20220408_13_44_20,490.bmp	2,383358E+0	9,575807E-1	2,594737E-3	1,107786E-5
20220408 13:44:26,495	c_1_1477_20220408_13_44_26,495.bmp	2,390994E+0	9,817672E-1	-3,769540E-3	-3,807953E-3
20220408 13:44:32,497	c_1_1478_20220408_13_44_32,497.bmp	2,362995E+0	9,932239E-1	4,902598E-5	2,557098E-3
20220408 13:44:38,504	c_1_1479_20220408_13_44_38,504.bmp	2,340086E+0	1,017410E+0	1,321881E-3	1,107786E-5
20220408 13:44:44,509	c_1_1480_20220408_13_44_44,509.bmp	2,324813E+0	1,037778E+0	-3,769540E-3	1,107786E-5
20220408 13:44:50,514	c_1_1481_20220408_13_44_50,514.bmp	2,273904E+0	1,054327E+0	3,867592E-3	3,830109E-3
20220408 13:44:56,518	c_1_1482_20220408_13_44_56,518.bmp	2,253541E+0	1,077240E+0	1,321881E-3	1,284088E-3
20220408 13:45:02,519	c_1_1483_20220408_13_45_02,519.bmp	2,249723E+0	1,096335E+0	-2,496685E-3	3,830109E-3
20220408 13:45:08,524	c_1_1484_20220408_13_45_08,524.bmp	2,258632E+0	1,117975E+0	-1,223829E-3	1,107786E-5
20220408 13:45:14,526	c_1_1485_20220408_13_45_14,526.bmp	2,271359E+0	1,140889E+0	4,902598E-5	-3,807953E-3
20220408 13:45:20,536	c_1_1486_20220408_13_45_20,536.bmp	2,287904E+0	1,159983E+0	-3,769540E-3	-3,807953E-3
20220408 13:45:26,540	c_1_1487_20220408_13_45_26,540.bmp	2,313359E+0	1,176532E+0	4,902598E-5	1,107786E-5
20220408 13:45:32,545	c_1_1488_20220408_13_45_32,545.bmp	2,336267E+0	1,194354E+0	1,321881E-3	2,557098E-3
20220408 13:45:38,549	c_1_1489_20220408_13_45_38,549.bmp	2,357904E+0	1,212175E+0	2,594737E-3	2,557098E-3
20220408 13:45:44,553	c_1_1490_20220408_13_45_44,553.bmp	2,383358E+0	1,236362E+0	-1,223829E-3	1,107786E-5
20220408 13:45:50,563	c_1_1491_20220408_13_45_50,563.bmp	2,398631E+0	1,252910E+0	2,594737E-3	2,557098E-3
20220408 13:45:56,568	c_1_1492_20220408_13_45_56,568.bmp	2,426630E+0	1,282189E+0	-3,769540E-3	-3,807953E-3
20220408 13:46:02,570	c_1_1493_20220408_13_46_02,570.bmp	2,443176E+0	1,298737E+0	4,902598E-5	1,107786E-5
20220408 13:46:08,574	c_1_1494_20220408_13_46_08,574.bmp	2,455903E+0	1,321651E+0	-3,769540E-3	-3,807953E-3
20220408 13:46:14,576	c_1_1495_20220408_13_46_14,576.bmp	2,460994E+0	1,338199E+0	4,902598E-5	1,107786E-5
20220408 13:46:20,577	c_1_1496_20220408_13_46_20,577.bmp	2,463539E+0	1,357294E+0	1,321881E-3	2,557098E-3
20220408 13:46:26,587	c_1_1497_20220408_13_46_26,587.bmp	2,462266E+0	1,377662E+0	1,321881E-3	-1,261932E-3
20220408 13:46:32,590	c_1_1498_20220408_13_46_32,590.bmp	2,472448E+0	1,394210E+0	4,902598E-5	2,557098E-3
20220408 13:46:38,596	c_1_1499_20220408_13_46_38,596.bmp	2,481357E+0	1,418397E+0	-2,496685E-3	1,284088E-3
20220408 13:46:44,600	c_1_1500_20220408_13_46_44,600.bmp	2,491539E+0	1,438764E+0	-1,223829E-3	1,284088E-3
20220408 13:46:50,603	c_1_1501_20220408_13_46_50,603.bmp	2,487721E+0	1,457859E+0	4,902598E-5	1,107786E-5
20220408 13:46:56,606	c_1_1502_20220408_13_46_56,606.bmp	2,481357E+0	1,480772E+0	-3,769540E-3	-3,807953E-3
20220408 13:47:02,607	c_1_1503_20220408_13_47_02,607.bmp	2,473721E+0	1,502413E+0	4,902598E-5	-3,807953E-3
20220408 13:47:08,609	c_1_1504_20220408_13_47_08,609.bmp	2,454630E+0	1,520235E+0	-2,496685E-3	1,107786E-5
20220408 13:47:14,615	c_1_1505_20220408_13_47_14,615.bmp	2,399903E+0	1,543148E+0	-3,769540E-3	-3,807953E-3
20220408 13:47:20,620	c_1_1506_20220408_13_47_20,620.bmp	2,354085E+0	1,554605E+0	2,594737E-3	2,557098E-3
20220408 13:47:26,621	c_1_1507_20220408_13_47_26,621.bmp	2,332449E+0	1,574972E+0	3,867592E-3	2,557098E-3
20220408 13:47:32,627	c_1_1508_20220408_13_47_32,627.bmp	2,337540E+0	1,600432E+0	1,321881E-3	-3,807953E-3
20220408 13:47:38,628	c_1_1509_20220408_13_47_38,628.bmp	2,346449E+0	1,619526E+0	-3,769540E-3	-2,534943E-3
20220408 13:47:44,633	c_1_1510_20220408_13_47_44,633.bmp	2,356631E+0	1,639894E+0	-3,769540E-3	1,107786E-5
20220408 13:47:50,642	c_1_1511_20220408_13_47_50,642.bmp	2,364267E+0	1,655170E+0	4,902598E-5	2,557098E-3
20220408 13:47:56,648	c_1_1512_20220408_13_47_56,648.bmp	2,376994E+0	1,679356E+0	-2,496685E-3	-1,261932E-3
20220408 13:48:02,650	c_1_1513_20220408_13_48_02,650.bmp	2,394812E+0	1,695905E+0	-1,223829E-3	-1,261932E-3
20220408 13:48:08,657	c_1_1514_20220408_13_48_08,657.bmp	2,406267E+0	1,718818E+0	1,321881E-3	1,107786E-5
20220408 13:48:14,661	c_1_1515_20220408_13_48_14,661.bmp	2,420267E+0	1,735367E+0	-2,496685E-3	3,830109E-3
20220408 13:48:20,662	c_1_1516_20220408_13_48_20,662.bmp	2,434267E+0	1,757007E+0	4,902598E-5	1,107786E-5
20220408 13:48:26,667	c_1_1517_20220408_13_48_26,667.bmp	2,449539E+0	1,777375E+0	1,321881E-3	-1,261932E-3
20220408 13:48:32,678	c_1_1518_20220408_13_48_32,678.bmp	2,459721E+0	1,797743E+0	4,902598E-5	-1,261932E-3
20220408 13:48:38,681	c_1_1519_20220408_13_48_38,681.bmp	2,469903E+0	1,821929E+0	-1,223829E-3	-3,807953E-3
20220408 13:48:44,683	c_1_1520_20220408_13_48_44,683.bmp	2,480085E+0	1,838478E+0	4,902598E-5	1,107786E-5
20220408 13:48:50,689	c_1_1521_20220408_13_48_50,689.bmp	2,490266E+0	1,861391E+0	-3,769540E-3	1,284088E-3
20220408 13:48:56,691	c_1_1522_20220408_13_48_56,691.bmp	2,497903E+0	1,879213E+0	-3,769540E-3	1,284088E-3
20220408 13:49:02,700	c_1_1523_20220408_13_49_02,700.bmp	2,509357E+0	1,899580E+0	-3,769540E-3	-3,807953E-3
20220408 13:49:08,703	c_1_1524_20220408_13_49_08,703.bmp	2,511902E+0	1,916129E+0	-1,223829E-3	1,107786E-5
20220408 13:49:14,708	c_1_1525_20220408_13_49_14,708.bmp	2,525902E+0	1,940316E+0	-1,223829E-3	-3,807953E-3
20220408 13:49:20,712	c_1_1526_20220408_13_49_20,712.bmp	2,527175E+0	1,958137E+0	1,321881E-3	1,107786E-5
20220408 13:49:26,717	c_1_1527_20220408_13_49_26,717.bmp	2,534811E+0	1,978505E+0	4,902598E-5	1,107786E-5
20220408 13:49:32,718	c_1_1528_20220408_13_49_32,718.bmp	2,532266E+0	1,995053E+0	2,594737E-3	1,284088E-3
20220408 13:49:38,719	c_1_1529_20220408_13_49_38,719.bmp	2,539902E+0	2,017967E+0	4,902598E-5	1,107786E-5
20220408 13:49:44,728	c_1_1530_20220408_13_49_44,728.bmp	2,537357E+0	2,039607E+0	4,902598E-5	1,107786E-5
20220408 13:49:50,734	c_1_1531_20220408_13_49_50,734.bmp	2,524630E+0	2,057429E+0	-5,042396E-3	-1,261932E-3
20220408 13:49:56,735	c_1_1532_20220408_13_49_56,735.bmp	2,497903E+0	2,073978E+0	4,902598E-5	2,557098E-3
20220408 13:50:02,736	c_1_1533_20220408_13_50_02,736.bmp	2,466085E+0	2,093072E+0	2,594737E-3	2,557098E-3
20220408 13:50:08,740	c_1_1534_20220408_13_50_08,740.bmp	2,425358E+0	2,115986E+0	3,867592E-3	3,830109E-3
20220408 13:50:14,744	c_1_1535_20220408_13_50_14,744.bmp	2,389722E+0	2,138899E+0	1,321881E-3	-3,807953E-3
20220408 13:50:20,755	c_1_1536_20220408_13_50_20,755.bmp	2,360449E+0	2,157994E+0	4,902598E-5	1,107786E-5
20220408 13:50:26,757	c_1_1537_20220408_13_50_26,757.bmp	2,332449E+0	2,177088E+0	-3,769540E-3	1,107786E-5
20220408 13:50:32,758	c_1_1538_20220408_13_50_32,758.bmp	2,278995E+0	2,197456E+0	4,902598E-5	1,107786E-5
20220408 13:50:38,760	c_1_1539_20220408_13_50_38,760.bmp	2,253541E+0	2,217824E+0	-3,769540E-3	-1,261932E-3
20220408 13:50:44,761	c_1_1540_20220408_13_50_44,761.bmp	2,231905E+0	2,239464E+0	-1,223829E-3	1,107786E-5
20220408 13:50:50,763	c_1_1541_20220408_13_50_50,763.bmp	2,216632E+0	2,254740E+0	4,902598E-5	2,557098E-3
20220408 13:50:56,765	c_1_1542_20220408_13_50_56,765.bmp	2,206450E+0	2,277653E+0	1,321881E-3	1,107786E-5
20220408 13:51:02,767	c_1_1543_20220408_13_51_02,767.bmp	2,186087E+0	2,296748E+0	2,594737E-3	1,284088E-3
20220408 13:51:08,772	c_1_1544_20220408_13_51_08,772.bmp	2,188632E+0	2,315842E+0	4,902598E-5	1,107786E-5
20220408 13:51:14,782	c_1_1545_20220408_13_51_14,782.bmp	2,180996E+0	2,337483E+0	4,902598E-5	1,107786E-5
20220408 13:51:20,791	c_1_1546_20220408_13_51_20,791.bmp	2,172087E+0	2,357851E+0	1,321881E-3	-1,261932E-3
20220408 13:51:26,795	c_1_1547_20220408_13_51_26,795.bmp	2,166996E+0	2,378218E+0	3,867592E-3	1,107786E-5
20220408 13:51:32,797	c_1_1548_20220408_13_51_32,797.bmp	2,163178E+0	2,397313E+0	1,321881E-3	1,284088E-3
20220408 13:51:38,806	c_1_1549_20220408_13_51_38,806.bmp	2,159360E+0	2,418953E+0	4,902598E-5	-3,807953E-3
20220408 13:51:44,807	c_1_1550_20220408_13_51_44,807.bmp	2,132633E+0	2,434229E+0	1,321881E-3	2,557098E-3
20220408 13:51:50,813	c_1_1551_20220408_13_51_50,813.bmp	2,114815E+0	2,457142E+0	4,902598E-5	-1,261932E-3
20220408 13:51:56,816	c_1_1552_20220408_13_51_56,816.bmp	2,098269E+0	2,477510E+0	-1,223829E-3	1,107786E-5
20220408 13:52:02,821	c_1_1553_20220408_13_52_02,821.bmp	2,086815E+0	2,499150E+0	4,902598E-5	-3,807953E-3
20220408 13:52:08,826	c_1_1554_20220408_13_52_08,826.bmp	2,071542E+0	2,520791E+0	-1,223829E-3	-3,807953E-3
20220408 13:52:14,837	c_1_1555_20220408_13_52_14,837.bmp	2,063906E+0	2,538613E+0	-3,769540E-3	1,107786E-5
20220408 13:52:20,838	c_1_1556_20220408_13_52_20,838.bmp	2,039724E+0	2,553888E+0	4,902598E-5	3,830109E-3
20220408 13:52:26,841	c_1_1557_20220408_13_52_26,841.bmp	2,026997E+0	2,580621E+0	4,902598E-5	-3,807953E-3
20220408 13:52:32,845	c_1_1558_20220408_13_52_32,845.bmp	2,011724E+0	2,597169E+0	-1,223829E-3	1,107786E-5
20220408 13:52:38,849	c_1_1559_20220408_13_52_38,849.bmp	2,010452E+0	2,620083E+0	-2,496685E-3	-3,807953E-3
20220408 13:52:44,851	c_1_1560_20220408_13_52_44,851.bmp	1,998997E+0	2,637905E+0	2,594737E-3	-1,261932E-3
20220408 13:52:50,855	c_1_1561_20220408_13_52_50,855.bmp	2,007906E+0	2,659545E+0	-3,769540E-3	-3,807953E-3
20220408 13:52:56,863	c_1_1562_20220408_13_52_56,863.bmp	2,001543E+0	2,678640E+0	3,867592E-3	1,107786E-5
20220408 13:53:02,872	c_1_1563_20220408_13_53_02,872.bmp	2,010452E+0	2,697734E+0	-1,223829E-3	1,107786E-5
20220408 13:53:08,875	c_1_1564_20220408_13_53_08,875.bmp	2,015543E+0	2,718102E+0	3,867592E-3	1,284088E-3
20220408 13:53:14,879	c_1_1565_20220408_13_53_14,879.bmp	2,025724E+0	2,738469E+0	4,902598E-5	1,107786E-5
20220408 13:53:20,882	c_1_1566_20220408_13_53_20,882.bmp	2,035906E+0	2,761383E+0	4,902598E-5	-3,807953E-3
20220408 13:53:26,885	c_1_1567_20220408_13_53_26,885.bmp	2,046088E+0	2,775386E+0	4,902598E-5	3,830109E-3
20220408 13:53:32,893	c_1_1568_20220408_13_53_32,893.bmp	2,052451E+0	2,798299E+0	3,867592E-3	1,107786E-5
20220408 13:53:38,904	c_1_1569_20220408_13_53_38,904.bmp	2,067724E+0	2,819940E+0	-3,769540E-3	1,107786E-5
20220408 13:53:44,908	c_1_1570_20220408_13_53_44,908.bmp	2,079178E+0	2,839034E+0	-5,042396E-3	-2,534943E-3
20220408 13:53:50,912	c_1_1571_20220408_13_53_50,912.bmp	2,076633E+0	2,858129E+0	-1,223829E-3	-1,261932E-3
20220408 13:53:56,925	c_1_1572_20220408_13_53_56,925.bmp	2,094451E+0	2,874677E+0	4,902598E-5	3,830109E-3
20220408 13:54:02,932	c_1_1573_20220408_13_54_02,932.bmp	2,098269E+0	2,900137E+0	-1,223829E-3	-5,080963E-3
20220408 13:54:08,938	c_1_1574_20220408_13_54_08,938.bmp	2,108451E+0	2,917958E+0	-1,223829E-3	1,107786E-5
20220408 13:54:14,940	c_1_1575_20220408_13_54_14,940.bmp	2,114815E+0	2,937053E+0	-1,223829E-3	1,284088E-3
20220408 13:54:20,942	c_1_1576_20220408_13_54_20,942.bmp	2,121178E+0	2,959967E+0	4,902598E-5	-3,807953E-3
20220408 13:54:26,947	c_1_1577_20220408_13_54_26,947.bmp	2,123724E+0	2,977788E+0	4,902598E-5	1,107786E-5
20220408 13:54:32,954	c_1_1578_20220408_13_54_32,954.bmp	2,123724E+0	2,996883E+0	2,594737E-3	1,107786E-5
20220408 13:54:38,959	c_1_1579_20220408_13_54_38,959.bmp	2,127542E+0	3,018523E+0	-1,223829E-3	1,107786E-5
20220408 13:54:44,962	c_1_1580_20220408_13_54_44,962.bmp	2,124996E+0	3,036345E+0	2,594737E-3	1,107786E-5
20220408 13:54:50,963	c_1_1581_20220408_13_54_50,963.bmp	2,127542E+0	3,057985E+0	-1,223829E-3	1,107786E-5
20220408 13:54:56,967	c_1_1582_20220408_13_54_56,967.bmp	2,119905E+0	3,075807E+0	4,902598E-5	1,284088E-3
20220408 13:55:02,970	c_1_1583_20220408_13_55_02,970.bmp	2,110996E+0	3,097448E+0	4,902598E-5	1,107786E-5
20220408 13:55:08,979	c_1_1584_20220408_13_55_08,979.bmp	2,090633E+0	3,121634E+0	-2,496685E-3	-1,261932E-3
20220408 13:55:14,986	c_1_1585_20220408_13_55_14,986.bmp	2,075360E+0	3,139456E+0	-2,496685E-3	-3,807953E-3
20220408 13:55:20,987	c_1_1586_20220408_13_55_20,987.bmp	2,057542E+0	3,159823E+0	3,867592E-3	1,107786E-5
20220408 13:55:26,989	c_1_1587_20220408_13_55_26,989.bmp	2,040997E+0	3,177645E+0	4,902598E-5	-1,261932E-3
20220408 13:55:32,990	c_1_1588_20220408_13_55_32,990.bmp	2,015543E+0	3,194194E+0	3,867592E-3	2,557098E-3
20220408 13:55:38,993	c_1_1589_20220408_13_55_38,993.bmp	1,991361E+0	3,217107E+0	1,321881E-3	1,107786E-5
20220408 13:55:44,997	c_1_1590_20220408_13_55_44,997.bmp	1,969725E+0	3,241294E+0	-2,496685E-3	-1,261932E-3
20220408 13:55:51,003	c_1_1591_20220408_13_55_51,003.bmp	1,942998E+0	3,254023E+0	1,321881E-3	2,557098E-3
20220408 13:55:57,009	c_1_1592_20220408_13_55_57,009.bmp	1,922634E+0	3,280756E+0	-3,769540E-3	-3,807953E-3
20220408 13:56:03,014	c_1_1593_20220408_13_56_03,014.bmp	1,341002E+0	3,294758E+0	3,867592E-3	2,557098E-3
20220408 13:56:09,017	c_1_1594_20220408_13_56_09,017.bmp	1,327002E+0	3,316399E+0	4,902598E-5	-1,261932E-3
20220408 13:56:15,022	c_1_1595_20220408_13_56_15,022.bmp	1,325729E+0	3,338039E+0	4,902598E-5	3,830109E-3
20220408 13:56:21,033	c_1_1596_20220408_13_56_21,033.bmp	1,329548E+0	3,358407E+0	-1,223829E-3	-1,261932E-3
20220408 13:56:27,040	c_1_1597_20220408_13_56_27,040.bmp	1,335911E+0	3,377502E+0	-3,769540E-3	1,107786E-5
20220408 13:56:33,045	c_1_1598_20220408_13_56_33,045.bmp	1,335911E+0	3,399142E+0	-3,769540E-3	-1,261932E-3
20220408 13:56:39,046	c_1_1599_20220408_13_56_39,046.bmp	1,332093E+0	3,414418E+0	4,902598E-5	2,557098E-3
20220408 13:56:45,050	c_1_1600_20220408_13_56_45,050.bmp	1,334638E+0	3,437331E+0	-2,496685E-3	1,284088E-3
20220408 13:56:51,051	c_1_1601_20220408_13_56_51,051.bmp	1,338457E+0	3,461518E+0	-3,769540E-3	-3,807953E-3
20220408 13:56:57,056	c_1_1602_20220408_13_56_57,056.bmp	1,335911E+0	3,479339E+0	-3,769540E-3	-2,534943E-3
20220408 13:57:03,060	c_1_1603_20220408_13_57_03,060.bmp	1,338457E+0	3,493342E+0	-1,223829E-3	3,830109E-3
20220408 13:57:09,064	c_1_1604_20220408_13_57_09,064.bmp	1,334638E+0	3,517529E+0	4,902598E-5	1,107786E-5
20220408 13:57:15,067	c_1_1605_20220408_13_57_15,067.bmp	1,335911E+0	3,539169E+0	4,902598E-5	-3,807953E-3
20220408 13:57:21,069	c_1_1606_20220408_13_57_21,069.bmp	1,335911E+0	3,560810E+0	-5,042396E-3	-3,807953E-3
20220408 13:57:27,070	c_1_1607_20220408_13_57_27,070.bmp	1,324457E+0	3,577358E+0	-5,042396E-3	1,107786E-5
20220408 13:57:33,075	c_1_1608_20220408_13_57_33,075.bmp	1,287548E+0	3,593907E+0	-1,223829E-3	2,557098E-3
20220408 13:57:39,079	c_1_1609_20220408_13_57_39,079.bmp	1,197185E+0	3,613002E+0	4,902598E-5	1,284088E-3
20220408 13:57:45,088	c_1_1610_20220408_13_57_45,088.bmp	1,127185E+0	3,639734E+0	-5,042396E-3	1,107786E-5
20220408 13:57:51,094	c_1_1611_20220408_13_57_51,094.bmp	1,087731E+0	3,653737E+0	3,867592E-3	2,557098E-3
20220408 13:57:57,098	c_1_1612_20220408_13_57_57,098.bmp	9,808229E-1	3,680469E+0	-3,769540E-3	-3,807953E-3
20220408 13:58:03,100	c_1_1613_20220408_13_58_03,100.bmp	9,540958E-1	3,702110E+0	-3,769540E-3	-3,807953E-3
20220408 13:58:09,103	c_1_1614_20220408_13_58_09,103.bmp	9,273687E-1	3,712293E+0	3,867592E-3	3,830109E-3
20220408 13:58:15,104	c_1_1615_20220408_13_58_15,104.bmp	9,260960E-1	3,736480E+0	-1,223829E-3	-1,261932E-3
20220408 13:58:21,106	c_1_1616_20220408_13_58_21,106.bmp	9,299142E-1	3,756847E+0	4,902598E-5	2,557098E-3
20220408 13:58:27,107	c_1_1617_20220408_13_58_27,107.bmp	9,337323E-1	3,775942E+0	-2,496685E-3	1,107786E-5
20220408 13:58:33,114	c_1_1618_20220408_13_58_33,114.bmp	9,362778E-1	3,793764E+0	4,902598E-5	3,830109E-3
20220408 13:58:39,123	c_1_1619_20220408_13_58_39,123.bmp	9,439141E-1	3,817950E+0	-1,223829E-3	1,107786E-5
20220408 13:58:45,127	c_1_1620_20220408_13_58_45,127.bmp	9,464595E-1	3,838318E+0	4,902598E-5	-1,261932E-3
20220408 13:58:51,128	c_1_1621_20220408_13_58_51,128.bmp	9,502777E-1	3,854866E+0	2,594737E-3	2,557098E-3
20220408 13:58:57,130	c_1_1622_20220408_13_58_57,130.bmp	9,566412E-1	3,872688E+0	2,594737E-3	3,830109E-3
20220408 13:59:03,131	c_1_1623_20220408_13_59_03,131.bmp	9,579140E-1	3,894328E+0	3,867592E-3	2,557098E-3
20220408 13:59:09,133	c_1_1624_20220408_13_59_09,133.bmp	9,693684E-1	3,915969E+0	-1,223829E-3	1,284088E-3
20220408 13:59:15,140	c_1_1625_20220408_13_59_15,140.bmp	9,744593E-1	3,938883E+0	4,902598E-5	1,107786E-5
20220408 13:59:21,147	c_1_1626_20220408_13_59_21,147.bmp	9,782775E-1	3,957977E+0	-3,769540E-3	1,107786E-5
20220408 13:59:27,150	c_1_1627_20220408_13_59_27,150.bmp	9,871865E-1	3,978345E+0	-3,769540E-3	1,107786E-5
20220408 13:59:33,154	c_1_1628_20220408_13_59_33,154.bmp	9,871865E-1	3,994893E+0	4,902598E-5	2,557098E-3
20220408 13:59:39,160	c_1_1629_20220408_13_59_39,160.bmp	9,973682E-1	4,017807E+0	4,902598E-5	1,107786E-5
20220408 13:59:45,173	c_1_1630_20220408_13_59_45,173.bmp	9,986409E-1	4,038174E+0	1,321881E-3	-1,261932E-3
20220408 13:59:51,178	c_1_1631_20220408_13_59_51,178.bmp	9,999137E-1	4,055996E+0	1,321881E-3	2,557098E-3
20220408 13:59:57,179	c_1_1632_20220408_13_59_57,179.bmp	1,008823E+0	4,078909E+0	-3,769540E-3	-5,080963E-3
20220408 14:00:03,183	c_1_1633_20220408_14_00_03,183.bmp	1,010095E+0	4,098004E+0	1,321881E-3	-1,261932E-3
20220408 14:00:09,186	c_1_1634_20220408_14_00_09,186.bmp	1,020277E+0	4,119645E+0	-3,769540E-3	-3,807953E-3
20220408 14:00:15,188	c_1_1635_20220408_14_00_15,188.bmp	1,024095E+0	4,140012E+0	-3,769540E-3	-3,807953E-3
20220408 14:00:21,196	c_1_1636_20220408_14_00_21,196.bmp	1,021550E+0	4,155288E+0	1,321881E-3	1,107786E-5
20220408 14:00:27,201	c_1_1637_20220408_14_00_27,201.bmp	1,031732E+0	4,180747E+0	-3,769540E-3	-3,807953E-3
20220408 14:00:33,203	c_1_1638_20220408_14_00_33,203.bmp	1,034277E+0	4,199842E+0	-1,223829E-3	-3,807953E-3
20220408 14:00:39,207	c_1_1639_20220408_14_00_39,207.bmp	1,038095E+0	4,218936E+0	4,902598E-5	-1,261932E-3
20220408 14:00:45,209	c_1_1640_20220408_14_00_45,209.bmp	1,045731E+0	4,236758E+0	1,321881E-3	1,107786E-5
20220408 14:00:51,211	c_1_1641_20220408_14_00_51,211.bmp	1,044459E+0	4,254580E+0	2,594737E-3	2,557098E-3
20220408 14:00:57,212	c_1_1642_20220408_14_00_57,212.bmp	1,054641E+0	4,280039E+0	-2,496685E-3	-3,807953E-3
20220408 14:01:03,215	c_1_1643_20220408_14_01_03,215.bmp	1,050822E+0	4,297861E+0	1,321881E-3	1,107786E-5
20220408 14:01:09,225	c_1_1644_20220408_14_01_09,225.bmp	1,058459E+0	4,318228E+0	1,321881E-3	-1,261932E-3
20220408 14:01:15,233	c_1_1645_20220408_14_01_15,233.bmp	1,059731E+0	4,338596E+0	4,902598E-5	-1,261932E-3
20220408 14:01:21,237	c_1_1646_20220408_14_01_21,237.bmp	1,067368E+0	4,357690E+0	-2,496685E-3	-2,534943E-3
20220408 14:01:27,238	c_1_1647_20220408_14_01_27,238.bmp	1,071186E+0	4,374239E+0	2,594737E-3	1,284088E-3
20220408 14:01:33,241	c_1_1648_20220408_14_01_33,241.bmp	1,072459E+0	4,393334E+0	3,867592E-3	3,830109E-3
20220408 14:01:39,252	c_1_1649_20220408_14_01_39,252.bmp	1,081368E+0	4,417520E+0	-3,769540E-3	1,107786E-5
20220408 14:01:45,259	c_1_1650_20220408_14_01_45,259.bmp	1,083913E+0	4,437888E+0	4,902598E-5	1,107786E-5
20220408 14:01:51,262	c_1_1651_20220408_14_01_51,262.bmp	1,081368E+0	4,454436E+0	2,594737E-3	2,557098E-3
20220408 14:01:57,266	c_1_1652_20220408_14_01_57,266.bmp	1,090277E+0	4,481169E+0	-2,496685E-3	-3,807953E-3
20220408 14:02:03,267	c_1_1653_20220408_14_02_03,267.bmp	1,092822E+0	4,501536E+0	-3,769540E-3	-5,080963E-3
20220408 14:02:09,268	c_1_1654_20220408_14_02_09,268.bmp	1,091549E+0	4,518085E+0	4,902598E-5	1,107786E-5
20220408 14:02:15,273	c_1_1655_20220408_14_02_15,273.bmp	1,096640E+0	4,539726E+0	1,321881E-3	1,107786E-5
20220408 14:02:21,280	c_1_1656_20220408_14_02_21,280.bmp	1,096640E+0	4,555001E+0	4,902598E-5	3,830109E-3
20220408 14:02:27,286	c_1_1657_20220408_14_02_27,286.bmp	1,106822E+0	4,579188E+0	-3,769540E-3	-1,261932E-3
20220408 14:02:33,289	c_1_1658_20220408_14_02_33,289.bmp	1,103004E+0	4,597009E+0	-1,223829E-3	1,107786E-5
20220408 14:02:39,290	c_1_1659_20220408_14_02_39,290.bmp	1,110640E+0	4,619923E+0	-3,769540E-3	-3,807953E-3
20220408 14:02:45,293	c_1_1660_20220408_14_02_45,293.bmp	1,106822E+0	4,632653E+0	2,594737E-3	2,557098E-3
20220408 14:02:51,298	c_1_1661_20220408_14_02_51,298.bmp	1,111913E+0	4,659385E+0	4,902598E-5	1,107786E-5
20220408 14:02:57,305	c_1_1662_20220408_14_02_57,305.bmp	1,114458E+0	4,677207E+0	-1,223829E-3	3,830109E-3
20220408 14:03:03,309	c_1_1663_20220408_14_03_03,309.bmp	1,113186E+0	4,696301E+0	-1,223829E-3	1,107786E-5
20220408 14:03:09,312	c_1_1664_20220408_14_03_09,312.bmp	1,105549E+0	4,719215E+0	-3,769540E-3	1,107786E-5
20220408 14:03:15,314	c_1_1665_20220408_14_03_15,314.bmp	1,085186E+0	4,740855E+0	4,902598E-5	-3,807953E-3
20220408 14:03:21,316	c_1_1666_20220408_14_03_21,316.bmp	9,948228E-1	4,759950E+0	-3,769540E-3	-3,807953E-3
20220408 14:03:27,318	c_1_1667_20220408_14_03_27,318.bmp	8,891872E-1	4,777771E+0	-2,496685E-3	1,107786E-5
20220408 14:03:33,322	c_1_1668_20220408_14_03_33,322.bmp	8,459148E-1	4,796866E+0	4,902598E-5	2,557098E-3
20220408 14:03:39,327	c_1_1669_20220408_14_03_39,327.bmp	8,370058E-1	4,814688E+0	4,902598E-5	2,557098E-3
20220408 14:03:45,331	c_1_1670_20220408_14_03_45,331.bmp	8,382785E-1	4,837601E+0	4,902598E-5	1,107786E-5
20220408 14:03:51,334	c_1_1671_20220408_14_03_51,334.bmp	8,433694E-1	4,860515E+0	-3,769540E-3	-3,807953E-3
20220408 14:03:57,339	c_1_1672_20220408_14_03_57,339.bmp	8,446421E-1	4,880882E+0	-3,769540E-3	-3,807953E-3
20220408 14:04:03,344	c_1_1673_20220408_14_04_03,344.bmp	8,484602E-1	4,897431E+0	-2,496685E-3	1,107786E-5
20220408 14:04:09,346	c_1_1674_20220408_14_04_09,346.bmp	8,535511E-1	4,921617E+0	-3,769540E-3	-3,807953E-3
20220408 14:04:15,351	c_1_1675_20220408_14_04_15,351.bmp	8,510057E-1	4,938166E+0	3,867592E-3	-1,261932E-3
20220408 14:04:21,352	c_1_1676_20220408_14_04_21,352.bmp	8,611874E-1	4,957261E+0	-1,223829E-3	1,107786E-5
20220408 14:04:27,359	c_1_1677_20220408_14_04_27,359.bmp	8,637328E-1	4,980174E+0	4,902598E-5	-3,807953E-3
