7.769467860802619025e-04
8.260908211263856906e-06
2.089735506579127287e-03
1.023977071798548057e-02
3.090337434152607907e-02
5.615970629819416748e-02
9.405180660952675020e-02
1.462703022398183228e-01
2.094746778741543580e-01
2.778702028995268525e-01
3.495675815468593517e-01
4.257913459082319774e-01
5.314949387824640104e-01
6.393784895998017026e-01
7.503252261714221660e-01
8.786628247539300940e-01
1.022376084054554379e+00
1.161972216300260818e+00
1.306146874377081435e+00
1.433074308377798145e+00
1.583123191900196680e+00
1.716012151096626859e+00
1.753488212252183098e+00
1.854721680402319661e+00
1.971958759460137323e+00
2.023823462212143820e+00
2.044923347705150718e+00
2.063591974347533942e+00
1.945724671996499566e+00
1.892967044962374334e+00
1.880055165727050115e+00
1.802409423430530788e+00
1.831952534517528042e+00
1.867756005213152992e+00
1.813537384305022870e+00
1.768095659215191295e+00
1.784430358225165936e+00
1.789774003287650794e+00
1.807689654255426825e+00
1.751099378376251403e+00
1.746649079873951571e+00
1.713852749439447987e+00
1.701914407763717163e+00
1.674366635466697506e+00
1.645791754543403318e+00
1.648337469407600286e+00
1.670439940582575389e+00
1.681176197342757028e+00
1.706477447690286642e+00
1.728209814156965951e+00
1.733573329849791289e+00
1.748473788460810141e+00
1.765025572417392885e+00
1.792037074190364621e+00
1.757909524497948350e+00
1.765592442589347000e+00
1.775223420903446536e+00
1.778864332813361315e+00
1.814510781606155421e+00
1.831383871388419182e+00
1.889194397432034878e+00
1.938366672638613730e+00
1.998074387311137068e+00
2.036662957263444707e+00
2.070410614645770586e+00
2.110557286720067260e+00
2.147180082537982759e+00
2.207165100407857850e+00
2.222004438355016376e+00
2.244078335643586275e+00
2.268294717670891192e+00
2.302406419124509718e+00
2.346458586619592168e+00
2.370553004149940080e+00
2.398633565860893047e+00
2.417474711596486081e+00
2.454249165581016356e+00
2.474986696609178249e+00
2.446097234637886420e+00
2.440332057923818798e+00
2.444232070956125380e+00
2.490525698520618114e+00
2.506255092384202854e+00
2.565137040781849009e+00
2.606210374226526127e+00
2.643801174879408133e+00
2.701511189852288108e+00
2.738222850866228519e+00
2.779233726880537159e+00
2.810435943930285063e+00
2.870146108801108209e+00
2.902992744282988369e+00
2.912879302797590775e+00
2.977863568560415786e+00
3.013175952229959265e+00
3.029986848133318311e+00
3.055606326933601125e+00
3.084551674732639359e+00
3.148008332623557504e+00
3.163691986116210053e+00
3.185487365146791650e+00
3.211732844717701596e+00
3.224800720629970030e+00
3.222135132387468737e+00
3.246451857753634318e+00
3.213732733202090408e+00
3.183741615599998021e+00
3.144565880376520628e+00
3.075825644938575909e+00
3.042681906042811413e+00
3.010870796134606397e+00
2.965811792025699667e+00
2.938480876354333748e+00
2.909220861562006988e+00
2.881763576482924805e+00
2.874056911482928633e+00
2.848392010783220574e+00
2.853485304116997412e+00
2.845578693691025673e+00
2.858082534300840472e+00
2.851248754184118717e+00
2.892506506800547328e+00
2.879929923710434991e+00
2.861277125806524158e+00
2.841927267655711908e+00
2.818850478723905262e+00
2.805625808853329684e+00
2.832446996910881865e+00
2.816078339292169552e+00
2.802835337579688169e+00
2.786658438983085961e+00
2.781016820643029241e+00
2.775005676673661270e+00
2.783170068107652995e+00
2.806072969007400886e+00
2.830004931323331085e+00
2.837899257325685376e+00
2.871866619377746233e+00
2.898550254144902194e+00
2.927665292659860530e+00
2.971597583779342244e+00
2.979770923495644208e+00
3.015145553503185916e+00
3.048147999847234502e+00
3.076714025555770782e+00
3.088665713186074857e+00
3.126119515389169656e+00
3.135390276605139803e+00
3.159822675499939670e+00
3.200645530269696337e+00
3.235021573981627263e+00
3.239818170203677461e+00
3.255073541566462669e+00
3.259354157697065713e+00
3.261807749682607227e+00
3.245763347716562386e+00
3.234694688202609747e+00
3.184277216719715309e+00
3.185285979133424927e+00
3.170632074179856819e+00
3.125527593433621298e+00
3.094105804028991269e+00
3.040378168967173611e+00
3.000403543706957610e+00
2.962084435033851992e+00
2.929781739704966803e+00
1.985502537714613380e+00
1.909867232382320035e+00
1.907790906091650029e+00
1.917926902877801432e+00
1.943189593011782845e+00
1.957878481662560510e+00
1.944510887223062312e+00
1.947415402775939830e+00
1.966885800181903843e+00
1.972800059294750330e+00
1.992382540279856062e+00
2.001751218640954733e+00
1.993576318825855065e+00
1.987685022457617023e+00
1.986295526074431939e+00
1.936378527078530531e+00
1.776015955795525514e+00
1.649690073721028716e+00
1.572051945962518182e+00
1.391684782648635155e+00
1.343169489692368490e+00
1.306957631165479139e+00
1.279561490126659429e+00
1.268939344676152325e+00
1.274464641607554238e+00
1.293612768669753832e+00
1.310390963860874836e+00
1.325691261491117379e+00
1.336293069866546501e+00
1.327290058310627963e+00
1.333351418092929785e+00
1.357712960946191538e+00
1.374640689115022907e+00
1.386240248586861012e+00
1.391352745518789735e+00
1.401189555072519077e+00
1.417333439477437063e+00
1.423638461782551490e+00
1.434890521691481569e+00
1.454422941154149163e+00
1.463989963346536527e+00
1.486475305303057048e+00
1.492444410573328328e+00
1.500681268969864757e+00
1.510776108573247845e+00
1.531312819048730400e+00
1.551435864474038251e+00
1.557875717444302754e+00
1.565397970731165822e+00
1.591956710599638170e+00
1.591863502874557357e+00
1.609465795473238536e+00
1.630495879309779905e+00
1.637225945331228560e+00
1.647177042823733339e+00
1.670588743965779166e+00
1.671800495485601168e+00
1.692265445433297044e+00
1.701493399458769984e+00
1.708664676950040207e+00
1.719793535913459070e+00
1.729109857526733851e+00
1.743842152455012950e+00
1.753703476812281670e+00
1.767468881466199626e+00
1.771198061238955068e+00
1.788259396230481357e+00
1.799079118888069040e+00
1.807850542081149703e+00
1.814769293698066832e+00
1.823055645114326939e+00
1.819374597563007789e+00
1.808043534759842919e+00
1.631678510676331850e+00
1.425177412242063957e+00
1.330233016501950472e+00
1.323803796156413748e+00
1.324761213475431409e+00
1.332867423226292480e+00
1.350006215382015817e+00
1.359967974636473453e+00
1.362461080316085038e+00
1.365844721987609311e+00
1.380235773940848398e+00
1.392766585028890614e+00
