20220516 10:45:21,034	c_0_291_20220516_10_45_21,034.bmp	1,777379E-1	1,558096E-2	-3,769540E-3	-5,080963E-3
20220516 10:45:27,038	c_0_292_20220516_10_45_27,038.bmp	1,751925E-1	1,430799E-2	4,902598E-5	-3,807953E-3
20220516 10:45:33,039	c_0_293_20220516_10_45_33,039.bmp	-4,425969E-4	1,558096E-2	-1,223829E-3	-3,807953E-3
20220516 10:45:39,046	c_0_294_20220516_10_45_39,046.bmp	-1,715315E-3	1,303501E-2	4,902598E-5	-1,261932E-3
20220516 10:45:45,056	c_0_295_20220516_10_45_45,056.bmp	1,751925E-1	1,430799E-2	2,594737E-3	2,557098E-3
20220516 10:45:51,059	c_0_296_20220516_10_45_51,059.bmp	3,839182E-1	4,358636E-2	4,902598E-5	-3,807953E-3
20220516 10:45:57,063	c_0_297_20220516_10_45_57,063.bmp	5,862803E-1	5,886203E-2	4,902598E-5	1,107786E-5
20220516 10:46:03,066	c_0_298_20220516_10_46_03,066.bmp	7,950061E-1	8,050256E-2	-1,223829E-3	1,107786E-5
20220516 10:46:09,069	c_0_299_20220516_10_46_09,069.bmp	9,986409E-1	1,008701E-1	-1,223829E-3	-1,261932E-3
20220516 10:46:15,076	c_0_300_20220516_10_46_15,076.bmp	1,199730E+0	1,186917E-1	-3,769540E-3	1,107786E-5
20220516 10:46:21,079	c_0_301_20220516_10_46_21,079.bmp	1,394456E+0	1,390593E-1	-2,496685E-3	1,107786E-5
20220516 10:46:27,081	c_0_302_20220516_10_46_27,081.bmp	1,573909E+0	1,568809E-1	1,321881E-3	3,830109E-3
20220516 10:46:33,083	c_0_303_20220516_10_46_33,083.bmp	1,758454E+0	1,810674E-1	-3,769540E-3	-3,807953E-3
20220516 10:46:39,087	c_0_304_20220516_10_46_39,087.bmp	1,911180E+0	1,976160E-1	1,321881E-3	1,284088E-3
20220516 10:46:45,091	c_0_305_20220516_10_46_45,091.bmp	2,047360E+0	2,218025E-1	-2,496685E-3	-3,807953E-3
20220516 10:46:51,092	c_0_306_20220516_10_46_51,092.bmp	2,117360E+0	2,370782E-1	2,594737E-3	2,557098E-3
20220516 10:46:57,102	c_0_307_20220516_10_46_57,102.bmp	2,080451E+0	2,612647E-1	-3,769540E-3	-3,807953E-3
20220516 10:47:03,110	c_0_308_20220516_10_47_03,110.bmp	2,072815E+0	2,790863E-1	-5,042396E-3	1,107786E-5
20220516 10:47:09,111	c_0_309_20220516_10_47_09,111.bmp	1,926452E+0	2,981809E-1	3,867592E-3	1,107786E-5
20220516 10:47:15,113	c_0_310_20220516_10_47_15,113.bmp	1,734272E+0	3,210944E-1	4,902598E-5	-3,807953E-3
20220516 10:47:21,118	c_0_311_20220516_10_47_21,118.bmp	1,598091E+0	3,389160E-1	3,867592E-3	1,107786E-5
20220516 10:47:27,123	c_0_312_20220516_10_47_27,123.bmp	1,543364E+0	3,592836E-1	2,594737E-3	1,107786E-5
20220516 10:47:33,130	c_0_313_20220516_10_47_33,130.bmp	1,506455E+0	3,796511E-1	-1,223829E-3	1,107786E-5
20220516 10:47:39,134	c_0_314_20220516_10_47_39,134.bmp	1,475910E+0	3,961998E-1	4,902598E-5	2,557098E-3
20220516 10:47:45,137	c_0_315_20220516_10_47_45,137.bmp	1,465728E+0	4,229322E-1	-3,769540E-3	-3,807953E-3
20220516 10:47:51,139	c_0_316_20220516_10_47_51,139.bmp	1,474637E+0	4,394808E-1	4,902598E-5	-1,261932E-3
20220516 10:47:57,143	c_0_317_20220516_10_47_57,143.bmp	1,488637E+0	4,585754E-1	2,594737E-3	-1,261932E-3
20220516 10:48:03,144	c_0_318_20220516_10_48_03,144.bmp	1,523001E+0	4,738511E-1	2,594737E-3	2,557098E-3
20220516 10:48:09,146	c_0_319_20220516_10_48_09,146.bmp	1,559910E+0	5,031295E-1	4,902598E-5	-3,807953E-3
20220516 10:48:15,151	c_0_320_20220516_10_48_15,151.bmp	1,591727E+0	5,196781E-1	2,594737E-3	-1,261932E-3
20220516 10:48:21,157	c_0_321_20220516_10_48_21,157.bmp	1,636273E+0	5,413186E-1	-3,769540E-3	-3,807953E-3
20220516 10:48:27,160	c_0_322_20220516_10_48_27,160.bmp	1,668091E+0	5,604132E-1	-1,223829E-3	-3,807953E-3
20220516 10:48:33,164	c_0_323_20220516_10_48_33,164.bmp	1,703727E+0	5,795078E-1	4,902598E-5	1,107786E-5
20220516 10:48:39,168	c_0_324_20220516_10_48_39,168.bmp	1,731726E+0	6,024213E-1	-2,496685E-3	-3,807953E-3
20220516 10:48:45,169	c_0_325_20220516_10_48_45,169.bmp	1,741908E+0	6,176970E-1	4,902598E-5	-1,261932E-3
20220516 10:48:51,170	c_0_326_20220516_10_48_51,170.bmp	1,729181E+0	6,393375E-1	1,321881E-3	1,107786E-5
20220516 10:48:57,171	c_0_327_20220516_10_48_57,171.bmp	1,632454E+0	6,622510E-1	-3,769540E-3	-3,807953E-3
20220516 10:49:03,182	c_0_328_20220516_10_49_03,182.bmp	1,554819E+0	6,800727E-1	-2,496685E-3	1,284088E-3
20220516 10:49:09,187	c_0_329_20220516_10_49_09,187.bmp	1,185730E+0	7,004402E-1	-1,223829E-3	-1,261932E-3
20220516 10:49:15,192	c_0_330_20220516_10_49_15,192.bmp	1,127185E+0	7,182618E-1	2,594737E-3	1,284088E-3
20220516 10:49:21,195	c_0_331_20220516_10_49_21,195.bmp	1,024095E+0	7,424483E-1	-1,223829E-3	-3,807953E-3
20220516 10:49:27,197	c_0_332_20220516_10_49_27,197.bmp	9,782775E-1	7,615429E-1	1,321881E-3	-5,080963E-3
20220516 10:49:33,202	c_0_333_20220516_10_49_33,202.bmp	9,668230E-1	7,806375E-1	-2,496685E-3	-5,080963E-3
20220516 10:49:39,211	c_0_334_20220516_10_49_39,211.bmp	9,795502E-1	7,984591E-1	-1,223829E-3	1,107786E-5
20220516 10:49:45,217	c_0_335_20220516_10_49_45,217.bmp	9,973682E-1	8,188267E-1	-2,496685E-3	1,107786E-5
20220516 10:49:51,223	c_0_336_20220516_10_49_51,223.bmp	1,020277E+0	8,391942E-1	-3,769540E-3	1,107786E-5
20220516 10:49:57,226	c_0_337_20220516_10_49_57,226.bmp	1,035550E+0	8,544699E-1	2,594737E-3	2,557098E-3
20220516 10:50:03,231	c_0_338_20220516_10_50_03,231.bmp	1,062277E+0	8,773834E-1	4,902598E-5	1,107786E-5
20220516 10:50:09,237	c_0_339_20220516_10_50_09,237.bmp	1,080095E+0	8,952050E-1	3,867592E-3	2,557098E-3
20220516 10:50:15,238	c_0_340_20220516_10_50_15,238.bmp	1,111913E+0	9,193915E-1	-3,769540E-3	-1,261932E-3
20220516 10:50:21,245	c_0_341_20220516_10_50_21,245.bmp	1,134822E+0	9,397591E-1	4,902598E-5	1,107786E-5
20220516 10:50:27,249	c_0_342_20220516_10_50_27,249.bmp	1,159003E+0	9,563077E-1	4,902598E-5	1,284088E-3
20220516 10:50:33,250	c_0_343_20220516_10_50_33,250.bmp	1,181912E+0	9,741293E-1	2,594737E-3	1,107786E-5
20220516 10:50:39,254	c_0_344_20220516_10_50_39,254.bmp	1,212458E+0	9,995888E-1	-3,769540E-3	1,107786E-5
20220516 10:50:45,258	c_0_345_20220516_10_50_45,258.bmp	1,236639E+0	1,018683E+0	-3,769540E-3	-1,261932E-3
20220516 10:50:51,259	c_0_346_20220516_10_50_51,259.bmp	1,259548E+0	1,039051E+0	1,321881E-3	1,107786E-5
20220516 10:50:57,267	c_0_347_20220516_10_50_57,267.bmp	1,286275E+0	1,059418E+0	4,902598E-5	1,107786E-5
20220516 10:51:03,273	c_0_348_20220516_10_51_03,273.bmp	1,310457E+0	1,078513E+0	4,902598E-5	-1,261932E-3
20220516 10:51:09,277	c_0_349_20220516_10_51_09,277.bmp	1,335911E+0	1,100154E+0	1,321881E-3	1,107786E-5
20220516 10:51:15,279	c_0_350_20220516_10_51_15,279.bmp	1,366456E+0	1,117975E+0	-6,315251E-3	-3,807953E-3
20220516 10:51:21,283	c_0_351_20220516_10_51_21,283.bmp	1,386820E+0	1,142162E+0	-3,769540E-3	-3,807953E-3
20220516 10:51:27,284	c_0_352_20220516_10_51_27,284.bmp	1,404638E+0	1,158710E+0	2,594737E-3	-1,261932E-3
20220516 10:51:33,293	c_0_353_20220516_10_51_33,293.bmp	1,426274E+0	1,172713E+0	2,594737E-3	2,557098E-3
20220516 10:51:39,302	c_0_354_20220516_10_51_39,302.bmp	1,447910E+0	1,195627E+0	2,594737E-3	3,830109E-3
20220516 10:51:45,308	c_0_355_20220516_10_51_45,308.bmp	1,470819E+0	1,217267E+0	2,594737E-3	1,107786E-5
20220516 10:51:51,309	c_0_356_20220516_10_51_51,309.bmp	1,493728E+0	1,240181E+0	2,594737E-3	1,284088E-3
20220516 10:51:57,312	c_0_357_20220516_10_51_57,312.bmp	1,519183E+0	1,258002E+0	-1,223829E-3	2,557098E-3
20220516 10:52:03,320	c_0_358_20220516_10_52_03,320.bmp	1,542091E+0	1,279643E+0	4,902598E-5	1,107786E-5
20220516 10:52:09,322	c_0_359_20220516_10_52_09,322.bmp	1,561182E+0	1,298737E+0	1,321881E-3	1,107786E-5
20220516 10:52:15,326	c_0_360_20220516_10_52_15,326.bmp	1,577728E+0	1,319105E+0	2,594737E-3	-1,261932E-3
20220516 10:52:21,333	c_0_361_20220516_10_52_21,333.bmp	1,594273E+0	1,336927E+0	2,594737E-3	3,830109E-3
20220516 10:52:27,336	c_0_362_20220516_10_52_27,336.bmp	1,604455E+0	1,362386E+0	4,902598E-5	-3,807953E-3
20220516 10:52:33,337	c_0_363_20220516_10_52_33,337.bmp	1,605727E+0	1,380208E+0	1,321881E-3	1,107786E-5
20220516 10:52:39,341	c_0_364_20220516_10_52_39,341.bmp	1,619727E+0	1,399302E+0	4,902598E-5	1,107786E-5
20220516 10:52:45,342	c_0_365_20220516_10_52_45,342.bmp	1,632454E+0	1,420943E+0	-3,769540E-3	-3,807953E-3
20220516 10:52:51,351	c_0_366_20220516_10_52_51,351.bmp	1,637545E+0	1,440037E+0	4,902598E-5	1,107786E-5
20220516 10:52:57,360	c_0_367_20220516_10_52_57,360.bmp	1,641363E+0	1,460405E+0	2,594737E-3	1,107786E-5
20220516 10:53:03,361	c_0_368_20220516_10_53_03,361.bmp	1,650272E+0	1,475681E+0	2,594737E-3	2,557098E-3
20220516 10:53:09,362	c_0_369_20220516_10_53_09,362.bmp	1,660454E+0	1,502413E+0	-5,042396E-3	-3,807953E-3
20220516 10:53:15,367	c_0_370_20220516_10_53_15,367.bmp	1,660454E+0	1,516416E+0	1,321881E-3	1,284088E-3
20220516 10:53:21,370	c_0_371_20220516_10_53_21,370.bmp	1,663000E+0	1,539329E+0	1,321881E-3	-1,261932E-3
20220516 10:53:27,375	c_0_372_20220516_10_53_27,375.bmp	1,670636E+0	1,558424E+0	-1,223829E-3	1,107786E-5
20220516 10:53:33,382	c_0_373_20220516_10_53_33,382.bmp	1,682090E+0	1,578791E+0	-3,769540E-3	-3,807953E-3
20220516 10:53:39,388	c_0_374_20220516_10_53_39,388.bmp	1,690999E+0	1,601705E+0	-5,042396E-3	-3,807953E-3
20220516 10:53:45,393	c_0_375_20220516_10_53_45,393.bmp	1,699908E+0	1,619526E+0	4,902598E-5	-1,261932E-3
20220516 10:53:51,395	c_0_376_20220516_10_53_51,395.bmp	1,717727E+0	1,638621E+0	-3,769540E-3	1,107786E-5
20220516 10:53:57,406	c_0_377_20220516_10_53_57,406.bmp	1,720272E+0	1,655170E+0	3,867592E-3	1,284088E-3
20220516 10:54:03,411	c_0_378_20220516_10_54_03,411.bmp	1,734272E+0	1,676810E+0	2,594737E-3	3,830109E-3
20220516 10:54:09,415	c_0_379_20220516_10_54_09,415.bmp	1,750817E+0	1,698451E+0	2,594737E-3	1,284088E-3
20220516 10:54:15,420	c_0_380_20220516_10_54_15,420.bmp	1,764817E+0	1,717545E+0	3,867592E-3	2,557098E-3
20220516 10:54:21,422	c_0_381_20220516_10_54_21,422.bmp	1,781362E+0	1,735367E+0	1,321881E-3	3,830109E-3
20220516 10:54:27,425	c_0_382_20220516_10_54_27,425.bmp	1,795362E+0	1,757007E+0	1,321881E-3	3,830109E-3
20220516 10:54:33,434	c_0_383_20220516_10_54_33,434.bmp	1,799180E+0	1,778648E+0	2,594737E-3	1,107786E-5
20220516 10:54:39,440	c_0_384_20220516_10_54_39,440.bmp	1,806817E+0	1,795197E+0	5,140448E-3	1,284088E-3
20220516 10:54:45,445	c_0_385_20220516_10_54_45,445.bmp	1,818271E+0	1,820656E+0	-2,496685E-3	-3,807953E-3
20220516 10:54:51,448	c_0_386_20220516_10_54_51,448.bmp	1,813180E+0	1,843570E+0	-3,769540E-3	-3,807953E-3
20220516 10:54:57,449	c_0_387_20220516_10_54_57,449.bmp	1,145003E+0	1,860118E+0	-3,769540E-3	-5,080963E-3
20220516 10:55:03,452	c_0_388_20220516_10_55_03,452.bmp	1,108095E+0	1,881759E+0	-1,223829E-3	-3,807953E-3
20220516 10:55:09,462	c_0_389_20220516_10_55_09,462.bmp	1,115731E+0	1,895761E+0	1,321881E-3	2,557098E-3
20220516 10:55:15,468	c_0_390_20220516_10_55_15,468.bmp	1,134822E+0	1,922494E+0	-3,769540E-3	-3,807953E-3
20220516 10:55:21,473	c_0_391_20220516_10_55_21,473.bmp	1,141185E+0	1,935224E+0	-1,223829E-3	3,830109E-3
20220516 10:55:27,475	c_0_392_20220516_10_55_27,475.bmp	1,145003E+0	1,954318E+0	2,594737E-3	1,284088E-3
20220516 10:55:33,480	c_0_393_20220516_10_55_33,480.bmp	1,145003E+0	1,975959E+0	2,594737E-3	2,557098E-3
20220516 10:55:39,493	c_0_394_20220516_10_55_39,493.bmp	1,151367E+0	1,995053E+0	-1,223829E-3	2,557098E-3
20220516 10:55:45,503	c_0_395_20220516_10_55_45,503.bmp	1,160276E+0	2,020513E+0	-1,223829E-3	-1,261932E-3
20220516 10:55:51,505	c_0_396_20220516_10_55_51,505.bmp	1,169185E+0	2,040880E+0	-2,496685E-3	-3,807953E-3
20220516 10:55:57,509	c_0_397_20220516_10_55_57,509.bmp	1,176821E+0	2,062521E+0	-2,496685E-3	-5,080963E-3
20220516 10:56:03,515	c_0_398_20220516_10_56_03,515.bmp	1,185730E+0	2,081615E+0	-2,496685E-3	-3,807953E-3
20220516 10:56:09,519	c_0_399_20220516_10_56_09,519.bmp	1,188276E+0	2,096891E+0	2,594737E-3	2,557098E-3
20220516 10:56:15,526	c_0_400_20220516_10_56_15,526.bmp	1,202276E+0	2,121078E+0	4,902598E-5	-1,261932E-3
20220516 10:56:21,531	c_0_401_20220516_10_56_21,531.bmp	1,211185E+0	2,136353E+0	4,902598E-5	2,557098E-3
20220516 10:56:27,531	c_0_402_20220516_10_56_27,531.bmp	1,217548E+0	2,155448E+0	1,321881E-3	2,557098E-3
20220516 10:56:33,532	c_0_403_20220516_10_56_33,532.bmp	1,229003E+0	2,175815E+0	4,902598E-5	1,284088E-3
20220516 10:56:39,534	c_0_404_20220516_10_56_39,534.bmp	1,239185E+0	2,200002E+0	4,902598E-5	-1,261932E-3
20220516 10:56:45,539	c_0_405_20220516_10_56_45,539.bmp	1,244275E+0	2,219097E+0	2,594737E-3	-1,261932E-3
20220516 10:56:51,550	c_0_406_20220516_10_56_51,550.bmp	1,259548E+0	2,238191E+0	-3,769540E-3	-3,807953E-3
20220516 10:56:57,557	c_0_407_20220516_10_56_57,557.bmp	1,262094E+0	2,261105E+0	4,902598E-5	-3,807953E-3
20220516 10:57:03,559	c_0_408_20220516_10_57_03,559.bmp	1,264639E+0	2,278926E+0	3,867592E-3	-1,261932E-3
20220516 10:57:09,564	c_0_409_20220516_10_57_09,564.bmp	1,276093E+0	2,298021E+0	4,902598E-5	-1,261932E-3
20220516 10:57:15,574	c_0_410_20220516_10_57_15,574.bmp	1,278639E+0	2,318388E+0	4,902598E-5	-1,261932E-3
20220516 10:57:21,580	c_0_411_20220516_10_57_21,580.bmp	1,278639E+0	2,336210E+0	1,321881E-3	1,284088E-3
20220516 10:57:27,582	c_0_412_20220516_10_57_27,582.bmp	1,285002E+0	2,359124E+0	-1,223829E-3	1,107786E-5
20220516 10:57:33,584	c_0_413_20220516_10_57_33,584.bmp	1,283730E+0	2,378218E+0	4,902598E-5	-1,261932E-3
20220516 10:57:39,587	c_0_414_20220516_10_57_39,587.bmp	1,279912E+0	2,394767E+0	-1,223829E-3	3,830109E-3
20220516 10:57:45,588	c_0_415_20220516_10_57_45,588.bmp	1,268457E+0	2,418953E+0	3,867592E-3	-1,261932E-3
20220516 10:57:51,589	c_0_416_20220516_10_57_51,589.bmp	1,257003E+0	2,439321E+0	-1,223829E-3	1,107786E-5
20220516 10:57:57,592	c_0_417_20220516_10_57_57,592.bmp	1,232821E+0	2,454596E+0	2,594737E-3	2,557098E-3
20220516 10:58:03,600	c_0_418_20220516_10_58_03,600.bmp	1,215003E+0	2,474964E+0	2,594737E-3	3,830109E-3
20220516 10:58:09,609	c_0_419_20220516_10_58_09,609.bmp	1,212458E+0	2,499150E+0	-5,042396E-3	1,107786E-5
20220516 10:58:15,613	c_0_420_20220516_10_58_15,613.bmp	1,202276E+0	2,516972E+0	-3,769540E-3	-1,261932E-3
20220516 10:58:21,614	c_0_421_20220516_10_58_21,614.bmp	1,188276E+0	2,542432E+0	-3,769540E-3	-3,807953E-3
20220516 10:58:27,615	c_0_422_20220516_10_58_27,615.bmp	1,141185E+0	2,561526E+0	-1,223829E-3	-3,807953E-3
20220516 10:58:33,618	c_0_423_20220516_10_58_33,618.bmp	1,123367E+0	2,575529E+0	2,594737E-3	1,284088E-3
20220516 10:58:39,622	c_0_424_20220516_10_58_39,622.bmp	1,105549E+0	2,599715E+0	2,594737E-3	1,107786E-5
20220516 10:58:45,628	c_0_425_20220516_10_58_45,628.bmp	1,066095E+0	2,620083E+0	-2,496685E-3	1,107786E-5
20220516 10:58:51,634	c_0_426_20220516_10_58_51,634.bmp	9,757320E-1	2,636632E+0	1,321881E-3	3,830109E-3
20220516 10:58:57,634	c_0_427_20220516_10_58_57,634.bmp	9,642776E-1	2,656999E+0	4,902598E-5	1,284088E-3
20220516 10:59:03,639	c_0_428_20220516_10_59_03,639.bmp	9,617321E-1	2,676094E+0	1,321881E-3	3,830109E-3
20220516 10:59:09,643	c_0_429_20220516_10_59_09,643.bmp	9,731866E-1	2,702826E+0	4,902598E-5	-3,807953E-3
20220516 10:59:15,647	c_0_430_20220516_10_59_15,647.bmp	9,808229E-1	2,723194E+0	-3,769540E-3	-3,807953E-3
20220516 10:59:21,649	c_0_431_20220516_10_59_21,649.bmp	9,859138E-1	2,742288E+0	-1,223829E-3	-3,807953E-3
20220516 10:59:27,653	c_0_432_20220516_10_59_27,653.bmp	9,935501E-1	2,756291E+0	4,902598E-5	2,557098E-3
20220516 10:59:33,660	c_0_433_20220516_10_59_33,660.bmp	9,986409E-1	2,776659E+0	2,594737E-3	1,284088E-3
20220516 10:59:39,661	c_0_434_20220516_10_59_39,661.bmp	1,007550E+0	2,794480E+0	4,902598E-5	2,557098E-3
20220516 10:59:45,665	c_0_435_20220516_10_59_45,665.bmp	1,021550E+0	2,819940E+0	-3,769540E-3	1,107786E-5
20220516 10:59:51,668	c_0_436_20220516_10_59_51,668.bmp	1,021550E+0	2,837761E+0	5,140448E-3	2,557098E-3
20220516 10:59:57,673	c_0_437_20220516_10_59_57,673.bmp	1,036822E+0	2,856856E+0	1,321881E-3	2,557098E-3
20220516 11:00:03,683	c_0_438_20220516_11_00_03,683.bmp	1,041913E+0	2,878496E+0	2,594737E-3	-1,261932E-3
20220516 11:00:09,691	c_0_439_20220516_11_00_09,691.bmp	1,049550E+0	2,896318E+0	2,594737E-3	3,830109E-3
20220516 11:00:15,692	c_0_440_20220516_11_00_15,692.bmp	1,064822E+0	2,921777E+0	-3,769540E-3	-3,807953E-3
20220516 11:00:21,694	c_0_441_20220516_11_00_21,694.bmp	1,067368E+0	2,935780E+0	3,867592E-3	2,557098E-3
20220516 11:00:27,699	c_0_442_20220516_11_00_27,699.bmp	1,078822E+0	2,957421E+0	4,902598E-5	1,107786E-5
20220516 11:00:33,700	c_0_443_20220516_11_00_33,700.bmp	1,082640E+0	2,976515E+0	2,594737E-3	-1,261932E-3
20220516 11:00:39,703	c_0_444_20220516_11_00_39,703.bmp	1,092822E+0	2,999429E+0	4,902598E-5	-1,261932E-3
20220516 11:00:45,704	c_0_445_20220516_11_00_45,704.bmp	1,103004E+0	3,022342E+0	-3,769540E-3	-3,807953E-3
20220516 11:00:51,709	c_0_446_20220516_11_00_51,709.bmp	1,113186E+0	3,035072E+0	-1,223829E-3	2,557098E-3
20220516 11:00:57,716	c_0_447_20220516_11_00_57,716.bmp	1,120822E+0	3,059258E+0	2,594737E-3	-1,261932E-3
20220516 11:01:03,721	c_0_448_20220516_11_01_03,721.bmp	1,129731E+0	3,078353E+0	-2,496685E-3	-1,261932E-3
20220516 11:01:09,722	c_0_449_20220516_11_01_09,722.bmp	1,133549E+0	3,097448E+0	-1,223829E-3	2,557098E-3
20220516 11:01:15,725	c_0_450_20220516_11_01_15,725.bmp	1,142458E+0	3,116542E+0	4,902598E-5	1,284088E-3
20220516 11:01:21,727	c_0_451_20220516_11_01_21,727.bmp	1,147549E+0	3,142002E+0	4,902598E-5	-3,807953E-3
20220516 11:01:27,739	c_0_452_20220516_11_01_27,739.bmp	1,152640E+0	3,162369E+0	-2,496685E-3	-2,534943E-3
20220516 11:01:33,741	c_0_453_20220516_11_01_33,741.bmp	1,150094E+0	3,175099E+0	2,594737E-3	3,830109E-3
20220516 11:01:39,746	c_0_454_20220516_11_01_39,746.bmp	1,115731E+0	3,198012E+0	1,321881E-3	1,107786E-5
20220516 11:01:45,752	c_0_455_20220516_11_01_45,752.bmp	1,072459E+0	3,218380E+0	4,902598E-5	1,107786E-5
20220516 11:01:51,756	c_0_456_20220516_11_01_51,756.bmp	1,064822E+0	3,238748E+0	4,902598E-5	1,107786E-5
20220516 11:01:57,768	c_0_457_20220516_11_01_57,768.bmp	1,057186E+0	3,254023E+0	-1,223829E-3	1,284088E-3
20220516 11:02:03,775	c_0_458_20220516_11_02_03,775.bmp	1,041913E+0	3,275664E+0	-1,223829E-3	2,557098E-3
20220516 11:02:09,780	c_0_459_20220516_11_02_09,780.bmp	1,033004E+0	3,297304E+0	6,413303E-3	2,557098E-3
20220516 11:02:15,781	c_0_460_20220516_11_02_15,781.bmp	1,034277E+0	3,320218E+0	4,902598E-5	1,107786E-5
20220516 11:02:21,785	c_0_461_20220516_11_02_21,785.bmp	1,038095E+0	3,338039E+0	1,321881E-3	1,107786E-5
20220516 11:02:27,798	c_0_462_20220516_11_02_27,798.bmp	1,040641E+0	3,359680E+0	-2,496685E-3	-1,261932E-3
20220516 11:02:33,805	c_0_463_20220516_11_02_33,805.bmp	1,039368E+0	3,378775E+0	2,594737E-3	1,284088E-3
20220516 11:02:39,808	c_0_464_20220516_11_02_39,808.bmp	1,044459E+0	3,396596E+0	1,321881E-3	1,107786E-5
20220516 11:02:45,813	c_0_465_20220516_11_02_45,813.bmp	1,045731E+0	3,419510E+0	4,902598E-5	-1,261932E-3
20220516 11:02:51,823	c_0_466_20220516_11_02_51,823.bmp	1,048277E+0	3,439877E+0	-1,223829E-3	1,107786E-5
20220516 11:02:57,826	c_0_467_20220516_11_02_57,826.bmp	1,049550E+0	3,457699E+0	4,902598E-5	-1,261932E-3
20220516 11:03:03,830	c_0_468_20220516_11_03_03,830.bmp	1,054641E+0	3,480612E+0	-1,223829E-3	-3,807953E-3
20220516 11:03:09,834	c_0_469_20220516_11_03_09,834.bmp	1,061004E+0	3,500980E+0	-3,769540E-3	-3,807953E-3
20220516 11:03:15,840	c_0_470_20220516_11_03_15,840.bmp	1,062277E+0	3,521347E+0	-1,223829E-3	-1,261932E-3
20220516 11:03:21,845	c_0_471_20220516_11_03_21,845.bmp	1,067368E+0	3,535350E+0	-1,223829E-3	2,557098E-3
20220516 11:03:27,846	c_0_472_20220516_11_03_27,846.bmp	1,072459E+0	3,556991E+0	2,594737E-3	2,557098E-3
20220516 11:03:33,854	c_0_473_20220516_11_03_33,854.bmp	1,077549E+0	3,579904E+0	4,902598E-5	1,107786E-5
20220516 11:03:39,859	c_0_474_20220516_11_03_39,859.bmp	1,081368E+0	3,598999E+0	4,902598E-5	1,107786E-5
20220516 11:03:45,861	c_0_475_20220516_11_03_45,861.bmp	1,085186E+0	3,614274E+0	2,594737E-3	1,284088E-3
20220516 11:03:51,864	c_0_476_20220516_11_03_51,864.bmp	1,096640E+0	3,639734E+0	-3,769540E-3	-1,261932E-3
20220516 11:03:57,866	c_0_477_20220516_11_03_57,866.bmp	1,099186E+0	3,656283E+0	-2,496685E-3	1,284088E-3
20220516 11:04:03,870	c_0_478_20220516_11_04_03,870.bmp	1,108095E+0	3,679196E+0	-5,042396E-3	1,107786E-5
20220516 11:04:09,876	c_0_479_20220516_11_04_09,876.bmp	1,106822E+0	3,697018E+0	3,867592E-3	1,107786E-5
20220516 11:04:15,885	c_0_480_20220516_11_04_15,885.bmp	1,115731E+0	3,718658E+0	4,902598E-5	-1,261932E-3
20220516 11:04:21,886	c_0_481_20220516_11_04_21,886.bmp	1,120822E+0	3,740299E+0	4,902598E-5	1,107786E-5
20220516 11:04:27,890	c_0_482_20220516_11_04_27,890.bmp	1,123367E+0	3,759393E+0	1,321881E-3	1,107786E-5
20220516 11:04:33,893	c_0_483_20220516_11_04_33,893.bmp	1,131004E+0	3,778488E+0	4,902598E-5	1,107786E-5
20220516 11:04:39,897	c_0_484_20220516_11_04_39,897.bmp	1,133549E+0	3,795037E+0	2,594737E-3	3,830109E-3
20220516 11:04:45,907	c_0_485_20220516_11_04_45,907.bmp	1,138640E+0	3,815404E+0	2,594737E-3	2,557098E-3
20220516 11:04:51,913	c_0_486_20220516_11_04_51,913.bmp	1,148822E+0	3,835772E+0	4,902598E-5	2,557098E-3
20220516 11:04:57,916	c_0_487_20220516_11_04_57,916.bmp	1,148822E+0	3,856139E+0	3,867592E-3	1,284088E-3
20220516 11:05:03,917	c_0_488_20220516_11_05_03,917.bmp	1,159003E+0	3,877780E+0	-2,496685E-3	1,284088E-3
20220516 11:05:09,922	c_0_489_20220516_11_05_09,922.bmp	1,164094E+0	3,899420E+0	-1,223829E-3	-1,261932E-3
20220516 11:05:15,926	c_0_490_20220516_11_05_15,926.bmp	1,166640E+0	3,921061E+0	4,902598E-5	2,557098E-3
20220516 11:05:21,937	c_0_491_20220516_11_05_21,937.bmp	1,174276E+0	3,940155E+0	-3,769540E-3	1,107786E-5
20220516 11:05:27,947	c_0_492_20220516_11_05_27,947.bmp	1,176821E+0	3,961796E+0	-3,769540E-3	-3,807953E-3
20220516 11:05:33,950	c_0_493_20220516_11_05_33,950.bmp	1,175549E+0	3,977072E+0	-1,223829E-3	-1,261932E-3
20220516 11:05:39,953	c_0_494_20220516_11_05_39,953.bmp	1,174276E+0	3,997439E+0	4,902598E-5	3,830109E-3
20220516 11:05:45,957	c_0_495_20220516_11_05_45,957.bmp	1,166640E+0	4,016534E+0	2,594737E-3	2,557098E-3
20220516 11:05:51,964	c_0_496_20220516_11_05_51,964.bmp	1,162822E+0	4,039447E+0	4,902598E-5	1,107786E-5
20220516 11:05:57,971	c_0_497_20220516_11_05_57,971.bmp	1,147549E+0	4,059815E+0	4,902598E-5	-1,261932E-3
20220516 11:06:03,974	c_0_498_20220516_11_06_03,974.bmp	8,917326E-1	4,076364E+0	1,321881E-3	1,284088E-3
20220516 11:06:09,978	c_0_499_20220516_11_06_09,978.bmp	8,980962E-1	4,099277E+0	-3,769540E-3	1,284088E-3
20220516 11:06:15,986	c_0_500_20220516_11_06_15,986.bmp	9,057325E-1	4,119645E+0	-3,769540E-3	1,107786E-5
20220516 11:06:21,987	c_0_501_20220516_11_06_21,987.bmp	9,082780E-1	4,140012E+0	-3,769540E-3	-1,261932E-3
20220516 11:06:27,994	c_0_502_20220516_11_06_27,994.bmp	9,070052E-1	4,157834E+0	2,594737E-3	3,830109E-3
20220516 11:06:34,000	c_0_503_20220516_11_06_34,000.bmp	9,159143E-1	4,183293E+0	4,902598E-5	-3,807953E-3
20220516 11:06:40,004	c_0_504_20220516_11_06_40,004.bmp	9,197324E-1	4,199842E+0	-1,223829E-3	2,557098E-3
20220516 11:06:46,006	c_0_505_20220516_11_06_46,006.bmp	9,286415E-1	4,222755E+0	4,902598E-5	-3,807953E-3
20220516 11:06:52,014	c_0_506_20220516_11_06_52,014.bmp	9,375505E-1	4,243123E+0	-3,769540E-3	-3,807953E-3
20220516 11:06:58,018	c_0_507_20220516_11_06_58,018.bmp	9,400959E-1	4,259672E+0	1,321881E-3	-1,261932E-3
20220516 11:07:04,020	c_0_508_20220516_11_07_04,020.bmp	9,439141E-1	4,276220E+0	2,594737E-3	2,557098E-3
20220516 11:07:10,025	c_0_509_20220516_11_07_10,025.bmp	9,490049E-1	4,299134E+0	2,594737E-3	1,107786E-5
20220516 11:07:16,026	c_0_510_20220516_11_07_16,026.bmp	9,579140E-1	4,319501E+0	4,902598E-5	1,107786E-5
20220516 11:07:22,031	c_0_511_20220516_11_07_22,031.bmp	9,642776E-1	4,338596E+0	4,902598E-5	1,107786E-5
20220516 11:07:28,036	c_0_512_20220516_11_07_28,036.bmp	9,719139E-1	4,358963E+0	-3,769540E-3	1,107786E-5
20220516 11:07:34,041	c_0_513_20220516_11_07_34,041.bmp	9,693684E-1	4,379331E+0	-1,223829E-3	-1,261932E-3
20220516 11:07:40,049	c_0_514_20220516_11_07_40,049.bmp	9,668230E-1	4,402245E+0	-1,223829E-3	1,107786E-5
20220516 11:07:46,056	c_0_515_20220516_11_07_46,056.bmp	9,642776E-1	4,423885E+0	-3,769540E-3	-3,807953E-3
20220516 11:07:52,059	c_0_516_20220516_11_07_52,059.bmp	9,579140E-1	4,439161E+0	4,902598E-5	1,107786E-5
20220516 11:07:58,064	c_0_517_20220516_11_07_58,064.bmp	9,566412E-1	4,458255E+0	4,902598E-5	-1,261932E-3
20220516 11:08:04,068	c_0_518_20220516_11_08_04,068.bmp	9,566412E-1	4,479896E+0	-1,223829E-3	-1,261932E-3
20220516 11:08:10,079	c_0_519_20220516_11_08_10,079.bmp	9,579140E-1	4,498990E+0	4,902598E-5	1,107786E-5
20220516 11:08:16,088	c_0_520_20220516_11_08_16,088.bmp	9,591867E-1	4,518085E+0	4,902598E-5	-1,261932E-3
20220516 11:08:22,090	c_0_521_20220516_11_08_22,090.bmp	9,553685E-1	4,540999E+0	1,321881E-3	-1,261932E-3
20220516 11:08:28,095	c_0_522_20220516_11_08_28,095.bmp	9,579140E-1	4,555001E+0	2,594737E-3	3,830109E-3
20220516 11:08:34,098	c_0_523_20220516_11_08_34,098.bmp	9,630048E-1	4,577915E+0	4,902598E-5	1,107786E-5
20220516 11:08:40,104	c_0_524_20220516_11_08_40,104.bmp	9,591867E-1	4,597009E+0	3,867592E-3	2,557098E-3
20220516 11:08:46,111	c_0_525_20220516_11_08_46,111.bmp	9,642776E-1	4,616104E+0	4,902598E-5	3,830109E-3
20220516 11:08:52,118	c_0_526_20220516_11_08_52,118.bmp	9,630048E-1	4,639017E+0	4,902598E-5	-3,807953E-3
20220516 11:08:58,121	c_0_527_20220516_11_08_58,121.bmp	9,706411E-1	4,660658E+0	4,902598E-5	1,107786E-5
20220516 11:09:04,125	c_0_528_20220516_11_09_04,125.bmp	9,744593E-1	4,678480E+0	-1,223829E-3	1,107786E-5
20220516 11:09:10,138	c_0_529_20220516_11_09_10,138.bmp	9,770047E-1	4,698847E+0	4,902598E-5	1,107786E-5
20220516 11:09:16,145	c_0_530_20220516_11_09_16,145.bmp	9,808229E-1	4,715396E+0	1,321881E-3	1,284088E-3
20220516 11:09:22,148	c_0_531_20220516_11_09_22,148.bmp	9,846410E-1	4,742128E+0	4,902598E-5	1,107786E-5
20220516 11:09:28,150	c_0_532_20220516_11_09_28,150.bmp	9,859138E-1	4,758677E+0	4,902598E-5	1,107786E-5
20220516 11:09:34,151	c_0_533_20220516_11_09_34,151.bmp	9,884592E-1	4,775226E+0	3,867592E-3	2,557098E-3
20220516 11:09:40,153	c_0_534_20220516_11_09_40,153.bmp	9,948228E-1	4,798139E+0	-3,769540E-3	1,107786E-5
20220516 11:09:46,162	c_0_535_20220516_11_09_46,162.bmp	9,922773E-1	4,818507E+0	1,321881E-3	2,557098E-3
20220516 11:09:52,168	c_0_536_20220516_11_09_52,168.bmp	1,001186E+0	4,838874E+0	-3,769540E-3	1,107786E-5
20220516 11:09:58,171	c_0_537_20220516_11_09_58,171.bmp	9,999137E-1	4,861788E+0	4,902598E-5	-3,807953E-3
20220516 11:10:04,174	c_0_538_20220516_11_10_04,174.bmp	1,005005E+0	4,883428E+0	-3,769540E-3	-3,807953E-3
20220516 11:10:10,179	c_0_539_20220516_11_10_10,179.bmp	1,003732E+0	4,902523E+0	1,321881E-3	-3,807953E-3
20220516 11:10:16,191	c_0_540_20220516_11_10_16,191.bmp	1,006277E+0	4,922890E+0	1,321881E-3	-1,261932E-3
20220516 11:10:22,199	c_0_541_20220516_11_10_22,199.bmp	1,007550E+0	4,939439E+0	4,902598E-5	-1,261932E-3
20220516 11:10:28,204	c_0_542_20220516_11_10_28,204.bmp	1,011368E+0	4,955988E+0	4,902598E-5	1,107786E-5
20220516 11:10:34,206	c_0_543_20220516_11_10_34,206.bmp	1,008823E+0	4,968717E+0	-1,223829E-3	-1,261932E-3
20220516 11:10:40,211	c_0_544_20220516_11_10_40,211.bmp	9,782775E-1	4,926709E+0	4,902598E-5	1,107786E-5
