20220516 10:45:21,059	c_1_291_20220516_10_45_21,059.bmp	1,790106E-1	1,558096E-2	-3,769540E-3	-3,807953E-3
20220516 10:45:27,067	c_1_292_20220516_10_45_27,067.bmp	1,790106E-1	1,685393E-2	-3,769540E-3	-3,807953E-3
20220516 10:45:33,071	c_1_293_20220516_10_45_33,071.bmp	2,102839E-3	1,685393E-2	-3,769540E-3	-3,807953E-3
20220516 10:45:39,078	c_1_294_20220516_10_45_39,078.bmp	-1,715315E-3	1,685393E-2	4,902598E-5	-3,807953E-3
20220516 10:45:45,087	c_1_295_20220516_10_45_45,087.bmp	1,802833E-1	1,558096E-2	1,321881E-3	-1,261932E-3
20220516 10:45:51,092	c_1_296_20220516_10_45_51,092.bmp	3,851909E-1	3,594852E-2	4,902598E-5	3,830109E-3
20220516 10:45:57,100	c_1_297_20220516_10_45_57,100.bmp	5,926439E-1	6,395392E-2	-2,496685E-3	-3,807953E-3
20220516 10:46:03,108	c_1_298_20220516_10_46_03,108.bmp	7,975515E-1	7,922959E-2	-1,223829E-3	1,107786E-5
20220516 10:46:09,109	c_1_299_20220516_10_46_09,109.bmp	1,003732E+0	9,959715E-2	-3,769540E-3	1,107786E-5
20220516 10:46:15,114	c_1_300_20220516_10_46_15,114.bmp	1,194639E+0	1,161458E-1	1,321881E-3	2,557098E-3
20220516 10:46:21,117	c_1_301_20220516_10_46_21,117.bmp	1,386820E+0	1,390593E-1	2,594737E-3	2,557098E-3
20220516 10:46:27,119	c_1_302_20220516_10_46_27,119.bmp	1,576455E+0	1,581539E-1	4,902598E-5	1,107786E-5
20220516 10:46:33,122	c_1_303_20220516_10_46_33,122.bmp	1,750817E+0	1,759755E-1	2,594737E-3	1,284088E-3
20220516 10:46:39,126	c_1_304_20220516_10_46_39,126.bmp	1,917543E+0	2,039809E-1	-3,769540E-3	-5,080963E-3
20220516 10:46:45,130	c_1_305_20220516_10_46_45,130.bmp	2,048633E+0	2,230755E-1	-3,769540E-3	-3,807953E-3
20220516 10:46:51,133	c_1_306_20220516_10_46_51,133.bmp	2,119905E+0	2,434431E-1	4,902598E-5	-5,080963E-3
20220516 10:46:57,134	c_1_307_20220516_10_46_57,134.bmp	2,076633E+0	2,599917E-1	-1,223829E-3	1,107786E-5
20220516 10:47:03,139	c_1_308_20220516_10_47_03,139.bmp	2,070269E+0	2,803593E-1	-1,223829E-3	-1,261932E-3
20220516 10:47:09,143	c_1_309_20220516_10_47_09,143.bmp	1,930270E+0	3,019998E-1	-6,315251E-3	-3,807953E-3
20220516 10:47:15,148	c_1_310_20220516_10_47_15,148.bmp	1,734272E+0	3,198214E-1	-1,223829E-3	-3,807953E-3
20220516 10:47:21,154	c_1_311_20220516_10_47_21,154.bmp	1,603182E+0	3,389160E-1	-2,496685E-3	1,107786E-5
20220516 10:47:27,156	c_1_312_20220516_10_47_27,156.bmp	1,543364E+0	3,554646E-1	2,594737E-3	1,284088E-3
20220516 10:47:33,162	c_1_313_20220516_10_47_33,162.bmp	1,506455E+0	3,783781E-1	4,902598E-5	1,107786E-5
20220516 10:47:39,168	c_1_314_20220516_10_47_39,168.bmp	1,474637E+0	3,987457E-1	4,902598E-5	1,107786E-5
20220516 10:47:45,170	c_1_315_20220516_10_47_45,170.bmp	1,464456E+0	4,178403E-1	4,902598E-5	1,107786E-5
20220516 10:47:51,172	c_1_316_20220516_10_47_51,172.bmp	1,475910E+0	4,407538E-1	-3,769540E-3	1,107786E-5
20220516 10:47:57,177	c_1_317_20220516_10_47_57,177.bmp	1,489910E+0	4,560295E-1	2,594737E-3	3,830109E-3
20220516 10:48:03,182	c_1_318_20220516_10_48_03,182.bmp	1,521728E+0	4,789430E-1	2,594737E-3	-1,261932E-3
20220516 10:48:09,184	c_1_319_20220516_10_48_09,184.bmp	1,557364E+0	5,018565E-1	4,902598E-5	-1,261932E-3
20220516 10:48:15,189	c_1_320_20220516_10_48_15,189.bmp	1,589182E+0	5,158592E-1	2,594737E-3	2,557098E-3
20220516 10:48:21,199	c_1_321_20220516_10_48_21,199.bmp	1,635000E+0	5,387727E-1	4,902598E-5	-1,261932E-3
20220516 10:48:27,204	c_1_322_20220516_10_48_27,204.bmp	1,671909E+0	5,591403E-1	-2,496685E-3	-1,261932E-3
20220516 10:48:33,209	c_1_323_20220516_10_48_33,209.bmp	1,706272E+0	5,820538E-1	-3,769540E-3	-3,807953E-3
20220516 10:48:39,214	c_1_324_20220516_10_48_39,214.bmp	1,725363E+0	5,973294E-1	4,902598E-5	1,107786E-5
20220516 10:48:45,218	c_1_325_20220516_10_48_45,218.bmp	1,738090E+0	6,164240E-1	3,867592E-3	2,557098E-3
20220516 10:48:51,221	c_1_326_20220516_10_48_51,221.bmp	1,722817E+0	6,380646E-1	4,902598E-5	1,107786E-5
20220516 10:48:57,225	c_1_327_20220516_10_48_57,225.bmp	1,632454E+0	6,584321E-1	4,902598E-5	1,107786E-5
20220516 10:49:03,228	c_1_328_20220516_10_49_03,228.bmp	1,545910E+0	6,762537E-1	2,594737E-3	2,557098E-3
20220516 10:49:09,233	c_1_329_20220516_10_49_09,233.bmp	1,184458E+0	6,978943E-1	-1,223829E-3	-1,261932E-3
20220516 10:49:15,235	c_1_330_20220516_10_49_15,235.bmp	1,125913E+0	7,182618E-1	3,867592E-3	1,284088E-3
20220516 10:49:21,237	c_1_331_20220516_10_49_21,237.bmp	1,020277E+0	7,360834E-1	3,867592E-3	1,107786E-5
20220516 10:49:27,247	c_1_332_20220516_10_49_27,247.bmp	9,782775E-1	7,615429E-1	4,902598E-5	-5,080963E-3
20220516 10:49:33,253	c_1_333_20220516_10_49_33,253.bmp	9,642776E-1	7,780915E-1	4,902598E-5	-2,534943E-3
20220516 10:49:39,254	c_1_334_20220516_10_49_39,254.bmp	9,795502E-1	8,035510E-1	-2,496685E-3	-3,807953E-3
20220516 10:49:45,259	c_1_335_20220516_10_49_45,259.bmp	9,922773E-1	8,162807E-1	1,321881E-3	2,557098E-3
20220516 10:49:51,264	c_1_336_20220516_10_49_51,264.bmp	1,020277E+0	8,379213E-1	-2,496685E-3	1,107786E-5
20220516 10:49:57,267	c_1_337_20220516_10_49_57,267.bmp	1,038095E+0	8,570158E-1	-1,223829E-3	2,557098E-3
20220516 10:50:03,272	c_1_338_20220516_10_50_03,272.bmp	1,062277E+0	8,773834E-1	2,594737E-3	2,557098E-3
20220516 10:50:09,273	c_1_339_20220516_10_50_09,273.bmp	1,089004E+0	9,015699E-1	-3,769540E-3	-3,807953E-3
20220516 10:50:15,278	c_1_340_20220516_10_50_15,278.bmp	1,110640E+0	9,193915E-1	-1,223829E-3	1,107786E-5
20220516 10:50:21,282	c_1_341_20220516_10_50_21,282.bmp	1,133549E+0	9,423050E-1	1,321881E-3	1,107786E-5
20220516 10:50:27,283	c_1_342_20220516_10_50_27,283.bmp	1,156458E+0	9,601266E-1	2,594737E-3	-1,261932E-3
20220516 10:50:33,287	c_1_343_20220516_10_50_33,287.bmp	1,188276E+0	9,830401E-1	-3,769540E-3	-3,807953E-3
20220516 10:50:39,288	c_1_344_20220516_10_50_39,288.bmp	1,209912E+0	9,970428E-1	-2,496685E-3	1,284088E-3
20220516 10:50:45,290	c_1_345_20220516_10_50_45,290.bmp	1,234094E+0	1,014864E+0	3,867592E-3	2,557098E-3
20220516 10:50:51,298	c_1_346_20220516_10_50_51,298.bmp	1,264639E+0	1,039051E+0	-5,042396E-3	1,107786E-5
20220516 10:50:57,299	c_1_347_20220516_10_50_57,299.bmp	1,282457E+0	1,056873E+0	3,867592E-3	2,557098E-3
20220516 10:51:03,307	c_1_348_20220516_10_51_03,307.bmp	1,307911E+0	1,074694E+0	2,594737E-3	2,557098E-3
20220516 10:51:09,308	c_1_349_20220516_10_51_09,308.bmp	1,337184E+0	1,098881E+0	4,902598E-5	1,107786E-5
20220516 10:51:15,313	c_1_350_20220516_10_51_15,313.bmp	1,365184E+0	1,119248E+0	-3,769540E-3	1,107786E-5
20220516 10:51:21,315	c_1_351_20220516_10_51_21,315.bmp	1,381729E+0	1,135797E+0	3,867592E-3	2,557098E-3
20220516 10:51:27,321	c_1_352_20220516_10_51_27,321.bmp	1,412274E+0	1,161256E+0	-3,769540E-3	-3,807953E-3
20220516 10:51:33,325	c_1_353_20220516_10_51_33,325.bmp	1,427547E+0	1,173986E+0	2,594737E-3	1,284088E-3
20220516 10:51:39,333	c_1_354_20220516_10_51_39,333.bmp	1,451729E+0	1,198173E+0	-1,223829E-3	-1,261932E-3
20220516 10:51:45,338	c_1_355_20220516_10_51_45,338.bmp	1,472092E+0	1,217267E+0	2,594737E-3	2,557098E-3
20220516 10:51:51,345	c_1_356_20220516_10_51_51,345.bmp	1,492455E+0	1,237635E+0	2,594737E-3	-1,261932E-3
20220516 10:51:57,352	c_1_357_20220516_10_51_57,352.bmp	1,523001E+0	1,258002E+0	-3,769540E-3	-5,080963E-3
20220516 10:52:03,358	c_1_358_20220516_10_52_03,358.bmp	1,540819E+0	1,279643E+0	4,902598E-5	1,107786E-5
20220516 10:52:09,363	c_1_359_20220516_10_52_09,363.bmp	1,559910E+0	1,298737E+0	2,594737E-3	1,107786E-5
20220516 10:52:15,367	c_1_360_20220516_10_52_15,367.bmp	1,581546E+0	1,319105E+0	4,902598E-5	1,107786E-5
20220516 10:52:21,372	c_1_361_20220516_10_52_21,372.bmp	1,600636E+0	1,343291E+0	-3,769540E-3	-3,807953E-3
20220516 10:52:27,377	c_1_362_20220516_10_52_27,377.bmp	1,604455E+0	1,357294E+0	2,594737E-3	2,557098E-3
20220516 10:52:33,382	c_1_363_20220516_10_52_33,382.bmp	1,612091E+0	1,382754E+0	-1,223829E-3	-3,807953E-3
20220516 10:52:39,385	c_1_364_20220516_10_52_39,385.bmp	1,619727E+0	1,399302E+0	4,902598E-5	1,107786E-5
20220516 10:52:45,386	c_1_365_20220516_10_52_45,386.bmp	1,632454E+0	1,420943E+0	-3,769540E-3	-3,807953E-3
20220516 10:52:51,395	c_1_366_20220516_10_52_51,395.bmp	1,635000E+0	1,442583E+0	4,902598E-5	-3,807953E-3
20220516 10:52:57,402	c_1_367_20220516_10_52_57,402.bmp	1,643909E+0	1,460405E+0	4,902598E-5	1,107786E-5
20220516 10:53:03,406	c_1_368_20220516_10_53_03,406.bmp	1,651545E+0	1,480772E+0	-1,223829E-3	1,107786E-5
20220516 10:53:09,410	c_1_369_20220516_10_53_09,410.bmp	1,659182E+0	1,501140E+0	-3,769540E-3	1,107786E-5
20220516 10:53:15,415	c_1_370_20220516_10_53_15,415.bmp	1,663000E+0	1,518962E+0	4,902598E-5	-3,807953E-3
20220516 10:53:21,417	c_1_371_20220516_10_53_21,417.bmp	1,666818E+0	1,539329E+0	-3,769540E-3	1,107786E-5
20220516 10:53:27,421	c_1_372_20220516_10_53_27,421.bmp	1,669363E+0	1,555878E+0	2,594737E-3	2,557098E-3
20220516 10:53:33,422	c_1_373_20220516_10_53_33,422.bmp	1,683363E+0	1,583883E+0	-3,769540E-3	-3,807953E-3
20220516 10:53:39,427	c_1_374_20220516_10_53_39,427.bmp	1,688454E+0	1,600432E+0	4,902598E-5	-1,261932E-3
20220516 10:53:45,428	c_1_375_20220516_10_53_45,428.bmp	1,697363E+0	1,614435E+0	2,594737E-3	2,557098E-3
20220516 10:53:51,433	c_1_376_20220516_10_53_51,433.bmp	1,707545E+0	1,636075E+0	1,321881E-3	2,557098E-3
20220516 10:53:57,436	c_1_377_20220516_10_53_57,436.bmp	1,720272E+0	1,660262E+0	2,594737E-3	1,107786E-5
20220516 10:54:03,444	c_1_378_20220516_10_54_03,444.bmp	1,739363E+0	1,679356E+0	-1,223829E-3	1,107786E-5
20220516 10:54:09,448	c_1_379_20220516_10_54_09,448.bmp	1,753363E+0	1,698451E+0	-1,223829E-3	1,107786E-5
20220516 10:54:15,453	c_1_380_20220516_10_54_15,453.bmp	1,767363E+0	1,716272E+0	2,594737E-3	2,557098E-3
20220516 10:54:21,458	c_1_381_20220516_10_54_21,458.bmp	1,778817E+0	1,737913E+0	2,594737E-3	1,107786E-5
20220516 10:54:27,463	c_1_382_20220516_10_54_27,463.bmp	1,791544E+0	1,759553E+0	4,902598E-5	1,107786E-5
20220516 10:54:33,469	c_1_383_20220516_10_54_33,469.bmp	1,801726E+0	1,776102E+0	3,867592E-3	2,557098E-3
20220516 10:54:39,475	c_1_384_20220516_10_54_39,475.bmp	1,809362E+0	1,796470E+0	-1,223829E-3	2,557098E-3
20220516 10:54:45,480	c_1_385_20220516_10_54_45,480.bmp	1,814453E+0	1,818110E+0	4,902598E-5	1,107786E-5
20220516 10:54:51,481	c_1_386_20220516_10_54_51,481.bmp	1,816999E+0	1,839751E+0	-2,496685E-3	-1,261932E-3
20220516 10:54:57,482	c_1_387_20220516_10_54_57,482.bmp	1,141185E+0	1,863937E+0	-5,042396E-3	-3,807953E-3
20220516 10:55:03,484	c_1_388_20220516_10_55_03,484.bmp	1,106822E+0	1,879213E+0	2,594737E-3	2,557098E-3
20220516 10:55:09,495	c_1_389_20220516_10_55_09,495.bmp	1,119549E+0	1,897034E+0	2,594737E-3	1,284088E-3
20220516 10:55:15,504	c_1_390_20220516_10_55_15,504.bmp	1,132276E+0	1,916129E+0	4,902598E-5	2,557098E-3
20220516 10:55:21,507	c_1_391_20220516_10_55_21,507.bmp	1,147549E+0	1,941588E+0	-3,769540E-3	-3,807953E-3
20220516 10:55:27,512	c_1_392_20220516_10_55_27,512.bmp	1,147549E+0	1,961956E+0	4,902598E-5	-3,807953E-3
20220516 10:55:33,516	c_1_393_20220516_10_55_33,516.bmp	1,151367E+0	1,979778E+0	4,902598E-5	-1,261932E-3
20220516 10:55:39,523	c_1_394_20220516_10_55_39,523.bmp	1,151367E+0	1,998872E+0	-1,223829E-3	-1,261932E-3
20220516 10:55:45,534	c_1_395_20220516_10_55_45,534.bmp	1,156458E+0	2,016694E+0	2,594737E-3	2,557098E-3
20220516 10:55:51,542	c_1_396_20220516_10_55_51,542.bmp	1,164094E+0	2,037061E+0	1,321881E-3	2,557098E-3
20220516 10:55:57,549	c_1_397_20220516_10_55_57,549.bmp	1,171731E+0	2,059975E+0	4,902598E-5	-1,261932E-3
20220516 10:56:03,552	c_1_398_20220516_10_56_03,552.bmp	1,183185E+0	2,081615E+0	-1,223829E-3	-2,534943E-3
20220516 10:56:09,554	c_1_399_20220516_10_56_09,554.bmp	1,197185E+0	2,101983E+0	-3,769540E-3	-3,807953E-3
20220516 10:56:15,559	c_1_400_20220516_10_56_15,559.bmp	1,203549E+0	2,118532E+0	4,902598E-5	1,107786E-5
20220516 10:56:21,564	c_1_401_20220516_10_56_21,564.bmp	1,207367E+0	2,136353E+0	3,867592E-3	2,557098E-3
20220516 10:56:27,568	c_1_402_20220516_10_56_27,568.bmp	1,225185E+0	2,159267E+0	-3,769540E-3	-1,261932E-3
20220516 10:56:33,573	c_1_403_20220516_10_56_33,573.bmp	1,227730E+0	2,179634E+0	1,321881E-3	1,107786E-5
20220516 10:56:39,577	c_1_404_20220516_10_56_39,577.bmp	1,239185E+0	2,198729E+0	1,321881E-3	-1,261932E-3
20220516 10:56:45,579	c_1_405_20220516_10_56_45,579.bmp	1,251912E+0	2,221642E+0	-3,769540E-3	-3,807953E-3
20220516 10:56:51,581	c_1_406_20220516_10_56_51,581.bmp	1,258275E+0	2,242010E+0	-3,769540E-3	-5,080963E-3
20220516 10:56:57,586	c_1_407_20220516_10_56_57,586.bmp	1,264639E+0	2,262378E+0	-3,769540E-3	-3,807953E-3
20220516 10:57:03,591	c_1_408_20220516_10_57_03,591.bmp	1,268457E+0	2,278926E+0	4,902598E-5	1,107786E-5
20220516 10:57:09,592	c_1_409_20220516_10_57_09,592.bmp	1,274821E+0	2,298021E+0	4,902598E-5	-2,534943E-3
20220516 10:57:15,605	c_1_410_20220516_10_57_15,605.bmp	1,272275E+0	2,318388E+0	-1,223829E-3	-1,261932E-3
20220516 10:57:21,615	c_1_411_20220516_10_57_21,615.bmp	1,285002E+0	2,340029E+0	-3,769540E-3	-1,261932E-3
20220516 10:57:27,618	c_1_412_20220516_10_57_27,618.bmp	1,283730E+0	2,356578E+0	2,594737E-3	3,830109E-3
20220516 10:57:33,621	c_1_413_20220516_10_57_33,621.bmp	1,281184E+0	2,378218E+0	2,594737E-3	1,107786E-5
20220516 10:57:39,624	c_1_414_20220516_10_57_39,624.bmp	1,283730E+0	2,402405E+0	-3,769540E-3	-3,807953E-3
20220516 10:57:45,627	c_1_415_20220516_10_57_45,627.bmp	1,269730E+0	2,418953E+0	4,902598E-5	-2,534943E-3
20220516 10:57:51,631	c_1_416_20220516_10_57_51,631.bmp	1,254457E+0	2,441867E+0	4,902598E-5	1,107786E-5
20220516 10:57:57,632	c_1_417_20220516_10_57_57,632.bmp	1,236639E+0	2,455869E+0	2,594737E-3	2,557098E-3
20220516 10:58:03,634	c_1_418_20220516_10_58_03,634.bmp	1,216276E+0	2,480056E+0	4,902598E-5	-1,261932E-3
20220516 10:58:09,641	c_1_419_20220516_10_58_09,641.bmp	1,212458E+0	2,502969E+0	-2,496685E-3	-3,807953E-3
20220516 10:58:15,645	c_1_420_20220516_10_58_15,645.bmp	1,194639E+0	2,518245E+0	3,867592E-3	-1,261932E-3
20220516 10:58:21,650	c_1_421_20220516_10_58_21,650.bmp	1,181912E+0	2,534794E+0	2,594737E-3	2,557098E-3
20220516 10:58:27,651	c_1_422_20220516_10_58_27,651.bmp	1,141185E+0	2,561526E+0	-3,769540E-3	-3,807953E-3
20220516 10:58:33,654	c_1_423_20220516_10_58_33,654.bmp	1,127185E+0	2,576802E+0	4,902598E-5	2,557098E-3
20220516 10:58:39,655	c_1_424_20220516_10_58_39,655.bmp	1,106822E+0	2,599715E+0	4,902598E-5	1,107786E-5
20220516 10:58:45,663	c_1_425_20220516_10_58_45,663.bmp	1,069913E+0	2,620083E+0	-3,769540E-3	1,107786E-5
20220516 10:58:51,668	c_1_426_20220516_10_58_51,668.bmp	9,833683E-1	2,641723E+0	-5,042396E-3	-3,807953E-3
20220516 10:58:57,672	c_1_427_20220516_10_58_57,672.bmp	9,668230E-1	2,659545E+0	-5,042396E-3	1,284088E-3
20220516 10:59:03,675	c_1_428_20220516_10_59_03,675.bmp	9,655503E-1	2,679913E+0	1,321881E-3	-3,807953E-3
20220516 10:59:09,676	c_1_429_20220516_10_59_09,676.bmp	9,680957E-1	2,695188E+0	2,594737E-3	3,830109E-3
20220516 10:59:15,680	c_1_430_20220516_10_59_15,680.bmp	9,795502E-1	2,719375E+0	4,902598E-5	1,107786E-5
20220516 10:59:21,682	c_1_431_20220516_10_59_21,682.bmp	9,897319E-1	2,742288E+0	-5,042396E-3	-3,807953E-3
20220516 10:59:27,683	c_1_432_20220516_10_59_27,683.bmp	9,922773E-1	2,758837E+0	4,902598E-5	1,107786E-5
20220516 10:59:33,692	c_1_433_20220516_10_59_33,692.bmp	9,986409E-1	2,774113E+0	2,594737E-3	2,557098E-3
20220516 10:59:39,695	c_1_434_20220516_10_59_39,695.bmp	1,005005E+0	2,799572E+0	2,594737E-3	1,284088E-3
20220516 10:59:45,698	c_1_435_20220516_10_59_45,698.bmp	1,013914E+0	2,818667E+0	2,594737E-3	-1,261932E-3
20220516 10:59:51,699	c_1_436_20220516_10_59_51,699.bmp	1,025368E+0	2,837761E+0	-1,223829E-3	-1,261932E-3
20220516 10:59:57,702	c_1_437_20220516_10_59_57,702.bmp	1,038095E+0	2,858129E+0	-3,769540E-3	1,107786E-5
20220516 11:00:03,715	c_1_438_20220516_11_00_03,715.bmp	1,044459E+0	2,875950E+0	4,902598E-5	2,557098E-3
20220516 11:00:09,723	c_1_439_20220516_11_00_09,723.bmp	1,053368E+0	2,897591E+0	4,902598E-5	-1,261932E-3
20220516 11:00:15,727	c_1_440_20220516_11_00_15,727.bmp	1,063550E+0	2,924323E+0	-3,769540E-3	-3,807953E-3
20220516 11:00:21,729	c_1_441_20220516_11_00_21,729.bmp	1,072459E+0	2,942145E+0	-3,769540E-3	-3,807953E-3
20220516 11:00:27,740	c_1_442_20220516_11_00_27,740.bmp	1,083913E+0	2,961240E+0	-3,769540E-3	-3,807953E-3
20220516 11:00:33,746	c_1_443_20220516_11_00_33,746.bmp	1,089004E+0	2,982880E+0	-3,769540E-3	-3,807953E-3
20220516 11:00:39,747	c_1_444_20220516_11_00_39,747.bmp	1,099186E+0	3,001975E+0	-2,496685E-3	-3,807953E-3
20220516 11:00:45,755	c_1_445_20220516_11_00_45,755.bmp	1,100458E+0	3,018523E+0	2,594737E-3	2,557098E-3
20220516 11:00:51,756	c_1_446_20220516_11_00_51,756.bmp	1,111913E+0	3,037618E+0	4,902598E-5	3,830109E-3
20220516 11:00:57,759	c_1_447_20220516_11_00_57,759.bmp	1,120822E+0	3,059258E+0	-1,223829E-3	-1,261932E-3
20220516 11:01:03,760	c_1_448_20220516_11_01_03,760.bmp	1,125913E+0	3,075807E+0	3,867592E-3	1,284088E-3
20220516 11:01:09,764	c_1_449_20220516_11_01_09,764.bmp	1,134822E+0	3,099994E+0	1,321881E-3	-1,261932E-3
20220516 11:01:15,765	c_1_450_20220516_11_01_15,765.bmp	1,139913E+0	3,116542E+0	1,321881E-3	2,557098E-3
20220516 11:01:21,768	c_1_451_20220516_11_01_21,768.bmp	1,151367E+0	3,139456E+0	-3,769540E-3	1,107786E-5
20220516 11:01:27,773	c_1_452_20220516_11_01_27,773.bmp	1,150094E+0	3,157277E+0	4,902598E-5	1,107786E-5
20220516 11:01:33,776	c_1_453_20220516_11_01_33,776.bmp	1,152640E+0	3,181464E+0	-5,042396E-3	-3,807953E-3
20220516 11:01:39,780	c_1_454_20220516_11_01_39,780.bmp	1,113186E+0	3,195467E+0	4,902598E-5	3,830109E-3
20220516 11:01:45,787	c_1_455_20220516_11_01_45,787.bmp	1,076277E+0	3,220926E+0	-3,769540E-3	-3,807953E-3
20220516 11:01:51,795	c_1_456_20220516_11_01_51,795.bmp	1,066095E+0	3,236202E+0	1,321881E-3	3,830109E-3
20220516 11:01:57,803	c_1_457_20220516_11_01_57,803.bmp	1,055913E+0	3,259115E+0	4,902598E-5	-1,261932E-3
20220516 11:02:03,810	c_1_458_20220516_11_02_03,810.bmp	1,043186E+0	3,275664E+0	-1,223829E-3	2,557098E-3
20220516 11:02:09,815	c_1_459_20220516_11_02_09,815.bmp	1,036822E+0	3,299850E+0	-1,223829E-3	-1,261932E-3
20220516 11:02:15,816	c_1_460_20220516_11_02_15,816.bmp	1,034277E+0	3,320218E+0	4,902598E-5	1,107786E-5
20220516 11:02:21,818	c_1_461_20220516_11_02_21,818.bmp	1,038095E+0	3,335493E+0	1,321881E-3	2,557098E-3
20220516 11:02:27,828	c_1_462_20220516_11_02_27,828.bmp	1,041913E+0	3,359680E+0	-1,223829E-3	1,107786E-5
20220516 11:02:33,837	c_1_463_20220516_11_02_33,837.bmp	1,044459E+0	3,377502E+0	-1,223829E-3	1,107786E-5
20220516 11:02:39,844	c_1_464_20220516_11_02_39,844.bmp	1,043186E+0	3,399142E+0	3,867592E-3	1,284088E-3
20220516 11:02:45,847	c_1_465_20220516_11_02_45,847.bmp	1,048277E+0	3,416964E+0	-3,769540E-3	-3,807953E-3
20220516 11:02:51,857	c_1_466_20220516_11_02_51,857.bmp	1,048277E+0	3,442423E+0	4,902598E-5	-3,807953E-3
20220516 11:02:57,862	c_1_467_20220516_11_02_57,862.bmp	1,053368E+0	3,462791E+0	-3,769540E-3	-5,080963E-3
20220516 11:03:03,874	c_1_468_20220516_11_03_03,874.bmp	1,058459E+0	3,483158E+0	-3,769540E-3	-3,807953E-3
20220516 11:03:09,879	c_1_469_20220516_11_03_09,879.bmp	1,062277E+0	3,502253E+0	-3,769540E-3	-3,807953E-3
20220516 11:03:15,880	c_1_470_20220516_11_03_15,880.bmp	1,061004E+0	3,517529E+0	4,902598E-5	-1,261932E-3
20220516 11:03:21,889	c_1_471_20220516_11_03_21,889.bmp	1,068640E+0	3,539169E+0	4,902598E-5	1,107786E-5
20220516 11:03:27,893	c_1_472_20220516_11_03_27,893.bmp	1,072459E+0	3,559537E+0	4,902598E-5	-1,261932E-3
20220516 11:03:33,894	c_1_473_20220516_11_03_33,894.bmp	1,072459E+0	3,574812E+0	1,321881E-3	1,284088E-3
20220516 11:03:39,897	c_1_474_20220516_11_03_39,897.bmp	1,082640E+0	3,598999E+0	4,902598E-5	1,107786E-5
20220516 11:03:45,901	c_1_475_20220516_11_03_45,901.bmp	1,091549E+0	3,619366E+0	-3,769540E-3	-1,261932E-3
20220516 11:03:51,906	c_1_476_20220516_11_03_51,906.bmp	1,091549E+0	3,635915E+0	4,902598E-5	2,557098E-3
20220516 11:03:57,907	c_1_477_20220516_11_03_57,907.bmp	1,101731E+0	3,661374E+0	-3,769540E-3	-3,807953E-3
20220516 11:04:03,911	c_1_478_20220516_11_04_03,911.bmp	1,105549E+0	3,680469E+0	-1,223829E-3	1,107786E-5
20220516 11:04:09,916	c_1_479_20220516_11_04_09,916.bmp	1,106822E+0	3,698291E+0	5,140448E-3	1,107786E-5
20220516 11:04:15,918	c_1_480_20220516_11_04_15,918.bmp	1,111913E+0	3,718658E+0	3,867592E-3	-1,261932E-3
20220516 11:04:21,921	c_1_481_20220516_11_04_21,921.bmp	1,119549E+0	3,739026E+0	4,902598E-5	1,107786E-5
20220516 11:04:27,922	c_1_482_20220516_11_04_27,922.bmp	1,129731E+0	3,760666E+0	-2,496685E-3	-3,807953E-3
20220516 11:04:33,926	c_1_483_20220516_11_04_33,926.bmp	1,132276E+0	3,777215E+0	1,321881E-3	-1,261932E-3
20220516 11:04:39,936	c_1_484_20220516_11_04_39,936.bmp	1,136094E+0	3,796310E+0	4,902598E-5	2,557098E-3
20220516 11:04:45,940	c_1_485_20220516_11_04_45,940.bmp	1,139913E+0	3,816677E+0	3,867592E-3	-1,261932E-3
20220516 11:04:51,947	c_1_486_20220516_11_04_51,947.bmp	1,152640E+0	3,840864E+0	-3,769540E-3	-3,807953E-3
20220516 11:04:57,951	c_1_487_20220516_11_04_57,951.bmp	1,153913E+0	3,857412E+0	1,321881E-3	-1,261932E-3
20220516 11:05:03,952	c_1_488_20220516_11_05_03,952.bmp	1,157731E+0	3,880326E+0	4,902598E-5	1,107786E-5
20220516 11:05:09,956	c_1_489_20220516_11_05_09,956.bmp	1,169185E+0	3,899420E+0	4,902598E-5	1,107786E-5
20220516 11:05:15,958	c_1_490_20220516_11_05_15,958.bmp	1,167912E+0	3,919788E+0	4,902598E-5	1,107786E-5
20220516 11:05:21,969	c_1_491_20220516_11_05_21,969.bmp	1,170458E+0	3,940155E+0	-1,223829E-3	-1,261932E-3
20220516 11:05:27,974	c_1_492_20220516_11_05_27,974.bmp	1,174276E+0	3,961796E+0	-2,496685E-3	-2,534943E-3
20220516 11:05:33,980	c_1_493_20220516_11_05_33,980.bmp	1,174276E+0	3,977072E+0	-1,223829E-3	1,107786E-5
20220516 11:05:39,984	c_1_494_20220516_11_05_39,984.bmp	1,171731E+0	3,998712E+0	-1,223829E-3	1,107786E-5
20220516 11:05:45,989	c_1_495_20220516_11_05_45,989.bmp	1,173003E+0	4,019080E+0	-1,223829E-3	1,107786E-5
20220516 11:05:52,001	c_1_496_20220516_11_05_52,001.bmp	1,164094E+0	4,043266E+0	-3,769540E-3	-3,807953E-3
20220516 11:05:58,008	c_1_497_20220516_11_05_58,008.bmp	1,146276E+0	4,058542E+0	4,902598E-5	1,107786E-5
20220516 11:06:04,012	c_1_498_20220516_11_06_04,012.bmp	8,955508E-1	4,082728E+0	-2,496685E-3	-3,807953E-3
20220516 11:06:10,015	c_1_499_20220516_11_06_10,015.bmp	8,942781E-1	4,098004E+0	4,902598E-5	-1,261932E-3
20220516 11:06:16,020	c_1_500_20220516_11_06_16,020.bmp	8,993689E-1	4,120918E+0	4,902598E-5	-2,534943E-3
20220516 11:06:22,023	c_1_501_20220516_11_06_22,023.bmp	9,031871E-1	4,140012E+0	6,413303E-3	1,284088E-3
20220516 11:06:28,026	c_1_502_20220516_11_06_28,026.bmp	9,133688E-1	4,161653E+0	-3,769540E-3	-3,807953E-3
20220516 11:06:34,034	c_1_503_20220516_11_06_34,034.bmp	9,197324E-1	4,182020E+0	-3,769540E-3	-3,807953E-3
20220516 11:06:40,039	c_1_504_20220516_11_06_40,039.bmp	9,235506E-1	4,202388E+0	-1,223829E-3	-3,807953E-3
20220516 11:06:46,040	c_1_505_20220516_11_06_46,040.bmp	9,273687E-1	4,220209E+0	4,902598E-5	-1,261932E-3
20220516 11:06:52,044	c_1_506_20220516_11_06_52,044.bmp	9,337323E-1	4,241850E+0	4,902598E-5	-3,807953E-3
20220516 11:06:58,052	c_1_507_20220516_11_06_58,052.bmp	9,413686E-1	4,259672E+0	4,902598E-5	1,284088E-3
20220516 11:07:04,055	c_1_508_20220516_11_07_04,055.bmp	9,477322E-1	4,280039E+0	4,902598E-5	1,107786E-5
20220516 11:07:10,061	c_1_509_20220516_11_07_10,061.bmp	9,528231E-1	4,299134E+0	-1,223829E-3	-1,261932E-3
20220516 11:07:16,064	c_1_510_20220516_11_07_16,064.bmp	9,540958E-1	4,319501E+0	-1,223829E-3	-1,261932E-3
20220516 11:07:22,069	c_1_511_20220516_11_07_22,069.bmp	9,591867E-1	4,337323E+0	3,867592E-3	2,557098E-3
20220516 11:07:28,070	c_1_512_20220516_11_07_28,070.bmp	9,655503E-1	4,358963E+0	3,867592E-3	1,107786E-5
20220516 11:07:34,075	c_1_513_20220516_11_07_34,075.bmp	9,744593E-1	4,383150E+0	-3,769540E-3	-3,807953E-3
20220516 11:07:40,083	c_1_514_20220516_11_07_40,083.bmp	9,719139E-1	4,402245E+0	-2,496685E-3	-3,807953E-3
20220516 11:07:46,089	c_1_515_20220516_11_07_46,089.bmp	9,617321E-1	4,418793E+0	4,902598E-5	-1,261932E-3
20220516 11:07:52,092	c_1_516_20220516_11_07_52,092.bmp	9,579140E-1	4,439161E+0	1,321881E-3	1,107786E-5
20220516 11:07:58,097	c_1_517_20220516_11_07_58,097.bmp	9,591867E-1	4,463347E+0	-3,769540E-3	-3,807953E-3
20220516 11:08:04,102	c_1_518_20220516_11_08_04,102.bmp	9,540958E-1	4,476077E+0	1,321881E-3	2,557098E-3
20220516 11:08:10,116	c_1_519_20220516_11_08_10,116.bmp	9,617321E-1	4,501536E+0	-3,769540E-3	-3,807953E-3
20220516 11:08:16,120	c_1_520_20220516_11_08_16,120.bmp	9,604594E-1	4,521904E+0	-3,769540E-3	-3,807953E-3
20220516 11:08:22,123	c_1_521_20220516_11_08_22,123.bmp	9,591867E-1	4,542272E+0	-3,769540E-3	-5,080963E-3
20220516 11:08:28,132	c_1_522_20220516_11_08_28,132.bmp	9,604594E-1	4,560093E+0	4,902598E-5	-1,261932E-3
20220516 11:08:34,140	c_1_523_20220516_11_08_34,140.bmp	9,642776E-1	4,579188E+0	4,902598E-5	-1,261932E-3
20220516 11:08:40,145	c_1_524_20220516_11_08_40,145.bmp	9,591867E-1	4,597009E+0	4,902598E-5	2,557098E-3
20220516 11:08:46,150	c_1_525_20220516_11_08_46,150.bmp	9,680957E-1	4,623742E+0	-3,769540E-3	-3,807953E-3
20220516 11:08:52,152	c_1_526_20220516_11_08_52,152.bmp	9,630048E-1	4,639017E+0	1,321881E-3	-1,261932E-3
20220516 11:08:58,157	c_1_527_20220516_11_08_58,157.bmp	9,757320E-1	4,659385E+0	-3,769540E-3	-1,261932E-3
20220516 11:09:04,158	c_1_528_20220516_11_09_04,158.bmp	9,744593E-1	4,681026E+0	1,321881E-3	1,107786E-5
20220516 11:09:10,169	c_1_529_20220516_11_09_10,169.bmp	9,770047E-1	4,697574E+0	2,594737E-3	-1,261932E-3
20220516 11:09:16,173	c_1_530_20220516_11_09_16,173.bmp	9,757320E-1	4,717942E+0	2,594737E-3	1,107786E-5
20220516 11:09:22,181	c_1_531_20220516_11_09_22,181.bmp	9,884592E-1	4,742128E+0	-2,496685E-3	-2,534943E-3
20220516 11:09:28,183	c_1_532_20220516_11_09_28,183.bmp	9,846410E-1	4,758677E+0	2,594737E-3	2,557098E-3
20220516 11:09:34,185	c_1_533_20220516_11_09_34,185.bmp	9,871865E-1	4,779044E+0	1,321881E-3	1,107786E-5
20220516 11:09:40,187	c_1_534_20220516_11_09_40,187.bmp	9,948228E-1	4,803231E+0	-3,769540E-3	-3,807953E-3
20220516 11:09:46,196	c_1_535_20220516_11_09_46,196.bmp	9,935501E-1	4,817234E+0	1,321881E-3	1,107786E-5
20220516 11:09:52,207	c_1_536_20220516_11_09_52,207.bmp	9,999137E-1	4,840147E+0	-2,496685E-3	1,284088E-3
20220516 11:09:58,210	c_1_537_20220516_11_09_58,210.bmp	1,003732E+0	4,861788E+0	-3,769540E-3	-3,807953E-3
20220516 11:10:04,212	c_1_538_20220516_11_10_04,212.bmp	1,001186E+0	4,878336E+0	-2,496685E-3	1,107786E-5
20220516 11:10:10,217	c_1_539_20220516_11_10_10,217.bmp	1,006277E+0	4,898704E+0	4,902598E-5	-1,261932E-3
20220516 11:10:16,223	c_1_540_20220516_11_10_16,223.bmp	1,005005E+0	4,921617E+0	4,902598E-5	1,107786E-5
20220516 11:10:22,230	c_1_541_20220516_11_10_22,230.bmp	1,005005E+0	4,939439E+0	2,594737E-3	1,107786E-5
20220516 11:10:28,238	c_1_542_20220516_11_10_28,238.bmp	1,007550E+0	4,958534E+0	-1,223829E-3	1,107786E-5
20220516 11:10:34,241	c_1_543_20220516_11_10_34,241.bmp	1,010095E+0	4,966171E+0	-3,769540E-3	-3,807953E-3
20220516 11:10:40,244	c_1_544_20220516_11_10_40,244.bmp	9,808229E-1	4,926709E+0	4,902598E-5	1,107786E-5
