3.423151383157711867e-03
3.693810761072852805e-03
4.339122558666177581e-05
-3.530887790501517864e-05
3.422435358811658484e-03
1.687106801253033042e-02
4.606762006919605523e-02
7.661833592389181991e-02
1.212135726607062591e-01
1.678344365301674690e-01
2.327114913944552943e-01
3.008563473860539905e-01
3.708941424795869635e-01
4.697355534518174447e-01
5.475189281679703202e-01
6.182967551087017455e-01
6.453110155787470381e-01
6.475668287975712145e-01
6.227528462553243438e-01
5.450711301834155753e-01
5.006924085072198549e-01
4.759013660435166271e-01
4.844376575139666685e-01
4.930665572907666494e-01
5.063571999651838018e-01
5.304479652366805853e-01
5.478213455454215008e-01
5.848214315424324905e-01
6.202245987870506072e-01
6.485087915514556878e-01
6.935696175388973428e-01
7.246935546372919035e-01
7.663530655515611301e-01
7.904144859806300216e-01
8.009364104135742179e-01
8.097345471797268157e-01
7.780808185677378086e-01
7.460375528019717040e-01
5.689104071379399441e-01
5.461113811400934992e-01
4.813045075744182277e-01
4.537491613953339442e-01
4.542245374085766008e-01
4.730999109048085738e-01
4.862578588063676266e-01
5.126220943019687004e-01
5.340968010893090145e-01
5.588602046937919399e-01
5.887146896948470820e-01
6.122795983861459845e-01
6.404832661142134675e-01
6.649927683149181590e-01
6.962793363458070761e-01
7.224805195592516327e-01
7.465364809585662842e-01
7.851072020763415482e-01
8.107880687815965937e-01
8.378339679648018068e-01
8.758642153597190338e-01
9.118584931646323000e-01
9.365555047024769486e-01
9.810444120733172735e-01
1.000145682338503761e+00
1.039275303373144554e+00
1.069376735934246980e+00
1.104932025933030859e+00
1.146101956029849100e+00
1.176658350582197476e+00
1.209012208724394632e+00
1.243529641495471738e+00
1.233380124158148794e+00
1.243537837470238383e+00
1.268572662843951093e+00
1.272556871260858147e+00
1.296601857187633433e+00
1.314020264976361707e+00
1.325754718333103988e+00
1.341649809506326063e+00
1.360457948945619222e+00
1.376787132008918668e+00
1.390914818843226097e+00
1.404986231149649267e+00
1.440720697465414757e+00
1.453928619537910194e+00
1.472812944128142121e+00
1.498305910986138079e+00
1.531788748520474197e+00
1.564931312324970403e+00
1.593766856354676076e+00
1.618183242576734626e+00
1.652712739992837854e+00
1.683474469214953917e+00
1.707153105639783952e+00
1.734048569660113115e+00
1.758009879261817732e+00
1.779546191334263394e+00
1.086363033121071409e+00
1.019828475891722430e+00
1.009836157049421201e+00
1.031596217979595664e+00
1.048499441910938579e+00
1.052604781545700030e+00
1.052010158271130758e+00
1.051542608788500477e+00
1.057920995997886582e+00
1.074691844803315588e+00
1.093910366851359006e+00
1.115202637010617615e+00
1.138414443703519296e+00
1.143194245708916368e+00
1.159568746758602220e+00
1.188240099147348960e+00
1.200867176813593895e+00
1.221600150034763743e+00
1.242577025491801379e+00
1.255880307720703026e+00
1.269205712952844678e+00
1.265605527584868550e+00
1.293875542379121280e+00
1.300452137220296844e+00
1.317636553331784643e+00
1.326797458783964156e+00
1.336325604501325426e+00
1.350244148404854849e+00
1.343548441385198577e+00
1.336474438698748823e+00
1.319323986329420162e+00
1.309248277600384647e+00
1.314927048607155813e+00
1.297918820001230600e+00
1.284815612654658157e+00
1.239882119048736797e+00
1.228865888584041111e+00
1.190360642456188778e+00
1.144617994098499514e+00
1.034680614029088508e+00
1.023324504619344433e+00
1.030619675103462418e+00
1.039226436403587917e+00
1.060119579689245750e+00
1.080163975099009743e+00
1.089477224033174485e+00
1.101663733130784362e+00
1.120631160152734784e+00
1.137375707427057181e+00
1.158016194651800612e+00
1.181739511334807258e+00
1.196397669586183099e+00
1.215682137582231759e+00
1.239738613018050328e+00
1.255751854413169388e+00
1.278412071285641716e+00
1.294828152037175606e+00
1.315300955150625839e+00
1.324081864904272487e+00
1.315061979383287838e+00
1.331949043939218758e+00
1.343162232104912590e+00
1.360240332814735664e+00
1.373636235950632667e+00
1.396566088117887405e+00
1.401863922145422325e+00
1.412477811736421618e+00
1.368038585610827917e+00
1.326119767540415939e+00
1.314804141933183290e+00
1.306517354655353236e+00
1.284717504171231317e+00
1.279612477930984538e+00
1.282443177657255573e+00
1.289269977998283911e+00
1.303395171442263800e+00
1.310600419978125819e+00
1.317389959495905316e+00
1.329777797897560676e+00
1.340675223131189586e+00
1.354156997479430080e+00
1.368704932327423629e+00
1.380153763765478381e+00
1.384512520571719918e+00
1.399958012896069581e+00
1.414087303149317743e+00
1.423300239771650100e+00
1.445466312166863387e+00
1.465608307996417947e+00
1.463673174559409818e+00
1.486580715231905714e+00
1.500611656545359107e+00
1.508508269647465205e+00
1.521562968830697526e+00
1.538152715521288405e+00
1.561124986189654118e+00
1.570379840283111506e+00
1.583640642192228665e+00
1.597488785365801967e+00
1.626748749280553907e+00
1.636757544899466676e+00
1.650721246536471787e+00
1.675255740814529215e+00
1.683402461868878097e+00
1.695838143001449305e+00
1.710714561923201149e+00
1.716056186634148828e+00
1.722912826625392135e+00
1.685510347523369701e+00
1.681579547048216217e+00
1.649210602555981842e+00
1.259753331968297418e+00
1.250675583576461802e+00
1.263970573172802814e+00
1.277817320721235106e+00
1.298977063948061561e+00
1.314428708730170259e+00
1.325413267725252586e+00
1.335629771612862005e+00
1.351690891495943792e+00
1.367543003162825510e+00
1.382433068361318185e+00
1.396059763997825831e+00
1.380231095684533393e+00
1.390543199330196433e+00
1.406752377188850822e+00
1.422882336036249473e+00
1.417835514990965162e+00
1.402711043970107596e+00
1.404503940219720581e+00
1.414032350160493889e+00
1.395872718925817768e+00
1.415968017084977548e+00
1.413141115743151044e+00
1.416708863737700774e+00
1.425075567706110435e+00
1.434875440734858065e+00
1.432854698932168436e+00
1.454573040727814348e+00
1.450766676062634097e+00
1.477347955629651821e+00
1.480360880676734325e+00
1.488514235691306586e+00
1.491097806601019427e+00
1.518290958270015034e+00
1.516727416218117686e+00
1.526174590924442409e+00
1.544770451535461220e+00
1.547291943769931066e+00
1.563603982287510297e+00
1.575580551123697104e+00
1.576933216696097873e+00
1.590548344480210652e+00
1.594944773383917491e+00
1.600720335714600262e+00
1.609945516454360570e+00
1.615462971728467867e+00
1.556182851445788939e+00
